# Redshift		Merger Rate Density [Gpc^-3yr^-1]
1.000000000031931770e-02 1.295178780715245459e+01
3.000000000031888964e-02 1.315537408008766995e+01
5.000000000031846331e-02 1.328696288516835189e+01
7.000000000031804392e-02 1.372241733421392951e+01
9.000000000031761760e-02 1.404153300055539688e+01
1.100000000003171913e-01 1.419394297669777494e+01
1.300000000003167511e-01 1.443658571010410618e+01
1.500000000003163247e-01 1.473320400212386083e+01
1.700000000003158984e-01 1.478901195896946241e+01
1.900000000003154721e-01 1.523247097027488905e+01
2.100000000003150458e-01 1.530266701307162869e+01
2.300000000003146194e-01 1.585852066491682599e+01
2.500000000003141931e-01 1.620247445150787868e+01
2.700000000003137668e-01 1.615350267656360472e+01
2.900000000003133405e-01 1.673960806117903388e+01
3.100000000003129141e-01 1.719421358079793549e+01
3.300000000003124878e-01 1.737071142860307305e+01
3.500000000003120615e-01 1.757649878232023610e+01
3.700000000003116352e-01 1.813658388048157022e+01
3.900000000003112088e-01 1.813419183636717946e+01
4.100000000003107825e-01 1.865287929154601443e+01
4.300000000003103562e-01 1.883054752311070246e+01
4.500000000003099299e-01 1.927113561728458535e+01
4.700000000003095035e-01 1.930724904580045376e+01
4.900000000003090772e-01 1.981275682474728228e+01
5.100000000003086509e-01 2.027626543742609400e+01
5.300000000003082246e-01 2.029765668667569045e+01
5.500000000003077982e-01 2.107804420520609412e+01
5.700000000003073719e-01 2.103027256909925313e+01
5.900000000003069456e-01 2.139894906020053966e+01
6.100000000003065193e-01 2.162132094604364241e+01
6.300000000003060929e-01 2.213560784158713446e+01
6.500000000003056666e-01 2.258014621333916949e+01
6.700000000003052403e-01 2.257185179031728595e+01
6.900000000003048140e-01 2.283280117079250360e+01
7.100000000003043876e-01 2.337987990040256392e+01
7.300000000003039613e-01 2.339891428747504776e+01
7.500000000003035350e-01 2.368687448662907258e+01
7.700000000003031086e-01 2.390350904453417513e+01
7.900000000003026823e-01 2.433212995395771472e+01
8.100000000003022560e-01 2.433022960583932459e+01
8.300000000003018297e-01 2.458908150619600974e+01
8.500000000003014033e-01 2.505605196083863362e+01
8.700000000003009770e-01 2.490281841856980449e+01
8.900000000003005507e-01 2.510765122115289927e+01
9.100000000003001244e-01 2.561401279759305183e+01
9.300000000002996980e-01 2.545182291458811719e+01
9.500000000002992717e-01 2.581127345537539952e+01
9.700000000002988454e-01 2.609318861991674865e+01
9.900000000002984191e-01 2.608399196975797807e+01
1.010000000000297993e+00 2.645754125990496419e+01
1.030000000000297566e+00 2.681010663920673309e+01
1.050000000000297140e+00 2.681137032286053667e+01
1.070000000000296714e+00 2.700705987883620551e+01
1.090000000000296287e+00 2.689975240950533575e+01
1.110000000000295861e+00 2.740150906969931199e+01
1.130000000000295435e+00 2.744354979347973611e+01
1.150000000000295008e+00 2.781823185647578711e+01
1.170000000000294582e+00 2.768167576936870589e+01
1.190000000000294156e+00 2.815276063155801012e+01
1.210000000000293729e+00 2.790289386670074734e+01
1.230000000000293303e+00 2.863966181268305178e+01
1.250000000000292877e+00 2.855656993273668576e+01
1.270000000000292451e+00 2.846988878798680389e+01
1.290000000000292024e+00 2.876502577967865903e+01
1.310000000000291598e+00 2.889144742597136073e+01
1.330000000000291172e+00 2.924162817907995660e+01
1.350000000000290745e+00 2.952435328458678754e+01
1.370000000000290319e+00 2.901536000125443948e+01
1.390000000000289893e+00 2.982745986825423046e+01
1.410000000000289466e+00 2.957461307466828160e+01
1.430000000000289040e+00 3.010336469864659747e+01
1.450000000000288614e+00 2.998535472360060083e+01
1.470000000000288187e+00 3.040600602540454034e+01
1.490000000000287761e+00 3.051625776619443897e+01
1.510000000000287335e+00 3.056233649672942221e+01
1.530000000000286908e+00 3.053570559481198288e+01
1.550000000000286482e+00 3.074841868187121818e+01
1.570000000000286056e+00 3.148277149427894273e+01
1.590000000000285629e+00 3.067208192503542463e+01
1.610000000000285203e+00 3.089253540177919177e+01
1.630000000000284777e+00 3.141404854110429667e+01
1.650000000000284350e+00 3.122667177690608753e+01
1.670000000000283924e+00 3.191064100817797922e+01
1.690000000000283498e+00 3.191184927251440939e+01
1.710000000000283071e+00 3.156598877711096307e+01
1.730000000000282645e+00 3.194119393507547855e+01
1.750000000000282219e+00 3.211927395287445108e+01
1.770000000000281792e+00 3.206580121544617157e+01
1.790000000000281366e+00 3.234777848285356328e+01
1.810000000000280940e+00 3.221224065580713614e+01
1.830000000000280513e+00 3.168768033339332391e+01
1.850000000000280087e+00 3.249599075097102485e+01
1.870000000000279661e+00 3.282808464601185960e+01
1.890000000000279234e+00 3.238807125049689262e+01
1.910000000000278808e+00 3.232292634120773300e+01
1.930000000000278382e+00 3.254417405559684795e+01
1.950000000000277955e+00 3.259197688158718620e+01
1.970000000000277529e+00 3.279842701092462676e+01
1.990000000000277103e+00 3.190163953072611136e+01
2.010000000000276899e+00 3.290502934214100605e+01
2.030000000000276472e+00 3.218721222244221991e+01
2.050000000000276046e+00 3.294095473550884634e+01
2.070000000000275620e+00 3.245517962525707389e+01
2.090000000000275193e+00 3.222527452248008473e+01
2.110000000000274767e+00 3.255197624030299863e+01
2.130000000000274341e+00 3.243176336387653436e+01
2.150000000000273914e+00 3.221496772911702067e+01
2.170000000000273488e+00 3.247106603013541104e+01
2.190000000000273062e+00 3.244051670534897625e+01
2.210000000000272635e+00 3.236797535034875750e+01
2.230000000000272209e+00 3.169778938264905221e+01
2.250000000000271783e+00 3.182347293358971285e+01
2.270000000000271356e+00 3.185986679210680350e+01
2.290000000000270930e+00 3.165722736448621788e+01
2.310000000000270504e+00 3.166158470299874139e+01
2.330000000000270077e+00 3.144968053812611686e+01
2.350000000000269651e+00 3.131373891807059096e+01
2.370000000000269225e+00 3.111801900843576973e+01
2.390000000000268798e+00 3.114600739088313830e+01
2.410000000000268372e+00 3.080642347712222673e+01
2.430000000000267946e+00 3.093643380062497528e+01
2.450000000000267519e+00 3.019411769938789902e+01
2.470000000000267093e+00 3.061070631720311397e+01
2.490000000000266667e+00 3.021047870527916146e+01
2.510000000000266240e+00 3.025864498950240034e+01
2.530000000000265814e+00 3.019624479968867448e+01
2.550000000000265388e+00 2.999122763347115495e+01
2.570000000000264961e+00 2.938593984651054924e+01
2.590000000000264535e+00 2.949939566254035839e+01
2.610000000000264109e+00 2.939920544550212611e+01
2.630000000000263682e+00 2.910108845586138315e+01
2.650000000000263256e+00 2.957762462892471689e+01
2.670000000000262830e+00 2.870087010098873748e+01
2.690000000000262403e+00 2.877495004942580081e+01
2.710000000000261977e+00 2.859517230994604020e+01
2.730000000000261551e+00 2.826176913776983213e+01
2.750000000000261124e+00 2.832508291113540722e+01
2.770000000000260698e+00 2.793352106732385209e+01
2.790000000000260272e+00 2.750630451197648085e+01
2.810000000000259845e+00 2.770233032797148454e+01
2.830000000000259419e+00 2.768725329742445851e+01
2.850000000000258993e+00 2.717929007350542747e+01
2.870000000000258567e+00 2.691155904087333539e+01
2.890000000000258140e+00 2.714040675755078880e+01
2.910000000000257714e+00 2.677596407659164868e+01
2.930000000000257288e+00 2.681432886349674405e+01
2.950000000000256861e+00 2.671642745059859081e+01
2.970000000000256435e+00 2.605665253763094213e+01
2.990000000000256009e+00 2.601895736818140747e+01
3.010000000000255582e+00 2.571096720656002788e+01
3.030000000000255156e+00 2.635717480540409241e+01
3.050000000000254730e+00 2.552306697316808837e+01
3.070000000000254303e+00 2.535168169666131988e+01
3.090000000000253877e+00 2.521370894171765542e+01
3.110000000000253451e+00 2.546962972159488459e+01
3.130000000000253024e+00 2.452377476691497549e+01
3.150000000000252598e+00 2.497888060193742277e+01
3.170000000000252172e+00 2.494193333607650942e+01
3.190000000000251745e+00 2.451313865212904375e+01
3.210000000000251319e+00 2.404656060331619472e+01
3.230000000000250893e+00 2.442582769591640357e+01
3.250000000000250466e+00 2.409093374583557079e+01
3.270000000000250040e+00 2.400263698795860989e+01
3.290000000000249614e+00 2.390533033523353623e+01
3.310000000000249187e+00 2.352577129613446871e+01
3.330000000000248761e+00 2.329353100711727009e+01
3.350000000000248335e+00 2.347543644954892628e+01
3.370000000000247908e+00 2.336065150994742723e+01
3.390000000000247482e+00 2.307452728584043200e+01
3.410000000000247056e+00 2.269410916454560123e+01
3.430000000000246629e+00 2.244612641804869213e+01
3.450000000000246203e+00 2.281867560525050820e+01
3.470000000000245777e+00 2.230886147696941180e+01
3.490000000000245350e+00 2.239403404821958432e+01
3.510000000000244924e+00 2.201195235207424616e+01
3.530000000000244498e+00 2.199907241133676195e+01
3.550000000000244071e+00 2.189621703389879315e+01
3.570000000000243645e+00 2.174984032922026600e+01
3.590000000000243219e+00 2.139870952135422044e+01
3.610000000000242792e+00 2.166869246816624184e+01
3.630000000000242366e+00 2.107853910271132136e+01
3.650000000000241940e+00 2.123144553616130281e+01
3.670000000000241513e+00 2.092786590002508973e+01
3.690000000000241087e+00 2.076071774788582402e+01
3.710000000000240661e+00 2.064332022142117751e+01
3.730000000000240234e+00 2.043892655169782557e+01
3.750000000000239808e+00 2.043984654372350107e+01
3.770000000000239382e+00 2.035758417602681902e+01
3.790000000000238956e+00 2.014503231380987458e+01
3.810000000000238529e+00 1.990412452039815250e+01
3.830000000000238103e+00 1.980469210187094831e+01
3.850000000000237677e+00 1.946872833375566358e+01
3.870000000000237250e+00 1.954835427013221505e+01
3.890000000000236824e+00 1.974832414888384235e+01
3.910000000000236398e+00 1.949984344281488902e+01
3.930000000000235971e+00 1.911197927547479836e+01
3.950000000000235545e+00 1.937961543791215036e+01
3.970000000000235119e+00 1.892235786731128044e+01
3.990000000000234692e+00 1.879898684018809618e+01
4.010000000000234266e+00 1.868836601927997165e+01
4.030000000000233840e+00 1.863310398997398920e+01
4.050000000000233413e+00 1.848714818041357688e+01
4.070000000000232987e+00 1.810769187916789491e+01
4.090000000000232561e+00 1.829520338673818713e+01
4.110000000000232134e+00 1.774490594910055918e+01
4.130000000000231708e+00 1.797072973614758240e+01
4.150000000000231282e+00 1.798729048252606333e+01
4.170000000000230855e+00 1.771871277477544027e+01
4.190000000000230429e+00 1.776682561332468424e+01
4.210000000000230003e+00 1.749991474810485670e+01
4.230000000000229576e+00 1.723144528713336143e+01
4.250000000000229150e+00 1.747739541372695982e+01
4.270000000000228724e+00 1.684274272457317423e+01
4.290000000000228297e+00 1.696871378336205893e+01
4.310000000000227871e+00 1.705708403837914133e+01
4.330000000000227445e+00 1.701879215886544117e+01
4.350000000000227018e+00 1.641118590410372846e+01
4.370000000000226592e+00 1.657818251180313140e+01
4.390000000000226166e+00 1.650495831119128098e+01
4.410000000000225739e+00 1.658135993465466029e+01
4.430000000000225313e+00 1.630420649038780923e+01
4.450000000000224887e+00 1.612226316579051044e+01
4.470000000000224460e+00 1.601757490426886932e+01
4.490000000000224034e+00 1.621930117602575905e+01
4.510000000000223608e+00 1.586537601895314786e+01
4.530000000000223181e+00 1.581077541472116366e+01
4.550000000000222755e+00 1.566772589397357507e+01
4.570000000000222329e+00 1.548766092701438168e+01
4.590000000000221902e+00 1.545593408587561335e+01
4.610000000000221476e+00 1.548908155300832945e+01
4.630000000000221050e+00 1.524515675439576157e+01
4.650000000000220624e+00 1.533106803920281180e+01
4.670000000000220197e+00 1.534026007612957798e+01
4.690000000000219771e+00 1.500856017466680470e+01
4.710000000000219345e+00 1.507301515822096682e+01
4.730000000000218918e+00 1.489276712954202431e+01
4.750000000000218492e+00 1.480692636536633877e+01
4.770000000000218066e+00 1.466379381849233177e+01
4.790000000000217639e+00 1.469024505761033161e+01
4.810000000000217213e+00 1.447705078734229289e+01
4.830000000000216787e+00 1.467873492786523570e+01
4.850000000000216360e+00 1.438458281690770235e+01
4.870000000000215934e+00 1.468255392637957435e+01
4.890000000000215508e+00 1.433807745533844979e+01
4.910000000000215081e+00 1.398617218391519934e+01
4.930000000000214655e+00 1.441035681951341729e+01
4.950000000000214229e+00 1.381263351690961017e+01
4.970000000000213802e+00 1.409411981796667845e+01
4.990000000000213376e+00 1.393825486315496143e+01
5.010000000000212950e+00 1.389165753587093022e+01
5.030000000000212523e+00 1.386882934557698199e+01
5.050000000000212097e+00 1.382359308954357324e+01
5.070000000000211671e+00 1.341751411103735947e+01
5.090000000000211244e+00 1.375393926579305415e+01
5.110000000000210818e+00 1.353735178369076486e+01
5.130000000000210392e+00 1.329549405078196322e+01
5.150000000000209965e+00 1.340995506595652031e+01
5.170000000000209539e+00 1.331602614003828045e+01
5.190000000000209113e+00 1.350497140130002371e+01
5.210000000000208686e+00 1.331587070008569462e+01
5.230000000000208260e+00 1.306928034510254300e+01
5.250000000000207834e+00 1.300782975509590500e+01
5.270000000000207407e+00 1.297348330443498909e+01
5.290000000000206981e+00 1.314924061035890013e+01
5.310000000000206555e+00 1.279566225586423656e+01
5.330000000000206128e+00 1.277571964043750086e+01
5.350000000000205702e+00 1.306267492944704500e+01
5.370000000000205276e+00 1.275441315802282993e+01
5.390000000000204849e+00 1.275143485127808418e+01
5.410000000000204423e+00 1.263183192312074254e+01
5.430000000000203997e+00 1.259933589648601782e+01
5.450000000000203570e+00 1.261493014910276145e+01
5.470000000000203144e+00 1.221066065371295828e+01
5.490000000000202718e+00 1.256438217752149811e+01
5.510000000000202292e+00 1.261037458420911328e+01
5.530000000000201865e+00 1.249928751056324927e+01
5.550000000000201439e+00 1.222556870379594329e+01
5.570000000000201013e+00 1.234111315089046457e+01
5.590000000000200586e+00 1.236646505032948973e+01
5.610000000000200160e+00 1.215378990793797520e+01
5.630000000000199734e+00 1.197186699233136409e+01
5.650000000000199307e+00 1.220530623914026869e+01
5.670000000000198881e+00 1.206171950620542965e+01
5.690000000000198455e+00 1.204610999996500986e+01
5.710000000000198028e+00 1.205798549834724120e+01
5.730000000000197602e+00 1.198177565709832848e+01
5.750000000000197176e+00 1.195641961023945221e+01
5.770000000000196749e+00 1.175400271211045045e+01
5.790000000000196323e+00 1.180180247026341611e+01
5.810000000000195897e+00 1.165145693833450125e+01
5.830000000000195470e+00 1.168337179902045619e+01
5.850000000000195044e+00 1.170169162729561307e+01
5.870000000000194618e+00 1.171835079196964458e+01
5.890000000000194191e+00 1.166108221731937888e+01
5.910000000000193765e+00 1.148311687720365271e+01
5.930000000000193339e+00 1.141144102324128085e+01
5.950000000000192912e+00 1.149481730153170211e+01
5.970000000000192486e+00 1.151997514127287303e+01
5.990000000000192060e+00 1.142030110083971017e+01
6.010000000000191633e+00 1.135822433581358126e+01
6.030000000000191207e+00 1.130164351598960693e+01
6.050000000000190781e+00 1.111276368702854356e+01
6.070000000000190354e+00 1.113284044550524854e+01
6.090000000000189928e+00 1.113942978110668491e+01
6.110000000000189502e+00 1.124402023427638042e+01
6.130000000000189075e+00 1.105616759075977029e+01
6.150000000000188649e+00 1.113374204352720120e+01
6.170000000000188223e+00 1.108510615007857680e+01
6.190000000000187796e+00 1.086382715380506525e+01
6.210000000000187370e+00 1.084617141312161159e+01
6.230000000000186944e+00 1.089042009920053999e+01
6.250000000000186517e+00 1.091052938196425792e+01
6.270000000000186091e+00 1.085255558858103875e+01
6.290000000000185665e+00 1.069460135120915645e+01
6.310000000000185238e+00 1.066473384310114270e+01
6.330000000000184812e+00 1.071259450403874425e+01
6.350000000000184386e+00 1.060511200261383102e+01
6.370000000000183960e+00 1.059322335243053637e+01
6.390000000000183533e+00 1.067318131578738694e+01
6.410000000000183107e+00 1.055996541184524240e+01
6.430000000000182681e+00 1.038709648521932927e+01
6.450000000000182254e+00 1.048349745421063517e+01
6.470000000000181828e+00 1.045907808600425426e+01
6.490000000000181402e+00 1.032870776661386714e+01
6.510000000000180975e+00 1.024299478150540033e+01
6.530000000000180549e+00 1.042712909781725905e+01
6.550000000000180123e+00 1.012862178894854459e+01
6.570000000000179696e+00 1.034476139134898176e+01
6.590000000000179270e+00 1.022171700077695355e+01
6.610000000000178844e+00 1.021628467219810155e+01
6.630000000000178417e+00 9.980402106832135800e+00
6.650000000000177991e+00 1.001767735053196695e+01
6.670000000000177565e+00 1.007181549718911384e+01
6.690000000000177138e+00 1.004109106293327436e+01
6.710000000000176712e+00 9.987683087544388272e+00
6.730000000000176286e+00 9.912980836310289590e+00
6.750000000000175859e+00 9.991152147130820893e+00
6.770000000000175433e+00 9.768472178138457807e+00
6.790000000000175007e+00 9.882502638479497392e+00
6.810000000000174580e+00 9.824439789080921415e+00
6.830000000000174154e+00 9.639624378715094366e+00
6.850000000000173728e+00 9.695732213083111617e+00
6.870000000000173301e+00 9.617828001366358848e+00
6.890000000000172875e+00 9.568631026153539665e+00
6.910000000000172449e+00 9.730935393344887885e+00
6.930000000000172022e+00 9.459085581030207024e+00
6.950000000000171596e+00 9.604570881449854269e+00
6.970000000000171170e+00 9.568147384313903103e+00
6.990000000000170743e+00 9.351432104100675602e+00
7.010000000000170317e+00 9.423218290064973246e+00
7.030000000000169891e+00 9.500755762412989469e+00
7.050000000000169464e+00 9.360857495771194081e+00
7.070000000000169038e+00 9.288882325229801395e+00
7.090000000000168612e+00 9.242391400433273674e+00
7.110000000000168185e+00 9.276626579240343062e+00
7.130000000000167759e+00 9.348144231310744345e+00
7.150000000000167333e+00 9.109195053435019673e+00
7.170000000000166906e+00 9.171641701937332414e+00
7.190000000000166480e+00 9.110487257461873156e+00
7.210000000000166054e+00 9.031850425145483641e+00
7.230000000000165628e+00 9.127011326586957907e+00
7.250000000000165201e+00 9.034128281065429533e+00
7.270000000000164775e+00 8.873852442976208010e+00
7.290000000000164349e+00 8.931962816954721163e+00
7.310000000000163922e+00 9.002844073569670869e+00
7.330000000000163496e+00 8.902041546815603112e+00
7.350000000000163070e+00 8.975297134332539173e+00
7.370000000000162643e+00 8.835183536948454375e+00
7.390000000000162217e+00 8.700090446044677961e+00
7.410000000000161791e+00 8.686091183289137874e+00
7.430000000000161364e+00 8.810191870832349892e+00
7.450000000000160938e+00 8.740694159310152145e+00
7.470000000000160512e+00 8.688616136114109878e+00
7.490000000000160085e+00 8.635570881528812137e+00
7.510000000000159659e+00 8.646923164702046805e+00
7.530000000000159233e+00 8.663832031088139374e+00
7.550000000000158806e+00 8.528992824581131060e+00
7.570000000000158380e+00 8.524505219481872231e+00
7.590000000000157954e+00 8.471407021490829692e+00
7.610000000000157527e+00 8.459636057510756757e+00
7.630000000000157101e+00 8.382942643614409661e+00
7.650000000000156675e+00 8.444870819020289687e+00
7.670000000000156248e+00 8.446408666269146437e+00
7.690000000000155822e+00 8.244722208126448848e+00
7.710000000000155396e+00 8.431532514904603204e+00
7.730000000000154969e+00 8.223327809077888517e+00
7.750000000000154543e+00 8.227642479740925552e+00
7.770000000000154117e+00 8.299822068666520281e+00
7.790000000000153690e+00 8.211719121035171653e+00
7.810000000000153264e+00 8.230941470501582202e+00
7.830000000000152838e+00 8.112756273929360162e+00
7.850000000000152411e+00 8.133236745031867443e+00
7.870000000000151985e+00 8.131193721133751495e+00
7.890000000000151559e+00 8.049492088155544067e+00
7.910000000000151132e+00 7.960259407347497707e+00
7.930000000000150706e+00 8.041526817623353196e+00
7.950000000000150280e+00 7.955944188241001136e+00
7.970000000000149853e+00 7.911289767504914749e+00
7.990000000000149427e+00 7.965616621549297172e+00
8.010000000000149001e+00 7.958505988782335727e+00
8.030000000000148574e+00 7.943617066265082016e+00
8.050000000000148148e+00 7.773956959590842430e+00
8.070000000000147722e+00 7.770341701421918046e+00
8.090000000000147296e+00 7.765652353658003548e+00
8.110000000000146869e+00 7.713480080478552381e+00
8.130000000000146443e+00 7.693159042188640662e+00
8.150000000000146017e+00 7.691393730970411902e+00
8.170000000000145590e+00 7.681165712501922371e+00
8.190000000000145164e+00 7.694581173627674353e+00
8.210000000000144738e+00 7.612487875889925704e+00
8.230000000000144311e+00 7.609945838787814942e+00
8.250000000000143885e+00 7.508859600358107400e+00
8.270000000000143459e+00 7.575823187817018578e+00
8.290000000000143032e+00 7.522542018886952064e+00
8.310000000000142606e+00 7.467402823558228597e+00
8.330000000000142180e+00 7.476273141994637328e+00
8.350000000000141753e+00 7.403908364427629785e+00
8.370000000000141327e+00 7.480927086858272901e+00
8.390000000000140901e+00 7.340246612980177332e+00
8.410000000000140474e+00 7.364537659890375565e+00
8.430000000000140048e+00 7.355493937398119186e+00
8.450000000000139622e+00 7.355511943211216597e+00
8.470000000000139195e+00 7.274549285988205938e+00
8.490000000000138769e+00 7.272032454069036866e+00
8.510000000000138343e+00 7.222101445814371523e+00
8.530000000000137916e+00 7.120589247174195613e+00
8.550000000000137490e+00 7.228041742426244198e+00
8.570000000000137064e+00 7.185038395103901188e+00
8.590000000000136637e+00 7.154616458075291341e+00
8.610000000000136211e+00 7.090776398504277545e+00
8.630000000000135785e+00 7.106992807719833216e+00
8.650000000000135358e+00 7.049443189694578393e+00
8.670000000000134932e+00 7.056236392246404421e+00
8.690000000000134506e+00 7.016864536268189845e+00
8.710000000000134079e+00 6.959077723290611139e+00
8.730000000000133653e+00 7.000508695515158308e+00
8.750000000000133227e+00 6.923287498634744352e+00
8.770000000000132800e+00 6.922451916463666421e+00
8.790000000000132374e+00 6.840500330031082932e+00
8.810000000000131948e+00 6.917650904864885320e+00
8.830000000000131521e+00 6.865594164127546861e+00
8.850000000000131095e+00 6.856838130929626018e+00
8.870000000000130669e+00 6.768250943165326383e+00
8.890000000000130242e+00 6.815212362788248157e+00
8.910000000000129816e+00 6.797713261613258950e+00
8.930000000000129390e+00 6.723344977425536051e+00
8.950000000000128964e+00 6.725859867502976819e+00
8.970000000000128537e+00 6.703683737260589304e+00
8.990000000000128111e+00 6.635294821456940717e+00
9.010000000000127685e+00 6.645111826764443563e+00
9.030000000000127258e+00 6.653909130816304973e+00
9.050000000000126832e+00 6.585477751141814551e+00
9.070000000000126406e+00 6.596834183743482072e+00
9.090000000000125979e+00 6.526940888382291028e+00
9.110000000000125553e+00 6.517262944568620320e+00
9.130000000000125127e+00 6.478671701156928364e+00
9.150000000000124700e+00 6.483594571759037528e+00
9.170000000000124274e+00 6.469366707121650073e+00
9.190000000000123848e+00 6.434477627321590454e+00
9.210000000000123421e+00 6.409697449672779435e+00
9.230000000000122995e+00 6.467472092406070239e+00
9.250000000000122569e+00 6.296751415956850728e+00
9.270000000000122142e+00 6.368255533147256564e+00
9.290000000000121716e+00 6.275369301418609602e+00
9.310000000000121290e+00 6.250741552211942498e+00
9.330000000000120863e+00 6.294418941053413263e+00
9.350000000000120437e+00 6.236603009420967680e+00
9.370000000000120011e+00 6.236965004096693299e+00
9.390000000000119584e+00 6.180578268462689984e+00
9.410000000000119158e+00 6.204304456579554206e+00
9.430000000000118732e+00 6.149436101205839833e+00
9.450000000000118305e+00 6.099204463949043920e+00
9.470000000000117879e+00 6.160046974008865028e+00
9.490000000000117453e+00 6.049122823149819972e+00
9.510000000000117026e+00 6.092329942109936169e+00
9.530000000000116600e+00 6.027732453980596539e+00
9.550000000000116174e+00 6.022352451749969582e+00
9.570000000000115747e+00 6.011722645081419181e+00
9.590000000000115321e+00 6.065348618783732881e+00
9.610000000000114895e+00 5.932383377700265470e+00
9.630000000000114468e+00 5.887695239513752732e+00
9.650000000000114042e+00 5.940253242266309464e+00
9.670000000000113616e+00 5.846837663486605940e+00
9.690000000000113189e+00 5.841208228201974606e+00
9.710000000000112763e+00 5.791608846044578485e+00
9.730000000000112337e+00 5.799972822957958130e+00
9.750000000000111910e+00 5.793396183420354006e+00
9.770000000000111484e+00 5.765571294844269445e+00
9.790000000000111058e+00 5.715278520963416042e+00
9.810000000000110632e+00 5.670111985724695103e+00
9.830000000000110205e+00 5.675571097037523494e+00
9.850000000000109779e+00 5.701743885530654588e+00
9.870000000000109353e+00 5.620906082465616294e+00
9.890000000000108926e+00 5.543374829442058171e+00
9.910000000000108500e+00 5.606717980278735247e+00
9.930000000000108074e+00 5.616254092747658078e+00
9.950000000000107647e+00 5.558493311451476515e+00
9.970000000000107221e+00 5.486109742403497691e+00
9.990000000000106795e+00 5.534204868865804983e+00
1.001000000000010637e+01 5.491261392605029990e+00
1.003000000000010594e+01 5.464700700618440266e+00
1.005000000000010552e+01 5.400169500252474997e+00
1.007000000000010509e+01 5.470882723880126974e+00
1.009000000000010466e+01 5.380551491889201010e+00
1.011000000000010424e+01 5.339735263160255485e+00
1.013000000000010381e+01 5.345241074000529835e+00
1.015000000000010338e+01 5.313688036258779945e+00
1.017000000000010296e+01 5.295969822452779141e+00
1.019000000000010253e+01 5.301955632645230843e+00
1.021000000000010210e+01 5.182979218312787850e+00
1.023000000000010168e+01 5.291272019575377072e+00
1.025000000000010125e+01 5.143708077307538318e+00
1.027000000000010083e+01 5.191809363359735308e+00
1.029000000000010040e+01 5.160240576390188849e+00
1.031000000000009997e+01 5.154385845052845916e+00
1.033000000000009955e+01 5.056416360171279045e+00
1.035000000000009912e+01 5.071227052119207990e+00
1.037000000000009869e+01 5.065295864062755449e+00
1.039000000000009827e+01 5.035592059759121497e+00
1.041000000000009784e+01 5.042575190248007821e+00
1.043000000000009742e+01 5.002943768665953250e+00
1.045000000000009699e+01 4.977728135281780375e+00
1.047000000000009656e+01 4.940797529526011367e+00
1.049000000000009614e+01 4.958056410418804738e+00
1.051000000000009571e+01 4.882497988946711054e+00
1.053000000000009528e+01 4.886637665878588166e+00
1.055000000000009486e+01 4.864914578187841343e+00
1.057000000000009443e+01 4.823852866087926294e+00
1.059000000000009400e+01 4.824045153735869285e+00
1.061000000000009358e+01 4.792008680477195526e+00
1.063000000000009315e+01 4.801432668266347292e+00
1.065000000000009273e+01 4.728485195554220866e+00
1.067000000000009230e+01 4.695990069599036865e+00
1.069000000000009187e+01 4.709626365797437764e+00
1.071000000000009145e+01 4.635445373224297505e+00
1.073000000000009102e+01 4.640197295325418025e+00
1.075000000000009059e+01 4.644581094760898310e+00
1.077000000000009017e+01 4.573640428742081987e+00
1.079000000000008974e+01 4.589073706733191926e+00
1.081000000000008932e+01 4.561743375207890416e+00
1.083000000000008889e+01 4.516859953745572476e+00
1.085000000000008846e+01 4.465266084859518259e+00
1.087000000000008804e+01 4.556815259318089950e+00
1.089000000000008761e+01 4.439219734731109313e+00
1.091000000000008718e+01 4.482044257868255777e+00
1.093000000000008676e+01 4.419010114552751389e+00
1.095000000000008633e+01 4.386011182197358416e+00
1.097000000000008590e+01 4.392971708312839674e+00
1.099000000000008548e+01 4.368720844567119954e+00
1.101000000000008505e+01 4.336222314761989161e+00
1.103000000000008463e+01 4.337736181569983529e+00
1.105000000000008420e+01 4.288470131557786225e+00
1.107000000000008377e+01 4.265681274878932783e+00
1.109000000000008335e+01 4.244263199864150238e+00
1.111000000000008292e+01 4.212230137593256707e+00
1.113000000000008249e+01 4.172683632754468519e+00
1.115000000000008207e+01 4.181464935479105804e+00
1.117000000000008164e+01 4.142976635255533502e+00
1.119000000000008122e+01 4.161658282232266970e+00
1.121000000000008079e+01 4.115318548205026516e+00
1.123000000000008036e+01 4.091341873969772003e+00
1.125000000000007994e+01 4.044805761144888656e+00
1.127000000000007951e+01 4.064419007602318779e+00
1.129000000000007908e+01 4.029774985378113961e+00
1.131000000000007866e+01 4.019750167995151280e+00
1.133000000000007823e+01 3.990253095564266328e+00
1.135000000000007780e+01 3.972886309096699264e+00
1.137000000000007738e+01 3.928333532294387087e+00
1.139000000000007695e+01 3.923101692361160797e+00
1.141000000000007653e+01 3.900226116565425283e+00
1.143000000000007610e+01 3.876085093895477396e+00
1.145000000000007567e+01 3.900021179863438103e+00
1.147000000000007525e+01 3.796805890561488983e+00
1.149000000000007482e+01 3.825405206735378982e+00
1.151000000000007439e+01 3.789918687427740629e+00
1.153000000000007397e+01 3.775188609598530753e+00
1.155000000000007354e+01 3.723374031778710957e+00
1.157000000000007311e+01 3.703453539300693098e+00
1.159000000000007269e+01 3.686709805895366898e+00
1.161000000000007226e+01 3.686586469705349423e+00
1.163000000000007184e+01 3.639461978239694417e+00
1.165000000000007141e+01 3.647862708852722236e+00
1.167000000000007098e+01 3.633908208623650271e+00
1.169000000000007056e+01 3.611021287293397108e+00
1.171000000000007013e+01 3.576821897801761185e+00
1.173000000000006970e+01 3.570311882200877474e+00
1.175000000000006928e+01 3.563110296843828628e+00
1.177000000000006885e+01 3.550397849007635553e+00
1.179000000000006843e+01 3.506476304440591107e+00
1.181000000000006800e+01 3.498513116284220459e+00
1.183000000000006757e+01 3.455836191370539989e+00
1.185000000000006715e+01 3.438456442333909013e+00
1.187000000000006672e+01 3.421177872381411689e+00
1.189000000000006629e+01 3.412010711075174285e+00
1.191000000000006587e+01 3.381161156482605179e+00
1.193000000000006544e+01 3.365225966697636739e+00
1.195000000000006501e+01 3.315487555907504991e+00
1.197000000000006459e+01 3.324597370311297873e+00
1.199000000000006416e+01 3.286798803133247571e+00
1.201000000000006374e+01 3.280068204918581642e+00
1.203000000000006331e+01 3.229870099631038993e+00
1.205000000000006288e+01 3.193839904685044306e+00
1.207000000000006246e+01 3.239544333675066223e+00
1.209000000000006203e+01 3.161664904975751256e+00
1.211000000000006160e+01 3.169297588403694466e+00
1.213000000000006118e+01 3.163153031927162573e+00
1.215000000000006075e+01 3.133092084199723182e+00
1.217000000000006033e+01 3.169092655131060088e+00
1.219000000000005990e+01 3.159425104572822995e+00
1.221000000000005947e+01 3.051881704140451568e+00
1.223000000000005905e+01 3.048176428176178288e+00
1.225000000000005862e+01 3.062744183573624213e+00
1.227000000000005819e+01 3.015293052202149049e+00
1.229000000000005777e+01 3.001377634101947578e+00
1.231000000000005734e+01 2.981117836784523689e+00
1.233000000000005691e+01 2.944917317570457715e+00
1.235000000000005649e+01 2.919069439625600726e+00
1.237000000000005606e+01 2.911854843189782827e+00
1.239000000000005564e+01 2.833723490678406787e+00
1.241000000000005521e+01 2.895196987323799487e+00
1.243000000000005478e+01 2.813284548304212151e+00
1.245000000000005436e+01 2.863414211552680388e+00
1.247000000000005393e+01 2.814710650394819602e+00
1.249000000000005350e+01 2.769865876603080590e+00
1.251000000000005308e+01 2.764681708961907791e+00
1.253000000000005265e+01 2.768605287981671825e+00
1.255000000000005222e+01 2.794625310855470168e+00
1.257000000000005180e+01 2.695084314484482935e+00
1.259000000000005137e+01 2.672336444694698887e+00
1.261000000000005095e+01 2.688802321769972803e+00
1.263000000000005052e+01 2.726678940124835915e+00
1.265000000000005009e+01 2.627159497770013896e+00
1.267000000000004967e+01 2.607686917355553469e+00
1.269000000000004924e+01 2.640175950378542691e+00
1.271000000000004881e+01 2.567588687063157682e+00
1.273000000000004839e+01 2.518783652036562071e+00
1.275000000000004796e+01 2.546186992938491489e+00
1.277000000000004754e+01 2.492608005167691765e+00
1.279000000000004711e+01 2.443725646517099559e+00
1.281000000000004668e+01 2.482190809753810345e+00
1.283000000000004626e+01 2.422763208469560503e+00
1.285000000000004583e+01 2.360090582069721776e+00
1.287000000000004540e+01 2.381455661756071152e+00
1.289000000000004498e+01 2.397863837207574900e+00
1.291000000000004455e+01 2.352185365637028180e+00
1.293000000000004412e+01 2.346714199322197825e+00
1.295000000000004370e+01 2.258188796968958023e+00
1.297000000000004327e+01 2.299376102887903173e+00
1.299000000000004285e+01 2.298095752998929431e+00
1.301000000000004242e+01 2.236280378740445940e+00
1.303000000000004199e+01 2.235687035616699792e+00
1.305000000000004157e+01 2.236719531526548899e+00
1.307000000000004114e+01 2.193427760562181472e+00
1.309000000000004071e+01 2.191644444210747888e+00
1.311000000000004029e+01 2.116273084174214336e+00
1.313000000000003986e+01 2.111708356380404883e+00
1.315000000000003944e+01 2.069500533251031893e+00
1.317000000000003901e+01 2.080626617047652172e+00
1.319000000000003858e+01 2.047268403309791651e+00
1.321000000000003816e+01 2.061035833720592958e+00
1.323000000000003773e+01 1.998535876266932965e+00
1.325000000000003730e+01 2.009611970173160067e+00
1.327000000000003688e+01 1.970715867296065182e+00
1.329000000000003645e+01 1.933773044451246204e+00
1.331000000000003602e+01 1.934618987654898703e+00
1.333000000000003560e+01 1.896961343275746170e+00
1.335000000000003517e+01 1.829481045010895368e+00
1.337000000000003475e+01 1.827303797312086475e+00
1.339000000000003432e+01 1.816263451212911884e+00
1.341000000000003389e+01 1.804479347171297210e+00
1.343000000000003347e+01 1.729536590007320962e+00
1.345000000000003304e+01 1.744738991963134644e+00
1.347000000000003261e+01 1.706249015669936142e+00
1.349000000000003219e+01 1.736576004944542229e+00
1.351000000000003176e+01 1.699255612305344831e+00
1.353000000000003133e+01 1.655402465299306458e+00
1.355000000000003091e+01 1.637030402639653603e+00
1.357000000000003048e+01 1.601337676379193553e+00
1.359000000000003006e+01 1.562950535881681091e+00
1.361000000000002963e+01 1.553965275610332375e+00
1.363000000000002920e+01 1.535065642940233399e+00
1.365000000000002878e+01 1.514871683453518747e+00
1.367000000000002835e+01 1.497002424074630467e+00
1.369000000000002792e+01 1.447886943932079618e+00
1.371000000000002750e+01 1.423731934637193053e+00
1.373000000000002707e+01 1.419308652788568548e+00
1.375000000000002665e+01 1.400828622384720834e+00
1.377000000000002622e+01 1.363044816666840964e+00
1.379000000000002579e+01 1.329470249062862708e+00
1.381000000000002537e+01 1.314961257203206113e+00
1.383000000000002494e+01 1.266970455835565668e+00
1.385000000000002451e+01 1.254043468241628378e+00
1.387000000000002409e+01 1.239473708855048706e+00
1.389000000000002366e+01 1.200032752387821144e+00
1.391000000000002323e+01 1.162365381526426988e+00
1.393000000000002281e+01 1.153891635066503385e+00
1.395000000000002238e+01 1.105633214252627727e+00
1.397000000000002196e+01 1.060728704266268974e+00
1.399000000000002153e+01 1.053535486693137901e+00
1.401000000000002110e+01 1.019668059390229642e+00
1.403000000000002068e+01 9.925472777802473168e-01
1.405000000000002025e+01 1.004152652315626337e+00
1.407000000000001982e+01 9.805466164984941724e-01
1.409000000000001940e+01 9.744572751026520097e-01
1.411000000000001897e+01 9.550218218430145400e-01
1.413000000000001855e+01 8.973624466491502139e-01
1.415000000000001812e+01 9.035643445909842253e-01
1.417000000000001769e+01 8.508343061270775554e-01
1.419000000000001727e+01 8.405718554938949039e-01
1.421000000000001684e+01 8.205355436394549118e-01
1.423000000000001641e+01 8.198049563987048760e-01
1.425000000000001599e+01 7.833631509887970523e-01
1.427000000000001556e+01 7.632308207185874993e-01
1.429000000000001513e+01 7.582007327414613806e-01
1.431000000000001471e+01 7.406726439373714221e-01
1.433000000000001428e+01 7.123117921330552882e-01
1.435000000000001386e+01 6.982261214844949215e-01
1.437000000000001343e+01 6.662295738987683569e-01
1.439000000000001300e+01 6.694922053659952965e-01
1.441000000000001258e+01 6.259427781880917419e-01
1.443000000000001215e+01 6.045784566838916518e-01
1.445000000000001172e+01 5.865497159753855216e-01
1.447000000000001130e+01 5.626103086618208238e-01
1.449000000000001087e+01 5.523081147602412200e-01
1.451000000000001044e+01 5.197220267515171299e-01
1.453000000000001002e+01 5.070758427654291634e-01
1.455000000000000959e+01 4.934509788260133534e-01
1.457000000000000917e+01 4.158556960576054173e-01
1.459000000000000874e+01 3.111436956114465024e-01
1.461000000000000831e+01 1.580481900509410342e-01
1.463000000000000789e+01 4.646040286553605736e-02
1.465000000000000746e+01 5.599237986842363866e-03
1.467000000000000703e+01 5.464369595393190650e-03
1.469000000000000661e+01 5.445091827401648057e-03
1.471000000000000618e+01 0.000000000000000000e+00
1.473000000000000576e+01 0.000000000000000000e+00
1.475000000000000533e+01 0.000000000000000000e+00
1.477000000000000490e+01 0.000000000000000000e+00
1.479000000000000448e+01 0.000000000000000000e+00
1.481000000000000405e+01 0.000000000000000000e+00
1.483000000000000362e+01 0.000000000000000000e+00
1.485000000000000320e+01 0.000000000000000000e+00
1.487000000000000277e+01 0.000000000000000000e+00
1.489000000000000234e+01 0.000000000000000000e+00
1.491000000000000192e+01 0.000000000000000000e+00
1.493000000000000149e+01 0.000000000000000000e+00
1.495000000000000107e+01 0.000000000000000000e+00
1.497000000000000064e+01 0.000000000000000000e+00
1.499000000000000021e+01 0.000000000000000000e+00
