# Redshift		Merger Rate Density [Gpc^-3yr^-1]
1.000000000031931770e-02 3.360901758436919096e+01
3.000000000031888964e-02 3.413868465377653649e+01
5.000000000031846331e-02 3.508031636120607999e+01
7.000000000031804392e-02 3.509128079587416948e+01
9.000000000031761760e-02 3.561451822018197078e+01
1.100000000003171913e-01 3.611230474657731548e+01
1.300000000003167511e-01 3.673963058333328746e+01
1.500000000003163247e-01 3.692459701827937835e+01
1.700000000003158984e-01 3.758443698611007022e+01
1.900000000003154721e-01 3.867206694416506707e+01
2.100000000003150458e-01 3.876673437470614658e+01
2.300000000003146194e-01 3.968430555652674485e+01
2.500000000003141931e-01 4.056907409049361490e+01
2.700000000003137668e-01 4.071423591981402978e+01
2.900000000003133405e-01 4.118379089171696705e+01
3.100000000003129141e-01 4.181325101658064369e+01
3.300000000003124878e-01 4.216373832508435271e+01
3.500000000003120615e-01 4.310310425400316348e+01
3.700000000003116352e-01 4.325087316655366720e+01
3.900000000003112088e-01 4.392201606900184885e+01
4.100000000003107825e-01 4.427734945259261679e+01
4.300000000003103562e-01 4.545069674733929332e+01
4.500000000003099299e-01 4.541133284860784869e+01
4.700000000003095035e-01 4.703133541905540937e+01
4.900000000003090772e-01 4.696295259271978040e+01
5.100000000003086509e-01 4.783240679247054317e+01
5.300000000003082246e-01 4.827831234047207687e+01
5.500000000003077982e-01 4.849207311204197168e+01
5.700000000003073719e-01 4.962424134440591672e+01
5.900000000003069456e-01 4.951119181572208561e+01
6.100000000003065193e-01 5.092845773277274901e+01
6.300000000003060929e-01 5.107428103109384665e+01
6.500000000003056666e-01 5.202531394118216923e+01
6.700000000003052403e-01 5.257623003499534775e+01
6.900000000003048140e-01 5.347164795737067777e+01
7.100000000003043876e-01 5.420650967153348887e+01
7.300000000003039613e-01 5.423124898105609049e+01
7.500000000003035350e-01 5.565633822871189551e+01
7.700000000003031086e-01 5.658919104542260214e+01
7.900000000003026823e-01 5.676843944120289365e+01
8.100000000003022560e-01 5.813384306022455661e+01
8.300000000003018297e-01 5.809334294192306913e+01
8.500000000003014033e-01 5.932693969619662511e+01
8.700000000003009770e-01 6.051166441510903127e+01
8.900000000003005507e-01 5.943489903167418476e+01
9.100000000003001244e-01 6.104797735197288233e+01
9.300000000002996980e-01 6.137400340884946814e+01
9.500000000002992717e-01 6.238575834775645035e+01
9.700000000002988454e-01 6.231185651792847580e+01
9.900000000002984191e-01 6.290244426772904518e+01
1.010000000000297993e+00 6.386747460021194911e+01
1.030000000000297566e+00 6.385306741990233093e+01
1.050000000000297140e+00 6.456537770931518594e+01
1.070000000000296714e+00 6.468216271639958848e+01
1.090000000000296287e+00 6.579198021102182281e+01
1.110000000000295861e+00 6.608484224438166166e+01
1.130000000000295435e+00 6.713427176662710849e+01
1.150000000000295008e+00 6.686368253725072464e+01
1.170000000000294582e+00 6.780850248182674989e+01
1.190000000000294156e+00 6.829707816032080814e+01
1.210000000000293729e+00 6.896934437101111826e+01
1.230000000000293303e+00 6.906176840183536569e+01
1.250000000000292877e+00 7.010095117744644710e+01
1.270000000000292451e+00 7.122515253837602245e+01
1.290000000000292024e+00 7.060230811578945520e+01
1.310000000000291598e+00 7.172482666299345055e+01
1.330000000000291172e+00 7.249430396091145212e+01
1.350000000000290745e+00 7.226083113096740362e+01
1.370000000000290319e+00 7.347486557261726148e+01
1.390000000000289893e+00 7.339147461224594338e+01
1.410000000000289466e+00 7.390745112681466367e+01
1.430000000000289040e+00 7.431492108753785431e+01
1.450000000000288614e+00 7.517204075853989309e+01
1.470000000000288187e+00 7.558613388307101388e+01
1.490000000000287761e+00 7.615078904005838467e+01
1.510000000000287335e+00 7.661353114763096528e+01
1.530000000000286908e+00 7.689577035221229551e+01
1.550000000000286482e+00 7.679300700500616017e+01
1.570000000000286056e+00 7.813501494888627974e+01
1.590000000000285629e+00 7.831059888785354417e+01
1.610000000000285203e+00 7.805882561951672471e+01
1.630000000000284777e+00 7.830964025679229223e+01
1.650000000000284350e+00 7.991906218998784084e+01
1.670000000000283924e+00 7.888060087940883136e+01
1.690000000000283498e+00 7.998038526726374187e+01
1.710000000000283071e+00 8.038047226278310120e+01
1.730000000000282645e+00 8.107012190341315261e+01
1.750000000000282219e+00 8.087623641213443193e+01
1.770000000000281792e+00 8.187646935727057951e+01
1.790000000000281366e+00 8.183846057829110521e+01
1.810000000000280940e+00 8.230697529521776801e+01
1.830000000000280513e+00 8.276854142584605256e+01
1.850000000000280087e+00 8.421657266714871071e+01
1.870000000000279661e+00 8.285804031354307142e+01
1.890000000000279234e+00 8.429442882598918629e+01
1.910000000000278808e+00 8.297822338448530388e+01
1.930000000000278382e+00 8.475340942109660602e+01
1.950000000000277955e+00 8.505091854142520447e+01
1.970000000000277529e+00 8.507209654392950426e+01
1.990000000000277103e+00 8.494189270246431533e+01
2.010000000000276899e+00 8.641721419986434682e+01
2.030000000000276472e+00 8.604287142182622006e+01
2.050000000000276046e+00 8.587668156701757027e+01
2.070000000000275620e+00 8.639992307988819675e+01
2.090000000000275193e+00 8.722787342050609993e+01
2.110000000000274767e+00 8.613646851956283967e+01
2.130000000000274341e+00 8.776500222156198561e+01
2.150000000000273914e+00 8.841814915637769445e+01
2.170000000000273488e+00 8.718226453357416972e+01
2.190000000000273062e+00 8.825288003878705467e+01
2.210000000000272635e+00 8.859951740696905631e+01
2.230000000000272209e+00 8.836653258158085578e+01
2.250000000000271783e+00 8.891358227559543081e+01
2.270000000000271356e+00 8.817372723670767698e+01
2.290000000000270930e+00 8.863868350225723702e+01
2.310000000000270504e+00 8.959648359288989639e+01
2.330000000000270077e+00 8.889400704514753215e+01
2.350000000000269651e+00 8.924673990850668304e+01
2.370000000000269225e+00 8.922781671882165710e+01
2.390000000000268798e+00 8.949627212318496561e+01
2.410000000000268372e+00 9.011169277788857812e+01
2.430000000000267946e+00 9.008778085194194318e+01
2.450000000000267519e+00 9.044432720691200700e+01
2.470000000000267093e+00 8.961072641671140104e+01
2.490000000000266667e+00 9.073605472417526130e+01
2.510000000000266240e+00 8.981031403342446140e+01
2.530000000000265814e+00 9.098823163665490199e+01
2.550000000000265388e+00 9.095688639906877881e+01
2.570000000000264961e+00 9.078136436491493555e+01
2.590000000000264535e+00 8.995029089955995971e+01
2.610000000000264109e+00 9.086791987630967071e+01
2.630000000000263682e+00 9.143947760278855696e+01
2.650000000000263256e+00 9.102630558138125139e+01
2.670000000000262830e+00 8.996235089280040143e+01
2.690000000000262403e+00 9.095290818847941239e+01
2.710000000000261977e+00 9.066129658031942995e+01
2.730000000000261551e+00 9.054049352534977402e+01
2.750000000000261124e+00 9.083009328692421036e+01
2.770000000000260698e+00 9.101951357025451728e+01
2.790000000000260272e+00 9.144062195741240373e+01
2.810000000000259845e+00 9.064918341029857629e+01
2.830000000000259419e+00 9.030832883679464373e+01
2.850000000000258993e+00 9.074931799167733004e+01
2.870000000000258567e+00 9.081242258142516732e+01
2.890000000000258140e+00 9.052356148852867079e+01
2.910000000000257714e+00 9.081186897058356067e+01
2.930000000000257288e+00 9.158764645152805883e+01
2.950000000000256861e+00 9.020100537670712981e+01
2.970000000000256435e+00 9.046109459410864417e+01
2.990000000000256009e+00 9.037313174618944345e+01
3.010000000000255582e+00 9.109021145324400948e+01
3.030000000000255156e+00 8.888677381468004057e+01
3.050000000000254730e+00 9.063021633353430673e+01
3.070000000000254303e+00 8.959267693292903800e+01
3.090000000000253877e+00 9.066960817651953164e+01
3.110000000000253451e+00 8.999203738654054519e+01
3.130000000000253024e+00 8.891274407560614179e+01
3.150000000000252598e+00 8.914198062320230065e+01
3.170000000000252172e+00 8.956852481790868126e+01
3.190000000000251745e+00 8.912851578935374164e+01
3.210000000000251319e+00 8.890157043335989329e+01
3.230000000000250893e+00 8.919282046380764939e+01
3.250000000000250466e+00 8.871808195253332485e+01
3.270000000000250040e+00 8.845509301679061309e+01
3.290000000000249614e+00 8.915233018294323131e+01
3.310000000000249187e+00 8.795685571498452759e+01
3.330000000000248761e+00 8.802475104782938331e+01
3.350000000000248335e+00 8.785441098180663744e+01
3.370000000000247908e+00 8.757512635790567401e+01
3.390000000000247482e+00 8.721759762566199470e+01
3.410000000000247056e+00 8.714792999455541178e+01
3.430000000000246629e+00 8.687713355792331527e+01
3.450000000000246203e+00 8.653640574042424305e+01
3.470000000000245777e+00 8.629251919561309592e+01
3.490000000000245350e+00 8.662192317261765595e+01
3.510000000000244924e+00 8.627772918307366012e+01
3.530000000000244498e+00 8.514119985501625365e+01
3.550000000000244071e+00 8.606679658833560609e+01
3.570000000000243645e+00 8.475065319637803896e+01
3.590000000000243219e+00 8.562573974841775737e+01
3.610000000000242792e+00 8.433678345763311768e+01
3.630000000000242366e+00 8.478145780313010960e+01
3.650000000000241940e+00 8.392581788312352842e+01
3.670000000000241513e+00 8.430725238133852883e+01
3.690000000000241087e+00 8.270141916852034569e+01
3.710000000000240661e+00 8.450358822856367169e+01
3.730000000000240234e+00 8.255137899198854257e+01
3.750000000000239808e+00 8.244109471487215046e+01
3.770000000000239382e+00 8.264220133757433473e+01
3.790000000000238956e+00 8.262071786740042967e+01
3.810000000000238529e+00 8.143618421896528048e+01
3.830000000000238103e+00 8.118507425967817426e+01
3.850000000000237677e+00 8.150485818829119466e+01
3.870000000000237250e+00 8.105677576752280800e+01
3.890000000000236824e+00 8.035399735901717122e+01
3.910000000000236398e+00 7.985116682803806043e+01
3.930000000000235971e+00 8.021730471533118134e+01
3.950000000000235545e+00 7.880279884248160727e+01
3.970000000000235119e+00 7.892271887278933207e+01
3.990000000000234692e+00 7.893790481157762429e+01
4.010000000000234266e+00 7.816954247041918791e+01
4.030000000000233840e+00 7.813306320557401818e+01
4.050000000000233413e+00 7.695530731673181890e+01
4.070000000000232987e+00 7.695779617993180466e+01
4.090000000000232561e+00 7.703099487392543665e+01
4.110000000000232134e+00 7.649197377288940913e+01
4.130000000000231708e+00 7.541755890673263707e+01
4.150000000000231282e+00 7.572608795185433905e+01
4.170000000000230855e+00 7.498894856561145161e+01
4.190000000000230429e+00 7.468981779001008192e+01
4.210000000000230003e+00 7.413491766485240930e+01
4.230000000000229576e+00 7.318854483850971349e+01
4.250000000000229150e+00 7.383348544598915453e+01
4.270000000000228724e+00 7.210607626776990742e+01
4.290000000000228297e+00 7.290570590752567171e+01
4.310000000000227871e+00 7.251045510964736707e+01
4.330000000000227445e+00 7.137343600756186390e+01
4.350000000000227018e+00 7.071127362926621629e+01
4.370000000000226592e+00 6.999749176407819107e+01
4.390000000000226166e+00 7.064075010709473190e+01
4.410000000000225739e+00 6.904035017383590400e+01
4.430000000000225313e+00 6.949039048706605115e+01
4.450000000000224887e+00 6.837163345019814642e+01
4.470000000000224460e+00 6.841882891688923962e+01
4.490000000000224034e+00 6.803202820929018912e+01
4.510000000000223608e+00 6.616618105742556111e+01
4.530000000000223181e+00 6.661932099963965470e+01
4.550000000000222755e+00 6.656500081384692180e+01
4.570000000000222329e+00 6.492296143184408663e+01
4.590000000000221902e+00 6.446557363200133750e+01
4.610000000000221476e+00 6.507854997207137160e+01
4.630000000000221050e+00 6.426482099308134366e+01
4.650000000000220624e+00 6.346703882716592204e+01
4.670000000000220197e+00 6.259074430536986000e+01
4.690000000000219771e+00 6.267773095899347169e+01
4.710000000000219345e+00 6.156712411139266550e+01
4.730000000000218918e+00 6.132165525409460116e+01
4.750000000000218492e+00 6.102711899443701071e+01
4.770000000000218066e+00 5.995495520939835643e+01
4.790000000000217639e+00 5.960960824182274109e+01
4.810000000000217213e+00 5.907463077918180971e+01
4.830000000000216787e+00 5.941293896243990247e+01
4.850000000000216360e+00 5.781481513159593533e+01
4.870000000000215934e+00 5.743387956781732129e+01
4.890000000000215508e+00 5.658169908087978683e+01
4.910000000000215081e+00 5.625362383447459536e+01
4.930000000000214655e+00 5.588033862162662757e+01
4.950000000000214229e+00 5.522813361496577755e+01
4.970000000000213802e+00 5.456775073637514595e+01
4.990000000000213376e+00 5.426727875743164020e+01
5.010000000000212950e+00 5.355839243049677378e+01
5.030000000000212523e+00 5.301115233727309572e+01
5.050000000000212097e+00 5.233523590616766796e+01
5.070000000000211671e+00 5.202066360437756742e+01
5.090000000000211244e+00 5.157305357811028301e+01
5.110000000000210818e+00 5.061233964983509992e+01
5.130000000000210392e+00 4.975774616141575990e+01
5.150000000000209965e+00 4.930768137433303622e+01
5.170000000000209539e+00 4.901300813554043856e+01
5.190000000000209113e+00 4.876107588885575694e+01
5.210000000000208686e+00 4.768736352993374084e+01
5.230000000000208260e+00 4.690150605265757378e+01
5.250000000000207834e+00 4.654211719902792765e+01
5.270000000000207407e+00 4.663515512150989650e+01
5.290000000000206981e+00 4.614573480134560413e+01
5.310000000000206555e+00 4.468307060033060907e+01
5.330000000000206128e+00 4.400919520901982196e+01
5.350000000000205702e+00 4.350056217500175393e+01
5.370000000000205276e+00 4.330547871760816747e+01
5.390000000000204849e+00 4.293832522888321535e+01
5.410000000000204423e+00 4.233819035651890061e+01
5.430000000000203997e+00 4.170780706509690816e+01
5.450000000000203570e+00 4.117861762758610666e+01
5.470000000000203144e+00 4.031335322043926084e+01
5.490000000000202718e+00 4.010124810284030872e+01
5.510000000000202292e+00 3.937767994191255383e+01
5.530000000000201865e+00 3.844321911847664808e+01
5.550000000000201439e+00 3.846769923177263450e+01
5.570000000000201013e+00 3.804850019921723714e+01
5.590000000000200586e+00 3.697634470380735650e+01
5.610000000000200160e+00 3.637254437660454442e+01
5.630000000000199734e+00 3.616604992429346055e+01
5.650000000000199307e+00 3.559820088729828313e+01
5.670000000000198881e+00 3.524821842604423949e+01
5.690000000000198455e+00 3.419796667329349305e+01
5.710000000000198028e+00 3.427970372935985921e+01
5.730000000000197602e+00 3.348794347297420160e+01
5.750000000000197176e+00 3.280136281995842040e+01
5.770000000000196749e+00 3.261258334820914229e+01
5.790000000000196323e+00 3.217134897847577690e+01
5.810000000000195897e+00 3.129018895328144367e+01
5.830000000000195470e+00 3.085134817897555592e+01
5.850000000000195044e+00 3.063731234595856989e+01
5.870000000000194618e+00 2.996068758920156583e+01
5.890000000000194191e+00 2.942833017085446912e+01
5.910000000000193765e+00 2.866764538573690757e+01
5.930000000000193339e+00 2.859294109531654726e+01
5.950000000000192912e+00 2.800249103798877925e+01
5.970000000000192486e+00 2.768347685356009080e+01
5.990000000000192060e+00 2.705310288120338313e+01
6.010000000000191633e+00 2.666075564645320028e+01
6.030000000000191207e+00 2.600888743862465091e+01
6.050000000000190781e+00 2.583808669729282315e+01
6.070000000000190354e+00 2.516541728644789444e+01
6.090000000000189928e+00 2.495984888863095108e+01
6.110000000000189502e+00 2.430556772005469313e+01
6.130000000000189075e+00 2.385097866157563118e+01
6.150000000000188649e+00 2.357847092573133807e+01
6.170000000000188223e+00 2.312924986294143537e+01
6.190000000000187796e+00 2.255153486554838693e+01
6.210000000000187370e+00 2.209677102811707883e+01
6.230000000000186944e+00 2.188921060161689525e+01
6.250000000000186517e+00 2.150142681051062965e+01
6.270000000000186091e+00 2.117094315938689775e+01
6.290000000000185665e+00 2.102222537208938391e+01
6.310000000000185238e+00 2.023787119524751077e+01
6.330000000000184812e+00 1.989384142345420159e+01
6.350000000000184386e+00 1.931245007247036582e+01
6.370000000000183960e+00 1.926602654271777482e+01
6.390000000000183533e+00 1.886097715229486838e+01
6.410000000000183107e+00 1.848984847564592471e+01
6.430000000000182681e+00 1.807625480886814984e+01
6.450000000000182254e+00 1.777914747907270865e+01
6.470000000000181828e+00 1.745565617303286743e+01
6.490000000000181402e+00 1.703648933509306573e+01
6.510000000000180975e+00 1.661400760355746087e+01
6.530000000000180549e+00 1.665917653800542553e+01
6.550000000000180123e+00 1.619362942311948572e+01
6.570000000000179696e+00 1.590458931387406061e+01
6.590000000000179270e+00 1.552915429466937169e+01
6.610000000000178844e+00 1.517860520144242642e+01
6.630000000000178417e+00 1.497278777776897130e+01
6.650000000000177991e+00 1.492818020657729861e+01
6.670000000000177565e+00 1.442963254669917639e+01
6.690000000000177138e+00 1.398486562616334972e+01
6.710000000000176712e+00 1.397881106750014979e+01
6.730000000000176286e+00 1.352130419938709949e+01
6.750000000000175859e+00 1.323501962687695155e+01
6.770000000000175433e+00 1.315672505948372439e+01
6.790000000000175007e+00 1.287632296569888801e+01
6.810000000000174580e+00 1.252813733911760963e+01
6.830000000000174154e+00 1.242862471128821156e+01
6.850000000000173728e+00 1.205552351317136583e+01
6.870000000000173301e+00 1.182429921749216817e+01
6.890000000000172875e+00 1.181560748068948996e+01
6.910000000000172449e+00 1.148643062021106509e+01
6.930000000000172022e+00 1.116662808855016387e+01
6.950000000000171596e+00 1.105572432889043810e+01
6.970000000000171170e+00 1.086062578087737052e+01
6.990000000000170743e+00 1.070863501372517668e+01
7.010000000000170317e+00 1.056104503625603463e+01
7.030000000000169891e+00 1.045070067017491056e+01
7.050000000000169464e+00 1.003262605731758406e+01
7.070000000000169038e+00 9.884809845453942145e+00
7.090000000000168612e+00 9.703578595648160388e+00
7.110000000000168185e+00 9.706777764365568828e+00
7.130000000000167759e+00 9.581573708686754287e+00
7.150000000000167333e+00 9.194745296804912371e+00
7.170000000000166906e+00 9.163943908390040249e+00
7.190000000000166480e+00 8.932598457099173217e+00
7.210000000000166054e+00 8.748597381954112961e+00
7.230000000000165628e+00 8.646871393362047797e+00
7.250000000000165201e+00 8.526801627868154654e+00
7.270000000000164775e+00 8.290808856363458546e+00
7.290000000000164349e+00 8.271063771036255119e+00
7.310000000000163922e+00 8.221812335225415325e+00
7.330000000000163496e+00 8.058456529100762822e+00
7.350000000000163070e+00 7.890751350857482471e+00
7.370000000000162643e+00 7.732770082118982202e+00
7.390000000000162217e+00 7.698641769961277248e+00
7.410000000000161791e+00 7.485634068193363966e+00
7.430000000000161364e+00 7.416870363112974651e+00
7.450000000000160938e+00 7.356566592636704094e+00
7.470000000000160512e+00 7.237591873908219675e+00
7.490000000000160085e+00 7.239855844967394205e+00
7.510000000000159659e+00 7.150941139862534435e+00
7.530000000000159233e+00 6.937194904714079513e+00
7.550000000000158806e+00 6.914076466525584941e+00
7.570000000000158380e+00 6.725703519511374573e+00
7.590000000000157954e+00 6.766309127416560543e+00
7.610000000000157527e+00 6.595971231690636927e+00
7.630000000000157101e+00 6.682732282854585648e+00
7.650000000000156675e+00 6.583536877148685740e+00
7.670000000000156248e+00 6.421752810028038105e+00
7.690000000000155822e+00 6.238646679344051371e+00
7.710000000000155396e+00 6.301362318823895414e+00
7.730000000000154969e+00 6.208727704212314791e+00
7.750000000000154543e+00 6.185628708848215140e+00
7.770000000000154117e+00 6.043268647518215353e+00
7.790000000000153690e+00 5.993601385987662233e+00
7.810000000000153264e+00 6.008976592883292334e+00
7.830000000000152838e+00 6.014163981732637332e+00
7.850000000000152411e+00 5.899726909877665904e+00
7.870000000000151985e+00 5.784444611188138019e+00
7.890000000000151559e+00 5.759771721475892114e+00
7.910000000000151132e+00 5.728439269961898894e+00
7.930000000000150706e+00 5.668223996665043174e+00
7.950000000000150280e+00 5.588259236665297003e+00
7.970000000000149853e+00 5.535412900409760972e+00
7.990000000000149427e+00 5.489029355784982300e+00
8.010000000000149001e+00 5.474272404397611425e+00
8.030000000000148574e+00 5.472914282314330414e+00
8.050000000000148148e+00 5.400012313338747205e+00
8.070000000000147722e+00 5.306735726489102412e+00
8.090000000000147296e+00 5.304582074362973465e+00
8.110000000000146869e+00 5.258406221427611271e+00
8.130000000000146443e+00 5.228073694972699137e+00
8.150000000000146017e+00 5.199588027033086313e+00
8.170000000000145590e+00 5.186857233972810732e+00
8.190000000000145164e+00 5.083120913407605634e+00
8.210000000000144738e+00 5.054412206143446440e+00
8.230000000000144311e+00 5.014212914133418408e+00
8.250000000000143885e+00 5.004888003532488305e+00
8.270000000000143459e+00 5.018276268349864289e+00
8.290000000000143032e+00 4.998596640598234941e+00
8.310000000000142606e+00 4.942518908277390821e+00
8.330000000000142180e+00 4.866335181465144544e+00
8.350000000000141753e+00 4.878358300908960388e+00
8.370000000000141327e+00 4.810007004685028065e+00
8.390000000000140901e+00 4.755627399437631020e+00
8.410000000000140474e+00 4.828012465940210163e+00
8.430000000000140048e+00 4.775779797830906226e+00
8.450000000000139622e+00 4.712264508668191354e+00
8.470000000000139195e+00 4.662840931498970498e+00
8.490000000000138769e+00 4.654925891543829408e+00
8.510000000000138343e+00 4.623328774140683883e+00
8.530000000000137916e+00 4.561359969076786314e+00
8.550000000000137490e+00 4.664427719075113110e+00
8.570000000000137064e+00 4.557636597458009753e+00
8.590000000000136637e+00 4.583496051671867022e+00
8.610000000000136211e+00 4.496457727105561020e+00
8.630000000000135785e+00 4.513982699917164609e+00
8.650000000000135358e+00 4.496279319572439093e+00
8.670000000000134932e+00 4.457900424769018599e+00
8.690000000000134506e+00 4.405992909109584410e+00
8.710000000000134079e+00 4.336695716582898541e+00
8.730000000000133653e+00 4.413502761748617331e+00
8.750000000000133227e+00 4.372645136910337627e+00
8.770000000000132800e+00 4.314936729898424694e+00
8.790000000000132374e+00 4.311266545997487043e+00
8.810000000000131948e+00 4.357218652346062981e+00
8.830000000000131521e+00 4.287905879219839456e+00
8.850000000000131095e+00 4.265155285957964892e+00
8.870000000000130669e+00 4.215420899827235779e+00
8.890000000000130242e+00 4.240163383378298789e+00
8.910000000000129816e+00 4.211116695212311356e+00
8.930000000000129390e+00 4.189549345982303663e+00
8.950000000000128964e+00 4.156166824752518529e+00
8.970000000000128537e+00 4.179192488654791759e+00
8.990000000000128111e+00 4.073689219107315296e+00
9.010000000000127685e+00 4.125418630352354121e+00
9.030000000000127258e+00 4.079336310985346437e+00
9.050000000000126832e+00 4.123031452990591816e+00
9.070000000000126406e+00 4.080925961231470112e+00
9.090000000000125979e+00 4.002607205368845733e+00
9.110000000000125553e+00 3.998020049498933748e+00
9.130000000000125127e+00 4.002290358410675708e+00
9.150000000000124700e+00 3.956911162013606376e+00
9.170000000000124274e+00 4.003822231021136879e+00
9.190000000000123848e+00 3.942102654295558395e+00
9.210000000000123421e+00 3.918327511998005885e+00
9.230000000000122995e+00 3.975197502053324783e+00
9.250000000000122569e+00 3.866621690668659905e+00
9.270000000000122142e+00 3.928855574820607544e+00
9.290000000000121716e+00 3.827951814107256823e+00
9.310000000000121290e+00 3.836643150964900606e+00
9.330000000000120863e+00 3.852435845650063584e+00
9.350000000000120437e+00 3.805565672095931440e+00
9.370000000000120011e+00 3.850062581796553918e+00
9.390000000000119584e+00 3.739785758445033803e+00
9.410000000000119158e+00 3.769998591944228927e+00
9.430000000000118732e+00 3.779739873953961382e+00
9.450000000000118305e+00 3.700030509842907822e+00
9.470000000000117879e+00 3.712847371289814902e+00
9.490000000000117453e+00 3.708413090670827916e+00
9.510000000000117026e+00 3.710344225386627670e+00
9.530000000000116600e+00 3.641183424779431022e+00
9.550000000000116174e+00 3.598297612825763103e+00
9.570000000000115747e+00 3.669261345820072240e+00
9.590000000000115321e+00 3.649822934983570466e+00
9.610000000000114895e+00 3.572591650283184261e+00
9.630000000000114468e+00 3.533351143817165863e+00
9.650000000000114042e+00 3.604343061960733063e+00
9.670000000000113616e+00 3.514586870965171528e+00
9.690000000000113189e+00 3.578097285216377710e+00
9.710000000000112763e+00 3.493653467295045001e+00
9.730000000000112337e+00 3.506676429071511336e+00
9.750000000000111910e+00 3.477815020643650445e+00
9.770000000000111484e+00 3.471871389437827915e+00
9.790000000000111058e+00 3.476087365968885567e+00
9.810000000000110632e+00 3.443312969320438732e+00
9.830000000000110205e+00 3.406872595208601417e+00
9.850000000000109779e+00 3.400495305511281430e+00
9.870000000000109353e+00 3.393924878130991640e+00
9.890000000000108926e+00 3.368612805620660122e+00
9.910000000000108500e+00 3.390718459578151212e+00
9.930000000000108074e+00 3.336634254671652755e+00
9.950000000000107647e+00 3.354867968897795372e+00
9.970000000000107221e+00 3.284662074504876905e+00
9.990000000000106795e+00 3.302333286234373944e+00
1.001000000000010637e+01 3.281772656377695441e+00
1.003000000000010594e+01 3.266851355974835336e+00
1.005000000000010552e+01 3.267012542942291375e+00
1.007000000000010509e+01 3.237019752028626129e+00
1.009000000000010466e+01 3.253052786685527220e+00
1.011000000000010424e+01 3.191037924892472510e+00
1.013000000000010381e+01 3.214592181073209876e+00
1.015000000000010338e+01 3.176849687297961911e+00
1.017000000000010296e+01 3.146499051599692454e+00
1.019000000000010253e+01 3.144998387701272158e+00
1.021000000000010210e+01 3.115273999292235363e+00
1.023000000000010168e+01 3.139332258938100750e+00
1.025000000000010125e+01 3.102175223368019985e+00
1.027000000000010083e+01 3.067404280698421637e+00
1.029000000000010040e+01 3.082226363058003571e+00
1.031000000000009997e+01 3.036407099333935378e+00
1.033000000000009955e+01 2.995623006817778045e+00
1.035000000000009912e+01 3.043284409935486323e+00
1.037000000000009869e+01 3.049519395780050157e+00
1.039000000000009827e+01 2.932509868801737252e+00
1.041000000000009784e+01 2.982911825690139906e+00
1.043000000000009742e+01 2.968441757034823159e+00
1.045000000000009699e+01 2.958773660643521541e+00
1.047000000000009656e+01 2.914381103760266267e+00
1.049000000000009614e+01 2.939329905033935653e+00
1.051000000000009571e+01 2.888785752288252962e+00
1.053000000000009528e+01 2.895919404679077047e+00
1.055000000000009486e+01 2.879850962060360509e+00
1.057000000000009443e+01 2.805903234386999845e+00
1.059000000000009400e+01 2.839796715500584767e+00
1.061000000000009358e+01 2.785771314396311649e+00
1.063000000000009315e+01 2.844071211093749163e+00
1.065000000000009273e+01 2.782725534329655304e+00
1.067000000000009230e+01 2.787687334363231795e+00
1.069000000000009187e+01 2.694109961383643004e+00
1.071000000000009145e+01 2.715341771714673502e+00
1.073000000000009102e+01 2.733734206947839418e+00
1.075000000000009059e+01 2.674388983147132581e+00
1.077000000000009017e+01 2.688644517961066516e+00
1.079000000000008974e+01 2.701378345984179585e+00
1.081000000000008932e+01 2.635780716847041738e+00
1.083000000000008889e+01 2.633891848279816816e+00
1.085000000000008846e+01 2.609780189659578031e+00
1.087000000000008804e+01 2.579962126454547811e+00
1.089000000000008761e+01 2.603093382434359171e+00
1.091000000000008718e+01 2.559406285578984974e+00
1.093000000000008676e+01 2.579116137357452931e+00
1.095000000000008633e+01 2.542191237858685504e+00
1.097000000000008590e+01 2.513669894292672957e+00
1.099000000000008548e+01 2.545340454064394020e+00
1.101000000000008505e+01 2.446333457875059736e+00
1.103000000000008463e+01 2.484893494277787163e+00
1.105000000000008420e+01 2.444194672852914696e+00
1.107000000000008377e+01 2.441695938261653431e+00
1.109000000000008335e+01 2.439897602313758629e+00
1.111000000000008292e+01 2.387477437976995187e+00
1.113000000000008249e+01 2.419605687302467167e+00
1.115000000000008207e+01 2.404829197954030384e+00
1.117000000000008164e+01 2.332743981607726891e+00
1.119000000000008122e+01 2.335773250489753483e+00
1.121000000000008079e+01 2.327318961046275003e+00
1.123000000000008036e+01 2.311646650107708645e+00
1.125000000000007994e+01 2.323246499896675754e+00
1.127000000000007951e+01 2.297211056482735714e+00
1.129000000000007908e+01 2.337169856172673921e+00
1.131000000000007866e+01 2.271774745903138548e+00
1.133000000000007823e+01 2.262125448952350126e+00
1.135000000000007780e+01 2.221587839042801882e+00
1.137000000000007738e+01 2.217172575497190046e+00
1.139000000000007695e+01 2.235365747855409424e+00
1.141000000000007653e+01 2.209555111207907707e+00
1.143000000000007610e+01 2.178103299172267526e+00
1.145000000000007567e+01 2.168776477287178928e+00
1.147000000000007525e+01 2.159578534735122624e+00
1.149000000000007482e+01 2.117138497449257528e+00
1.151000000000007439e+01 2.156500557095845316e+00
1.153000000000007397e+01 2.109214469825798854e+00
1.155000000000007354e+01 2.112576956690073171e+00
1.157000000000007311e+01 2.073573665220294959e+00
1.159000000000007269e+01 2.075200420707790983e+00
1.161000000000007226e+01 2.036852665185630240e+00
1.163000000000007184e+01 2.019672446312667624e+00
1.165000000000007141e+01 2.016747798105218870e+00
1.167000000000007098e+01 1.987497087837179599e+00
1.169000000000007056e+01 2.001001494332986130e+00
1.171000000000007013e+01 1.994490431920634688e+00
1.173000000000006970e+01 1.969153048524469929e+00
1.175000000000006928e+01 1.956057098213956902e+00
1.177000000000006885e+01 1.969131158318939034e+00
1.179000000000006843e+01 1.956245138540110950e+00
1.181000000000006800e+01 1.852047217444423577e+00
1.183000000000006757e+01 1.903649353276392953e+00
1.185000000000006715e+01 1.897009271041420808e+00
1.187000000000006672e+01 1.868122750746240568e+00
1.189000000000006629e+01 1.855235819607991221e+00
1.191000000000006587e+01 1.833991729966085948e+00
1.193000000000006544e+01 1.837191629635864798e+00
1.195000000000006501e+01 1.842700347860276588e+00
1.197000000000006459e+01 1.804412176239824861e+00
1.199000000000006416e+01 1.802981264339381218e+00
1.201000000000006374e+01 1.830038827983630378e+00
1.203000000000006331e+01 1.778429617076026092e+00
1.205000000000006288e+01 1.745335361392574836e+00
1.207000000000006246e+01 1.774863105792504392e+00
1.209000000000006203e+01 1.710379455884244670e+00
1.211000000000006160e+01 1.749671256412352438e+00
1.213000000000006118e+01 1.733286052831088275e+00
1.215000000000006075e+01 1.708483828920360992e+00
1.217000000000006033e+01 1.732557763614431590e+00
1.219000000000005990e+01 1.717498956703163326e+00
1.221000000000005947e+01 1.680289902921628942e+00
1.223000000000005905e+01 1.673675562758869750e+00
1.225000000000005862e+01 1.680444040757675506e+00
1.227000000000005819e+01 1.622707487789160963e+00
1.229000000000005777e+01 1.625277538451053605e+00
1.231000000000005734e+01 1.664577236828453932e+00
1.233000000000005691e+01 1.608576642271102974e+00
1.235000000000005649e+01 1.590943353383270864e+00
1.237000000000005606e+01 1.626292355513771826e+00
1.239000000000005564e+01 1.563333399661356538e+00
1.241000000000005521e+01 1.555995822160066933e+00
1.243000000000005478e+01 1.552851118291194377e+00
1.245000000000005436e+01 1.565752840066261919e+00
1.247000000000005393e+01 1.529484344179523614e+00
1.249000000000005350e+01 1.537251131856133712e+00
1.251000000000005308e+01 1.485357072826154923e+00
1.253000000000005265e+01 1.487024847365235436e+00
1.255000000000005222e+01 1.481209688571506922e+00
1.257000000000005180e+01 1.492805332175787258e+00
1.259000000000005137e+01 1.444778628104924412e+00
1.261000000000005095e+01 1.439269085722632013e+00
1.263000000000005052e+01 1.437200783572949669e+00
1.265000000000005009e+01 1.435599519893302478e+00
1.267000000000004967e+01 1.448771673001907789e+00
1.269000000000004924e+01 1.400768777031119905e+00
1.271000000000004881e+01 1.377166150025316504e+00
1.273000000000004839e+01 1.398446326996878097e+00
1.275000000000004796e+01 1.378734263409457483e+00
1.277000000000004754e+01 1.338355135067947010e+00
1.279000000000004711e+01 1.364829031698721717e+00
1.281000000000004668e+01 1.354984607252957440e+00
1.283000000000004626e+01 1.305803769680973225e+00
1.285000000000004583e+01 1.308287988605307595e+00
1.287000000000004540e+01 1.333465636278896360e+00
1.289000000000004498e+01 1.304385075565355878e+00
1.291000000000004455e+01 1.279200450207729212e+00
1.293000000000004412e+01 1.264540713333266009e+00
1.295000000000004370e+01 1.249557211075151608e+00
1.297000000000004327e+01 1.288198211764984835e+00
1.299000000000004285e+01 1.264113700849049060e+00
1.301000000000004242e+01 1.236924343975904783e+00
1.303000000000004199e+01 1.165156935722735598e+00
1.305000000000004157e+01 1.220535962317103262e+00
1.307000000000004114e+01 1.171239610450693691e+00
1.309000000000004071e+01 1.199576005244786803e+00
1.311000000000004029e+01 1.147073707913728535e+00
1.313000000000003986e+01 1.158133452405692987e+00
1.315000000000003944e+01 1.139920780657134092e+00
1.317000000000003901e+01 1.130577046861155788e+00
1.319000000000003858e+01 1.090861686105990769e+00
1.321000000000003816e+01 1.109186488308824270e+00
1.323000000000003773e+01 1.078680237312870327e+00
1.325000000000003730e+01 1.063509154163625681e+00
1.327000000000003688e+01 1.012158000262872948e+00
1.329000000000003645e+01 1.039209821888113394e+00
1.331000000000003602e+01 1.053539188375399949e+00
1.333000000000003560e+01 1.024773554353121341e+00
1.335000000000003517e+01 1.030899578078997569e+00
1.337000000000003475e+01 9.860162619783907623e-01
1.339000000000003432e+01 9.937617585807374532e-01
1.341000000000003389e+01 9.391220679662694026e-01
1.343000000000003347e+01 9.467430607995972469e-01
1.345000000000003304e+01 9.413245495686946018e-01
1.347000000000003261e+01 9.363264634751149451e-01
1.349000000000003219e+01 9.236535224965913837e-01
1.351000000000003176e+01 8.946095062828955946e-01
1.353000000000003133e+01 8.758161631663339275e-01
1.355000000000003091e+01 8.466697056644874042e-01
1.357000000000003048e+01 8.250151967269683251e-01
1.359000000000003006e+01 8.085353935154656613e-01
1.361000000000002963e+01 8.251784706888150023e-01
1.363000000000002920e+01 7.860129596310628797e-01
1.365000000000002878e+01 7.521859914204929165e-01
1.367000000000002835e+01 7.438581924367727582e-01
1.369000000000002792e+01 7.515335458916909683e-01
1.371000000000002750e+01 7.332589246725262910e-01
1.373000000000002707e+01 7.280122863758007323e-01
1.375000000000002665e+01 7.032891132314085247e-01
1.377000000000002622e+01 6.859272214526916933e-01
1.379000000000002579e+01 6.736574944947827381e-01
1.381000000000002537e+01 6.525760057870759745e-01
1.383000000000002494e+01 6.403444309925798716e-01
1.385000000000002451e+01 6.181308597256333082e-01
1.387000000000002409e+01 6.127433278618686918e-01
1.389000000000002366e+01 6.005295187747179408e-01
1.391000000000002323e+01 5.924905238676124730e-01
1.393000000000002281e+01 5.701122023062927813e-01
1.395000000000002238e+01 5.282293742006843873e-01
1.397000000000002196e+01 5.198109390274383568e-01
1.399000000000002153e+01 4.910990475865562033e-01
1.401000000000002110e+01 4.773579666662433052e-01
1.403000000000002068e+01 4.819713234704190996e-01
1.405000000000002025e+01 4.493652708631739601e-01
1.407000000000001982e+01 4.338181860462068107e-01
1.409000000000001940e+01 4.276974326673892990e-01
1.411000000000001897e+01 4.206179515504022137e-01
1.413000000000001855e+01 4.125226115042682218e-01
1.415000000000001812e+01 3.605063138853452087e-01
1.417000000000001769e+01 3.249693049114699139e-01
1.419000000000001727e+01 3.065413698826124911e-01
1.421000000000001684e+01 2.970045206456731202e-01
1.423000000000001641e+01 2.719465097789045549e-01
1.425000000000001599e+01 2.686123472323147521e-01
1.427000000000001556e+01 2.492611248342354591e-01
1.429000000000001513e+01 2.241491581689983859e-01
1.431000000000001471e+01 2.057923611740581638e-01
1.433000000000001428e+01 1.759184711748585650e-01
1.435000000000001386e+01 1.670625670592834067e-01
1.437000000000001343e+01 1.347162095302536222e-01
1.439000000000001300e+01 1.102631305783357135e-01
1.441000000000001258e+01 9.118599994464940406e-02
1.443000000000001215e+01 8.556430382876235863e-02
1.445000000000001172e+01 7.451693108561815992e-02
1.447000000000001130e+01 6.892689631796575234e-02
1.449000000000001087e+01 5.537337149754596038e-02
1.451000000000001044e+01 4.162582285744222815e-02
1.453000000000001002e+01 3.322460469119979665e-02
1.455000000000000959e+01 2.506527724540624086e-02
1.457000000000000917e+01 1.943945440451236295e-02
1.459000000000000874e+01 1.391163208146473790e-02
1.461000000000000831e+01 8.403671326199442168e-03
1.463000000000000789e+01 8.350160813977786783e-03
1.465000000000000746e+01 5.569836911826708641e-03
1.467000000000000703e+01 2.785488394856693375e-03
1.469000000000000661e+01 2.773787463947252358e-03
1.471000000000000618e+01 0.000000000000000000e+00
1.473000000000000576e+01 0.000000000000000000e+00
1.475000000000000533e+01 0.000000000000000000e+00
1.477000000000000490e+01 0.000000000000000000e+00
1.479000000000000448e+01 0.000000000000000000e+00
1.481000000000000405e+01 0.000000000000000000e+00
1.483000000000000362e+01 0.000000000000000000e+00
1.485000000000000320e+01 0.000000000000000000e+00
1.487000000000000277e+01 0.000000000000000000e+00
1.489000000000000234e+01 0.000000000000000000e+00
1.491000000000000192e+01 0.000000000000000000e+00
1.493000000000000149e+01 0.000000000000000000e+00
1.495000000000000107e+01 0.000000000000000000e+00
1.497000000000000064e+01 0.000000000000000000e+00
1.499000000000000021e+01 0.000000000000000000e+00
