# Redshift		Merger Rate Density [Gpc^-3yr^-1]
1.000000000031931770e-02 4.388115373469774738e+01
3.000000000031888964e-02 4.562948726249483400e+01
5.000000000031846331e-02 4.659951582873086551e+01
7.000000000031804392e-02 4.798575026788943632e+01
9.000000000031761760e-02 4.893744179015370577e+01
1.100000000003171913e-01 5.006733003972124152e+01
1.300000000003167511e-01 5.113533883891905418e+01
1.500000000003163247e-01 5.257694394757865552e+01
1.700000000003158984e-01 5.315533811508199591e+01
1.900000000003154721e-01 5.486503401697517290e+01
2.100000000003150458e-01 5.532760418061094754e+01
2.300000000003146194e-01 5.656356127530509781e+01
2.500000000003141931e-01 5.775885945818114209e+01
2.700000000003137668e-01 5.886014857574446069e+01
2.900000000003133405e-01 5.987794576794473045e+01
3.100000000003129141e-01 6.140518237296470971e+01
3.300000000003124878e-01 6.170861348367341748e+01
3.500000000003120615e-01 6.361834923993062318e+01
3.700000000003116352e-01 6.399900930389941323e+01
3.900000000003112088e-01 6.610120388155161208e+01
4.100000000003107825e-01 6.688706518944907486e+01
4.300000000003103562e-01 6.779525513496099620e+01
4.500000000003099299e-01 6.933327022812494533e+01
4.700000000003095035e-01 7.015558914365522014e+01
4.900000000003090772e-01 7.197030241219445656e+01
5.100000000003086509e-01 7.321735616653742795e+01
5.300000000003082246e-01 7.354708905883627779e+01
5.500000000003077982e-01 7.561486630885454474e+01
5.700000000003073719e-01 7.727498585177640678e+01
5.900000000003069456e-01 7.838909355921069277e+01
6.100000000003065193e-01 7.947409817948226873e+01
6.300000000003060929e-01 8.123782921370445820e+01
6.500000000003056666e-01 8.230576663399304493e+01
6.700000000003052403e-01 8.418396180944529306e+01
6.900000000003048140e-01 8.544561265829469221e+01
7.100000000003043876e-01 8.659367269623719210e+01
7.300000000003039613e-01 8.823260979214533961e+01
7.500000000003035350e-01 8.903609364021031070e+01
7.700000000003031086e-01 9.122556727623637585e+01
7.900000000003026823e-01 9.257207876442483041e+01
8.100000000003022560e-01 9.327560455798756323e+01
8.300000000003018297e-01 9.527280621861417842e+01
8.500000000003014033e-01 9.608269857200012609e+01
8.700000000003009770e-01 9.837515172538891761e+01
8.900000000003005507e-01 9.948988542403948543e+01
9.100000000003001244e-01 1.003766982864687236e+02
9.300000000002996980e-01 1.016804824685489734e+02
9.500000000002992717e-01 1.036405831507983635e+02
9.700000000002988454e-01 1.046169572663229133e+02
9.900000000002984191e-01 1.064506478681203276e+02
1.010000000000297993e+00 1.080333579039910745e+02
1.030000000000297566e+00 1.082489237182784052e+02
1.050000000000297140e+00 1.103589030014089616e+02
1.070000000000296714e+00 1.115313911256753840e+02
1.090000000000296287e+00 1.131641627468354869e+02
1.110000000000295861e+00 1.146218088354441136e+02
1.130000000000295435e+00 1.147512528041376783e+02
1.150000000000295008e+00 1.166616724367391527e+02
1.170000000000294582e+00 1.182002981373611306e+02
1.190000000000294156e+00 1.196121953166841507e+02
1.210000000000293729e+00 1.203900433477412832e+02
1.230000000000293303e+00 1.215534295728209884e+02
1.250000000000292877e+00 1.244601525506638637e+02
1.270000000000292451e+00 1.231105199380192659e+02
1.290000000000292024e+00 1.257328387088048203e+02
1.310000000000291598e+00 1.276205646134660014e+02
1.330000000000291172e+00 1.281045775395742510e+02
1.350000000000290745e+00 1.296996968332077813e+02
1.370000000000290319e+00 1.304261007720191969e+02
1.390000000000289893e+00 1.316880691777064953e+02
1.410000000000289466e+00 1.327573088204414091e+02
1.430000000000289040e+00 1.339012079217581856e+02
1.450000000000288614e+00 1.340113767125675679e+02
1.470000000000288187e+00 1.373370851605766632e+02
1.490000000000287761e+00 1.361937564251082904e+02
1.510000000000287335e+00 1.383591592092260498e+02
1.530000000000286908e+00 1.383811795053583182e+02
1.550000000000286482e+00 1.403167495962747466e+02
1.570000000000286056e+00 1.410282762036690656e+02
1.590000000000285629e+00 1.415315114502423057e+02
1.610000000000285203e+00 1.435752801728954182e+02
1.630000000000284777e+00 1.438233757944416311e+02
1.650000000000284350e+00 1.437825766175107560e+02
1.670000000000283924e+00 1.457953540189749049e+02
1.690000000000283498e+00 1.464015450313312954e+02
1.710000000000283071e+00 1.475240515623400768e+02
1.730000000000282645e+00 1.482632721857599165e+02
1.750000000000282219e+00 1.490088103117668368e+02
1.770000000000281792e+00 1.487432654901681985e+02
1.790000000000281366e+00 1.506417417423478184e+02
1.810000000000280940e+00 1.507979498079712926e+02
1.830000000000280513e+00 1.512711397342196165e+02
1.850000000000280087e+00 1.523724827826962382e+02
1.870000000000279661e+00 1.527263762161951206e+02
1.890000000000279234e+00 1.540215789631132282e+02
1.910000000000278808e+00 1.536001654775227792e+02
1.930000000000278382e+00 1.541381842031958058e+02
1.950000000000277955e+00 1.546031587770945919e+02
1.970000000000277529e+00 1.544766294709052659e+02
1.990000000000277103e+00 1.568311326892270756e+02
2.010000000000276899e+00 1.556204247226576740e+02
2.030000000000276472e+00 1.569454500297703987e+02
2.050000000000276046e+00 1.558124713922082663e+02
2.070000000000275620e+00 1.571262830448749241e+02
2.090000000000275193e+00 1.569411305150501335e+02
2.110000000000274767e+00 1.587308971357465737e+02
2.130000000000274341e+00 1.581689151901592538e+02
2.150000000000273914e+00 1.589010157711057616e+02
2.170000000000273488e+00 1.590153867606695997e+02
2.190000000000273062e+00 1.594141564795205852e+02
2.210000000000272635e+00 1.588831057359985550e+02
2.230000000000272209e+00 1.590030420731260676e+02
2.250000000000271783e+00 1.586515376705113454e+02
2.270000000000271356e+00 1.590109717723552762e+02
2.290000000000270930e+00 1.592016014780531350e+02
2.310000000000270504e+00 1.594378573609786258e+02
2.330000000000270077e+00 1.589219500640909075e+02
2.350000000000269651e+00 1.591085333274656080e+02
2.370000000000269225e+00 1.590925248623521213e+02
2.390000000000268798e+00 1.595715751532223123e+02
2.410000000000268372e+00 1.586353233349933021e+02
2.430000000000267946e+00 1.583566111898603026e+02
2.450000000000267519e+00 1.591821444363496312e+02
2.470000000000267093e+00 1.588106593811759808e+02
2.490000000000266667e+00 1.585380860239196181e+02
2.510000000000266240e+00 1.591083536236714906e+02
2.530000000000265814e+00 1.577325876808450005e+02
2.550000000000265388e+00 1.583643241639068435e+02
2.570000000000264961e+00 1.582960799558225347e+02
2.590000000000264535e+00 1.590170693726405489e+02
2.610000000000264109e+00 1.576757755007316746e+02
2.630000000000263682e+00 1.565170185598190642e+02
2.650000000000263256e+00 1.568626038101760685e+02
2.670000000000262830e+00 1.560841865298116034e+02
2.690000000000262403e+00 1.551613185538008395e+02
2.710000000000261977e+00 1.541658234664819531e+02
2.730000000000261551e+00 1.544933307778449034e+02
2.750000000000261124e+00 1.537338904349662130e+02
2.770000000000260698e+00 1.524941512691072489e+02
2.790000000000260272e+00 1.523395090730122945e+02
2.810000000000259845e+00 1.508325027079702920e+02
2.830000000000259419e+00 1.506561951351010293e+02
2.850000000000258993e+00 1.488072250678331443e+02
2.870000000000258567e+00 1.492680726355078207e+02
2.890000000000258140e+00 1.487179389525028625e+02
2.910000000000257714e+00 1.477462713603041209e+02
2.930000000000257288e+00 1.474298256196283887e+02
2.950000000000256861e+00 1.459447029935943476e+02
2.970000000000256435e+00 1.465693974616692969e+02
2.990000000000256009e+00 1.448630974055914749e+02
3.010000000000255582e+00 1.454893164526078522e+02
3.030000000000255156e+00 1.445582607673314044e+02
3.050000000000254730e+00 1.435420922293267267e+02
3.070000000000254303e+00 1.429124026085216599e+02
3.090000000000253877e+00 1.419890667177683952e+02
3.110000000000253451e+00 1.424512131572306544e+02
3.130000000000253024e+00 1.415931983256624846e+02
3.150000000000252598e+00 1.405921694153394128e+02
3.170000000000252172e+00 1.397051643881646896e+02
3.190000000000251745e+00 1.393973037325967255e+02
3.210000000000251319e+00 1.396847812255818440e+02
3.230000000000250893e+00 1.381716159247432643e+02
3.250000000000250466e+00 1.377688639606207630e+02
3.270000000000250040e+00 1.370451670259526225e+02
3.290000000000249614e+00 1.369468204828808950e+02
3.310000000000249187e+00 1.363573582088410774e+02
3.330000000000248761e+00 1.350780943241768455e+02
3.350000000000248335e+00 1.350814445650422897e+02
3.370000000000247908e+00 1.343091870919934081e+02
3.390000000000247482e+00 1.332901795757109653e+02
3.410000000000247056e+00 1.331283700216186503e+02
3.430000000000246629e+00 1.322845287071679365e+02
3.450000000000246203e+00 1.316511799409691150e+02
3.470000000000245777e+00 1.308351024512492984e+02
3.490000000000245350e+00 1.316952992746222151e+02
3.510000000000244924e+00 1.295634948269618008e+02
3.530000000000244498e+00 1.290296944024866548e+02
3.550000000000244071e+00 1.288457886874678877e+02
3.570000000000243645e+00 1.283072614873010195e+02
3.590000000000243219e+00 1.271413177111480621e+02
3.610000000000242792e+00 1.270551631364773471e+02
3.630000000000242366e+00 1.259292394615001172e+02
3.650000000000241940e+00 1.268784907658174603e+02
3.670000000000241513e+00 1.251177435892093399e+02
3.690000000000241087e+00 1.249013644426172078e+02
3.710000000000240661e+00 1.238136876040545928e+02
3.730000000000240234e+00 1.235939797097666144e+02
3.750000000000239808e+00 1.232654997790806277e+02
3.770000000000239382e+00 1.220144550816828541e+02
3.790000000000238956e+00 1.220017922389108236e+02
3.810000000000238529e+00 1.213001763032839762e+02
3.830000000000238103e+00 1.206246311187533564e+02
3.850000000000237677e+00 1.200567709691752469e+02
3.870000000000237250e+00 1.200132172372790933e+02
3.890000000000236824e+00 1.188674115180699715e+02
3.910000000000236398e+00 1.191017502124765315e+02
3.930000000000235971e+00 1.189968887862478084e+02
3.950000000000235545e+00 1.173220033266522080e+02
3.970000000000235119e+00 1.174379918401208442e+02
3.990000000000234692e+00 1.164697136073813084e+02
4.010000000000234266e+00 1.159247120816345955e+02
4.030000000000233840e+00 1.153529354583832145e+02
4.050000000000233413e+00 1.148590562672141573e+02
4.070000000000232987e+00 1.142031993874567632e+02
4.090000000000232561e+00 1.139723422691482853e+02
4.110000000000232134e+00 1.130261223368667771e+02
4.130000000000231708e+00 1.127242956113258288e+02
4.150000000000231282e+00 1.115034927778905853e+02
4.170000000000230855e+00 1.114352596172438155e+02
4.190000000000230429e+00 1.113191342262292807e+02
4.210000000000230003e+00 1.103069330893333699e+02
4.230000000000229576e+00 1.098121110079592171e+02
4.250000000000229150e+00 1.096984970176263232e+02
4.270000000000228724e+00 1.090021208575084302e+02
4.290000000000228297e+00 1.083943825079775110e+02
4.310000000000227871e+00 1.078834495313115838e+02
4.330000000000227445e+00 1.076190147394034966e+02
4.350000000000227018e+00 1.065677332887981379e+02
4.370000000000226592e+00 1.062228622078327902e+02
4.390000000000226166e+00 1.052507905750347845e+02
4.410000000000225739e+00 1.050343316599067549e+02
4.430000000000225313e+00 1.046673265361625482e+02
4.450000000000224887e+00 1.047593809550021717e+02
4.470000000000224460e+00 1.034839569466569174e+02
4.490000000000224034e+00 1.036760471859534931e+02
4.510000000000223608e+00 1.023122949870114127e+02
4.530000000000223181e+00 1.023229400396328970e+02
4.550000000000222755e+00 1.025018282317938798e+02
4.570000000000222329e+00 1.011888804576002343e+02
4.590000000000221902e+00 1.008506037498189158e+02
4.610000000000221476e+00 1.014169289262806188e+02
4.630000000000221050e+00 9.988605480397538372e+01
4.650000000000220624e+00 9.923610762934093543e+01
4.670000000000220197e+00 9.842731166374834118e+01
4.690000000000219771e+00 9.789790743702951659e+01
4.710000000000219345e+00 9.733562950842880923e+01
4.730000000000218918e+00 9.717870397336749022e+01
4.750000000000218492e+00 9.594428155044174389e+01
4.770000000000218066e+00 9.507268664919214984e+01
4.790000000000217639e+00 9.509615913434797108e+01
4.810000000000217213e+00 9.463341492209200112e+01
4.830000000000216787e+00 9.355905911424333965e+01
4.850000000000216360e+00 9.308867164575570996e+01
4.870000000000215934e+00 9.242309587147988736e+01
4.890000000000215508e+00 9.239001965356533219e+01
4.910000000000215081e+00 9.079830251112464623e+01
4.930000000000214655e+00 9.114522668599786925e+01
4.950000000000214229e+00 9.026180297709002787e+01
4.970000000000213802e+00 9.002232469007681459e+01
4.990000000000213376e+00 8.885151862477319185e+01
5.010000000000212950e+00 8.875906328458910366e+01
5.030000000000212523e+00 8.835535354633802285e+01
5.050000000000212097e+00 8.719817371904902359e+01
5.070000000000211671e+00 8.695432811403226481e+01
5.090000000000211244e+00 8.626459263668046162e+01
5.110000000000210818e+00 8.613839986920878289e+01
5.130000000000210392e+00 8.477124555239710446e+01
5.150000000000209965e+00 8.474487307246801038e+01
5.170000000000209539e+00 8.421943442887868514e+01
5.190000000000209113e+00 8.337286333833377228e+01
5.210000000000208686e+00 8.328931490025539119e+01
5.230000000000208260e+00 8.289325145993016974e+01
5.250000000000207834e+00 8.177966324586110147e+01
5.270000000000207407e+00 8.146254119652778058e+01
5.290000000000206981e+00 8.076919708739808357e+01
5.310000000000206555e+00 8.053118543164907805e+01
5.330000000000206128e+00 7.970625129779035944e+01
5.350000000000205702e+00 7.872856314636555908e+01
5.370000000000205276e+00 7.919444300232598266e+01
5.390000000000204849e+00 7.808157586615787693e+01
5.410000000000204423e+00 7.745238766058220392e+01
5.430000000000203997e+00 7.717422032439895929e+01
5.450000000000203570e+00 7.710861456121777735e+01
5.470000000000203144e+00 7.619711847764962442e+01
5.490000000000202718e+00 7.570670472379707405e+01
5.510000000000202292e+00 7.524821719394348918e+01
5.530000000000201865e+00 7.434160231460877810e+01
5.550000000000201439e+00 7.411925759260682867e+01
5.570000000000201013e+00 7.338029923924797515e+01
5.590000000000200586e+00 7.307359786442070515e+01
5.610000000000200160e+00 7.252491629542456053e+01
5.630000000000199734e+00 7.201802165630343211e+01
5.650000000000199307e+00 7.167750958489861546e+01
5.670000000000198881e+00 7.061437102079115391e+01
5.690000000000198455e+00 7.056743335936735662e+01
5.710000000000198028e+00 7.022482374743005096e+01
5.730000000000197602e+00 6.932389534444274659e+01
5.750000000000197176e+00 6.929467851962229474e+01
5.770000000000196749e+00 6.799317599173608073e+01
5.790000000000196323e+00 6.801014884814195227e+01
5.810000000000195897e+00 6.768148593155696346e+01
5.830000000000195470e+00 6.680049580280704902e+01
5.850000000000195044e+00 6.711260779948342758e+01
5.870000000000194618e+00 6.612146121153396905e+01
5.890000000000194191e+00 6.594696465502964600e+01
5.910000000000193765e+00 6.521163936015940976e+01
5.930000000000193339e+00 6.455720591811875408e+01
5.950000000000192912e+00 6.386326300055966243e+01
5.970000000000192486e+00 6.313183831796848722e+01
5.990000000000192060e+00 6.262879511426314849e+01
6.010000000000191633e+00 6.197395380516709906e+01
6.030000000000191207e+00 6.142167100238567201e+01
6.050000000000190781e+00 6.086691765567066881e+01
6.070000000000190354e+00 6.050482573889406268e+01
6.090000000000189928e+00 6.008018869692492103e+01
6.110000000000189502e+00 5.958498957409545227e+01
6.130000000000189075e+00 5.894547429119324278e+01
6.150000000000188649e+00 5.794600446513358349e+01
6.170000000000188223e+00 5.789058832159687285e+01
6.190000000000187796e+00 5.728424916520352639e+01
6.210000000000187370e+00 5.663291654575438372e+01
6.230000000000186944e+00 5.610396677207781835e+01
6.250000000000186517e+00 5.524371364658186678e+01
6.270000000000186091e+00 5.517085737565305692e+01
6.290000000000185665e+00 5.445635962207774128e+01
6.310000000000185238e+00 5.375833005759503180e+01
6.330000000000184812e+00 5.337302244089772785e+01
6.350000000000184386e+00 5.256455876361637536e+01
6.370000000000183960e+00 5.225394431059041978e+01
6.390000000000183533e+00 5.182342664095362750e+01
6.410000000000183107e+00 5.134538483255155228e+01
6.430000000000182681e+00 5.085492720977940451e+01
6.450000000000182254e+00 5.048949122759824348e+01
6.470000000000181828e+00 4.986302471427265459e+01
6.490000000000181402e+00 4.925363666686412500e+01
6.510000000000180975e+00 4.847592336220566267e+01
6.530000000000180549e+00 4.837990166157717908e+01
6.550000000000180123e+00 4.760332755706642160e+01
6.570000000000179696e+00 4.739476527812298201e+01
6.590000000000179270e+00 4.662262428240451584e+01
6.610000000000178844e+00 4.643274909003768158e+01
6.630000000000178417e+00 4.554616060334328154e+01
6.650000000000177991e+00 4.522817829522882960e+01
6.670000000000177565e+00 4.504919256275416473e+01
6.690000000000177138e+00 4.411189215517050854e+01
6.710000000000176712e+00 4.353868651141136326e+01
6.730000000000176286e+00 4.331249767089968827e+01
6.750000000000175859e+00 4.277345513091092499e+01
6.770000000000175433e+00 4.257422458812560251e+01
6.790000000000175007e+00 4.177945412626966259e+01
6.810000000000174580e+00 4.159923519776960177e+01
6.830000000000174154e+00 4.093979369165507620e+01
6.850000000000173728e+00 4.029174882352543108e+01
6.870000000000173301e+00 4.030055731771534511e+01
6.890000000000172875e+00 3.948080765917300994e+01
6.910000000000172449e+00 3.912238404742143416e+01
6.930000000000172022e+00 3.873310345839487212e+01
6.950000000000171596e+00 3.787850807116651453e+01
6.970000000000171170e+00 3.788662829701073775e+01
6.990000000000170743e+00 3.693886726130949683e+01
7.010000000000170317e+00 3.661373300057934443e+01
7.030000000000169891e+00 3.609960840473300436e+01
7.050000000000169464e+00 3.564736936554916014e+01
7.070000000000169038e+00 3.534640120336841562e+01
7.090000000000168612e+00 3.486294088024613558e+01
7.110000000000168185e+00 3.433141208588035198e+01
7.130000000000167759e+00 3.393417857159913353e+01
7.150000000000167333e+00 3.363631052443992786e+01
7.170000000000166906e+00 3.322846508579275593e+01
7.190000000000166480e+00 3.291236512959296334e+01
7.210000000000166054e+00 3.201967621557082566e+01
7.230000000000165628e+00 3.151741206883554369e+01
7.250000000000165201e+00 3.146391220940023103e+01
7.270000000000164775e+00 3.109735343004392760e+01
7.290000000000164349e+00 3.041980740973172459e+01
7.310000000000163922e+00 2.999586561527532069e+01
7.330000000000163496e+00 2.971493584149637357e+01
7.350000000000163070e+00 2.937935008738631026e+01
7.370000000000162643e+00 2.881315585977362659e+01
7.390000000000162217e+00 2.836332477147448827e+01
7.410000000000161791e+00 2.817099737086852329e+01
7.430000000000161364e+00 2.740147518486244849e+01
7.450000000000160938e+00 2.712688925639731963e+01
7.470000000000160512e+00 2.664321798553507392e+01
7.490000000000160085e+00 2.652581303922037748e+01
7.510000000000159659e+00 2.596165651708055577e+01
7.530000000000159233e+00 2.584052071045592314e+01
7.550000000000158806e+00 2.529967139056662973e+01
7.570000000000158380e+00 2.493289383872383169e+01
7.590000000000157954e+00 2.466441574126770320e+01
7.610000000000157527e+00 2.419703890825163839e+01
7.630000000000157101e+00 2.387159169462680808e+01
7.650000000000156675e+00 2.342073541931461733e+01
7.670000000000156248e+00 2.308415510049449182e+01
7.690000000000155822e+00 2.287771111977008687e+01
7.710000000000155396e+00 2.253147032147943207e+01
7.730000000000154969e+00 2.207727526841476617e+01
7.750000000000154543e+00 2.189315490290479005e+01
7.770000000000154117e+00 2.142961503755444141e+01
7.790000000000153690e+00 2.098442790260870439e+01
7.810000000000153264e+00 2.076988865988370137e+01
7.830000000000152838e+00 2.047989449560175856e+01
7.850000000000152411e+00 2.010217392974621831e+01
7.870000000000151985e+00 1.970609499434782563e+01
7.890000000000151559e+00 1.937595528471722162e+01
7.910000000000151132e+00 1.906539548773247716e+01
7.930000000000150706e+00 1.888441941100663968e+01
7.950000000000150280e+00 1.842316735169380948e+01
7.970000000000149853e+00 1.824262597791809881e+01
7.990000000000149427e+00 1.797431365640296619e+01
8.010000000000149001e+00 1.758675602026839258e+01
8.030000000000148574e+00 1.729217880145026953e+01
8.050000000000148148e+00 1.702145864516943163e+01
8.070000000000147722e+00 1.681029866545109641e+01
8.090000000000147296e+00 1.641533570520591567e+01
8.110000000000146869e+00 1.609888428295931107e+01
8.130000000000146443e+00 1.593786414989334865e+01
8.150000000000146017e+00 1.555521746642810221e+01
8.170000000000145590e+00 1.535616447016132291e+01
8.190000000000145164e+00 1.510348533707781193e+01
8.210000000000144738e+00 1.496042278710317852e+01
8.230000000000144311e+00 1.466646121997279906e+01
8.250000000000143885e+00 1.429409858720644877e+01
8.270000000000143459e+00 1.409333316014246407e+01
8.290000000000143032e+00 1.384289611178202861e+01
8.310000000000142606e+00 1.367474685519104582e+01
8.330000000000142180e+00 1.330781969704123391e+01
8.350000000000141753e+00 1.306725987817910095e+01
8.370000000000141327e+00 1.294030911976965825e+01
8.390000000000140901e+00 1.264302775821751901e+01
8.410000000000140474e+00 1.243291330742826339e+01
8.430000000000140048e+00 1.229120764556867229e+01
8.450000000000139622e+00 1.201360612389822791e+01
8.470000000000139195e+00 1.182501688663573169e+01
8.490000000000138769e+00 1.157398339858571212e+01
8.510000000000138343e+00 1.135882934972631908e+01
8.530000000000137916e+00 1.117589649698559739e+01
8.550000000000137490e+00 1.098099928739409137e+01
8.570000000000137064e+00 1.071000138138524527e+01
8.590000000000136637e+00 1.050941627578167648e+01
8.610000000000136211e+00 1.034930075856141762e+01
8.630000000000135785e+00 1.014926607459289620e+01
8.650000000000135358e+00 9.940355252402737207e+00
8.670000000000134932e+00 9.747993669946415807e+00
8.690000000000134506e+00 9.639063598076113237e+00
8.710000000000134079e+00 9.409490731940227448e+00
8.730000000000133653e+00 9.248805089697166082e+00
8.750000000000133227e+00 9.006849841182113181e+00
8.770000000000132800e+00 8.920442399769809683e+00
8.790000000000132374e+00 8.746733423103622229e+00
8.810000000000131948e+00 8.587010762662973917e+00
8.830000000000131521e+00 8.431580529283760228e+00
8.850000000000131095e+00 8.246258704858558275e+00
8.870000000000130669e+00 8.123944741495977340e+00
8.890000000000130242e+00 7.923372883569008707e+00
8.910000000000129816e+00 7.788580250048553033e+00
8.930000000000129390e+00 7.653890139153527450e+00
8.950000000000128964e+00 7.535914606368259605e+00
8.970000000000128537e+00 7.371250083860606317e+00
8.990000000000128111e+00 7.224083234279271792e+00
9.010000000000127685e+00 7.086465578075292093e+00
9.030000000000127258e+00 6.929222462646492886e+00
9.050000000000126832e+00 6.873053937320221074e+00
9.070000000000126406e+00 6.679990063255170973e+00
9.090000000000125979e+00 6.582806627511838649e+00
9.110000000000125553e+00 6.434526388702180633e+00
9.130000000000125127e+00 6.373679229815537362e+00
9.150000000000124700e+00 6.179683896900868056e+00
9.170000000000124274e+00 6.071692447109815483e+00
9.190000000000123848e+00 5.935897018443355933e+00
9.210000000000123421e+00 5.799467371929181603e+00
9.230000000000122995e+00 5.717367271920773319e+00
9.250000000000122569e+00 5.617071754722730681e+00
9.270000000000122142e+00 5.471354976620818711e+00
9.290000000000121716e+00 5.374907875352448627e+00
9.310000000000121290e+00 5.297527561258235096e+00
9.330000000000120863e+00 5.159748027122995850e+00
9.350000000000120437e+00 5.096045467806155749e+00
9.370000000000120011e+00 4.980578328569215785e+00
9.390000000000119584e+00 4.870141019332807630e+00
9.410000000000119158e+00 4.784614624806743599e+00
9.430000000000118732e+00 4.708838541161604496e+00
9.450000000000118305e+00 4.599681072007012261e+00
9.470000000000117879e+00 4.534869271712887340e+00
9.490000000000117453e+00 4.422075803947731920e+00
9.510000000000117026e+00 4.361481514456058584e+00
9.530000000000116600e+00 4.287097205254714716e+00
9.550000000000116174e+00 4.186061783034405792e+00
9.570000000000115747e+00 4.076634721587056198e+00
9.590000000000115321e+00 4.029707771581974463e+00
9.610000000000114895e+00 3.937641581485965769e+00
9.630000000000114468e+00 3.922715006443922903e+00
9.650000000000114042e+00 3.793842566631052016e+00
9.670000000000113616e+00 3.759572427423927721e+00
9.690000000000113189e+00 3.670372260930913733e+00
9.710000000000112763e+00 3.592726848835746445e+00
9.730000000000112337e+00 3.555368092186438123e+00
9.750000000000111910e+00 3.470306303125209269e+00
9.770000000000111484e+00 3.398439017234426540e+00
9.790000000000111058e+00 3.354794503132743078e+00
9.810000000000110632e+00 3.261508783557129032e+00
9.830000000000110205e+00 3.173573130657075581e+00
9.850000000000109779e+00 3.148807370122530536e+00
9.870000000000109353e+00 3.058347044426997119e+00
9.890000000000108926e+00 3.005768643374018723e+00
9.910000000000108500e+00 2.935248909427955688e+00
9.930000000000108074e+00 2.914097383646041539e+00
9.950000000000107647e+00 2.866070168315242750e+00
9.970000000000107221e+00 2.793346109998043669e+00
9.990000000000106795e+00 2.733650872814803012e+00
1.001000000000010637e+01 2.685860160032039090e+00
1.003000000000010594e+01 2.623193899077309155e+00
1.005000000000010552e+01 2.595821336802325074e+00
1.007000000000010509e+01 2.554384989531182537e+00
1.009000000000010466e+01 2.492558225391061644e+00
1.011000000000010424e+01 2.441069571911493430e+00
1.013000000000010381e+01 2.389022244763034930e+00
1.015000000000010338e+01 2.349287567462866821e+00
1.017000000000010296e+01 2.326676267775878770e+00
1.019000000000010253e+01 2.267150668730566032e+00
1.021000000000010210e+01 2.254456979206107992e+00
1.023000000000010168e+01 2.167218848393210884e+00
1.025000000000010125e+01 2.161292264576608169e+00
1.027000000000010083e+01 2.115021580507450594e+00
1.029000000000010040e+01 2.073990810797464501e+00
1.031000000000009997e+01 2.033522937342288284e+00
1.033000000000009955e+01 1.991644589932080933e+00
1.035000000000009912e+01 1.955580168582606193e+00
1.037000000000009869e+01 1.905351579288122377e+00
1.039000000000009827e+01 1.891185951973003432e+00
1.041000000000009784e+01 1.863894058739735904e+00
1.043000000000009742e+01 1.814542682414967745e+00
1.045000000000009699e+01 1.761941441573708023e+00
1.047000000000009656e+01 1.740292738840782949e+00
1.049000000000009614e+01 1.718575448004533657e+00
1.051000000000009571e+01 1.681128980279708474e+00
1.053000000000009528e+01 1.637830771376065364e+00
1.055000000000009486e+01 1.610451505520301918e+00
1.057000000000009443e+01 1.590796500412339443e+00
1.059000000000009400e+01 1.553976638463157034e+00
1.061000000000009358e+01 1.525089384804146020e+00
1.063000000000009315e+01 1.495614049486260422e+00
1.065000000000009273e+01 1.489338046448942965e+00
1.067000000000009230e+01 1.448466480834418313e+00
1.069000000000009187e+01 1.410702018304867300e+00
1.071000000000009145e+01 1.381410486469492715e+00
1.073000000000009102e+01 1.368762284229678938e+00
1.075000000000009059e+01 1.346128004932404920e+00
1.077000000000009017e+01 1.326364668326348806e+00
1.079000000000008974e+01 1.296950777889349871e+00
1.081000000000008932e+01 1.258199479341471694e+00
1.083000000000008889e+01 1.252146550185426310e+00
1.085000000000008846e+01 1.227290320331744233e+00
1.087000000000008804e+01 1.213509759858550252e+00
1.089000000000008761e+01 1.182965504756214647e+00
1.091000000000008718e+01 1.168873473554522313e+00
1.093000000000008676e+01 1.126596383241672106e+00
1.095000000000008633e+01 1.125521250877073109e+00
1.097000000000008590e+01 1.107305639956928323e+00
1.099000000000008548e+01 1.090530098299796968e+00
1.101000000000008505e+01 1.072455106208634934e+00
1.103000000000008463e+01 1.042208156886175408e+00
1.105000000000008420e+01 1.024487090577132609e+00
1.107000000000008377e+01 1.008458245624455074e+00
1.109000000000008335e+01 9.916682941341397051e-01
1.111000000000008292e+01 9.710778253861391818e-01
1.113000000000008249e+01 9.724055725720025523e-01
1.115000000000008207e+01 9.389412006963514523e-01
1.117000000000008164e+01 9.272110885802125058e-01
1.119000000000008122e+01 8.980613726959242316e-01
1.121000000000008079e+01 8.938196797161844787e-01
1.123000000000008036e+01 8.628797219774526628e-01
1.125000000000007994e+01 8.584453715351395564e-01
1.127000000000007951e+01 8.542594222852941677e-01
1.129000000000007908e+01 8.200027416245478928e-01
1.131000000000007866e+01 7.993009025405812817e-01
1.133000000000007823e+01 7.953982025324427552e-01
1.135000000000007780e+01 7.910174033866408383e-01
1.137000000000007738e+01 7.746555820416827220e-01
1.139000000000007695e+01 7.767366005086613345e-01
1.141000000000007653e+01 7.459446717820903405e-01
1.143000000000007610e+01 7.372007949976133734e-01
1.145000000000007567e+01 7.199003973445521343e-01
1.147000000000007525e+01 7.094575569281615923e-01
1.149000000000007482e+01 7.003427088384397425e-01
1.151000000000007439e+01 6.918714474943034043e-01
1.153000000000007397e+01 6.738400810218813097e-01
1.155000000000007354e+01 6.585969173675859656e-01
1.157000000000007311e+01 6.576760271155962512e-01
1.159000000000007269e+01 6.558458186499195319e-01
1.161000000000007226e+01 6.301232062995563155e-01
1.163000000000007184e+01 6.223470612918319267e-01
1.165000000000007141e+01 6.254703729637389742e-01
1.167000000000007098e+01 6.159746637327025987e-01
1.169000000000007056e+01 5.806585803634045639e-01
1.171000000000007013e+01 5.912108528758313053e-01
1.173000000000006970e+01 5.899979138940782963e-01
1.175000000000006928e+01 5.675083901070014925e-01
1.177000000000006885e+01 5.534234454740927234e-01
1.179000000000006843e+01 5.599910534952359242e-01
1.181000000000006800e+01 5.408986875483532408e-01
1.183000000000006757e+01 5.373702137019781278e-01
1.185000000000006715e+01 5.183388991369125565e-01
1.187000000000006672e+01 5.185588875786085739e-01
1.189000000000006629e+01 5.197536195526361036e-01
1.191000000000006587e+01 4.888943582311553460e-01
1.193000000000006544e+01 4.964107843497614914e-01
1.195000000000006501e+01 4.859330382574905682e-01
1.197000000000006459e+01 4.798512900556176630e-01
1.199000000000006416e+01 4.734811142121672645e-01
1.201000000000006374e+01 4.699111310479076042e-01
1.203000000000006331e+01 4.508368252096584539e-01
1.205000000000006288e+01 4.528563780878084311e-01
1.207000000000006246e+01 4.436868610085984432e-01
1.209000000000006203e+01 4.273680034757395552e-01
1.211000000000006160e+01 4.419374871086998446e-01
1.213000000000006118e+01 4.193845039601407088e-01
1.215000000000006075e+01 4.135657508452842412e-01
1.217000000000006033e+01 4.311100722617174363e-01
1.219000000000005990e+01 4.147821101792704135e-01
1.221000000000005947e+01 4.004283729493932631e-01
1.223000000000005905e+01 3.970681816049853041e-01
1.225000000000005862e+01 3.835535951674429178e-01
1.227000000000005819e+01 3.767042836609112988e-01
1.229000000000005777e+01 3.803013287037039780e-01
1.231000000000005734e+01 3.622843866152198888e-01
1.233000000000005691e+01 3.692395207477627839e-01
1.235000000000005649e+01 3.620187215418521065e-01
1.237000000000005606e+01 3.499537938451415808e-01
1.239000000000005564e+01 3.500192264768032246e-01
1.241000000000005521e+01 3.546830567773719411e-01
1.243000000000005478e+01 3.422021042873383267e-01
1.245000000000005436e+01 3.419647496929892339e-01
1.247000000000005393e+01 3.416274982537439442e-01
1.249000000000005350e+01 3.283128948004717662e-01
1.251000000000005308e+01 3.239150479616685896e-01
1.253000000000005265e+01 3.267188360863961805e-01
1.255000000000005222e+01 3.367909194182275856e-01
1.257000000000005180e+01 3.104900953763922167e-01
1.259000000000005137e+01 3.126611126017311282e-01
1.261000000000005095e+01 3.104353207964942740e-01
1.263000000000005052e+01 2.932779372131278373e-01
1.265000000000005009e+01 2.903859589928851626e-01
1.267000000000004967e+01 2.901588950802608258e-01
1.269000000000004924e+01 2.879502753899672030e-01
1.271000000000004881e+01 2.813429842286192528e-01
1.273000000000004839e+01 2.914391782566835842e-01
1.275000000000004796e+01 2.622918107367255836e-01
1.277000000000004754e+01 2.679956716290370911e-01
1.279000000000004711e+01 2.791776378916508983e-01
1.281000000000004668e+01 2.673424622005977636e-01
1.283000000000004626e+01 2.625594114275690005e-01
1.285000000000004583e+01 2.639004302319961637e-01
1.287000000000004540e+01 2.732295571621870534e-01
1.289000000000004498e+01 2.686392533440564168e-01
1.291000000000004455e+01 2.584935376067445389e-01
1.293000000000004412e+01 2.478370209173374195e-01
1.295000000000004370e+01 2.435934626045005713e-01
1.297000000000004327e+01 2.565523143573509857e-01
1.299000000000004285e+01 2.555469512775226937e-01
1.301000000000004242e+01 2.364314152199339103e-01
1.303000000000004199e+01 2.322592875141829272e-01
1.305000000000004157e+01 2.398019285686996127e-01
1.307000000000004114e+01 2.277475435226431755e-01
1.309000000000004071e+01 2.340353102726631385e-01
1.311000000000004029e+01 2.297094933856206611e-01
1.313000000000003986e+01 2.242893734156115315e-01
1.315000000000003944e+01 2.142274614073551575e-01
1.317000000000003901e+01 2.258294649997588943e-01
1.319000000000003858e+01 2.231608534344278749e-01
1.321000000000003816e+01 2.230561615619970350e-01
1.323000000000003773e+01 2.091778968513688663e-01
1.325000000000003730e+01 2.171305418738031234e-01
1.327000000000003688e+01 2.058388967990330831e-01
1.329000000000003645e+01 1.952912298903798360e-01
1.331000000000003602e+01 2.001375389250161507e-01
1.333000000000003560e+01 1.959631129277846218e-01
1.335000000000003517e+01 1.976618160619506848e-01
1.337000000000003475e+01 2.009681059782420787e-01
1.339000000000003432e+01 1.953006091650999754e-01
1.341000000000003389e+01 1.814711777202160092e-01
1.343000000000003347e+01 1.966471330533621498e-01
1.345000000000003304e+01 1.945178633837785220e-01
1.347000000000003261e+01 1.897574574674880110e-01
1.349000000000003219e+01 1.918731279253326760e-01
1.351000000000003176e+01 1.739106241619411408e-01
1.353000000000003133e+01 1.869914323770864584e-01
1.355000000000003091e+01 1.817089561136303599e-01
1.357000000000003048e+01 1.775627885228049652e-01
1.359000000000003006e+01 1.743695998735063646e-01
1.361000000000002963e+01 1.726287556197155793e-01
1.363000000000002920e+01 1.779776769794905733e-01
1.365000000000002878e+01 1.785666261126695742e-01
1.367000000000002835e+01 1.720447929696219402e-01
1.369000000000002792e+01 1.657512078062151339e-01
1.371000000000002750e+01 1.675820750941592607e-01
1.373000000000002707e+01 1.727271378075951602e-01
1.375000000000002665e+01 1.647298317772256382e-01
1.377000000000002622e+01 1.619975321480298103e-01
1.379000000000002579e+01 1.638270016329428092e-01
1.381000000000002537e+01 1.528649111804018246e-01
1.383000000000002494e+01 1.671158211019876660e-01
1.385000000000002451e+01 1.563765389921059068e-01
1.387000000000002409e+01 1.576383973300864716e-01
1.389000000000002366e+01 1.485761737970482388e-01
1.391000000000002323e+01 1.528307399514943210e-01
1.393000000000002281e+01 1.500474423767467758e-01
1.395000000000002238e+01 1.433439490579448139e-01
1.397000000000002196e+01 1.515800252632260314e-01
1.399000000000002153e+01 1.417506731991481361e-01
1.401000000000002110e+01 1.394061551350044004e-01
1.403000000000002068e+01 1.438046593453839450e-01
1.405000000000002025e+01 1.404415844519471268e-01
1.407000000000001982e+01 1.394449350547211086e-01
1.409000000000001940e+01 1.388239667906121522e-01
1.411000000000001897e+01 1.466992749710936406e-01
1.413000000000001855e+01 1.315061843468151026e-01
1.415000000000001812e+01 1.334948304246023620e-01
1.417000000000001769e+01 1.222722905967451729e-01
1.419000000000001727e+01 1.322956616822723863e-01
1.421000000000001684e+01 1.294140660228271511e-01
1.423000000000001641e+01 1.312186121182770115e-01
1.425000000000001599e+01 1.273456278124218133e-01
1.427000000000001556e+01 1.210754434765700521e-01
1.429000000000001513e+01 1.210336543905151385e-01
1.431000000000001471e+01 1.256594675862052479e-01
1.433000000000001428e+01 1.194980395397300665e-01
1.435000000000001386e+01 1.167154908841068067e-01
1.437000000000001343e+01 1.161340692700936067e-01
1.439000000000001300e+01 1.074076274272396797e-01
1.441000000000001258e+01 1.128128887707457728e-01
1.443000000000001215e+01 1.009199380557862930e-01
1.445000000000001172e+01 9.245629701173069259e-02
1.447000000000001130e+01 8.957325808399281553e-02
1.449000000000001087e+01 7.827735516960902806e-02
1.451000000000001044e+01 7.775820572617513082e-02
1.453000000000001002e+01 7.744083724644731936e-02
1.455000000000000959e+01 5.574320626073130808e-02
1.457000000000000917e+01 4.194343135911649673e-02
1.459000000000000874e+01 2.818440395519450359e-02
1.461000000000000831e+01 2.800949704918622926e-02
1.463000000000000789e+01 2.241267487544508497e-02
1.465000000000000746e+01 8.550412378008824185e-03
1.467000000000000703e+01 2.904528476210933071e-03
1.469000000000000661e+01 3.929808491370060027e-08
1.471000000000000618e+01 3.733338077004941110e-09
1.473000000000000576e+01 9.406776726448500744e-18
1.475000000000000533e+01 5.637019913979541192e-18
1.477000000000000490e+01 2.502649961566397338e-18
1.479000000000000448e+01 0.000000000000000000e+00
1.481000000000000405e+01 0.000000000000000000e+00
1.483000000000000362e+01 0.000000000000000000e+00
1.485000000000000320e+01 0.000000000000000000e+00
1.487000000000000277e+01 0.000000000000000000e+00
1.489000000000000234e+01 0.000000000000000000e+00
1.491000000000000192e+01 0.000000000000000000e+00
1.493000000000000149e+01 0.000000000000000000e+00
1.495000000000000107e+01 0.000000000000000000e+00
1.497000000000000064e+01 0.000000000000000000e+00
1.499000000000000021e+01 0.000000000000000000e+00
