# Redshift		Merger Rate Density [Gpc^-3yr^-1]
1.000000000031931770e-02 4.271684393226685472e+01
3.000000000031888964e-02 4.290219709584268060e+01
5.000000000031846331e-02 4.407223754326109599e+01
7.000000000031804392e-02 4.457539341329324856e+01
9.000000000031761760e-02 4.533029415107228743e+01
1.100000000003171913e-01 4.575530234787243700e+01
1.300000000003167511e-01 4.673154967017835304e+01
1.500000000003163247e-01 4.724494549893381645e+01
1.700000000003158984e-01 4.824823555105982109e+01
1.900000000003154721e-01 4.948730536489084386e+01
2.100000000003150458e-01 5.003641816431979805e+01
2.300000000003146194e-01 5.080610191098623574e+01
2.500000000003141931e-01 5.200148528852166407e+01
2.700000000003137668e-01 5.227828307181768253e+01
2.900000000003133405e-01 5.280543679947144398e+01
3.100000000003129141e-01 5.378294205660370864e+01
3.300000000003124878e-01 5.411556580499301816e+01
3.500000000003120615e-01 5.517845970451600124e+01
3.700000000003116352e-01 5.580575062051345014e+01
3.900000000003112088e-01 5.646400363722759863e+01
4.100000000003107825e-01 5.665823989916882653e+01
4.300000000003103562e-01 5.817305082142424055e+01
4.500000000003099299e-01 5.848445990279039108e+01
4.700000000003095035e-01 5.964348343311245060e+01
4.900000000003090772e-01 5.985370163238104624e+01
5.100000000003086509e-01 6.084379911725392276e+01
5.300000000003082246e-01 6.150876511050330464e+01
5.500000000003077982e-01 6.144939355361292854e+01
5.700000000003073719e-01 6.311318969463606265e+01
5.900000000003069456e-01 6.288838671265222757e+01
6.100000000003065193e-01 6.466082248853021497e+01
6.300000000003060929e-01 6.470089152138190514e+01
6.500000000003056666e-01 6.613038948921457916e+01
6.700000000003052403e-01 6.692855166461946226e+01
6.900000000003048140e-01 6.820928906060743202e+01
7.100000000003043876e-01 6.930918986905236068e+01
7.300000000003039613e-01 6.906533673297339249e+01
7.500000000003035350e-01 7.200853766246311238e+01
7.700000000003031086e-01 7.179519352393732845e+01
7.900000000003026823e-01 7.265413441843243447e+01
8.100000000003022560e-01 7.462653391373108036e+01
8.300000000003018297e-01 7.487848353300341842e+01
8.500000000003014033e-01 7.598509883617109040e+01
8.700000000003009770e-01 7.802137088695609179e+01
8.900000000003005507e-01 7.629615079596528915e+01
9.100000000003001244e-01 7.852023496049338291e+01
9.300000000002996980e-01 7.925749424450337699e+01
9.500000000002992717e-01 8.040550374816653800e+01
9.700000000002988454e-01 8.069162248777986690e+01
9.900000000002984191e-01 8.109711139115186995e+01
1.010000000000297993e+00 8.154154675021116816e+01
1.030000000000297566e+00 8.294598765912810734e+01
1.050000000000297140e+00 8.266029947939230738e+01
1.070000000000296714e+00 8.365588317543846131e+01
1.090000000000296287e+00 8.447443177621205734e+01
1.110000000000295861e+00 8.532214914768030667e+01
1.130000000000295435e+00 8.568791280859302617e+01
1.150000000000295008e+00 8.571407541406844643e+01
1.170000000000294582e+00 8.726786445186124297e+01
1.190000000000294156e+00 8.777973241210158051e+01
1.210000000000293729e+00 8.812570455041607431e+01
1.230000000000293303e+00 8.779081771881961060e+01
1.250000000000292877e+00 8.916701705391797361e+01
1.270000000000292451e+00 9.042751282355452247e+01
1.290000000000292024e+00 9.006847950313169804e+01
1.310000000000291598e+00 9.112823617911772089e+01
1.330000000000291172e+00 9.120964421678483802e+01
1.350000000000290745e+00 9.075977131250631658e+01
1.370000000000290319e+00 9.180240501986325796e+01
1.390000000000289893e+00 9.289011919327705868e+01
1.410000000000289466e+00 9.261634379967313180e+01
1.430000000000289040e+00 9.223881889889379693e+01
1.450000000000288614e+00 9.430803509573161136e+01
1.470000000000288187e+00 9.333232342775531265e+01
1.490000000000287761e+00 9.375981198352585011e+01
1.510000000000287335e+00 9.458076576378333300e+01
1.530000000000286908e+00 9.431914334770175401e+01
1.550000000000286482e+00 9.361949934083388314e+01
1.570000000000286056e+00 9.522794580931251573e+01
1.590000000000285629e+00 9.456143602748703358e+01
1.610000000000285203e+00 9.497549843714560325e+01
1.630000000000284777e+00 9.390309719264864441e+01
1.650000000000284350e+00 9.555961559759171564e+01
1.670000000000283924e+00 9.410587859577009340e+01
1.690000000000283498e+00 9.438150005072921545e+01
1.710000000000283071e+00 9.510068460557815229e+01
1.730000000000282645e+00 9.492534397701686544e+01
1.750000000000282219e+00 9.466790036855752533e+01
1.770000000000281792e+00 9.455585077566765051e+01
1.790000000000281366e+00 9.493895102334688829e+01
1.810000000000280940e+00 9.457117120751934181e+01
1.830000000000280513e+00 9.513823398482129789e+01
1.850000000000280087e+00 9.479572344605401213e+01
1.870000000000279661e+00 9.443190709003042116e+01
1.890000000000279234e+00 9.501593762311838987e+01
1.910000000000278808e+00 9.277146235878689140e+01
1.930000000000278382e+00 9.353687282999167962e+01
1.950000000000277955e+00 9.472575968642641442e+01
1.970000000000277529e+00 9.351572944275982024e+01
1.990000000000277103e+00 9.318714331317885069e+01
2.010000000000276899e+00 9.422248204701172369e+01
2.030000000000276472e+00 9.312576137395849685e+01
2.050000000000276046e+00 9.239136901256698309e+01
2.070000000000275620e+00 9.239959963438494128e+01
2.090000000000275193e+00 9.244593538565514734e+01
2.110000000000274767e+00 9.087565233224651706e+01
2.130000000000274341e+00 9.210458346579385136e+01
2.150000000000273914e+00 9.199183373188584767e+01
2.170000000000273488e+00 9.077436328612678551e+01
2.190000000000273062e+00 9.105188882981258303e+01
2.210000000000272635e+00 9.050280320621995145e+01
2.230000000000272209e+00 9.054403535809854020e+01
2.250000000000271783e+00 8.944483064923831250e+01
2.270000000000271356e+00 8.935796593958428957e+01
2.290000000000270930e+00 8.843356085640770914e+01
2.310000000000270504e+00 8.973950731103090561e+01
2.330000000000270077e+00 8.778563788388015610e+01
2.350000000000269651e+00 8.780166514314312565e+01
2.370000000000269225e+00 8.764863520521397788e+01
2.390000000000268798e+00 8.751417418396179926e+01
2.410000000000268372e+00 8.727132420423978942e+01
2.430000000000267946e+00 8.697244111593404625e+01
2.450000000000267519e+00 8.715356797720755822e+01
2.470000000000267093e+00 8.620852623097310641e+01
2.490000000000266667e+00 8.539120426554441678e+01
2.510000000000266240e+00 8.561177226582088906e+01
2.530000000000265814e+00 8.510693164556244028e+01
2.550000000000265388e+00 8.531830538123203667e+01
2.570000000000264961e+00 8.438763671588458237e+01
2.590000000000264535e+00 8.319396921217612828e+01
2.610000000000264109e+00 8.347635547878718398e+01
2.630000000000263682e+00 8.297935644331963090e+01
2.650000000000263256e+00 8.273434755230880455e+01
2.670000000000262830e+00 8.158585703630012631e+01
2.690000000000262403e+00 8.157836404160337906e+01
2.710000000000261977e+00 8.111200258995793888e+01
2.730000000000261551e+00 8.085074335698325854e+01
2.750000000000261124e+00 8.080473590100334036e+01
2.770000000000260698e+00 8.036135664966836600e+01
2.790000000000260272e+00 8.045804321741775311e+01
2.810000000000259845e+00 7.936431786944551448e+01
2.830000000000259419e+00 7.870533476984032006e+01
2.850000000000258993e+00 7.945493901591247266e+01
2.870000000000258567e+00 7.799952851842753887e+01
2.890000000000258140e+00 7.755549723002056339e+01
2.910000000000257714e+00 7.787370322382255949e+01
2.930000000000257288e+00 7.771360769868236673e+01
2.950000000000256861e+00 7.628317116536686626e+01
2.970000000000256435e+00 7.647118270436943988e+01
2.990000000000256009e+00 7.619660125984742649e+01
3.010000000000255582e+00 7.653946108327582465e+01
3.030000000000255156e+00 7.449196461432674710e+01
3.050000000000254730e+00 7.504291578905130677e+01
3.070000000000254303e+00 7.439300012019008079e+01
3.090000000000253877e+00 7.401582209180345728e+01
3.110000000000253451e+00 7.421316688920238391e+01
3.130000000000253024e+00 7.320037302245512478e+01
3.150000000000252598e+00 7.281773053689170183e+01
3.170000000000252172e+00 7.314536340204909948e+01
3.190000000000251745e+00 7.193422219845058407e+01
3.210000000000251319e+00 7.194483114864429751e+01
3.230000000000250893e+00 7.214894431346139925e+01
3.250000000000250466e+00 7.075853897796262970e+01
3.270000000000250040e+00 7.153456246546703312e+01
3.290000000000249614e+00 7.117797568523778295e+01
3.310000000000249187e+00 7.033450556531774112e+01
3.330000000000248761e+00 7.001099968953550956e+01
3.350000000000248335e+00 6.957972724539466469e+01
3.370000000000247908e+00 6.884926810466218683e+01
3.390000000000247482e+00 6.894212806249350933e+01
3.410000000000247056e+00 6.824307735237395889e+01
3.430000000000246629e+00 6.791944223490540367e+01
3.450000000000246203e+00 6.784152100765138016e+01
3.470000000000245777e+00 6.726085417173801773e+01
3.490000000000245350e+00 6.723731745654326630e+01
3.510000000000244924e+00 6.641503138658228522e+01
3.530000000000244498e+00 6.623939406145414921e+01
3.550000000000244071e+00 6.597735495804283801e+01
3.570000000000243645e+00 6.558843619021747884e+01
3.590000000000243219e+00 6.559629242123922666e+01
3.610000000000242792e+00 6.475215260087763625e+01
3.630000000000242366e+00 6.490975565514449386e+01
3.650000000000241940e+00 6.406917149009129275e+01
3.670000000000241513e+00 6.439066229441867506e+01
3.690000000000241087e+00 6.295467555283280348e+01
3.710000000000240661e+00 6.366555161419559994e+01
3.730000000000240234e+00 6.271163981400597009e+01
3.750000000000239808e+00 6.231741850134655181e+01
3.770000000000239382e+00 6.224143271907308161e+01
3.790000000000238956e+00 6.198845934773520838e+01
3.810000000000238529e+00 6.165713976649647066e+01
3.830000000000238103e+00 6.110160769195049824e+01
3.850000000000237677e+00 6.095926258163887468e+01
3.870000000000237250e+00 6.037797152691332059e+01
3.890000000000236824e+00 6.041717441160136559e+01
3.910000000000236398e+00 5.986000662070944145e+01
3.930000000000235971e+00 5.958175300451591028e+01
3.950000000000235545e+00 5.914552689800711249e+01
3.970000000000235119e+00 5.882557240748609928e+01
3.990000000000234692e+00 5.866644008495490681e+01
4.010000000000234266e+00 5.810711077810870506e+01
4.030000000000233840e+00 5.755961484020332364e+01
4.050000000000233413e+00 5.723195250870206507e+01
4.070000000000232987e+00 5.714639302290239442e+01
4.090000000000232561e+00 5.677315019540228747e+01
4.110000000000232134e+00 5.695349217681380338e+01
4.130000000000231708e+00 5.564359272010063506e+01
4.150000000000231282e+00 5.576161504213844466e+01
4.170000000000230855e+00 5.524540999369314420e+01
4.190000000000230429e+00 5.530405196852358785e+01
4.210000000000230003e+00 5.461055523784276033e+01
4.230000000000229576e+00 5.442777396156495229e+01
4.250000000000229150e+00 5.409158955133561619e+01
4.270000000000228724e+00 5.380585653669356816e+01
4.290000000000228297e+00 5.340701165650283855e+01
4.310000000000227871e+00 5.356914753678965013e+01
4.330000000000227445e+00 5.247060818384792213e+01
4.350000000000227018e+00 5.213090948156313686e+01
4.370000000000226592e+00 5.231958387846336223e+01
4.390000000000226166e+00 5.206395860593045199e+01
4.410000000000225739e+00 5.099405303124863309e+01
4.430000000000225313e+00 5.133066428581017249e+01
4.450000000000224887e+00 5.036677586444032073e+01
4.470000000000224460e+00 5.054015910449530935e+01
4.490000000000224034e+00 5.017662648838679473e+01
4.510000000000223608e+00 4.934453292721298112e+01
4.530000000000223181e+00 4.941816983210502201e+01
4.550000000000222755e+00 4.896230154113035837e+01
4.570000000000222329e+00 4.764788822784173306e+01
4.590000000000221902e+00 4.749728096016934131e+01
4.610000000000221476e+00 4.707987490633894367e+01
4.630000000000221050e+00 4.722225234088877954e+01
4.650000000000220624e+00 4.625676287594578895e+01
4.670000000000220197e+00 4.567055589372309043e+01
4.690000000000219771e+00 4.593250928512584608e+01
4.710000000000219345e+00 4.488532212381775821e+01
4.730000000000218918e+00 4.499727045469159492e+01
4.750000000000218492e+00 4.446189176129385601e+01
4.770000000000218066e+00 4.362844233975465613e+01
4.790000000000217639e+00 4.384885504317792027e+01
4.810000000000217213e+00 4.355087170529431262e+01
4.830000000000216787e+00 4.345459635061678227e+01
4.850000000000216360e+00 4.218330154108851104e+01
4.870000000000215934e+00 4.259076943214419231e+01
4.890000000000215508e+00 4.126598130287882071e+01
4.910000000000215081e+00 4.083902330204275444e+01
4.930000000000214655e+00 4.092545434472253874e+01
4.950000000000214229e+00 4.053314522888803850e+01
4.970000000000213802e+00 4.002314461427118175e+01
4.990000000000213376e+00 3.951564066842121292e+01
5.010000000000212950e+00 3.887511235390807229e+01
5.030000000000212523e+00 3.903685030971546865e+01
5.050000000000212097e+00 3.834150624348046676e+01
5.070000000000211671e+00 3.810128855944645920e+01
5.090000000000211244e+00 3.786684865882950390e+01
5.110000000000210818e+00 3.694005226635955808e+01
5.130000000000210392e+00 3.652734843567486678e+01
5.150000000000209965e+00 3.609207186977238280e+01
5.170000000000209539e+00 3.594175674480926830e+01
5.190000000000209113e+00 3.548040290545357323e+01
5.210000000000208686e+00 3.476929553198688438e+01
5.230000000000208260e+00 3.458631124847843097e+01
5.250000000000207834e+00 3.402916715624023425e+01
5.270000000000207407e+00 3.428223030596075915e+01
5.290000000000206981e+00 3.344413656823012815e+01
5.310000000000206555e+00 3.283310558389781164e+01
5.330000000000206128e+00 3.258997993880264943e+01
5.350000000000205702e+00 3.200815870786216522e+01
5.370000000000205276e+00 3.170199792826220531e+01
5.390000000000204849e+00 3.165764574004677812e+01
5.410000000000204423e+00 3.080491381736319667e+01
5.430000000000203997e+00 3.089642546696670422e+01
5.450000000000203570e+00 3.025302879751870577e+01
5.470000000000203144e+00 2.947041454366155477e+01
5.490000000000202718e+00 2.956950241424571146e+01
5.510000000000202292e+00 2.901158162478722602e+01
5.530000000000201865e+00 2.845009515898036412e+01
5.550000000000201439e+00 2.810684475163185070e+01
5.570000000000201013e+00 2.809568094558777673e+01
5.590000000000200586e+00 2.745177103126375329e+01
5.610000000000200160e+00 2.689112597718542474e+01
5.630000000000199734e+00 2.677182918480531981e+01
5.650000000000199307e+00 2.632329149791540246e+01
5.670000000000198881e+00 2.588862100139461120e+01
5.690000000000198455e+00 2.523620218197719822e+01
5.710000000000198028e+00 2.549835014318347604e+01
5.730000000000197602e+00 2.455985126920258210e+01
5.750000000000197176e+00 2.431699815036683177e+01
5.770000000000196749e+00 2.408833348232400340e+01
5.790000000000196323e+00 2.350162024983300668e+01
5.810000000000195897e+00 2.300692538682093868e+01
5.830000000000195470e+00 2.272931325758964505e+01
5.850000000000195044e+00 2.222019255716108432e+01
5.870000000000194618e+00 2.207378786462183129e+01
5.890000000000194191e+00 2.158654975328940395e+01
5.910000000000193765e+00 2.091023509361390609e+01
5.930000000000193339e+00 2.092855875298282342e+01
5.950000000000192912e+00 2.053364545531729846e+01
5.970000000000192486e+00 2.026846820608657040e+01
5.990000000000192060e+00 1.986473435083230399e+01
6.010000000000191633e+00 1.941704202196255480e+01
6.030000000000191207e+00 1.891753316871123047e+01
6.050000000000190781e+00 1.883958428975055099e+01
6.070000000000190354e+00 1.826089391770475245e+01
6.090000000000189928e+00 1.807965352375308754e+01
6.110000000000189502e+00 1.762423956267750569e+01
6.130000000000189075e+00 1.737362123832635419e+01
6.150000000000188649e+00 1.721057306850889645e+01
6.170000000000188223e+00 1.679845996412450404e+01
6.190000000000187796e+00 1.640205215592264665e+01
6.210000000000187370e+00 1.611426711894909758e+01
6.230000000000186944e+00 1.587511004377727630e+01
6.250000000000186517e+00 1.560327642991431496e+01
6.270000000000186091e+00 1.529790011034827302e+01
6.290000000000185665e+00 1.509092814211448186e+01
6.310000000000185238e+00 1.461624048623390948e+01
6.330000000000184812e+00 1.427682415474396649e+01
6.350000000000184386e+00 1.392174086061415750e+01
6.370000000000183960e+00 1.377485939385495151e+01
6.390000000000183533e+00 1.345121554224224703e+01
6.410000000000183107e+00 1.324941430700271461e+01
6.430000000000182681e+00 1.292060837119025862e+01
6.450000000000182254e+00 1.261564644579612171e+01
6.470000000000181828e+00 1.247605682779776615e+01
6.490000000000181402e+00 1.211964919245347261e+01
6.510000000000180975e+00 1.187161664369941860e+01
6.530000000000180549e+00 1.183951635781368417e+01
6.550000000000180123e+00 1.143474290631355572e+01
6.570000000000179696e+00 1.127588449884013677e+01
6.590000000000179270e+00 1.110353210462053752e+01
6.610000000000178844e+00 1.062601500025684054e+01
6.630000000000178417e+00 1.044987819064825096e+01
6.650000000000177991e+00 1.048857882047135881e+01
6.670000000000177565e+00 9.961484965031536021e+00
6.690000000000177138e+00 9.854105057295797110e+00
6.710000000000176712e+00 9.730284344615020231e+00
6.730000000000176286e+00 9.451846874416322208e+00
6.750000000000175859e+00 9.222977796503414538e+00
6.770000000000175433e+00 9.052789059463737686e+00
6.790000000000175007e+00 8.878294520567758141e+00
6.810000000000174580e+00 8.650365255429759870e+00
6.830000000000174154e+00 8.505580860061670023e+00
6.850000000000173728e+00 8.254380012589829008e+00
6.870000000000173301e+00 8.021068197493690377e+00
6.890000000000172875e+00 7.948217785841262817e+00
6.910000000000172449e+00 7.685637365920321429e+00
6.930000000000172022e+00 7.542681033851351913e+00
6.950000000000171596e+00 7.542090936996944883e+00
6.970000000000171170e+00 7.206978776274265641e+00
6.990000000000170743e+00 7.091207479258521573e+00
7.010000000000170317e+00 7.022836097021722956e+00
7.030000000000169891e+00 6.943783319792645514e+00
7.050000000000169464e+00 6.612678077252259534e+00
7.070000000000169038e+00 6.496603810261436074e+00
7.090000000000168612e+00 6.406186330207868984e+00
7.110000000000168185e+00 6.404323124723062755e+00
7.130000000000167759e+00 6.201794795886344858e+00
7.150000000000167333e+00 5.942509489050758376e+00
7.170000000000166906e+00 5.875257577438947720e+00
7.190000000000166480e+00 5.765705275453290035e+00
7.210000000000166054e+00 5.621415149251716592e+00
7.230000000000165628e+00 5.553453354836219269e+00
7.250000000000165201e+00 5.453024119248078172e+00
7.270000000000164775e+00 5.219080870342096112e+00
7.290000000000164349e+00 5.179853676031712872e+00
7.310000000000163922e+00 5.148321064912551037e+00
7.330000000000163496e+00 5.072981568031385891e+00
7.350000000000163070e+00 4.933165179658520749e+00
7.370000000000162643e+00 4.813870015078379971e+00
7.390000000000162217e+00 4.743351887286687329e+00
7.410000000000161791e+00 4.554375226375023900e+00
7.430000000000161364e+00 4.560470978905509121e+00
7.450000000000160938e+00 4.465076355940713171e+00
7.470000000000160512e+00 4.410998139022292541e+00
7.490000000000160085e+00 4.391392660745816912e+00
7.510000000000159659e+00 4.349239928727880233e+00
7.530000000000159233e+00 4.203130182938412673e+00
7.550000000000158806e+00 4.134092752676246540e+00
7.570000000000158380e+00 3.989295902793345228e+00
7.590000000000157954e+00 4.036855405425049170e+00
7.610000000000157527e+00 3.908103894199346673e+00
7.630000000000157101e+00 3.901251975910271952e+00
7.650000000000156675e+00 3.858801790207858851e+00
7.670000000000156248e+00 3.797757070417054681e+00
7.690000000000155822e+00 3.654404042060050983e+00
7.710000000000155396e+00 3.724222470900147020e+00
7.730000000000154969e+00 3.533540537698921291e+00
7.750000000000154543e+00 3.524702782513342125e+00
7.770000000000154117e+00 3.477940654443519630e+00
7.790000000000153690e+00 3.484243368106143546e+00
7.810000000000153264e+00 3.468939095096801317e+00
7.830000000000152838e+00 3.418157356519422763e+00
7.850000000000152411e+00 3.327636871420818654e+00
7.870000000000151985e+00 3.256190285389390926e+00
7.890000000000151559e+00 3.292296148143751378e+00
7.910000000000151132e+00 3.245881259528419438e+00
7.930000000000150706e+00 3.190719716534440309e+00
7.950000000000150280e+00 3.152682263175931254e+00
7.970000000000149853e+00 3.069383196846848794e+00
7.990000000000149427e+00 3.066144410549691113e+00
8.010000000000149001e+00 3.076579021716348006e+00
8.030000000000148574e+00 3.020094244607549161e+00
8.050000000000148148e+00 2.968330669958251899e+00
8.070000000000147722e+00 2.932823546420042948e+00
8.090000000000147296e+00 2.896596863788853060e+00
8.110000000000146869e+00 2.923674707528566508e+00
8.130000000000146443e+00 2.849839947806501961e+00
8.150000000000146017e+00 2.858585256105317107e+00
8.170000000000145590e+00 2.786546351996125104e+00
8.190000000000145164e+00 2.803997413500602054e+00
8.210000000000144738e+00 2.728454037277278754e+00
8.230000000000144311e+00 2.732844321123379938e+00
8.250000000000143885e+00 2.708796162598125168e+00
8.270000000000143459e+00 2.721568557438510894e+00
8.290000000000143032e+00 2.697662197121918570e+00
8.310000000000142606e+00 2.653547299004769933e+00
8.330000000000142180e+00 2.645481780088819956e+00
8.350000000000141753e+00 2.638102122335631794e+00
8.370000000000141327e+00 2.623171130955554098e+00
8.390000000000140901e+00 2.551957601868362069e+00
8.410000000000140474e+00 2.590776572697400137e+00
8.430000000000140048e+00 2.567846718814876361e+00
8.450000000000139622e+00 2.551189407765203310e+00
8.470000000000139195e+00 2.510705377298631191e+00
8.490000000000138769e+00 2.515258901998673302e+00
8.510000000000138343e+00 2.500081637104490717e+00
8.530000000000137916e+00 2.450347361457778206e+00
8.550000000000137490e+00 2.506461858794298614e+00
8.570000000000137064e+00 2.436052941928561033e+00
8.590000000000136637e+00 2.440557462454619131e+00
8.610000000000136211e+00 2.436518727542325014e+00
8.630000000000135785e+00 2.399781771188430834e+00
8.650000000000135358e+00 2.408854264807244849e+00
8.670000000000134932e+00 2.396756776952134071e+00
8.690000000000134506e+00 2.378975597323319757e+00
8.710000000000134079e+00 2.364466974503642849e+00
8.730000000000133653e+00 2.366305081444065372e+00
8.750000000000133227e+00 2.319286413751634246e+00
8.770000000000132800e+00 2.328427595274571882e+00
8.790000000000132374e+00 2.323556661572673043e+00
8.810000000000131948e+00 2.372882671275727162e+00
8.830000000000131521e+00 2.327511953362772168e+00
8.850000000000131095e+00 2.294073102436409606e+00
8.870000000000130669e+00 2.245349700713233254e+00
8.890000000000130242e+00 2.322314695752290881e+00
8.910000000000129816e+00 2.277488460863046793e+00
8.930000000000129390e+00 2.275516690811005827e+00
8.950000000000128964e+00 2.263922955068813359e+00
8.970000000000128537e+00 2.278737385603323062e+00
8.990000000000128111e+00 2.208724655521491886e+00
9.010000000000127685e+00 2.242625922940355121e+00
9.030000000000127258e+00 2.245109278307256151e+00
9.050000000000126832e+00 2.245462842241990664e+00
9.070000000000126406e+00 2.253038266386869548e+00
9.090000000000125979e+00 2.178911931332764063e+00
9.110000000000125553e+00 2.201979378037648871e+00
9.130000000000125127e+00 2.183367054164368604e+00
9.150000000000124700e+00 2.204027436838281506e+00
9.170000000000124274e+00 2.188741098877857283e+00
9.190000000000123848e+00 2.178366552451651117e+00
9.210000000000123421e+00 2.180567504083705810e+00
9.230000000000122995e+00 2.181209821451649766e+00
9.250000000000122569e+00 2.158544268180971226e+00
9.270000000000122142e+00 2.170702306362732870e+00
9.290000000000121716e+00 2.156035105752668990e+00
9.310000000000121290e+00 2.130844381170522439e+00
9.330000000000120863e+00 2.131828750128873295e+00
9.350000000000120437e+00 2.150110396435115589e+00
9.370000000000120011e+00 2.165575893368752780e+00
9.390000000000119584e+00 2.079189860439026649e+00
9.410000000000119158e+00 2.135688460948425238e+00
9.430000000000118732e+00 2.114765512252797297e+00
9.450000000000118305e+00 2.084565107464178002e+00
9.470000000000117879e+00 2.097578980478048027e+00
9.490000000000117453e+00 2.101931981047223008e+00
9.510000000000117026e+00 2.080655847969302030e+00
9.530000000000116600e+00 2.070453460384066080e+00
9.550000000000116174e+00 2.061538705651438708e+00
9.570000000000115747e+00 2.093841756918774610e+00
9.590000000000115321e+00 2.082867656500024367e+00
9.610000000000114895e+00 2.056351241137618580e+00
9.630000000000114468e+00 2.038625051086422335e+00
9.650000000000114042e+00 2.080057600857821765e+00
9.670000000000113616e+00 2.027975390703251168e+00
9.690000000000113189e+00 2.031730632533101932e+00
9.710000000000112763e+00 2.045703159049354181e+00
9.730000000000112337e+00 2.018096533996977193e+00
9.750000000000111910e+00 2.015690802514274349e+00
9.770000000000111484e+00 2.003907072960801727e+00
9.790000000000111058e+00 1.982774955941533301e+00
9.810000000000110632e+00 2.017869551309131815e+00
9.830000000000110205e+00 2.007372787412792015e+00
9.850000000000109779e+00 2.019448628543486279e+00
9.870000000000109353e+00 1.975878409454323137e+00
9.890000000000108926e+00 1.962173848269540333e+00
9.910000000000108500e+00 2.000924294838533957e+00
9.930000000000108074e+00 1.969432978139753043e+00
9.950000000000107647e+00 1.988952237351937491e+00
9.970000000000107221e+00 1.954117420775202563e+00
9.990000000000106795e+00 1.957746204548919122e+00
1.001000000000010637e+01 1.969920528289514916e+00
1.003000000000010594e+01 1.952472973106621268e+00
1.005000000000010552e+01 1.946622105042896900e+00
1.007000000000010509e+01 1.958401216032512382e+00
1.009000000000010466e+01 1.962038056806798769e+00
1.011000000000010424e+01 1.893429448456071418e+00
1.013000000000010381e+01 1.938442626436435390e+00
1.015000000000010338e+01 1.928134331631340403e+00
1.017000000000010296e+01 1.929354345468587528e+00
1.019000000000010253e+01 1.915511720484740943e+00
1.021000000000010210e+01 1.903949341829483499e+00
1.023000000000010168e+01 1.943575677752546360e+00
1.025000000000010125e+01 1.891250477224411197e+00
1.027000000000010083e+01 1.889228383273548584e+00
1.029000000000010040e+01 1.927296070888469215e+00
1.031000000000009997e+01 1.903147046335895043e+00
1.033000000000009955e+01 1.863196663804381759e+00
1.035000000000009912e+01 1.907664721186908219e+00
1.037000000000009869e+01 1.890062857263858476e+00
1.039000000000009827e+01 1.826609565169839522e+00
1.041000000000009784e+01 1.898437107842183114e+00
1.043000000000009742e+01 1.865159515654571054e+00
1.045000000000009699e+01 1.869218006396901277e+00
1.047000000000009656e+01 1.875279382673505468e+00
1.049000000000009614e+01 1.877876567034646449e+00
1.051000000000009571e+01 1.852405145390504382e+00
1.053000000000009528e+01 1.856978419773538391e+00
1.055000000000009486e+01 1.856288876707124613e+00
1.057000000000009443e+01 1.795336693839975295e+00
1.059000000000009400e+01 1.872474298177703389e+00
1.061000000000009358e+01 1.797020671102977918e+00
1.063000000000009315e+01 1.858540048649001353e+00
1.065000000000009273e+01 1.830836287684084018e+00
1.067000000000009230e+01 1.835338361211137803e+00
1.069000000000009187e+01 1.789375588829566155e+00
1.071000000000009145e+01 1.771756998255002546e+00
1.073000000000009102e+01 1.810192419556059251e+00
1.075000000000009059e+01 1.784284453850142116e+00
1.077000000000009017e+01 1.789925024691715549e+00
1.079000000000008974e+01 1.793492843433797557e+00
1.081000000000008932e+01 1.767923987242276063e+00
1.083000000000008889e+01 1.794020588268878447e+00
1.085000000000008846e+01 1.769480101172420605e+00
1.087000000000008804e+01 1.772241514986914401e+00
1.089000000000008761e+01 1.780071522697924014e+00
1.091000000000008718e+01 1.754399774794703326e+00
1.093000000000008676e+01 1.756912958691284388e+00
1.095000000000008633e+01 1.765449199282257187e+00
1.097000000000008590e+01 1.758815139388223869e+00
1.099000000000008548e+01 1.759236375143347297e+00
1.101000000000008505e+01 1.710772752823746190e+00
1.103000000000008463e+01 1.716523269650883421e+00
1.105000000000008420e+01 1.705440760686197432e+00
1.107000000000008377e+01 1.724396338392480521e+00
1.109000000000008335e+01 1.744631116013326544e+00
1.111000000000008292e+01 1.684516086948843139e+00
1.113000000000008249e+01 1.705067418533865231e+00
1.115000000000008207e+01 1.717711612557304424e+00
1.117000000000008164e+01 1.691864457921007148e+00
1.119000000000008122e+01 1.708308505276707745e+00
1.121000000000008079e+01 1.687164741828695691e+00
1.123000000000008036e+01 1.679159449405892568e+00
1.125000000000007994e+01 1.690134019614366379e+00
1.127000000000007951e+01 1.662493559141674959e+00
1.129000000000007908e+01 1.720794662400506159e+00
1.131000000000007866e+01 1.680959314181176056e+00
1.133000000000007823e+01 1.685732945112273562e+00
1.135000000000007780e+01 1.632920738993539400e+00
1.137000000000007738e+01 1.651619122162616859e+00
1.139000000000007695e+01 1.671755244257130180e+00
1.141000000000007653e+01 1.659506713845061876e+00
1.143000000000007610e+01 1.626490010663056873e+00
1.145000000000007567e+01 1.633636423136406890e+00
1.147000000000007525e+01 1.643267794608245458e+00
1.149000000000007482e+01 1.601887340429335005e+00
1.151000000000007439e+01 1.638372146113454164e+00
1.153000000000007397e+01 1.621784415609046848e+00
1.155000000000007354e+01 1.611313930509135517e+00
1.157000000000007311e+01 1.591066718663570301e+00
1.159000000000007269e+01 1.608553366785245187e+00
1.161000000000007226e+01 1.554518439398164587e+00
1.163000000000007184e+01 1.563909153038166577e+00
1.165000000000007141e+01 1.553047734877646358e+00
1.167000000000007098e+01 1.572612960822743711e+00
1.169000000000007056e+01 1.564161895429129201e+00
1.171000000000007013e+01 1.568467537084555774e+00
1.173000000000006970e+01 1.551356151926049698e+00
1.175000000000006928e+01 1.512709348380818941e+00
1.177000000000006885e+01 1.543116038185220029e+00
1.179000000000006843e+01 1.559002810156253638e+00
1.181000000000006800e+01 1.479569485211988056e+00
1.183000000000006757e+01 1.507511976237153606e+00
1.185000000000006715e+01 1.508071236437058094e+00
1.187000000000006672e+01 1.490903491928595725e+00
1.189000000000006629e+01 1.490702802761432855e+00
1.191000000000006587e+01 1.463308187052440035e+00
1.193000000000006544e+01 1.483771346311799189e+00
1.195000000000006501e+01 1.466235250666652279e+00
1.197000000000006459e+01 1.442618694966361303e+00
1.199000000000006416e+01 1.479485624839691926e+00
1.201000000000006374e+01 1.473800969073491451e+00
1.203000000000006331e+01 1.443740145194873703e+00
1.205000000000006288e+01 1.414273050582733227e+00
1.207000000000006246e+01 1.448890632588504035e+00
1.209000000000006203e+01 1.411184197135959328e+00
1.211000000000006160e+01 1.437703131383313293e+00
1.213000000000006118e+01 1.403314970021255714e+00
1.215000000000006075e+01 1.392239259769710635e+00
1.217000000000006033e+01 1.437451852851677980e+00
1.219000000000005990e+01 1.439942921545753318e+00
1.221000000000005947e+01 1.383994133309528252e+00
1.223000000000005905e+01 1.361935006125986725e+00
1.225000000000005862e+01 1.387486982427354576e+00
1.227000000000005819e+01 1.343809883047540676e+00
1.229000000000005777e+01 1.342626277484472164e+00
1.231000000000005734e+01 1.372184900971569421e+00
1.233000000000005691e+01 1.342781233098942595e+00
1.235000000000005649e+01 1.331513386286300005e+00
1.237000000000005606e+01 1.364223190906875827e+00
1.239000000000005564e+01 1.308162483945843224e+00
1.241000000000005521e+01 1.304273916015951551e+00
1.243000000000005478e+01 1.316459732557825335e+00
1.245000000000005436e+01 1.311226847627899872e+00
1.247000000000005393e+01 1.267104158647753387e+00
1.249000000000005350e+01 1.289405846873069805e+00
1.251000000000005308e+01 1.252743674035730947e+00
1.253000000000005265e+01 1.254371178932337738e+00
1.255000000000005222e+01 1.252116047878713667e+00
1.257000000000005180e+01 1.246964452661852629e+00
1.259000000000005137e+01 1.209807549187927656e+00
1.261000000000005095e+01 1.224587343444851761e+00
1.263000000000005052e+01 1.224174303859862256e+00
1.265000000000005009e+01 1.211939255162865381e+00
1.267000000000004967e+01 1.223003211952567337e+00
1.269000000000004924e+01 1.191469240595699919e+00
1.271000000000004881e+01 1.182408518838329314e+00
1.273000000000004839e+01 1.177706087872935070e+00
1.275000000000004796e+01 1.174897001204487035e+00
1.277000000000004754e+01 1.147005709926205652e+00
1.279000000000004711e+01 1.159456085928291857e+00
1.281000000000004668e+01 1.162755299842676227e+00
1.283000000000004626e+01 1.119134393339553446e+00
1.285000000000004583e+01 1.105459635243496219e+00
1.287000000000004540e+01 1.125089415538633952e+00
1.289000000000004498e+01 1.129071998673525146e+00
1.291000000000004455e+01 1.080093952689154202e+00
1.293000000000004412e+01 1.098724987234273476e+00
1.295000000000004370e+01 1.062967857759610668e+00
1.297000000000004327e+01 1.121169461709994541e+00
1.299000000000004285e+01 1.067993719484606974e+00
1.301000000000004242e+01 1.065545390504238688e+00
1.303000000000004199e+01 1.014382876079031659e+00
1.305000000000004157e+01 1.051773972271420332e+00
1.307000000000004114e+01 1.011988434121449343e+00
1.309000000000004071e+01 1.029003973484257095e+00
1.311000000000004029e+01 9.809570856162179719e-01
1.313000000000003986e+01 9.925619417169579961e-01
1.315000000000003944e+01 9.872279078095688165e-01
1.317000000000003901e+01 9.670000681004431442e-01
1.319000000000003858e+01 9.521755785525601867e-01
1.321000000000003816e+01 9.760206370476098847e-01
1.323000000000003773e+01 9.161935679554830125e-01
1.325000000000003730e+01 9.132410729420922246e-01
1.327000000000003688e+01 8.713571713593540879e-01
1.329000000000003645e+01 9.090201613003796588e-01
1.331000000000003602e+01 9.165307536275115741e-01
1.333000000000003560e+01 8.964228439846761987e-01
1.335000000000003517e+01 9.077302119759416144e-01
1.337000000000003475e+01 8.728946144238962646e-01
1.339000000000003432e+01 8.538899136198259132e-01
1.341000000000003389e+01 8.350496614651458094e-01
1.343000000000003347e+01 8.255318441847696587e-01
1.345000000000003304e+01 8.259604886213148811e-01
1.347000000000003261e+01 8.189323852769443413e-01
1.349000000000003219e+01 8.200001006486004052e-01
1.351000000000003176e+01 7.841659461947406706e-01
1.353000000000003133e+01 7.788737763039491613e-01
1.355000000000003091e+01 7.417850073057637994e-01
1.357000000000003048e+01 7.238794637409117216e-01
1.359000000000003006e+01 7.363484991877832231e-01
1.361000000000002963e+01 7.202413629054331690e-01
1.363000000000002920e+01 7.125402409941906656e-01
1.365000000000002878e+01 6.660902279518978730e-01
1.367000000000002835e+01 6.591337736792221014e-01
1.369000000000002792e+01 6.759478156283307282e-01
1.371000000000002750e+01 6.584344287310077704e-01
1.373000000000002707e+01 6.540590094363402107e-01
1.375000000000002665e+01 6.214276199612845941e-01
1.377000000000002622e+01 6.218837800089439538e-01
1.379000000000002579e+01 5.978197320814181426e-01
1.381000000000002537e+01 5.847611956780102149e-01
1.383000000000002494e+01 5.792188455783909840e-01
1.385000000000002451e+01 5.456090618136122394e-01
1.387000000000002409e+01 5.514782177242888439e-01
1.389000000000002366e+01 5.327847962034760743e-01
1.391000000000002323e+01 5.402500344885198258e-01
1.393000000000002281e+01 5.319678212849816568e-01
1.395000000000002238e+01 4.827768266164197963e-01
1.397000000000002196e+01 4.673382712486448542e-01
1.399000000000002153e+01 4.525056622522069527e-01
1.401000000000002110e+01 4.210163962948372252e-01
1.403000000000002068e+01 4.424912268687023476e-01
1.405000000000002025e+01 4.266410051309347251e-01
1.407000000000001982e+01 4.134151577491861351e-01
1.409000000000001940e+01 3.879471557758391587e-01
1.411000000000001897e+01 3.865686729746000694e-01
1.413000000000001855e+01 3.876637999050437378e-01
1.415000000000001812e+01 3.481761770072279716e-01
1.417000000000001769e+01 3.099321826535471613e-01
1.419000000000001727e+01 2.966131949348780328e-01
1.421000000000001684e+01 2.906229487805950251e-01
1.423000000000001641e+01 2.733788064763071901e-01
1.425000000000001599e+01 2.451800539700416670e-01
1.427000000000001556e+01 2.550101753147607231e-01
1.429000000000001513e+01 2.378875831332940005e-01
1.431000000000001471e+01 2.164978932215569918e-01
1.433000000000001428e+01 1.999426665930284230e-01
1.435000000000001386e+01 1.932937738571779140e-01
1.437000000000001343e+01 1.741182218867773634e-01
1.439000000000001300e+01 1.547924652523494371e-01
1.441000000000001258e+01 1.382696628230927205e-01
1.443000000000001215e+01 1.323378078535150104e-01
1.445000000000001172e+01 1.050608022361217420e-01
1.447000000000001130e+01 9.942966061925739840e-02
1.449000000000001087e+01 8.301112438345087385e-02
1.451000000000001044e+01 7.444523690955294482e-02
1.453000000000001002e+01 5.510290466604669812e-02
1.455000000000000959e+01 3.606581401845145030e-02
1.457000000000000917e+01 2.227567224087342868e-02
1.459000000000000874e+01 1.674414194681600118e-02
1.461000000000000831e+01 1.122436260526967627e-02
1.463000000000000789e+01 1.394737963726400826e-02
1.465000000000000746e+01 8.346441753184838733e-03
1.467000000000000703e+01 5.550440856296460189e-03
1.469000000000000661e+01 2.773787463947252358e-03
1.471000000000000618e+01 0.000000000000000000e+00
1.473000000000000576e+01 0.000000000000000000e+00
1.475000000000000533e+01 0.000000000000000000e+00
1.477000000000000490e+01 0.000000000000000000e+00
1.479000000000000448e+01 0.000000000000000000e+00
1.481000000000000405e+01 0.000000000000000000e+00
1.483000000000000362e+01 0.000000000000000000e+00
1.485000000000000320e+01 0.000000000000000000e+00
1.487000000000000277e+01 0.000000000000000000e+00
1.489000000000000234e+01 0.000000000000000000e+00
1.491000000000000192e+01 0.000000000000000000e+00
1.493000000000000149e+01 0.000000000000000000e+00
1.495000000000000107e+01 0.000000000000000000e+00
1.497000000000000064e+01 0.000000000000000000e+00
1.499000000000000021e+01 0.000000000000000000e+00
