# Redshift		Merger Rate Density [Gpc^-3yr^-1]
1.000000000031931770e-02 4.641855361389997547e+00
3.000000000031888964e-02 4.865596157205055228e+00
5.000000000031846331e-02 5.028040432816456295e+00
7.000000000031804392e-02 5.235891238880933329e+00
9.000000000031761760e-02 5.529192337867477214e+00
1.100000000003171913e-01 5.642159122509334601e+00
1.300000000003167511e-01 5.914120889209334209e+00
1.500000000003163247e-01 6.165315155267999891e+00
1.700000000003158984e-01 6.103959192163660674e+00
1.900000000003154721e-01 6.034764820621134618e+00
2.100000000003150458e-01 5.659187367946299396e+00
2.300000000003146194e-01 5.829740698098324181e+00
2.500000000003141931e-01 5.817883324500249032e+00
2.700000000003137668e-01 6.138760746483566066e+00
2.900000000003133405e-01 6.282054925050975847e+00
3.100000000003129141e-01 6.482572848729996728e+00
3.300000000003124878e-01 6.632377712213440191e+00
3.500000000003120615e-01 6.651567595183641046e+00
3.700000000003116352e-01 6.630780361582050197e+00
3.900000000003112088e-01 6.600978683239960176e+00
4.100000000003107825e-01 6.576466633361042646e+00
4.300000000003103562e-01 6.740337900652516367e+00
4.500000000003099299e-01 6.507107599315269830e+00
4.700000000003095035e-01 6.670672511831591933e+00
4.900000000003090772e-01 6.578639805618293757e+00
5.100000000003086509e-01 6.732374274362105560e+00
5.300000000003082246e-01 6.778839489666131257e+00
5.500000000003077982e-01 6.942294933919868072e+00
5.700000000003073719e-01 7.087701443138126223e+00
5.900000000003069456e-01 6.657502209032758245e+00
6.100000000003065193e-01 6.568849449468605606e+00
6.300000000003060929e-01 6.351381180838451712e+00
6.500000000003056666e-01 6.314473037229736185e+00
6.700000000003052403e-01 6.915793968251922941e+00
6.900000000003048140e-01 6.636489938927266685e+00
7.100000000003043876e-01 7.050536589206792826e+00
7.300000000003039613e-01 7.385774535151946374e+00
7.500000000003035350e-01 7.173323316767030278e+00
7.700000000003031086e-01 7.251301764274129980e+00
7.900000000003026823e-01 7.101024222913347117e+00
8.100000000003022560e-01 7.830665707212434157e+00
8.300000000003018297e-01 7.598782713213091178e+00
8.500000000003014033e-01 7.799358284111471029e+00
8.700000000003009770e-01 8.570750530252347232e+00
8.900000000003005507e-01 8.237956546820827342e+00
9.100000000003001244e-01 8.211444266567394124e+00
9.300000000002996980e-01 8.705372400550746903e+00
9.500000000002992717e-01 8.868902550064253987e+00
9.700000000002988454e-01 8.838878497991515815e+00
9.900000000002984191e-01 9.360521493663341630e+00
1.010000000000297993e+00 9.119090585551179018e+00
1.030000000000297566e+00 9.348732227273613304e+00
1.050000000000297140e+00 1.000360568900450531e+01
1.070000000000296714e+00 9.797145747071414945e+00
1.090000000000296287e+00 9.873925184080739825e+00
1.110000000000295861e+00 9.752469072342174528e+00
1.130000000000295435e+00 9.903224979717592191e+00
1.150000000000295008e+00 1.025933588162030397e+01
1.170000000000294582e+00 1.036043596759594543e+01
1.190000000000294156e+00 1.040469097421492428e+01
1.210000000000293729e+00 1.079446969170749071e+01
1.230000000000293303e+00 1.084345917685142524e+01
1.250000000000292877e+00 1.069510299759254401e+01
1.270000000000292451e+00 1.063739048991820191e+01
1.290000000000292024e+00 1.096929284577924690e+01
1.310000000000291598e+00 1.113186510347614266e+01
1.330000000000291172e+00 1.128097027092678317e+01
1.350000000000290745e+00 1.120257753122661804e+01
1.370000000000290319e+00 1.172553623108311172e+01
1.390000000000289893e+00 1.197468236762911253e+01
1.410000000000289466e+00 1.182370243688666811e+01
1.430000000000289040e+00 1.222049421907095557e+01
1.450000000000288614e+00 1.247748454283729913e+01
1.470000000000288187e+00 1.326825865575741759e+01
1.490000000000287761e+00 1.224177615613425729e+01
1.510000000000287335e+00 1.294281610298884466e+01
1.530000000000286908e+00 1.315170504080125546e+01
1.550000000000286482e+00 1.351708619196306493e+01
1.570000000000286056e+00 1.353866935899490720e+01
1.590000000000285629e+00 1.386467154370862964e+01
1.610000000000285203e+00 1.368153769259743768e+01
1.630000000000284777e+00 1.376590278569558201e+01
1.650000000000284350e+00 1.420611071312170637e+01
1.670000000000283924e+00 1.383709185441895428e+01
1.690000000000283498e+00 1.434566874772090017e+01
1.710000000000283071e+00 1.458379717153757937e+01
1.730000000000282645e+00 1.419769005127498396e+01
1.750000000000282219e+00 1.484950370916166662e+01
1.770000000000281792e+00 1.449260072787756037e+01
1.790000000000281366e+00 1.488562343474662519e+01
1.810000000000280940e+00 1.529537259678754424e+01
1.830000000000280513e+00 1.498672346656536547e+01
1.850000000000280087e+00 1.552418568816997535e+01
1.870000000000279661e+00 1.499286856536683565e+01
1.890000000000279234e+00 1.515222874490227234e+01
1.910000000000278808e+00 1.534345167208661920e+01
1.930000000000278382e+00 1.459578730580914474e+01
1.950000000000277955e+00 1.545205767814661080e+01
1.970000000000277529e+00 1.518788662656828059e+01
1.990000000000277103e+00 1.535466855898616956e+01
2.010000000000276899e+00 1.512686163026367936e+01
2.030000000000276472e+00 1.491804697720253436e+01
2.050000000000276046e+00 1.523756464672213973e+01
2.070000000000275620e+00 1.513432462314730564e+01
2.090000000000275193e+00 1.565848433148936714e+01
2.110000000000274767e+00 1.480034461521023914e+01
2.130000000000274341e+00 1.539784758863402381e+01
2.150000000000273914e+00 1.525059463864612219e+01
2.170000000000273488e+00 1.457073469356962647e+01
2.190000000000273062e+00 1.512023022172524023e+01
2.210000000000272635e+00 1.496008874289386803e+01
2.230000000000272209e+00 1.503736730788610920e+01
2.250000000000271783e+00 1.487240942102465802e+01
2.270000000000271356e+00 1.537285477997381733e+01
2.290000000000270930e+00 1.503062490227454617e+01
2.310000000000270504e+00 1.553718883352094693e+01
2.330000000000270077e+00 1.523649631044342279e+01
2.350000000000269651e+00 1.505800943050227580e+01
2.370000000000269225e+00 1.543847365863288879e+01
2.390000000000268798e+00 1.451758392362749461e+01
2.410000000000268372e+00 1.584810364678507888e+01
2.430000000000267946e+00 1.511157848119390579e+01
2.450000000000267519e+00 1.472535461281509939e+01
2.470000000000267093e+00 1.463774749459645541e+01
2.490000000000266667e+00 1.577464699280114324e+01
2.510000000000266240e+00 1.430833815545650012e+01
2.530000000000265814e+00 1.478140554617957569e+01
2.550000000000265388e+00 1.497321028565717782e+01
2.570000000000264961e+00 1.478802224583807678e+01
2.590000000000264535e+00 1.473985120777198077e+01
2.610000000000264109e+00 1.401507290822463325e+01
2.630000000000263682e+00 1.454548512414430483e+01
2.650000000000263256e+00 1.444046205512367287e+01
2.670000000000262830e+00 1.498202148787333776e+01
2.690000000000262403e+00 1.443975880632230968e+01
2.710000000000261977e+00 1.497073255344912290e+01
2.730000000000261551e+00 1.471715728424084624e+01
2.750000000000261124e+00 1.418352714032532269e+01
2.770000000000260698e+00 1.463335400368097083e+01
2.790000000000260272e+00 1.450700697061512123e+01
2.810000000000259845e+00 1.450150062447232457e+01
2.830000000000259419e+00 1.442964615053341682e+01
2.850000000000258993e+00 1.493135146113293743e+01
2.870000000000258567e+00 1.437079112905646028e+01
2.890000000000258140e+00 1.526945451323762271e+01
2.910000000000257714e+00 1.433168326243983159e+01
2.930000000000257288e+00 1.426046646383395888e+01
2.950000000000256861e+00 1.458485057404366003e+01
2.970000000000256435e+00 1.456714175310349546e+01
2.990000000000256009e+00 1.424284558019606273e+01
3.010000000000255582e+00 1.431959069231255910e+01
3.030000000000255156e+00 1.478047093337141504e+01
3.050000000000254730e+00 1.471128665907017741e+01
3.070000000000254303e+00 1.403705055632139143e+01
3.090000000000253877e+00 1.445493081723684270e+01
3.110000000000253451e+00 1.442560300969628528e+01
3.130000000000253024e+00 1.448606060095933223e+01
3.150000000000252598e+00 1.426289029689869459e+01
3.170000000000252172e+00 1.422610744196578558e+01
3.190000000000251745e+00 1.383359567299978465e+01
3.210000000000251319e+00 1.368164256319052363e+01
3.230000000000250893e+00 1.399174924636255213e+01
3.250000000000250466e+00 1.386975410265433517e+01
3.270000000000250040e+00 1.386095401552091744e+01
3.290000000000249614e+00 1.368067965837391142e+01
3.310000000000249187e+00 1.363467889706364389e+01
3.330000000000248761e+00 1.382390832772241218e+01
3.350000000000248335e+00 1.365898007658124058e+01
3.370000000000247908e+00 1.349713154647506919e+01
3.390000000000247482e+00 1.357633861718961654e+01
3.410000000000247056e+00 1.367345218890728020e+01
3.430000000000246629e+00 1.351358235238452643e+01
3.450000000000246203e+00 1.349232775120568917e+01
3.470000000000245777e+00 1.362567078043985447e+01
3.490000000000245350e+00 1.363020702238565818e+01
3.510000000000244924e+00 1.358929119541349806e+01
3.530000000000244498e+00 1.347615383931408317e+01
3.550000000000244071e+00 1.317980516083446219e+01
3.570000000000243645e+00 1.314105061976942501e+01
3.590000000000243219e+00 1.335454482436920109e+01
3.610000000000242792e+00 1.287107970115410716e+01
3.630000000000242366e+00 1.323954194468642065e+01
3.650000000000241940e+00 1.284163305208486072e+01
3.670000000000241513e+00 1.339574909802921709e+01
3.690000000000241087e+00 1.290077481302436446e+01
3.710000000000240661e+00 1.311619410877650260e+01
3.730000000000240234e+00 1.290466047740478039e+01
3.750000000000239808e+00 1.263954679899537226e+01
3.770000000000239382e+00 1.254375771178980337e+01
3.790000000000238956e+00 1.291629234388865122e+01
3.810000000000238529e+00 1.251075171826221855e+01
3.830000000000238103e+00 1.290258304840157066e+01
3.850000000000237677e+00 1.249698741240552557e+01
3.870000000000237250e+00 1.254691503282336917e+01
3.890000000000236824e+00 1.223288395265804951e+01
3.910000000000236398e+00 1.276222799160701804e+01
3.930000000000235971e+00 1.218202506352536574e+01
3.950000000000235545e+00 1.209429370516846625e+01
3.970000000000235119e+00 1.252280079850861405e+01
3.990000000000234692e+00 1.238271527749737189e+01
4.010000000000234266e+00 1.229930638446605151e+01
4.030000000000233840e+00 1.219450853849807181e+01
4.050000000000233413e+00 1.205853916079700916e+01
4.070000000000232987e+00 1.227283699100806835e+01
4.090000000000232561e+00 1.234256827032160331e+01
4.110000000000232134e+00 1.194579935565135465e+01
4.130000000000231708e+00 1.224967171479787531e+01
4.150000000000231282e+00 1.184288606658501664e+01
4.170000000000230855e+00 1.198584343730794011e+01
4.190000000000230429e+00 1.180316511492318732e+01
4.210000000000230003e+00 1.191965247737401157e+01
4.230000000000229576e+00 1.173700692878046681e+01
4.250000000000229150e+00 1.164188410103448668e+01
4.270000000000228724e+00 1.121790709941310382e+01
4.290000000000228297e+00 1.165733162705857318e+01
4.310000000000227871e+00 1.151193096322426790e+01
4.330000000000227445e+00 1.136388915013151824e+01
4.350000000000227018e+00 1.146710950715730526e+01
4.370000000000226592e+00 1.110592283809852532e+01
4.390000000000226166e+00 1.150140814004426026e+01
4.410000000000225739e+00 1.098768810976707044e+01
4.430000000000225313e+00 1.097172985046857363e+01
4.450000000000224887e+00 1.077827852740016823e+01
4.470000000000224460e+00 1.097850431653094994e+01
4.490000000000224034e+00 1.106710582340025084e+01
4.510000000000223608e+00 1.078712023855911539e+01
4.530000000000223181e+00 1.048084152858591978e+01
4.550000000000222755e+00 1.060127400853967394e+01
4.570000000000222329e+00 1.070230887657689500e+01
4.590000000000221902e+00 1.044219983317244171e+01
4.610000000000221476e+00 1.024979717652810152e+01
4.630000000000221050e+00 1.025497231646467355e+01
4.650000000000220624e+00 1.030051063423429980e+01
4.670000000000220197e+00 1.023643400194952591e+01
4.690000000000219771e+00 1.019775262067226507e+01
4.710000000000219345e+00 1.007204275534495963e+01
4.730000000000218918e+00 1.019845611626347015e+01
4.750000000000218492e+00 9.878696603208693361e+00
4.770000000000218066e+00 9.972904470301459767e+00
4.790000000000217639e+00 1.023298413950003827e+01
4.810000000000217213e+00 9.787969280788310300e+00
4.830000000000216787e+00 9.928565168398785445e+00
4.850000000000216360e+00 9.709597497579920855e+00
4.870000000000215934e+00 9.766871024363348752e+00
4.890000000000215508e+00 9.400757811547297393e+00
4.910000000000215081e+00 9.921280863879037071e+00
4.930000000000214655e+00 9.415065082356274928e+00
4.950000000000214229e+00 9.479683972867784192e+00
4.970000000000213802e+00 9.701480287409673053e+00
4.990000000000213376e+00 9.476389963973621988e+00
5.010000000000212950e+00 9.155876598842910497e+00
5.030000000000212523e+00 9.217862418367774424e+00
5.050000000000212097e+00 9.425081719135711467e+00
5.070000000000211671e+00 9.019648005448491546e+00
5.090000000000211244e+00 9.339882039207227038e+00
5.110000000000210818e+00 9.308873877624499471e+00
5.130000000000210392e+00 9.149340859734524045e+00
5.150000000000209965e+00 8.774086709034936149e+00
5.170000000000209539e+00 9.184959332342867100e+00
5.190000000000209113e+00 8.881624640948803773e+00
5.210000000000208686e+00 8.954417459217291153e+00
5.230000000000208260e+00 9.058996107143062915e+00
5.250000000000207834e+00 8.790743666748136675e+00
5.270000000000207407e+00 8.869640110196293392e+00
5.290000000000206981e+00 8.965532923945106702e+00
5.310000000000206555e+00 8.731427065318326797e+00
5.330000000000206128e+00 8.682210343029188593e+00
5.350000000000205702e+00 8.485534926188126548e+00
5.370000000000205276e+00 8.610432551779142685e+00
5.390000000000204849e+00 8.427996195507208910e+00
5.410000000000204423e+00 8.796901890555931303e+00
5.430000000000203997e+00 8.361710715865086740e+00
5.450000000000203570e+00 8.340269232771710506e+00
5.470000000000203144e+00 8.375861638768300921e+00
5.490000000000202718e+00 8.428131357398966017e+00
5.510000000000202292e+00 8.197457476226039930e+00
5.530000000000201865e+00 7.949224694392576396e+00
5.550000000000201439e+00 8.229575059546196059e+00
5.570000000000201013e+00 8.158304837561631828e+00
5.590000000000200586e+00 8.063217293038215772e+00
5.610000000000200160e+00 8.115038933833080392e+00
5.630000000000199734e+00 7.982148711511634964e+00
5.650000000000199307e+00 7.750515678725145463e+00
5.670000000000198881e+00 7.807623566841984442e+00
5.690000000000198455e+00 7.831019045341415463e+00
5.710000000000198028e+00 7.856595743941063859e+00
5.730000000000197602e+00 7.823127429043761794e+00
5.750000000000197176e+00 7.759748557431064064e+00
5.770000000000196749e+00 7.565077142906424079e+00
5.790000000000196323e+00 7.580191301204770582e+00
5.810000000000195897e+00 7.552552145596720834e+00
5.830000000000195470e+00 7.720472989910695638e+00
5.850000000000195044e+00 7.439145427265619226e+00
5.870000000000194618e+00 7.494801910169866410e+00
5.890000000000194191e+00 7.484341170006231003e+00
5.910000000000193765e+00 7.660256589657493898e+00
5.930000000000193339e+00 7.532358531102889998e+00
5.950000000000192912e+00 7.263202572284092717e+00
5.970000000000192486e+00 7.610465997328889287e+00
5.990000000000192060e+00 7.221877182404659479e+00
6.010000000000191633e+00 7.450842314648147280e+00
6.030000000000191207e+00 7.198303797761330003e+00
6.050000000000190781e+00 7.249069182586106663e+00
6.070000000000190354e+00 7.221896964659914708e+00
6.090000000000189928e+00 7.474454582809796577e+00
6.110000000000189502e+00 7.373678794526835389e+00
6.130000000000189075e+00 7.058486373799897073e+00
6.150000000000188649e+00 7.167578610347462131e+00
6.170000000000188223e+00 7.004111192756883320e+00
6.190000000000187796e+00 7.239308838568917714e+00
6.210000000000187370e+00 7.051320115038618219e+00
6.230000000000186944e+00 7.132754760474968592e+00
6.250000000000186517e+00 7.078720264287418296e+00
6.270000000000186091e+00 7.026209343687145115e+00
6.290000000000185665e+00 7.058171837806109572e+00
6.310000000000185238e+00 7.101218789045938173e+00
6.330000000000184812e+00 7.092574486893818531e+00
6.350000000000184386e+00 6.925056828844658341e+00
6.370000000000183960e+00 6.942531291412256778e+00
6.390000000000183533e+00 7.104265778891596383e+00
6.410000000000183107e+00 6.877025381524813241e+00
6.430000000000182681e+00 6.963168624347334301e+00
6.450000000000182254e+00 7.082603734673162066e+00
6.470000000000181828e+00 6.986825346932527658e+00
6.490000000000181402e+00 6.894576130397516600e+00
6.510000000000180975e+00 6.969215240883126938e+00
6.530000000000180549e+00 7.060375605703567814e+00
6.550000000000180123e+00 6.843357056124999005e+00
6.570000000000179696e+00 7.136774034927103827e+00
6.590000000000179270e+00 6.958925616470601483e+00
6.610000000000178844e+00 6.860690877730379000e+00
6.630000000000178417e+00 6.839752146821527212e+00
6.650000000000177991e+00 6.618688437202580488e+00
6.670000000000177565e+00 6.876179386991057463e+00
6.690000000000177138e+00 6.918223602776642167e+00
6.710000000000176712e+00 6.886025162480915895e+00
6.730000000000176286e+00 6.913811213302435199e+00
6.750000000000175859e+00 6.714850972581043465e+00
6.770000000000175433e+00 6.760606751385612512e+00
6.790000000000175007e+00 6.705191935009635174e+00
6.810000000000174580e+00 6.853757024916200535e+00
6.830000000000174154e+00 6.715021270844522050e+00
6.850000000000173728e+00 6.705875921270998852e+00
6.870000000000173301e+00 6.633459457572990381e+00
6.890000000000172875e+00 6.670313144558531526e+00
6.910000000000172449e+00 6.629551569364060093e+00
6.930000000000172022e+00 6.566373201271540339e+00
6.950000000000171596e+00 6.626202191661008101e+00
6.970000000000171170e+00 6.718669796152066276e+00
6.990000000000170743e+00 6.603114228866854951e+00
7.010000000000170317e+00 6.364223178564994754e+00
7.030000000000169891e+00 6.496913506525952009e+00
7.050000000000169464e+00 6.507013295773280248e+00
7.070000000000169038e+00 6.377006127922513201e+00
7.090000000000168612e+00 6.565446281442627097e+00
7.110000000000168185e+00 6.333205774048912495e+00
7.130000000000167759e+00 6.514381012099735635e+00
7.150000000000167333e+00 6.175133442752144042e+00
7.170000000000166906e+00 6.455377763175440542e+00
7.190000000000166480e+00 6.127991209510025072e+00
7.210000000000166054e+00 6.355220746319474756e+00
7.230000000000165628e+00 6.118436301723609638e+00
7.250000000000165201e+00 6.173644181467007996e+00
7.270000000000164775e+00 6.267983552831672966e+00
7.290000000000164349e+00 6.177107024763280663e+00
7.310000000000163922e+00 6.207338076408003502e+00
7.330000000000163496e+00 6.025405627242839124e+00
7.350000000000163070e+00 6.012690802139412760e+00
7.370000000000162643e+00 6.136470572123799094e+00
7.390000000000162217e+00 5.936495478909317391e+00
7.410000000000161791e+00 6.049811231993001748e+00
7.430000000000161364e+00 6.067147780814177160e+00
7.450000000000160938e+00 5.990136994821615879e+00
7.470000000000160512e+00 5.905767442654823007e+00
7.490000000000160085e+00 5.930359347130141678e+00
7.510000000000159659e+00 5.757543612667086030e+00
7.530000000000159233e+00 5.845419027801016298e+00
7.550000000000158806e+00 5.873122324707452435e+00
7.570000000000158380e+00 5.741329187398294565e+00
7.590000000000157954e+00 5.741703298688279666e+00
7.610000000000157527e+00 5.727113448267064477e+00
7.630000000000157101e+00 5.704178112322065175e+00
7.650000000000156675e+00 5.605152278092443652e+00
7.670000000000156248e+00 5.698058710522689196e+00
7.690000000000155822e+00 5.721842313455972828e+00
7.710000000000155396e+00 5.682210713101708777e+00
7.730000000000154969e+00 5.659136080416724113e+00
7.750000000000154543e+00 5.668219214468579459e+00
7.770000000000154117e+00 5.604672760971479484e+00
7.790000000000153690e+00 5.570969294337251299e+00
7.810000000000153264e+00 5.570594122121446112e+00
7.830000000000152838e+00 5.537815824728656189e+00
7.850000000000152411e+00 5.600041288511309112e+00
7.870000000000151985e+00 5.539188631725447287e+00
7.890000000000151559e+00 5.604337051325126495e+00
7.910000000000151132e+00 5.636482758400729765e+00
7.930000000000150706e+00 5.516191467850400265e+00
7.950000000000150280e+00 5.482423293745328330e+00
7.970000000000149853e+00 5.561830838099592000e+00
7.990000000000149427e+00 5.568665422122230702e+00
8.010000000000149001e+00 5.576735084996676584e+00
8.030000000000148574e+00 5.573010661075224803e+00
8.050000000000148148e+00 5.459959913141558374e+00
8.070000000000147722e+00 5.706573032836561588e+00
8.090000000000147296e+00 5.558182328837035335e+00
8.110000000000146869e+00 5.572310421192426588e+00
8.130000000000146443e+00 5.573122214922191731e+00
8.150000000000146017e+00 5.606357122885828659e+00
8.170000000000145590e+00 5.603235799820139640e+00
8.190000000000145164e+00 5.580645325441270899e+00
8.210000000000144738e+00 5.559601467292415222e+00
8.230000000000144311e+00 5.619813444241917644e+00
8.250000000000143885e+00 5.583478435056584033e+00
8.270000000000143459e+00 5.578870518163891568e+00
8.290000000000143032e+00 5.699894530491180333e+00
8.310000000000142606e+00 5.683475508229892448e+00
8.330000000000142180e+00 5.605735551537773809e+00
8.350000000000141753e+00 5.574944765979212846e+00
8.370000000000141327e+00 5.574385934382284802e+00
8.390000000000140901e+00 5.541426456760738084e+00
8.410000000000140474e+00 5.504237622945732156e+00
8.430000000000140048e+00 5.591056684342632366e+00
8.450000000000139622e+00 5.586124419467440205e+00
8.470000000000139195e+00 5.653141938203564365e+00
8.490000000000138769e+00 5.637308001335414431e+00
8.510000000000138343e+00 5.605379440987380946e+00
8.530000000000137916e+00 5.628903491282263971e+00
8.550000000000137490e+00 5.595101593137473905e+00
8.570000000000137064e+00 5.541132637744979661e+00
8.590000000000136637e+00 5.561138465344217074e+00
8.610000000000136211e+00 5.572783217392839994e+00
8.630000000000135785e+00 5.544052921240314902e+00
8.650000000000135358e+00 5.566329996052713724e+00
8.670000000000134932e+00 5.481701579566848004e+00
8.690000000000134506e+00 5.518804518291596573e+00
8.710000000000134079e+00 5.582135965055933902e+00
8.730000000000133653e+00 5.524478049840255700e+00
8.750000000000133227e+00 5.535271888151593878e+00
8.770000000000132800e+00 5.560568854478207257e+00
8.790000000000132374e+00 5.448684929123356113e+00
8.810000000000131948e+00 5.440659979163456228e+00
8.830000000000131521e+00 5.489528185872668331e+00
8.850000000000131095e+00 5.401601679831975034e+00
8.870000000000130669e+00 5.535054053380106254e+00
8.890000000000130242e+00 5.356746776505435292e+00
8.910000000000129816e+00 5.404492967374281420e+00
8.930000000000129390e+00 5.306055965472471492e+00
8.950000000000128964e+00 5.397846283973248838e+00
8.970000000000128537e+00 5.404578639203093893e+00
8.990000000000128111e+00 5.268838300789105311e+00
9.010000000000127685e+00 5.340447339884621059e+00
9.030000000000127258e+00 5.331209673518671366e+00
9.050000000000126832e+00 5.338225200387948455e+00
9.070000000000126406e+00 5.291698116782663774e+00
9.090000000000125979e+00 5.358634416365351427e+00
9.110000000000125553e+00 5.327582801583462313e+00
9.130000000000125127e+00 5.243696481418472999e+00
9.150000000000124700e+00 5.273354464572845401e+00
9.170000000000124274e+00 5.233238523768398487e+00
9.190000000000123848e+00 5.238084892014136074e+00
9.210000000000123421e+00 5.231513014250479543e+00
9.230000000000122995e+00 5.263356102799955138e+00
9.250000000000122569e+00 5.206956542081560890e+00
9.270000000000122142e+00 5.214285977766949465e+00
9.290000000000121716e+00 5.213134428655703090e+00
9.310000000000121290e+00 5.207568428955040574e+00
9.330000000000120863e+00 5.184162936054032222e+00
9.350000000000120437e+00 5.114643227107939616e+00
9.370000000000120011e+00 5.167127082036666152e+00
9.390000000000119584e+00 5.131443476662192360e+00
9.410000000000119158e+00 5.191538264288625193e+00
9.430000000000118732e+00 5.158192323860989248e+00
9.450000000000118305e+00 5.192723207833076948e+00
9.470000000000117879e+00 5.117047243079674068e+00
9.490000000000117453e+00 5.033115896662375022e+00
9.510000000000117026e+00 5.131266471519656314e+00
9.530000000000116600e+00 5.066226642267332991e+00
9.550000000000116174e+00 5.112823098451343640e+00
9.570000000000115747e+00 5.041854809391975500e+00
9.590000000000115321e+00 5.004102534720645146e+00
9.610000000000114895e+00 5.046011266739443890e+00
9.630000000000114468e+00 5.017774067185474252e+00
9.650000000000114042e+00 4.920060992671821509e+00
9.670000000000113616e+00 4.979638216734265654e+00
9.690000000000113189e+00 4.985909704898088712e+00
9.710000000000112763e+00 5.001680754245726668e+00
9.730000000000112337e+00 4.968467844722218807e+00
9.750000000000111910e+00 4.937270487801488805e+00
9.770000000000111484e+00 4.848349353827677177e+00
9.790000000000111058e+00 4.939494956881810950e+00
9.810000000000110632e+00 4.896585062859844406e+00
9.830000000000110205e+00 4.846725571637678698e+00
9.850000000000109779e+00 4.887594435739278431e+00
9.870000000000109353e+00 4.794452230480751531e+00
9.890000000000108926e+00 4.876911913292988565e+00
9.910000000000108500e+00 4.780701467570867003e+00
9.930000000000108074e+00 4.851093454122913151e+00
9.950000000000107647e+00 4.711283131329025764e+00
9.970000000000107221e+00 4.706721861317258337e+00
9.990000000000106795e+00 4.767149998222105722e+00
1.001000000000010637e+01 4.752366588248472468e+00
1.003000000000010594e+01 4.690497699287480060e+00
1.005000000000010552e+01 4.655037216380312870e+00
1.007000000000010509e+01 4.705779311213784233e+00
1.009000000000010466e+01 4.698097868437450586e+00
1.011000000000010424e+01 4.657059680115691158e+00
1.013000000000010381e+01 4.634994657687803610e+00
1.015000000000010338e+01 4.606450548598883366e+00
1.017000000000010296e+01 4.622302329001374943e+00
1.019000000000010253e+01 4.583145640525264852e+00
1.021000000000010210e+01 4.546885227589646306e+00
1.023000000000010168e+01 4.505905239390529893e+00
1.025000000000010125e+01 4.569700196848192952e+00
1.027000000000010083e+01 4.497473586306023563e+00
1.029000000000010040e+01 4.492287844428772381e+00
1.031000000000009997e+01 4.437314445366460802e+00
1.033000000000009955e+01 4.402540231535642334e+00
1.035000000000009912e+01 4.397730279366945716e+00
1.037000000000009869e+01 4.428166745489786393e+00
1.039000000000009827e+01 4.374618736132464214e+00
1.041000000000009784e+01 4.370527569590628048e+00
1.043000000000009742e+01 4.349807701102937685e+00
1.045000000000009699e+01 4.306098931226324034e+00
1.047000000000009656e+01 4.295917123916909830e+00
1.049000000000009614e+01 4.313390727693177773e+00
1.051000000000009571e+01 4.261992498532842788e+00
1.053000000000009528e+01 4.266970122282816469e+00
1.055000000000009486e+01 4.159642636129335713e+00
1.057000000000009443e+01 4.149339165052098544e+00
1.059000000000009400e+01 4.145120638838362126e+00
1.061000000000009358e+01 4.123621688540939800e+00
1.063000000000009315e+01 4.088732076357654677e+00
1.065000000000009273e+01 4.057037802430375706e+00
1.067000000000009230e+01 4.006139305842656206e+00
1.069000000000009187e+01 3.990709255660013888e+00
1.071000000000009145e+01 4.022889590779979763e+00
1.073000000000009102e+01 4.009493084729533585e+00
1.075000000000009059e+01 3.885048460477951604e+00
1.077000000000009017e+01 3.912363488531033884e+00
1.079000000000008974e+01 3.881220823431633882e+00
1.081000000000008932e+01 3.875004916220960549e+00
1.083000000000008889e+01 3.860555353682244561e+00
1.085000000000008846e+01 3.778422190095105826e+00
1.087000000000008804e+01 3.757110522536560637e+00
1.089000000000008761e+01 3.779718881320391688e+00
1.091000000000008718e+01 3.700854584760497445e+00
1.093000000000008676e+01 3.704109323955829591e+00
1.095000000000008633e+01 3.649389643907829051e+00
1.097000000000008590e+01 3.572669761318894910e+00
1.099000000000008548e+01 3.577988492166074952e+00
1.101000000000008505e+01 3.622707227481817949e+00
1.103000000000008463e+01 3.506004942055005458e+00
1.105000000000008420e+01 3.561039094121846382e+00
1.107000000000008377e+01 3.503346917610860256e+00
1.109000000000008335e+01 3.407235629400608090e+00
1.111000000000008292e+01 3.485238515344440735e+00
1.113000000000008249e+01 3.432018311792022214e+00
1.115000000000008207e+01 3.358368964410786806e+00
1.117000000000008164e+01 3.366610775110470577e+00
1.119000000000008122e+01 3.330442680326259453e+00
1.121000000000008079e+01 3.337388367953725510e+00
1.123000000000008036e+01 3.285485906694432412e+00
1.125000000000007994e+01 3.262866092751639080e+00
1.127000000000007951e+01 3.258870268920957436e+00
1.129000000000007908e+01 3.199796441320402529e+00
1.131000000000007866e+01 3.235520801362506749e+00
1.133000000000007823e+01 3.167432703170615760e+00
1.135000000000007780e+01 3.198750440521589411e+00
1.137000000000007738e+01 3.084390671545347740e+00
1.139000000000007695e+01 3.103289850860369459e+00
1.141000000000007653e+01 3.107555016360254996e+00
1.143000000000007610e+01 3.015370873336127300e+00
1.145000000000007567e+01 3.073169885051903361e+00
1.147000000000007525e+01 3.003309482153702081e+00
1.149000000000007482e+01 2.975163678185026139e+00
1.151000000000007439e+01 3.007190858956120039e+00
1.153000000000007397e+01 2.926581060140823531e+00
1.155000000000007354e+01 3.004246519122104164e+00
1.157000000000007311e+01 2.883070665799384091e+00
1.159000000000007269e+01 2.898395005732100405e+00
1.161000000000007226e+01 2.865289729928012896e+00
1.163000000000007184e+01 2.911846348202080659e+00
1.165000000000007141e+01 2.837837328346036081e+00
1.167000000000007098e+01 2.804442338724087769e+00
1.169000000000007056e+01 2.808591062286815543e+00
1.171000000000007013e+01 2.834157621498957447e+00
1.173000000000006970e+01 2.779617477896690669e+00
1.175000000000006928e+01 2.772109869510886337e+00
1.177000000000006885e+01 2.727516649117680991e+00
1.179000000000006843e+01 2.743985064609316016e+00
1.181000000000006800e+01 2.726854291416489051e+00
1.183000000000006757e+01 2.674934265647533227e+00
1.185000000000006715e+01 2.689916150176540732e+00
1.187000000000006672e+01 2.657168091722192038e+00
1.189000000000006629e+01 2.699057252078413072e+00
1.191000000000006587e+01 2.658554767897605586e+00
1.193000000000006544e+01 2.675426809703198128e+00
1.195000000000006501e+01 2.630259481529661603e+00
1.197000000000006459e+01 2.612569403452329908e+00
1.199000000000006416e+01 2.555544147330164773e+00
1.201000000000006374e+01 2.622727128144469511e+00
1.203000000000006331e+01 2.511669517983249111e+00
1.205000000000006288e+01 2.545773484283019528e+00
1.207000000000006246e+01 2.546273987253510729e+00
1.209000000000006203e+01 2.547253089627920630e+00
1.211000000000006160e+01 2.498703614899073333e+00
1.213000000000006118e+01 2.508499441288874809e+00
1.215000000000006075e+01 2.473346139255765852e+00
1.217000000000006033e+01 2.519816233226123803e+00
1.219000000000005990e+01 2.427752042957291412e+00
1.221000000000005947e+01 2.478504515184081214e+00
1.223000000000005905e+01 2.433316674150420411e+00
1.225000000000005862e+01 2.388807766659484688e+00
1.227000000000005819e+01 2.442676108856172146e+00
1.229000000000005777e+01 2.420324277835820048e+00
1.231000000000005734e+01 2.409984217960260633e+00
1.233000000000005691e+01 2.403892999586044077e+00
1.235000000000005649e+01 2.355310779315545222e+00
1.237000000000005606e+01 2.372186213045713199e+00
1.239000000000005564e+01 2.351366226072276966e+00
1.241000000000005521e+01 2.367922590320715504e+00
1.243000000000005478e+01 2.338758946855000964e+00
1.245000000000005436e+01 2.323955025230964200e+00
1.247000000000005393e+01 2.358375425904933653e+00
1.249000000000005350e+01 2.343399912601123347e+00
1.251000000000005308e+01 2.340114338775704628e+00
1.253000000000005265e+01 2.322447150219644652e+00
1.255000000000005222e+01 2.276362999224064598e+00
1.257000000000005180e+01 2.267969667618367158e+00
1.259000000000005137e+01 2.287285887461453893e+00
1.261000000000005095e+01 2.282680078607651097e+00
1.263000000000005052e+01 2.239709735864352957e+00
1.265000000000005009e+01 2.273757115409634988e+00
1.267000000000004967e+01 2.244173963731007859e+00
1.269000000000004924e+01 2.247671134298756979e+00
1.271000000000004881e+01 2.252467252520013563e+00
1.273000000000004839e+01 2.233355627083899453e+00
1.275000000000004796e+01 2.225158792962203869e+00
1.277000000000004754e+01 2.248562933700409161e+00
1.279000000000004711e+01 2.223518758576426002e+00
1.281000000000004668e+01 2.172322721242795129e+00
1.283000000000004626e+01 2.165264069689249116e+00
1.285000000000004583e+01 2.152687829405040443e+00
1.287000000000004540e+01 2.182655567660763740e+00
1.289000000000004498e+01 2.199810962764945810e+00
1.291000000000004455e+01 2.163156114468056668e+00
1.293000000000004412e+01 2.107920597076396785e+00
1.295000000000004370e+01 2.127896530301151667e+00
1.297000000000004327e+01 2.123196465846490799e+00
1.299000000000004285e+01 2.090984881047353028e+00
1.301000000000004242e+01 2.102293248877515452e+00
1.303000000000004199e+01 2.061328704591799177e+00
1.305000000000004157e+01 2.089841429312742527e+00
1.307000000000004114e+01 2.051331503260750200e+00
1.309000000000004071e+01 2.053243342564614604e+00
1.311000000000004029e+01 2.005293394846629162e+00
1.313000000000003986e+01 2.042442530592020411e+00
1.315000000000003944e+01 2.039522740902388165e+00
1.317000000000003901e+01 2.042229041355084096e+00
1.319000000000003858e+01 1.982857599694285211e+00
1.321000000000003816e+01 1.990089308077759300e+00
1.323000000000003773e+01 1.994749399043223903e+00
1.325000000000003730e+01 2.005747251188379821e+00
1.327000000000003688e+01 1.939211760092518944e+00
1.329000000000003645e+01 1.925955817860363961e+00
1.331000000000003602e+01 1.950505913877037534e+00
1.333000000000003560e+01 1.894636232667066711e+00
1.335000000000003517e+01 1.889867750239198951e+00
1.337000000000003475e+01 1.909087533415548821e+00
1.339000000000003432e+01 1.838038751834857765e+00
1.341000000000003389e+01 1.873813824001457906e+00
1.343000000000003347e+01 1.847427254984764122e+00
1.345000000000003304e+01 1.846994649022499990e+00
1.347000000000003261e+01 1.859845567094311036e+00
1.349000000000003219e+01 1.818562435460362003e+00
1.351000000000003176e+01 1.803405837438118997e+00
1.353000000000003133e+01 1.785986284192089713e+00
1.355000000000003091e+01 1.746979090503184340e+00
1.357000000000003048e+01 1.770464804715449869e+00
1.359000000000003006e+01 1.759705669851600707e+00
1.361000000000002963e+01 1.712484328443760750e+00
1.363000000000002920e+01 1.696342899884234035e+00
1.365000000000002878e+01 1.711912323291873372e+00
1.367000000000002835e+01 1.736643158283350363e+00
1.369000000000002792e+01 1.685755993383507123e+00
1.371000000000002750e+01 1.662590001460567013e+00
1.373000000000002707e+01 1.651861160590220257e+00
1.375000000000002665e+01 1.634527139441739108e+00
1.377000000000002622e+01 1.634455244065104562e+00
1.379000000000002579e+01 1.595886384237519939e+00
1.381000000000002537e+01 1.587059460406506473e+00
1.383000000000002494e+01 1.575670088854817852e+00
1.385000000000002451e+01 1.586063774231526669e+00
1.387000000000002409e+01 1.555270773989093858e+00
1.389000000000002366e+01 1.528424261425219699e+00
1.391000000000002323e+01 1.523044237922137834e+00
1.393000000000002281e+01 1.509667655291529798e+00
1.395000000000002238e+01 1.504733350940772318e+00
1.397000000000002196e+01 1.470359621416543972e+00
1.399000000000002153e+01 1.459817394781501854e+00
1.401000000000002110e+01 1.435190110385675455e+00
1.403000000000002068e+01 1.433369608646821725e+00
1.405000000000002025e+01 1.419457898835600140e+00
1.407000000000001982e+01 1.416762565182357214e+00
1.409000000000001940e+01 1.380161374573285915e+00
1.411000000000001897e+01 1.343111788158528608e+00
1.413000000000001855e+01 1.364761544849937058e+00
1.415000000000001812e+01 1.356098397013124179e+00
1.417000000000001769e+01 1.370160822860198691e+00
1.419000000000001727e+01 1.325806883480486142e+00
1.421000000000001684e+01 1.266205914039356673e+00
1.423000000000001641e+01 1.270393815546660532e+00
1.425000000000001599e+01 1.254278853273268934e+00
1.427000000000001556e+01 1.223714652822185611e+00
1.429000000000001513e+01 1.209951283096317054e+00
1.431000000000001471e+01 1.156233232232426911e+00
1.433000000000001428e+01 1.127123834054955864e+00
1.435000000000001386e+01 1.141396356143746571e+00
1.437000000000001343e+01 1.086540825500541985e+00
1.439000000000001300e+01 1.061210629430473951e+00
1.441000000000001258e+01 1.064509928665416716e+00
1.443000000000001215e+01 1.022562512578492733e+00
1.445000000000001172e+01 9.260686089959120348e-01
1.447000000000001130e+01 8.630941301240547814e-01
1.449000000000001087e+01 7.520282585681969945e-01
1.451000000000001044e+01 6.219637842489559310e-01
1.453000000000001002e+01 5.274455642998923111e-01
1.455000000000000959e+01 3.869545284920454797e-01
1.457000000000000917e+01 2.877600479186532278e-01
1.459000000000000874e+01 1.887764869953226232e-01
1.461000000000000831e+01 1.249897993066733243e-01
1.463000000000000789e+01 6.963758919152829296e-02
1.465000000000000746e+01 4.189490092216992256e-02
1.467000000000000703e+01 1.969160753057027161e-02
1.469000000000000661e+01 1.408213746251581883e-02
1.471000000000000618e+01 1.404073931598692412e-02
1.473000000000000576e+01 5.621242868713605643e-03
1.475000000000000533e+01 2.808803348301001229e-03
1.477000000000000490e+01 0.000000000000000000e+00
1.479000000000000448e+01 0.000000000000000000e+00
1.481000000000000405e+01 0.000000000000000000e+00
1.483000000000000362e+01 0.000000000000000000e+00
1.485000000000000320e+01 0.000000000000000000e+00
1.487000000000000277e+01 0.000000000000000000e+00
1.489000000000000234e+01 0.000000000000000000e+00
1.491000000000000192e+01 0.000000000000000000e+00
1.493000000000000149e+01 0.000000000000000000e+00
1.495000000000000107e+01 0.000000000000000000e+00
1.497000000000000064e+01 0.000000000000000000e+00
1.499000000000000021e+01 0.000000000000000000e+00
