# Redshift		Merger Rate Density [Gpc^-3yr^-1]
1.000000000031931770e-02 2.937965247209856301e+01
3.000000000031888964e-02 2.987153092314551373e+01
5.000000000031846331e-02 3.065341133075806468e+01
7.000000000031804392e-02 3.076411257843751557e+01
9.000000000031761760e-02 3.143250695738424483e+01
1.100000000003171913e-01 3.191737354793837866e+01
1.300000000003167511e-01 3.226041554949867418e+01
1.500000000003163247e-01 3.303701946933122713e+01
1.700000000003158984e-01 3.387996973345085649e+01
1.900000000003154721e-01 3.474206820161505505e+01
2.100000000003150458e-01 3.523742150345290014e+01
2.300000000003146194e-01 3.587825871780947296e+01
2.500000000003141931e-01 3.662290503359620431e+01
2.700000000003137668e-01 3.742001972906135165e+01
2.900000000003133405e-01 3.766715336430745964e+01
3.100000000003129141e-01 3.818203870482389561e+01
3.300000000003124878e-01 3.846709773050063319e+01
3.500000000003120615e-01 3.897551576819792274e+01
3.700000000003116352e-01 3.947774237232391670e+01
3.900000000003112088e-01 4.010173956563772180e+01
4.100000000003107825e-01 4.015503139006320765e+01
4.300000000003103562e-01 4.117796953806978166e+01
4.500000000003099299e-01 4.154361423233935113e+01
4.700000000003095035e-01 4.198503996235703539e+01
4.900000000003090772e-01 4.256660126797743260e+01
5.100000000003086509e-01 4.341358238687013227e+01
5.300000000003082246e-01 4.393717993055471993e+01
5.500000000003077982e-01 4.420442527064110294e+01
5.700000000003073719e-01 4.522331276201369121e+01
5.900000000003069456e-01 4.558412704962061923e+01
6.100000000003065193e-01 4.644309178149413952e+01
6.300000000003060929e-01 4.729939299702751754e+01
6.500000000003056666e-01 4.766111022894824600e+01
6.700000000003052403e-01 4.835828091116917449e+01
6.900000000003048140e-01 4.902791192007238408e+01
7.100000000003043876e-01 4.930499750242625367e+01
7.300000000003039613e-01 4.982570074654945103e+01
7.500000000003035350e-01 5.069412072129676261e+01
7.700000000003031086e-01 5.063344544648307988e+01
7.900000000003026823e-01 5.201836324111074816e+01
8.100000000003022560e-01 5.208665277644354319e+01
8.300000000003018297e-01 5.250340504712661982e+01
8.500000000003014033e-01 5.333087641635230369e+01
8.700000000003009770e-01 5.421034117556218490e+01
8.900000000003005507e-01 5.420706756783231128e+01
9.100000000003001244e-01 5.454428909543612036e+01
9.300000000002996980e-01 5.550288557736287487e+01
9.500000000002992717e-01 5.603307109208088121e+01
9.700000000002988454e-01 5.638062321125456577e+01
9.900000000002984191e-01 5.690464434142858607e+01
1.010000000000297993e+00 5.788367915106857708e+01
1.030000000000297566e+00 5.767199743998393302e+01
1.050000000000297140e+00 5.880499074516636426e+01
1.070000000000296714e+00 5.906042905634795659e+01
1.090000000000296287e+00 5.978675427129926589e+01
1.110000000000295861e+00 5.992621162389546186e+01
1.130000000000295435e+00 6.018393262206441818e+01
1.150000000000295008e+00 6.046920692082251492e+01
1.170000000000294582e+00 6.109728744947422285e+01
1.190000000000294156e+00 6.157906449522280923e+01
1.210000000000293729e+00 6.128915187638850881e+01
1.230000000000293303e+00 6.216907595694436850e+01
1.250000000000292877e+00 6.218807412093780584e+01
1.270000000000292451e+00 6.317612784277721971e+01
1.290000000000292024e+00 6.278392208609562886e+01
1.310000000000291598e+00 6.250668906006935543e+01
1.330000000000291172e+00 6.365824381798627485e+01
1.350000000000290745e+00 6.354029850441552441e+01
1.370000000000290319e+00 6.373473712076539499e+01
1.390000000000289893e+00 6.407826772665760018e+01
1.410000000000289466e+00 6.400530129363457377e+01
1.430000000000289040e+00 6.427108311822166797e+01
1.450000000000288614e+00 6.448507795940098219e+01
1.470000000000288187e+00 6.414849070335689873e+01
1.490000000000287761e+00 6.424482543288951319e+01
1.510000000000287335e+00 6.500083876354862866e+01
1.530000000000286908e+00 6.484813271062185436e+01
1.550000000000286482e+00 6.514901159328468339e+01
1.570000000000286056e+00 6.427397045431895606e+01
1.590000000000285629e+00 6.547284360766094835e+01
1.610000000000285203e+00 6.557397530837140209e+01
1.630000000000284777e+00 6.494513516916785534e+01
1.650000000000284350e+00 6.494884547830518784e+01
1.670000000000283924e+00 6.491323750424787420e+01
1.690000000000283498e+00 6.493856341001990984e+01
1.710000000000283071e+00 6.574705287419730837e+01
1.730000000000282645e+00 6.491757730135049087e+01
1.750000000000282219e+00 6.458302331474833125e+01
1.770000000000281792e+00 6.514648814830913182e+01
1.790000000000281366e+00 6.398643216140153811e+01
1.810000000000280940e+00 6.467960564547931313e+01
1.830000000000280513e+00 6.420755253901208448e+01
1.850000000000280087e+00 6.516687147399395030e+01
1.870000000000279661e+00 6.373110468183443800e+01
1.890000000000279234e+00 6.363613837026345976e+01
1.910000000000278808e+00 6.313778079456293568e+01
1.930000000000278382e+00 6.390967548775749663e+01
1.950000000000277955e+00 6.373606090797074586e+01
1.970000000000277529e+00 6.326092981365637513e+01
1.990000000000277103e+00 6.269176904234050340e+01
2.010000000000276899e+00 6.265318617616119923e+01
2.030000000000276472e+00 6.217330395122026232e+01
2.050000000000276046e+00 6.180037352674517592e+01
2.070000000000275620e+00 6.219095118911609177e+01
2.090000000000275193e+00 6.094219827707958359e+01
2.110000000000274767e+00 6.112808885513933177e+01
2.130000000000274341e+00 6.046883410741423859e+01
2.150000000000273914e+00 6.022314281971262062e+01
2.170000000000273488e+00 6.034310790829707116e+01
2.190000000000273062e+00 6.018601299076222233e+01
2.210000000000272635e+00 5.922556899711003808e+01
2.230000000000272209e+00 5.841371740795840140e+01
2.250000000000271783e+00 5.822598212217447866e+01
2.270000000000271356e+00 5.833133803181885213e+01
2.290000000000270930e+00 5.739113643866789971e+01
2.310000000000270504e+00 5.728496926569879122e+01
2.330000000000270077e+00 5.645339595013340528e+01
2.350000000000269651e+00 5.603930107713034658e+01
2.370000000000269225e+00 5.602826443555313318e+01
2.390000000000268798e+00 5.483007030499955192e+01
2.410000000000268372e+00 5.512885609074033511e+01
2.430000000000267946e+00 5.426857696706683498e+01
2.450000000000267519e+00 5.381235039815584997e+01
2.470000000000267093e+00 5.337012311460340186e+01
2.490000000000266667e+00 5.280457964376594759e+01
2.510000000000266240e+00 5.218027627758467446e+01
2.530000000000265814e+00 5.243337910939484203e+01
2.550000000000265388e+00 5.177917676388582180e+01
2.570000000000264961e+00 5.052668264993463509e+01
2.590000000000264535e+00 5.050304966631532011e+01
2.610000000000264109e+00 5.037660810832673519e+01
2.630000000000263682e+00 4.971042161093011202e+01
2.650000000000263256e+00 4.939724429541561079e+01
2.670000000000262830e+00 4.847829382216431071e+01
2.690000000000262403e+00 4.800488099478440773e+01
2.710000000000261977e+00 4.807112183875393185e+01
2.730000000000261551e+00 4.712901814916330068e+01
2.750000000000261124e+00 4.712107995813680361e+01
2.770000000000260698e+00 4.650076194096633486e+01
2.790000000000260272e+00 4.612923087670753830e+01
2.810000000000259845e+00 4.497529667732494829e+01
2.830000000000259419e+00 4.562167478886530603e+01
2.850000000000258993e+00 4.433267867531181849e+01
2.870000000000258567e+00 4.417741856021774538e+01
2.890000000000258140e+00 4.405280914413074811e+01
2.910000000000257714e+00 4.361413566047337298e+01
2.930000000000257288e+00 4.326820061318569088e+01
2.950000000000256861e+00 4.216126828548501493e+01
2.970000000000256435e+00 4.233177648016347661e+01
2.990000000000256009e+00 4.125004180470882176e+01
3.010000000000255582e+00 4.099923330614133477e+01
3.030000000000255156e+00 4.139020887600582199e+01
3.050000000000254730e+00 4.009972092345085315e+01
3.070000000000254303e+00 4.041472335805670468e+01
3.090000000000253877e+00 3.988669023929350033e+01
3.110000000000253451e+00 3.968491029679839954e+01
3.130000000000253024e+00 3.935006651782585152e+01
3.150000000000252598e+00 3.804692209603139474e+01
3.170000000000252172e+00 3.806276175749743373e+01
3.190000000000251745e+00 3.797939630173681280e+01
3.210000000000251319e+00 3.735461067010161429e+01
3.230000000000250893e+00 3.719977049587699014e+01
3.250000000000250466e+00 3.651220271582810284e+01
3.270000000000250040e+00 3.689757994929422580e+01
3.290000000000249614e+00 3.598724002958907420e+01
3.310000000000249187e+00 3.556244699892678796e+01
3.330000000000248761e+00 3.562633040230816306e+01
3.350000000000248335e+00 3.511312667950812738e+01
3.370000000000247908e+00 3.436263401530054296e+01
3.390000000000247482e+00 3.432439237670022436e+01
3.410000000000247056e+00 3.384369406213148324e+01
3.430000000000246629e+00 3.362548619498522129e+01
3.450000000000246203e+00 3.362259253902400502e+01
3.470000000000245777e+00 3.313165651420902691e+01
3.490000000000245350e+00 3.287642955723539728e+01
3.510000000000244924e+00 3.209578548042524915e+01
3.530000000000244498e+00 3.223719120976916486e+01
3.550000000000244071e+00 3.185515276564018095e+01
3.570000000000243645e+00 3.132382403852381358e+01
3.590000000000243219e+00 3.131709866465929437e+01
3.610000000000242792e+00 3.129358474200503437e+01
3.630000000000242366e+00 3.072193440052692992e+01
3.650000000000241940e+00 3.028506027851855720e+01
3.670000000000241513e+00 3.023458870431017331e+01
3.690000000000241087e+00 2.949343364146719182e+01
3.710000000000240661e+00 2.967552033578033033e+01
3.730000000000240234e+00 2.934228565247738985e+01
3.750000000000239808e+00 2.907395481201128362e+01
3.770000000000239382e+00 2.916384735339070033e+01
3.790000000000238956e+00 2.828786216595455016e+01
3.810000000000238529e+00 2.846366979190506896e+01
3.830000000000238103e+00 2.796181046103637158e+01
3.850000000000237677e+00 2.818615817532937484e+01
3.870000000000237250e+00 2.747299776715819775e+01
3.890000000000236824e+00 2.731241448091242674e+01
3.910000000000236398e+00 2.735280404005128929e+01
3.930000000000235971e+00 2.703297933168352785e+01
3.950000000000235545e+00 2.683736585925021600e+01
3.970000000000235119e+00 2.656913257807582696e+01
3.990000000000234692e+00 2.609144479955537221e+01
4.010000000000234266e+00 2.614888235167964581e+01
4.030000000000233840e+00 2.617270380239197536e+01
4.050000000000233413e+00 2.561913065701119052e+01
4.070000000000232987e+00 2.559710267692594599e+01
4.090000000000232561e+00 2.517842743844873254e+01
4.110000000000232134e+00 2.476538330278298972e+01
4.130000000000231708e+00 2.502848849362679928e+01
4.150000000000231282e+00 2.439378015544758327e+01
4.170000000000230855e+00 2.466631399355933141e+01
4.190000000000230429e+00 2.440140298657432538e+01
4.210000000000230003e+00 2.412593640109896853e+01
4.230000000000229576e+00 2.365893835333998041e+01
4.250000000000229150e+00 2.377764866730532134e+01
4.270000000000228724e+00 2.361941152441112024e+01
4.290000000000228297e+00 2.349384145957683856e+01
4.310000000000227871e+00 2.320842059100627353e+01
4.330000000000227445e+00 2.324957935076276527e+01
4.350000000000227018e+00 2.273693919002081287e+01
4.370000000000226592e+00 2.269372973509616287e+01
4.390000000000226166e+00 2.243562064323399241e+01
4.410000000000225739e+00 2.223244517027171696e+01
4.430000000000225313e+00 2.221905103596778730e+01
4.450000000000224887e+00 2.183808073970648422e+01
4.470000000000224460e+00 2.171166868234400482e+01
4.490000000000224034e+00 2.156290199360740090e+01
4.510000000000223608e+00 2.159422589720613672e+01
4.530000000000223181e+00 2.122404157191679985e+01
4.550000000000222755e+00 2.119004121900977822e+01
4.570000000000222329e+00 2.087228932751176202e+01
4.590000000000221902e+00 2.086921995228124516e+01
4.610000000000221476e+00 2.094229722849124897e+01
4.630000000000221050e+00 2.042439941479526766e+01
4.650000000000220624e+00 2.042763012120031618e+01
4.670000000000220197e+00 2.029071127289599730e+01
4.690000000000219771e+00 2.017183108332700670e+01
4.710000000000219345e+00 1.997674323600443813e+01
4.730000000000218918e+00 2.002847398903846354e+01
4.750000000000218492e+00 1.955003030193124758e+01
4.770000000000218066e+00 1.974474943989803322e+01
4.790000000000217639e+00 1.928738250196648352e+01
4.810000000000217213e+00 1.929590237733291502e+01
4.830000000000216787e+00 1.931895258409371507e+01
4.850000000000216360e+00 1.907629529588865580e+01
4.870000000000215934e+00 1.899053841061891745e+01
4.890000000000215508e+00 1.885228525161386770e+01
4.910000000000215081e+00 1.850979004110669734e+01
4.930000000000214655e+00 1.859473849635150344e+01
4.950000000000214229e+00 1.855800563048667939e+01
4.970000000000213802e+00 1.829202543966549754e+01
4.990000000000213376e+00 1.821502826723197543e+01
5.010000000000212950e+00 1.811648936948115818e+01
5.030000000000212523e+00 1.785621155406528260e+01
5.050000000000212097e+00 1.771102861149588392e+01
5.070000000000211671e+00 1.797678602908046841e+01
5.090000000000211244e+00 1.782832473433874299e+01
5.110000000000210818e+00 1.732085679380994847e+01
5.130000000000210392e+00 1.734741526732862837e+01
5.150000000000209965e+00 1.756603559304677376e+01
5.170000000000209539e+00 1.728321946741220216e+01
5.190000000000209113e+00 1.718450413569119206e+01
5.210000000000208686e+00 1.698366138769423728e+01
5.230000000000208260e+00 1.680676855317722840e+01
5.250000000000207834e+00 1.689391333879803625e+01
5.270000000000207407e+00 1.686812208053650508e+01
5.290000000000206981e+00 1.668434152397501080e+01
5.310000000000206555e+00 1.639413731008217212e+01
5.330000000000206128e+00 1.674783056097422929e+01
5.350000000000205702e+00 1.626895053593543139e+01
5.370000000000205276e+00 1.632791403776845129e+01
5.390000000000204849e+00 1.627005379162449472e+01
5.410000000000204423e+00 1.601914197027336328e+01
5.430000000000203997e+00 1.602729783106921602e+01
5.450000000000203570e+00 1.604700420363857916e+01
5.470000000000203144e+00 1.581470912100874848e+01
5.490000000000202718e+00 1.567976559124106473e+01
5.510000000000202292e+00 1.567479226280693716e+01
5.530000000000201865e+00 1.568108263346156583e+01
5.550000000000201439e+00 1.545712607230055369e+01
5.570000000000201013e+00 1.559407176438303821e+01
5.590000000000200586e+00 1.543976792279211985e+01
5.610000000000200160e+00 1.538590974152153379e+01
5.630000000000199734e+00 1.522794650155153562e+01
5.650000000000199307e+00 1.521010537205598112e+01
5.670000000000198881e+00 1.521281551892917605e+01
5.690000000000198455e+00 1.501982857372865432e+01
5.710000000000198028e+00 1.491750008365797520e+01
5.730000000000197602e+00 1.488417998557602928e+01
5.750000000000197176e+00 1.468691463920264972e+01
5.770000000000196749e+00 1.456546604354180907e+01
5.790000000000196323e+00 1.468245573382304059e+01
5.810000000000195897e+00 1.457044278913177138e+01
5.830000000000195470e+00 1.443302162351015916e+01
5.850000000000195044e+00 1.447118134772219911e+01
5.870000000000194618e+00 1.440072848680551765e+01
5.890000000000194191e+00 1.417965745076133111e+01
5.910000000000193765e+00 1.407693968937789819e+01
5.930000000000193339e+00 1.410800517125661813e+01
5.950000000000192912e+00 1.439589941668196005e+01
5.970000000000192486e+00 1.399241808609544613e+01
5.990000000000192060e+00 1.380620598395826804e+01
6.010000000000191633e+00 1.393034930796349613e+01
6.030000000000191207e+00 1.378768461176296256e+01
6.050000000000190781e+00 1.394922876097281517e+01
6.070000000000190354e+00 1.353538797709619246e+01
6.090000000000189928e+00 1.367342754795146753e+01
6.110000000000189502e+00 1.353796149070581833e+01
6.130000000000189075e+00 1.347303059970686512e+01
6.150000000000188649e+00 1.343980873602151505e+01
6.170000000000188223e+00 1.357064955435926912e+01
6.190000000000187796e+00 1.334646234571235901e+01
6.210000000000187370e+00 1.306276621626428458e+01
6.230000000000186944e+00 1.336897676983263494e+01
6.250000000000186517e+00 1.309552623107423486e+01
6.270000000000186091e+00 1.317575639533553478e+01
6.290000000000185665e+00 1.304173917904887148e+01
6.310000000000185238e+00 1.314512443353559235e+01
6.330000000000184812e+00 1.284479295764507967e+01
6.350000000000184386e+00 1.278592559475886858e+01
6.370000000000183960e+00 1.270786233464730941e+01
6.390000000000183533e+00 1.292083360423799299e+01
6.410000000000183107e+00 1.276239366496919381e+01
6.430000000000182681e+00 1.278491953710327955e+01
6.450000000000182254e+00 1.259833984962655862e+01
6.470000000000181828e+00 1.254159811503006949e+01
6.490000000000181402e+00 1.263105416189157637e+01
6.510000000000180975e+00 1.236800331448017864e+01
6.530000000000180549e+00 1.249271605877140523e+01
6.550000000000180123e+00 1.243889212858440096e+01
6.570000000000179696e+00 1.230460305299813584e+01
6.590000000000179270e+00 1.240997657002222887e+01
6.610000000000178844e+00 1.218684775495001382e+01
6.630000000000178417e+00 1.217626213563287862e+01
6.650000000000177991e+00 1.212926427881998137e+01
6.670000000000177565e+00 1.209198207465517427e+01
6.690000000000177138e+00 1.206903981779824697e+01
6.710000000000176712e+00 1.204806023105071411e+01
6.730000000000176286e+00 1.202527569590361445e+01
6.750000000000175859e+00 1.194479866168703275e+01
6.770000000000175433e+00 1.189409832431037728e+01
6.790000000000175007e+00 1.192633447967092231e+01
6.810000000000174580e+00 1.175076863332974497e+01
6.830000000000174154e+00 1.175171714827884273e+01
6.850000000000173728e+00 1.175943523506831845e+01
6.870000000000173301e+00 1.169314693549257989e+01
6.890000000000172875e+00 1.151636287741122189e+01
6.910000000000172449e+00 1.156845088299007962e+01
6.930000000000172022e+00 1.141680042495450564e+01
6.950000000000171596e+00 1.152880870067756902e+01
6.970000000000171170e+00 1.151223456806641998e+01
6.990000000000170743e+00 1.145904642946419294e+01
7.010000000000170317e+00 1.133274961503895284e+01
7.030000000000169891e+00 1.150280776224120416e+01
7.050000000000169464e+00 1.135372334023332996e+01
7.070000000000169038e+00 1.124684798359765558e+01
7.090000000000168612e+00 1.130972681462162122e+01
7.110000000000168185e+00 1.121022189240502342e+01
7.130000000000167759e+00 1.115916959059108748e+01
7.150000000000167333e+00 1.113533871379807927e+01
7.170000000000166906e+00 1.109449844525474305e+01
7.190000000000166480e+00 1.107295156553586146e+01
7.210000000000166054e+00 1.097811035589550954e+01
7.230000000000165628e+00 1.101865814205889471e+01
7.250000000000165201e+00 1.089895248534940997e+01
7.270000000000164775e+00 1.086971721248939282e+01
7.290000000000164349e+00 1.081142530766887333e+01
7.310000000000163922e+00 1.089696646004818348e+01
7.330000000000163496e+00 1.075623760788373495e+01
7.350000000000163070e+00 1.082497944284703983e+01
7.370000000000162643e+00 1.080378072521382649e+01
7.390000000000162217e+00 1.079493692242011171e+01
7.410000000000161791e+00 1.055720694456031339e+01
7.430000000000161364e+00 1.066519345463034796e+01
7.450000000000160938e+00 1.062885668502162062e+01
7.470000000000160512e+00 1.051433410545048552e+01
7.490000000000160085e+00 1.060338553122816130e+01
7.510000000000159659e+00 1.059025513818716036e+01
7.530000000000159233e+00 1.047551241535658662e+01
7.550000000000158806e+00 1.044237022564714579e+01
7.570000000000158380e+00 1.046066980091549325e+01
7.590000000000157954e+00 1.037966920961735084e+01
7.610000000000157527e+00 1.033647573503742656e+01
7.630000000000157101e+00 1.035289859202639562e+01
7.650000000000156675e+00 1.034073747087399298e+01
7.670000000000156248e+00 1.026228599196036484e+01
7.690000000000155822e+00 1.019016151523864089e+01
7.710000000000155396e+00 1.017601391667573729e+01
7.730000000000154969e+00 1.012331191427379196e+01
7.750000000000154543e+00 1.012469971288670045e+01
7.770000000000154117e+00 1.008643897997498762e+01
7.790000000000153690e+00 1.004363026123288449e+01
7.810000000000153264e+00 1.007813329862104190e+01
7.830000000000152838e+00 1.003536193748668914e+01
7.850000000000152411e+00 1.009433251174603541e+01
7.870000000000151985e+00 9.917679376818542281e+00
7.890000000000151559e+00 9.982430955749199697e+00
7.910000000000151132e+00 9.862909498624427229e+00
7.930000000000150706e+00 9.821238873750495202e+00
7.950000000000150280e+00 9.858290998440695674e+00
7.970000000000149853e+00 9.805956134258970280e+00
7.990000000000149427e+00 9.836414599555887150e+00
8.010000000000149001e+00 9.712370371744075470e+00
8.030000000000148574e+00 9.768233638382792350e+00
8.050000000000148148e+00 9.779944731237247169e+00
8.070000000000147722e+00 9.657360060732388618e+00
8.090000000000147296e+00 9.667719649606672405e+00
8.110000000000146869e+00 9.646339638397254390e+00
8.130000000000146443e+00 9.581993483580117044e+00
8.150000000000146017e+00 9.579780805316868708e+00
8.170000000000145590e+00 9.478516403562757375e+00
8.190000000000145164e+00 9.559184007174705400e+00
8.210000000000144738e+00 9.441329416791763407e+00
8.230000000000144311e+00 9.386648848956685498e+00
8.250000000000143885e+00 9.432330450628581886e+00
8.270000000000143459e+00 9.391714541460542520e+00
8.290000000000143032e+00 9.450095684538078800e+00
8.310000000000142606e+00 9.323791353569870211e+00
8.330000000000142180e+00 9.326315462195925221e+00
8.350000000000141753e+00 9.280837376950854534e+00
8.370000000000141327e+00 9.274760364369610599e+00
8.390000000000140901e+00 9.173798816848496074e+00
8.410000000000140474e+00 9.273060721433271425e+00
8.430000000000140048e+00 9.154908387967211070e+00
8.450000000000139622e+00 9.149524129921349669e+00
8.470000000000139195e+00 9.126875827793037743e+00
8.490000000000138769e+00 9.150264174630354574e+00
8.510000000000138343e+00 9.042492707192643309e+00
8.530000000000137916e+00 9.022102188914049137e+00
8.550000000000137490e+00 9.069036782572789335e+00
8.570000000000137064e+00 8.951438894294010851e+00
8.590000000000136637e+00 9.030716961438722379e+00
8.610000000000136211e+00 8.926022472262067353e+00
8.630000000000135785e+00 8.950532287243248675e+00
8.650000000000135358e+00 8.892489509601697151e+00
8.670000000000134932e+00 8.894418739799977658e+00
8.690000000000134506e+00 8.833234924791344866e+00
8.710000000000134079e+00 8.779726169041230932e+00
8.730000000000133653e+00 8.822926642708790013e+00
8.750000000000133227e+00 8.765772178383828717e+00
8.770000000000132800e+00 8.742795740394653237e+00
8.790000000000132374e+00 8.691714465251275001e+00
8.810000000000131948e+00 8.692297945898618039e+00
8.830000000000131521e+00 8.642026605191187372e+00
8.850000000000131095e+00 8.603538922660309396e+00
8.870000000000130669e+00 8.582046361131727252e+00
8.890000000000130242e+00 8.680586108112068544e+00
8.910000000000129816e+00 8.569013975523773752e+00
8.930000000000129390e+00 8.510057379523079391e+00
8.950000000000128964e+00 8.501566901685075450e+00
8.970000000000128537e+00 8.516310321583755893e+00
8.990000000000128111e+00 8.417714280771358304e+00
9.010000000000127685e+00 8.439491530126497665e+00
9.030000000000127258e+00 8.385073105899319756e+00
9.050000000000126832e+00 8.390747181310052483e+00
9.070000000000126406e+00 8.362649710019447014e+00
9.090000000000125979e+00 8.278647115425792791e+00
9.110000000000125553e+00 8.265837371234495023e+00
9.130000000000125127e+00 8.285931357121588903e+00
9.150000000000124700e+00 8.199278317246628589e+00
9.170000000000124274e+00 8.194167258412992538e+00
9.190000000000123848e+00 8.173349462268173937e+00
9.210000000000123421e+00 8.217433433294790035e+00
9.230000000000122995e+00 8.137315663388239528e+00
9.250000000000122569e+00 8.121029482397347010e+00
9.270000000000122142e+00 8.087374293665190450e+00
9.290000000000121716e+00 8.053844871311774511e+00
9.310000000000121290e+00 7.988450288206993655e+00
9.330000000000120863e+00 7.963233614402167149e+00
9.350000000000120437e+00 7.992310429645421266e+00
9.370000000000120011e+00 7.973084345160460273e+00
9.390000000000119584e+00 7.960234214404374065e+00
9.410000000000119158e+00 7.850484202138716228e+00
9.430000000000118732e+00 7.893660439357712555e+00
9.450000000000118305e+00 7.842035940476947964e+00
9.470000000000117879e+00 7.760612673750808987e+00
9.490000000000117453e+00 7.768896750590234213e+00
9.510000000000117026e+00 7.743653528582892243e+00
9.530000000000116600e+00 7.765673192080337905e+00
9.550000000000116174e+00 7.693217200811478307e+00
9.570000000000115747e+00 7.744725815475415942e+00
9.590000000000115321e+00 7.670388451500000038e+00
9.610000000000114895e+00 7.637116611250061915e+00
9.630000000000114468e+00 7.572475525551034536e+00
9.650000000000114042e+00 7.541847883866577007e+00
9.670000000000113616e+00 7.504165769237017614e+00
9.690000000000113189e+00 7.538026625246393664e+00
9.710000000000112763e+00 7.489740915676279975e+00
9.730000000000112337e+00 7.469980768144014682e+00
9.750000000000111910e+00 7.458285189048801556e+00
9.770000000000111484e+00 7.434277341019294383e+00
9.790000000000111058e+00 7.365574364894865056e+00
9.810000000000110632e+00 7.302111615364895059e+00
9.830000000000110205e+00 7.333517315719325858e+00
9.850000000000109779e+00 7.272870153825728323e+00
9.870000000000109353e+00 7.285560942035092857e+00
9.890000000000108926e+00 7.273296541255178660e+00
9.910000000000108500e+00 7.255177005637549748e+00
9.930000000000108074e+00 7.182245809992843455e+00
9.950000000000107647e+00 7.150269588004560362e+00
9.970000000000107221e+00 7.120093874141945278e+00
9.990000000000106795e+00 7.119526254650797803e+00
1.001000000000010637e+01 7.073577969529160292e+00
1.003000000000010594e+01 7.047070378603556229e+00
1.005000000000010552e+01 7.007317477042894538e+00
1.007000000000010509e+01 7.009944424425298415e+00
1.009000000000010466e+01 7.034596219098211201e+00
1.011000000000010424e+01 6.919335314195574682e+00
1.013000000000010381e+01 6.936082092874039873e+00
1.015000000000010338e+01 6.896147367043276688e+00
1.017000000000010296e+01 6.868625515166506545e+00
1.019000000000010253e+01 6.817824964784232833e+00
1.021000000000010210e+01 6.778225184001085424e+00
1.023000000000010168e+01 6.821279157542067040e+00
1.025000000000010125e+01 6.736333483324917992e+00
1.027000000000010083e+01 6.730557464745681173e+00
1.029000000000010040e+01 6.716375352472171656e+00
1.031000000000009997e+01 6.689590681989634469e+00
1.033000000000009955e+01 6.589126739382435538e+00
1.035000000000009912e+01 6.647831949135672325e+00
1.037000000000009869e+01 6.622704585245738684e+00
1.039000000000009827e+01 6.522410556888480926e+00
1.041000000000009784e+01 6.573626073726805075e+00
1.043000000000009742e+01 6.515451163892589825e+00
1.045000000000009699e+01 6.483641195741054020e+00
1.047000000000009656e+01 6.456522281210546055e+00
1.049000000000009614e+01 6.437768403068050205e+00
1.051000000000009571e+01 6.455201953919627478e+00
1.053000000000009528e+01 6.365744359522481410e+00
1.055000000000009486e+01 6.343925899855586970e+00
1.057000000000009443e+01 6.291287794773880115e+00
1.059000000000009400e+01 6.284938435660436973e+00
1.061000000000009358e+01 6.274540130593255327e+00
1.063000000000009315e+01 6.262210791571684254e+00
1.065000000000009273e+01 6.248899912537548396e+00
1.067000000000009230e+01 6.159985776517951983e+00
1.069000000000009187e+01 6.157563681823219781e+00
1.071000000000009145e+01 6.119173455345547907e+00
1.073000000000009102e+01 6.126483350673258776e+00
1.075000000000009059e+01 6.089320465448730069e+00
1.077000000000009017e+01 6.000752522068123262e+00
1.079000000000008974e+01 6.059945144598258615e+00
1.081000000000008932e+01 6.004568186612371683e+00
1.083000000000008889e+01 5.991926610577346324e+00
1.085000000000008846e+01 5.931597451819109246e+00
1.087000000000008804e+01 5.919526328991207897e+00
1.089000000000008761e+01 5.852394442604624381e+00
1.091000000000008718e+01 5.855080727850443978e+00
1.093000000000008676e+01 5.843339175260025442e+00
1.095000000000008633e+01 5.833066112991184937e+00
1.097000000000008590e+01 5.761657140963720281e+00
1.099000000000008548e+01 5.723917368963761021e+00
1.101000000000008505e+01 5.694687502517759903e+00
1.103000000000008463e+01 5.702004311282917293e+00
1.105000000000008420e+01 5.688149965294496013e+00
1.107000000000008377e+01 5.697743657723168376e+00
1.109000000000008335e+01 5.681819550314516576e+00
1.111000000000008292e+01 5.586907876232841019e+00
1.113000000000008249e+01 5.553917988856089671e+00
1.115000000000008207e+01 5.578406762445614397e+00
1.117000000000008164e+01 5.563711117509362758e+00
1.119000000000008122e+01 5.474570655814583908e+00
1.121000000000008079e+01 5.466200139880315056e+00
1.123000000000008036e+01 5.433597941907514439e+00
1.125000000000007994e+01 5.461807400200020091e+00
1.127000000000007951e+01 5.402425284606755085e+00
1.129000000000007908e+01 5.389003313828800934e+00
1.131000000000007866e+01 5.388137521268452801e+00
1.133000000000007823e+01 5.308286682210927587e+00
1.135000000000007780e+01 5.323944519558450494e+00
1.137000000000007738e+01 5.280623039582812872e+00
1.139000000000007695e+01 5.311974871058901648e+00
1.141000000000007653e+01 5.206418732981612507e+00
1.143000000000007610e+01 5.182539275629268083e+00
1.145000000000007567e+01 5.173689243904191493e+00
1.147000000000007525e+01 5.164138670829760969e+00
1.149000000000007482e+01 5.124561594292550204e+00
1.151000000000007439e+01 5.115445350894524346e+00
1.153000000000007397e+01 5.131015535985055998e+00
1.155000000000007354e+01 5.041197033617919487e+00
1.157000000000007311e+01 5.062318858023592938e+00
1.159000000000007269e+01 4.980190671698754734e+00
1.161000000000007226e+01 4.980496228109113410e+00
1.163000000000007184e+01 4.984056389046455315e+00
1.165000000000007141e+01 4.896954586175360724e+00
1.167000000000007098e+01 4.982569347042585584e+00
1.169000000000007056e+01 4.892510562592084611e+00
1.171000000000007013e+01 4.872384066156770999e+00
1.173000000000006970e+01 4.835169690254661035e+00
1.175000000000006928e+01 4.861393396522353250e+00
1.177000000000006885e+01 4.777924572765365419e+00
1.179000000000006843e+01 4.790638912096803814e+00
1.181000000000006800e+01 4.704592187211752652e+00
1.183000000000006757e+01 4.712810433284274403e+00
1.185000000000006715e+01 4.717569701052861220e+00
1.187000000000006672e+01 4.672148609268106156e+00
1.189000000000006629e+01 4.724826880391010953e+00
1.191000000000006587e+01 4.635689361610461745e+00
1.193000000000006544e+01 4.559963702043186018e+00
1.195000000000006501e+01 4.617279186190764051e+00
1.197000000000006459e+01 4.580706269823013876e+00
1.199000000000006416e+01 4.604946837208828470e+00
1.201000000000006374e+01 4.557266394059032777e+00
1.203000000000006331e+01 4.475674859610241363e+00
1.205000000000006288e+01 4.466467255658871593e+00
1.207000000000006246e+01 4.491605848261933431e+00
1.209000000000006203e+01 4.466300855186822183e+00
1.211000000000006160e+01 4.404192309219476797e+00
1.213000000000006118e+01 4.402921364956272399e+00
1.215000000000006075e+01 4.335789034527012475e+00
1.217000000000006033e+01 4.379144857877252051e+00
1.219000000000005990e+01 4.370011913916791890e+00
1.221000000000005947e+01 4.303199957733918168e+00
1.223000000000005905e+01 4.313692694030629049e+00
1.225000000000005862e+01 4.353867015692991949e+00
1.227000000000005819e+01 4.260039337708193763e+00
1.229000000000005777e+01 4.268333135520651744e+00
1.231000000000005734e+01 4.250613045606583817e+00
1.233000000000005691e+01 4.252102932800541524e+00
1.235000000000005649e+01 4.148161438424653014e+00
1.237000000000005606e+01 4.147617120627379528e+00
1.239000000000005564e+01 4.123325330036592185e+00
1.241000000000005521e+01 4.133760024639576258e+00
1.243000000000005478e+01 4.096619685555538126e+00
1.245000000000005436e+01 4.080267149517378122e+00
1.247000000000005393e+01 4.067214990291329713e+00
1.249000000000005350e+01 4.036465062146876726e+00
1.251000000000005308e+01 4.003663461640958765e+00
1.253000000000005265e+01 4.065187920048470183e+00
1.255000000000005222e+01 3.994676196803830237e+00
1.257000000000005180e+01 3.969073341153896539e+00
1.259000000000005137e+01 3.947075078354813193e+00
1.261000000000005095e+01 3.906262796655333158e+00
1.263000000000005052e+01 3.919137408058827265e+00
1.265000000000005009e+01 3.891237565224167749e+00
1.267000000000004967e+01 3.897057199219379875e+00
1.269000000000004924e+01 3.861366002592423463e+00
1.271000000000004881e+01 3.805576867595566348e+00
1.273000000000004839e+01 3.835165736950575610e+00
1.275000000000004796e+01 3.799517488384459352e+00
1.277000000000004754e+01 3.749633270948676600e+00
1.279000000000004711e+01 3.722442118106556119e+00
1.281000000000004668e+01 3.734309798877308406e+00
1.283000000000004626e+01 3.704099148709858014e+00
1.285000000000004583e+01 3.660127248065173866e+00
1.287000000000004540e+01 3.669569046637400689e+00
1.289000000000004498e+01 3.697730368174891868e+00
1.291000000000004455e+01 3.641832033381747546e+00
1.293000000000004412e+01 3.627511458944634892e+00
1.295000000000004370e+01 3.613546871412897321e+00
1.297000000000004327e+01 3.600286777741967370e+00
1.299000000000004285e+01 3.541214980863748085e+00
1.301000000000004242e+01 3.514411604291915125e+00
1.303000000000004199e+01 3.540022220742116588e+00
1.305000000000004157e+01 3.504898718902872190e+00
1.307000000000004114e+01 3.466760688395507106e+00
1.309000000000004071e+01 3.477912876430285127e+00
1.311000000000004029e+01 3.460182471203105958e+00
1.313000000000003986e+01 3.423187596886605455e+00
1.315000000000003944e+01 3.412258870385774578e+00
1.317000000000003901e+01 3.368816268887847798e+00
1.319000000000003858e+01 3.393907914425402517e+00
1.321000000000003816e+01 3.367512159844417319e+00
1.323000000000003773e+01 3.337985102023516060e+00
1.325000000000003730e+01 3.308659083044150684e+00
1.327000000000003688e+01 3.271339674028822753e+00
1.329000000000003645e+01 3.279300377043280701e+00
1.331000000000003602e+01 3.226244704353637527e+00
1.333000000000003560e+01 3.249201758927562800e+00
1.335000000000003517e+01 3.212342095540467124e+00
1.337000000000003475e+01 3.223005993638888622e+00
1.339000000000003432e+01 3.155084414365378453e+00
1.341000000000003389e+01 3.127278983642318266e+00
1.343000000000003347e+01 3.110059015361152035e+00
1.345000000000003304e+01 3.119717439139005677e+00
1.347000000000003261e+01 3.058142327969809227e+00
1.349000000000003219e+01 3.101106786627423784e+00
1.351000000000003176e+01 3.040671492924797104e+00
1.353000000000003133e+01 3.023811970477912503e+00
1.355000000000003091e+01 2.983404166408300195e+00
1.357000000000003048e+01 3.027144355616811389e+00
1.359000000000003006e+01 2.990194647995138677e+00
1.361000000000002963e+01 2.947536456200987143e+00
1.363000000000002920e+01 2.887379409007932107e+00
1.365000000000002878e+01 2.833376506853201082e+00
1.367000000000002835e+01 2.870937139051802589e+00
1.369000000000002792e+01 2.849762734916539753e+00
1.371000000000002750e+01 2.832850304557867460e+00
1.373000000000002707e+01 2.838640097832166642e+00
1.375000000000002665e+01 2.772955811434567597e+00
1.377000000000002622e+01 2.767192120418137335e+00
1.379000000000002579e+01 2.733062144424190709e+00
1.381000000000002537e+01 2.713724497361593713e+00
1.383000000000002494e+01 2.686631814559485409e+00
1.385000000000002451e+01 2.639075000212327549e+00
1.387000000000002409e+01 2.683693938706103843e+00
1.389000000000002366e+01 2.665640354662235367e+00
1.391000000000002323e+01 2.600649224857050079e+00
1.393000000000002281e+01 2.549215000380721463e+00
1.395000000000002238e+01 2.581582920129408709e+00
1.397000000000002196e+01 2.523706489537928199e+00
1.399000000000002153e+01 2.520100327038838017e+00
1.401000000000002110e+01 2.468343283793892784e+00
1.403000000000002068e+01 2.474436765088517287e+00
1.405000000000002025e+01 2.475260420451680154e+00
1.407000000000001982e+01 2.403914140114491005e+00
1.409000000000001940e+01 2.386427281862962602e+00
1.411000000000001897e+01 2.314778021047715129e+00
1.413000000000001855e+01 2.352995261941853045e+00
1.415000000000001812e+01 2.341867718823489763e+00
1.417000000000001769e+01 2.306112867585816684e+00
1.419000000000001727e+01 2.256392053638034412e+00
1.421000000000001684e+01 2.240890198975457270e+00
1.423000000000001641e+01 2.176057882949624656e+00
1.425000000000001599e+01 2.187893307780545360e+00
1.427000000000001556e+01 2.128795922389039141e+00
1.429000000000001513e+01 2.094196370284472142e+00
1.431000000000001471e+01 2.076723366636493040e+00
1.433000000000001428e+01 2.040395263476311172e+00
1.435000000000001386e+01 1.945272202168971010e+00
1.437000000000001343e+01 1.899366841822747398e+00
1.439000000000001300e+01 1.891877384859096178e+00
1.441000000000001258e+01 1.864366786293550682e+00
1.443000000000001215e+01 1.745383326444891914e+00
1.445000000000001172e+01 1.731699007502560450e+00
1.447000000000001130e+01 1.516846502549994202e+00
1.449000000000001087e+01 1.329151049462632184e+00
1.451000000000001044e+01 1.062590237260350179e+00
1.453000000000001002e+01 8.202274054111997614e-01
1.455000000000000959e+01 5.732557838434205744e-01
1.457000000000000917e+01 4.285468955206382935e-01
1.459000000000000874e+01 3.216822037322612515e-01
1.461000000000000831e+01 1.640690092318334015e-01
1.463000000000000789e+01 8.196032502857819591e-02
1.465000000000000746e+01 2.176144498429424812e-02
1.467000000000000703e+01 5.446174128449215480e-03
1.469000000000000661e+01 2.722728591612421159e-03
1.471000000000000618e+01 1.839993700943079048e-07
1.473000000000000576e+01 0.000000000000000000e+00
1.475000000000000533e+01 0.000000000000000000e+00
1.477000000000000490e+01 0.000000000000000000e+00
1.479000000000000448e+01 0.000000000000000000e+00
1.481000000000000405e+01 0.000000000000000000e+00
1.483000000000000362e+01 0.000000000000000000e+00
1.485000000000000320e+01 0.000000000000000000e+00
1.487000000000000277e+01 0.000000000000000000e+00
1.489000000000000234e+01 0.000000000000000000e+00
1.491000000000000192e+01 0.000000000000000000e+00
1.493000000000000149e+01 0.000000000000000000e+00
1.495000000000000107e+01 0.000000000000000000e+00
1.497000000000000064e+01 0.000000000000000000e+00
1.499000000000000021e+01 0.000000000000000000e+00
