# Redshift		Merger Rate Density [Gpc^-3yr^-1]
1.000000000031931770e-02 2.516694470427311501e+02
3.000000000031888964e-02 2.524637289505670594e+02
5.000000000031846331e-02 2.534065952834930613e+02
7.000000000031804392e-02 2.567190811111122457e+02
9.000000000031761760e-02 2.591211391296738498e+02
1.100000000003171913e-01 2.602368118997969759e+02
1.300000000003167511e-01 2.645510607023636567e+02
1.500000000003163247e-01 2.656922951941853626e+02
1.700000000003158984e-01 2.683246070662531793e+02
1.900000000003154721e-01 2.713603761951197271e+02
2.100000000003150458e-01 2.726469206751187357e+02
2.300000000003146194e-01 2.760194063315112203e+02
2.500000000003141931e-01 2.775097240496194217e+02
2.700000000003137668e-01 2.797402952456786807e+02
2.900000000003133405e-01 2.819622611067306366e+02
3.100000000003129141e-01 2.838454088703775255e+02
3.300000000003124878e-01 2.867939618837672242e+02
3.500000000003120615e-01 2.857390973019692524e+02
3.700000000003116352e-01 2.897139479909492366e+02
3.900000000003112088e-01 2.923563019654120012e+02
4.100000000003107825e-01 2.917048521200286473e+02
4.300000000003103562e-01 2.949138498762205813e+02
4.500000000003099299e-01 2.970158599004317921e+02
4.700000000003095035e-01 2.977886721366155598e+02
4.900000000003090772e-01 2.992550780099354029e+02
5.100000000003086509e-01 3.000258060869467158e+02
5.300000000003082246e-01 3.014202722394730927e+02
5.500000000003077982e-01 3.014132467248993521e+02
5.700000000003073719e-01 3.030181337791572105e+02
5.900000000003069456e-01 3.028931942772929915e+02
6.100000000003065193e-01 3.031700157933470337e+02
6.300000000003060929e-01 3.013526249393913190e+02
6.500000000003056666e-01 3.018068313337959694e+02
6.700000000003052403e-01 3.035770124852991216e+02
6.900000000003048140e-01 3.021108052378942830e+02
7.100000000003043876e-01 3.020748948822194393e+02
7.300000000003039613e-01 3.021895334160990956e+02
7.500000000003035350e-01 3.009972941567950215e+02
7.700000000003031086e-01 3.017707655551208745e+02
7.900000000003026823e-01 2.993052878278355138e+02
8.100000000003022560e-01 3.021639814878989228e+02
8.300000000003018297e-01 2.987458628927916493e+02
8.500000000003014033e-01 2.999570518692513019e+02
8.700000000003009770e-01 2.970916839333383450e+02
8.900000000003005507e-01 2.971075915592535921e+02
9.100000000003001244e-01 2.954020061440331233e+02
9.300000000002996980e-01 2.938079679527754138e+02
9.500000000002992717e-01 2.938782403247230377e+02
9.700000000002988454e-01 2.939600540357843670e+02
9.900000000002984191e-01 2.917019895037615242e+02
1.010000000000297993e+00 2.887509386748404268e+02
1.030000000000297566e+00 2.906626172832362158e+02
1.050000000000297140e+00 2.875937206601317939e+02
1.070000000000296714e+00 2.868758056195893005e+02
1.090000000000296287e+00 2.841489555744810787e+02
1.110000000000295861e+00 2.818514736236480189e+02
1.130000000000295435e+00 2.836288101694879629e+02
1.150000000000295008e+00 2.806034355901896902e+02
1.170000000000294582e+00 2.790978714988943352e+02
1.190000000000294156e+00 2.768212404398181548e+02
1.210000000000293729e+00 2.780154710376158391e+02
1.230000000000293303e+00 2.718241118390627094e+02
1.250000000000292877e+00 2.720224046632953900e+02
1.270000000000292451e+00 2.703441461831238257e+02
1.290000000000292024e+00 2.703661579162300086e+02
1.310000000000291598e+00 2.667923715185166884e+02
1.330000000000291172e+00 2.650081790378185929e+02
1.350000000000290745e+00 2.637435084015052098e+02
1.370000000000290319e+00 2.610594127419428787e+02
1.390000000000289893e+00 2.606944502639119605e+02
1.410000000000289466e+00 2.581276688136028383e+02
1.430000000000289040e+00 2.560342509140472202e+02
1.450000000000288614e+00 2.540646788096276794e+02
1.470000000000288187e+00 2.497249665948826305e+02
1.490000000000287761e+00 2.518336489640995239e+02
1.510000000000287335e+00 2.478702551902334221e+02
1.530000000000286908e+00 2.443177870041520237e+02
1.550000000000286482e+00 2.449351535013320245e+02
1.570000000000286056e+00 2.426445767194922212e+02
1.590000000000285629e+00 2.398248148354685441e+02
1.610000000000285203e+00 2.367867098337655705e+02
1.630000000000284777e+00 2.345179933438255375e+02
1.650000000000284350e+00 2.327267752086032999e+02
1.670000000000283924e+00 2.303064998580655072e+02
1.690000000000283498e+00 2.293860626430566754e+02
1.710000000000283071e+00 2.259902336830830620e+02
1.730000000000282645e+00 2.241189275320952561e+02
1.750000000000282219e+00 2.209170194364129429e+02
1.770000000000281792e+00 2.192427672045238012e+02
1.790000000000281366e+00 2.163739092986939738e+02
1.810000000000280940e+00 2.145771973012176090e+02
1.830000000000280513e+00 2.125202026092653966e+02
1.850000000000280087e+00 2.088978100730560357e+02
1.870000000000279661e+00 2.083540668520499537e+02
1.890000000000279234e+00 2.024792627360170911e+02
1.910000000000278808e+00 2.021908657466815384e+02
1.930000000000278382e+00 2.010166988351546991e+02
1.950000000000277955e+00 1.977742800698467533e+02
1.970000000000277529e+00 1.970539214014837626e+02
1.990000000000277103e+00 1.913443246689926127e+02
2.010000000000276899e+00 1.905837243807005734e+02
2.030000000000276472e+00 1.882257143302556415e+02
2.050000000000276046e+00 1.836192508330285023e+02
2.070000000000275620e+00 1.834301005965951390e+02
2.090000000000275193e+00 1.818430181371593051e+02
2.110000000000274767e+00 1.765272850997039029e+02
2.130000000000274341e+00 1.769015860848994066e+02
2.150000000000273914e+00 1.719852959582823644e+02
2.170000000000273488e+00 1.710098746399551715e+02
2.190000000000273062e+00 1.688314813676116444e+02
2.210000000000272635e+00 1.653277816074387374e+02
2.230000000000272209e+00 1.647919326843451984e+02
2.250000000000271783e+00 1.611768873139389768e+02
2.270000000000271356e+00 1.592193931357708436e+02
2.290000000000270930e+00 1.565279679330894282e+02
2.310000000000270504e+00 1.550822599491302469e+02
2.330000000000270077e+00 1.515904128549027519e+02
2.350000000000269651e+00 1.498923586724158099e+02
2.370000000000269225e+00 1.463805516491106289e+02
2.390000000000268798e+00 1.465326329325304755e+02
2.410000000000268372e+00 1.424968303953989448e+02
2.430000000000267946e+00 1.417894882116308679e+02
2.450000000000267519e+00 1.388720975807053435e+02
2.470000000000267093e+00 1.366615086833560326e+02
2.490000000000266667e+00 1.345224558788810327e+02
2.510000000000266240e+00 1.323047056816066629e+02
2.530000000000265814e+00 1.319486338852497624e+02
2.550000000000265388e+00 1.274687062241236220e+02
2.570000000000264961e+00 1.283287522397378950e+02
2.590000000000264535e+00 1.238700045430255159e+02
2.610000000000264109e+00 1.239097187579334616e+02
2.630000000000263682e+00 1.198974693613964604e+02
2.650000000000263256e+00 1.207135881445674528e+02
2.670000000000262830e+00 1.174432506305190032e+02
2.690000000000262403e+00 1.152886460663466863e+02
2.710000000000261977e+00 1.127093429044300876e+02
2.730000000000261551e+00 1.121041538277506362e+02
2.750000000000261124e+00 1.107589821516110362e+02
2.770000000000260698e+00 1.083938416496203132e+02
2.790000000000260272e+00 1.074104415728474038e+02
2.810000000000259845e+00 1.046784266348111032e+02
2.830000000000259419e+00 1.039007546604168368e+02
2.850000000000258993e+00 1.022921679232487548e+02
2.870000000000258567e+00 9.989722017936665566e+01
2.890000000000258140e+00 9.896377555720927433e+01
2.910000000000257714e+00 9.767507176476063080e+01
2.930000000000257288e+00 9.672512585479195479e+01
2.950000000000256861e+00 9.355430546453558804e+01
2.970000000000256435e+00 9.381373764685385197e+01
2.990000000000256009e+00 9.229154264867460711e+01
3.010000000000255582e+00 8.935777278494931863e+01
3.030000000000255156e+00 8.939133614030083663e+01
3.050000000000254730e+00 8.697490500112476752e+01
3.070000000000254303e+00 8.687421936131676148e+01
3.090000000000253877e+00 8.532660823701240815e+01
3.110000000000253451e+00 8.327265366135826241e+01
3.130000000000253024e+00 8.279515332532722027e+01
3.150000000000252598e+00 8.114759585852354462e+01
3.170000000000252172e+00 8.016337914420530808e+01
3.190000000000251745e+00 7.868421097302430667e+01
3.210000000000251319e+00 7.766181309351921414e+01
3.230000000000250893e+00 7.691449205017067925e+01
3.250000000000250466e+00 7.498592706017002740e+01
3.270000000000250040e+00 7.515396431247602038e+01
3.290000000000249614e+00 7.331656136630383003e+01
3.310000000000249187e+00 7.215680166606045987e+01
3.330000000000248761e+00 7.136855115617839829e+01
3.350000000000248335e+00 6.931314849086516006e+01
3.370000000000247908e+00 6.991321317240169719e+01
3.390000000000247482e+00 6.867143806142411222e+01
3.410000000000247056e+00 6.794514621505702223e+01
3.430000000000246629e+00 6.599390459205604031e+01
3.450000000000246203e+00 6.583447850672716584e+01
3.470000000000245777e+00 6.485567144294076058e+01
3.490000000000245350e+00 6.392780042601054191e+01
3.510000000000244924e+00 6.246206361190174761e+01
3.530000000000244498e+00 6.302212681748310530e+01
3.550000000000244071e+00 6.119596532605322636e+01
3.570000000000243645e+00 6.059669201909373015e+01
3.590000000000243219e+00 5.892507872643847833e+01
3.610000000000242792e+00 5.893595514199096641e+01
3.630000000000242366e+00 5.853965988254763175e+01
3.650000000000241940e+00 5.704839245723218966e+01
3.670000000000241513e+00 5.663247000452369662e+01
3.690000000000241087e+00 5.651443889100867324e+01
3.710000000000240661e+00 5.532849257885718686e+01
3.730000000000240234e+00 5.527462637782912225e+01
3.750000000000239808e+00 5.373651903959638787e+01
3.770000000000239382e+00 5.305123186705441896e+01
3.790000000000238956e+00 5.302592463915881638e+01
3.810000000000238529e+00 5.157955438624468059e+01
3.830000000000238103e+00 5.144895556227377398e+01
3.850000000000237677e+00 5.109935398716933719e+01
3.870000000000237250e+00 5.039986807322811302e+01
3.890000000000236824e+00 4.992178077793509772e+01
3.910000000000236398e+00 4.928901563318088108e+01
3.930000000000235971e+00 4.803566760349092846e+01
3.950000000000235545e+00 4.841689583339071845e+01
3.970000000000235119e+00 4.699705647591220981e+01
3.990000000000234692e+00 4.701756422219205689e+01
4.010000000000234266e+00 4.635436171009503425e+01
4.030000000000233840e+00 4.608579248413992957e+01
4.050000000000233413e+00 4.551366663089803666e+01
4.070000000000232987e+00 4.477119092476458917e+01
4.090000000000232561e+00 4.451628744525700654e+01
4.110000000000232134e+00 4.359320419354767751e+01
4.130000000000231708e+00 4.345343765949026960e+01
4.150000000000231282e+00 4.286311664878734717e+01
4.170000000000230855e+00 4.313711652040966271e+01
4.190000000000230429e+00 4.218869842207806187e+01
4.210000000000230003e+00 4.160920947629503530e+01
4.230000000000229576e+00 4.087411646164766665e+01
4.250000000000229150e+00 4.080659345305173247e+01
4.270000000000228724e+00 4.076187855641595803e+01
4.290000000000228297e+00 4.002553780890049495e+01
4.310000000000227871e+00 3.928731528914655513e+01
4.330000000000227445e+00 3.920383417144451954e+01
4.350000000000227018e+00 3.905957058378999847e+01
4.370000000000226592e+00 3.871432816729645765e+01
4.390000000000226166e+00 3.801486090714777077e+01
4.410000000000225739e+00 3.791535872681353680e+01
4.430000000000225313e+00 3.693266740214597377e+01
4.450000000000224887e+00 3.714796320141193320e+01
4.470000000000224460e+00 3.668051595196845227e+01
4.490000000000224034e+00 3.634930538925051025e+01
4.510000000000223608e+00 3.595247487772826389e+01
4.530000000000223181e+00 3.598174741189586712e+01
4.550000000000222755e+00 3.510562609798584788e+01
4.570000000000222329e+00 3.505148079823958795e+01
4.590000000000221902e+00 3.475501567916202106e+01
4.610000000000221476e+00 3.461706190765486468e+01
4.630000000000221050e+00 3.394258272683245536e+01
4.650000000000220624e+00 3.418365610637903274e+01
4.670000000000220197e+00 3.310211547305398483e+01
4.690000000000219771e+00 3.390288393534020628e+01
4.710000000000219345e+00 3.325487174489857978e+01
4.730000000000218918e+00 3.280170923000694216e+01
4.750000000000218492e+00 3.252698969672280782e+01
4.770000000000218066e+00 3.234408751066019505e+01
4.790000000000217639e+00 3.181929256996814814e+01
4.810000000000217213e+00 3.189662137693126809e+01
4.830000000000216787e+00 3.135351974531448604e+01
4.850000000000216360e+00 3.107963582756642040e+01
4.870000000000215934e+00 3.143841813848188238e+01
4.890000000000215508e+00 3.083362371193524254e+01
4.910000000000215081e+00 3.016915741305657406e+01
4.930000000000214655e+00 3.076972732400168908e+01
4.950000000000214229e+00 2.991756650518257743e+01
4.970000000000213802e+00 2.979992164750511918e+01
4.990000000000213376e+00 2.995803783536837628e+01
5.010000000000212950e+00 2.930811722868227065e+01
5.030000000000212523e+00 2.913933012207948536e+01
5.050000000000212097e+00 2.915103457652573127e+01
5.070000000000211671e+00 2.879735424908852792e+01
5.090000000000211244e+00 2.890862508296641664e+01
5.110000000000210818e+00 2.844677393278880118e+01
5.130000000000210392e+00 2.851367390445431127e+01
5.150000000000209965e+00 2.806442208212703804e+01
5.170000000000209539e+00 2.758254282601106055e+01
5.190000000000209113e+00 2.759694948831169370e+01
5.210000000000208686e+00 2.734418384470552610e+01
5.230000000000208260e+00 2.759917044990123358e+01
5.250000000000207834e+00 2.705195093334967993e+01
5.270000000000207407e+00 2.696188031969566268e+01
5.290000000000206981e+00 2.676288321388847535e+01
5.310000000000206555e+00 2.631053932382883787e+01
5.330000000000206128e+00 2.659397502319425755e+01
5.350000000000205702e+00 2.650984777842715800e+01
5.370000000000205276e+00 2.594487597466058659e+01
5.390000000000204849e+00 2.587479204526493248e+01
5.410000000000204423e+00 2.560342125152401493e+01
5.430000000000203997e+00 2.556529412803176982e+01
5.450000000000203570e+00 2.538938398947238895e+01
5.470000000000203144e+00 2.506849818700499810e+01
5.490000000000202718e+00 2.509409236666141041e+01
5.510000000000202292e+00 2.525639465577139475e+01
5.530000000000201865e+00 2.487792441922504949e+01
5.550000000000201439e+00 2.496514332734685837e+01
5.570000000000201013e+00 2.439282948035501519e+01
5.590000000000200586e+00 2.445528436821886586e+01
5.610000000000200160e+00 2.408418382351750608e+01
5.630000000000199734e+00 2.440456317044948875e+01
5.650000000000199307e+00 2.428238668778939413e+01
5.670000000000198881e+00 2.392304561440870359e+01
5.690000000000198455e+00 2.355776284038198298e+01
5.710000000000198028e+00 2.360600006979986887e+01
5.730000000000197602e+00 2.365879029143077972e+01
5.750000000000197176e+00 2.349956851364640542e+01
5.770000000000196749e+00 2.317099490096853742e+01
5.790000000000196323e+00 2.318586092790310360e+01
5.810000000000195897e+00 2.284386126456496413e+01
5.830000000000195470e+00 2.274459272805719223e+01
5.850000000000195044e+00 2.303598963126741594e+01
5.870000000000194618e+00 2.277717438110645176e+01
5.890000000000194191e+00 2.262600065233171520e+01
5.910000000000193765e+00 2.236571498516819645e+01
5.930000000000193339e+00 2.254955535822707091e+01
5.950000000000192912e+00 2.242089639120946742e+01
5.970000000000192486e+00 2.213766584381598790e+01
5.990000000000192060e+00 2.217938112143992768e+01
6.010000000000191633e+00 2.182899777615672221e+01
6.030000000000191207e+00 2.192024244357030938e+01
6.050000000000190781e+00 2.167961104569228326e+01
6.070000000000190354e+00 2.163800268620957823e+01
6.090000000000189928e+00 2.157612131295175573e+01
6.110000000000189502e+00 2.129362638685796227e+01
6.130000000000189075e+00 2.145813725616495660e+01
6.150000000000188649e+00 2.115321480345770766e+01
6.170000000000188223e+00 2.139641176622288654e+01
6.190000000000187796e+00 2.108971551930217458e+01
6.210000000000187370e+00 2.102842219797051726e+01
6.230000000000186944e+00 2.104479753636916328e+01
6.250000000000186517e+00 2.100099154423770642e+01
6.270000000000186091e+00 2.082126542695381488e+01
6.290000000000185665e+00 2.085571898625218878e+01
6.310000000000185238e+00 2.080004191578976602e+01
6.330000000000184812e+00 2.047026422452637817e+01
6.350000000000184386e+00 2.046262425735905310e+01
6.370000000000183960e+00 2.032676928091830959e+01
6.390000000000183533e+00 2.041610198804557541e+01
6.410000000000183107e+00 2.020256704460518193e+01
6.430000000000182681e+00 2.014120025387053303e+01
6.450000000000182254e+00 2.002336603317423425e+01
6.470000000000181828e+00 2.036988113020372992e+01
6.490000000000181402e+00 1.997053742994748404e+01
6.510000000000180975e+00 1.980121587296934038e+01
6.530000000000180549e+00 2.005535378125351187e+01
6.550000000000180123e+00 1.977674119942021846e+01
6.570000000000179696e+00 1.954306076425025296e+01
6.590000000000179270e+00 1.954019702380063350e+01
6.610000000000178844e+00 1.959598987181767527e+01
6.630000000000178417e+00 1.962866731137446763e+01
6.650000000000177991e+00 1.952438505386691858e+01
6.670000000000177565e+00 1.941772689214585057e+01
6.690000000000177138e+00 1.923027267791312767e+01
6.710000000000176712e+00 1.940899136216939525e+01
6.730000000000176286e+00 1.927087612028477537e+01
6.750000000000175859e+00 1.913649794895128409e+01
6.770000000000175433e+00 1.921505547962139460e+01
6.790000000000175007e+00 1.925107221109471922e+01
6.810000000000174580e+00 1.891933726221621370e+01
6.830000000000174154e+00 1.886424572982140546e+01
6.850000000000173728e+00 1.895669088270647151e+01
6.870000000000173301e+00 1.881604307266440657e+01
6.890000000000172875e+00 1.872094245738349017e+01
6.910000000000172449e+00 1.893159034953070829e+01
6.930000000000172022e+00 1.874878558337050904e+01
6.950000000000171596e+00 1.871496868013016623e+01
6.970000000000171170e+00 1.856839939318146904e+01
6.990000000000170743e+00 1.873478512165205601e+01
7.010000000000170317e+00 1.835248677114735116e+01
7.030000000000169891e+00 1.868684017660868690e+01
7.050000000000169464e+00 1.843481422253148239e+01
7.070000000000169038e+00 1.829090084128442228e+01
7.090000000000168612e+00 1.843380400320616275e+01
7.110000000000168185e+00 1.845006758036042882e+01
7.130000000000167759e+00 1.817136624137205558e+01
7.150000000000167333e+00 1.824632524868868089e+01
7.170000000000166906e+00 1.798717947090650426e+01
7.190000000000166480e+00 1.822658404243610875e+01
7.210000000000166054e+00 1.784533505740604653e+01
7.230000000000165628e+00 1.813216324701962279e+01
7.250000000000165201e+00 1.792408873602300545e+01
7.270000000000164775e+00 1.782102784125838468e+01
7.290000000000164349e+00 1.786768372150626050e+01
7.310000000000163922e+00 1.798330870327103526e+01
7.330000000000163496e+00 1.778854950757127185e+01
7.350000000000163070e+00 1.779534654792359660e+01
7.370000000000162643e+00 1.774410340471569825e+01
7.390000000000162217e+00 1.774977856442433932e+01
7.410000000000161791e+00 1.771769926375423410e+01
7.430000000000161364e+00 1.752838147703862148e+01
7.450000000000160938e+00 1.768155879218719306e+01
7.470000000000160512e+00 1.759752583039109552e+01
7.490000000000160085e+00 1.745771206293127875e+01
7.510000000000159659e+00 1.747776570297457610e+01
7.530000000000159233e+00 1.751882549071694584e+01
7.550000000000158806e+00 1.730786284224808114e+01
7.570000000000158380e+00 1.735174389817467500e+01
7.590000000000157954e+00 1.736396006700914185e+01
7.610000000000157527e+00 1.733731022345256179e+01
7.630000000000157101e+00 1.722930046497724632e+01
7.650000000000156675e+00 1.717683474454694448e+01
7.670000000000156248e+00 1.725694141609898580e+01
7.690000000000155822e+00 1.697866367663958798e+01
7.710000000000155396e+00 1.702286036428496274e+01
7.730000000000154969e+00 1.703574829103459010e+01
7.750000000000154543e+00 1.690237749159588176e+01
7.770000000000154117e+00 1.688424027391199544e+01
7.790000000000153690e+00 1.690956195089729164e+01
7.810000000000153264e+00 1.695153875541876687e+01
7.830000000000152838e+00 1.681004454762976508e+01
7.850000000000152411e+00 1.681643059501161019e+01
7.870000000000151985e+00 1.674622056390046509e+01
7.890000000000151559e+00 1.676704473150864771e+01
7.910000000000151132e+00 1.658032170489877899e+01
7.930000000000150706e+00 1.662911570691681717e+01
7.950000000000150280e+00 1.668670019637539426e+01
7.970000000000149853e+00 1.653196056471869468e+01
7.990000000000149427e+00 1.638168569797741014e+01
8.010000000000149001e+00 1.650884835604719214e+01
8.030000000000148574e+00 1.651568916718363766e+01
8.050000000000148148e+00 1.645390311535545180e+01
8.070000000000147722e+00 1.629641163516347646e+01
8.090000000000147296e+00 1.629677619286067269e+01
8.110000000000146869e+00 1.629980151375777808e+01
8.130000000000146443e+00 1.618762214555476220e+01
8.150000000000146017e+00 1.618230536950944298e+01
8.170000000000145590e+00 1.607273601974612376e+01
8.190000000000145164e+00 1.604436210819427444e+01
8.210000000000144738e+00 1.611771807323376748e+01
8.230000000000144311e+00 1.605106195329133101e+01
8.250000000000143885e+00 1.600560260932033430e+01
8.270000000000143459e+00 1.593190319043667635e+01
8.290000000000143032e+00 1.591502715538578805e+01
8.310000000000142606e+00 1.589012775455630155e+01
8.330000000000142180e+00 1.580496189171702071e+01
8.350000000000141753e+00 1.595075901496689852e+01
8.370000000000141327e+00 1.574130525885003884e+01
8.390000000000140901e+00 1.558812530959423448e+01
8.410000000000140474e+00 1.572705034017589476e+01
8.430000000000140048e+00 1.554350642716496012e+01
8.450000000000139622e+00 1.562310182668582570e+01
8.470000000000139195e+00 1.543564349794083768e+01
8.490000000000138769e+00 1.546488829012226063e+01
8.510000000000138343e+00 1.543623155876544750e+01
8.530000000000137916e+00 1.533734170587421808e+01
8.550000000000137490e+00 1.540300086725043549e+01
8.570000000000137064e+00 1.525002529819754749e+01
8.590000000000136637e+00 1.523015019731458075e+01
8.610000000000136211e+00 1.522643388280820353e+01
8.630000000000135785e+00 1.512943406748550501e+01
8.650000000000135358e+00 1.501244618828957655e+01
8.670000000000134932e+00 1.505691684248342455e+01
8.690000000000134506e+00 1.494378809358864757e+01
8.710000000000134079e+00 1.493639903424629622e+01
8.730000000000133653e+00 1.489867265945375863e+01
8.750000000000133227e+00 1.480428862387806532e+01
8.770000000000132800e+00 1.477177347540840735e+01
8.790000000000132374e+00 1.479337130748321627e+01
8.810000000000131948e+00 1.469593563843828576e+01
8.830000000000131521e+00 1.468723308681221162e+01
8.850000000000131095e+00 1.460929993886796119e+01
8.870000000000130669e+00 1.447562176611126006e+01
8.890000000000130242e+00 1.456855720779469010e+01
8.910000000000129816e+00 1.441772847873862773e+01
8.930000000000129390e+00 1.438494739196852557e+01
8.950000000000128964e+00 1.437222084436834280e+01
8.970000000000128537e+00 1.433626076192017607e+01
8.990000000000128111e+00 1.411434980814582296e+01
9.010000000000127685e+00 1.418696334348493160e+01
9.030000000000127258e+00 1.411633681721112410e+01
9.050000000000126832e+00 1.403975093187579759e+01
9.070000000000126406e+00 1.405169755790173447e+01
9.090000000000125979e+00 1.383195893770299989e+01
9.110000000000125553e+00 1.384488883124506309e+01
9.130000000000125127e+00 1.375763581167825933e+01
9.150000000000124700e+00 1.373013089721439428e+01
9.170000000000124274e+00 1.364595622825592258e+01
9.190000000000123848e+00 1.358141272853085546e+01
9.210000000000123421e+00 1.357509403626238509e+01
9.230000000000122995e+00 1.364358884876155997e+01
9.250000000000122569e+00 1.348869701330874449e+01
9.270000000000122142e+00 1.342324155009669084e+01
9.290000000000121716e+00 1.331585239543615984e+01
9.310000000000121290e+00 1.324225894612193244e+01
9.330000000000120863e+00 1.321977317065416635e+01
9.350000000000120437e+00 1.310020793982811860e+01
9.370000000000120011e+00 1.312377301842476740e+01
9.390000000000119584e+00 1.297149538949745029e+01
9.410000000000119158e+00 1.296756315428949158e+01
9.430000000000118732e+00 1.298355199263880344e+01
9.450000000000118305e+00 1.279810591095993999e+01
9.470000000000117879e+00 1.267458158510996569e+01
9.490000000000117453e+00 1.265267428282615825e+01
9.510000000000117026e+00 1.261845766166958072e+01
9.530000000000116600e+00 1.257004578950897411e+01
9.550000000000116174e+00 1.245365342276158493e+01
9.570000000000115747e+00 1.245174059285170465e+01
9.590000000000115321e+00 1.232938796397181314e+01
9.610000000000114895e+00 1.223084724147409119e+01
9.630000000000114468e+00 1.223133139749159781e+01
9.650000000000114042e+00 1.215052284023188989e+01
9.670000000000113616e+00 1.201642402694705680e+01
9.690000000000113189e+00 1.199782232789852188e+01
9.710000000000112763e+00 1.192011254370690665e+01
9.730000000000112337e+00 1.188190640956768185e+01
9.750000000000111910e+00 1.176273791619670384e+01
9.770000000000111484e+00 1.168640995012957795e+01
9.790000000000111058e+00 1.156145755508919137e+01
9.810000000000110632e+00 1.157276232886848000e+01
9.830000000000110205e+00 1.145186634274812576e+01
9.850000000000109779e+00 1.141468613229509366e+01
9.870000000000109353e+00 1.141623678897886052e+01
9.890000000000108926e+00 1.125778599559492754e+01
9.910000000000108500e+00 1.130036593346353513e+01
9.930000000000108074e+00 1.117071958284792110e+01
9.950000000000107647e+00 1.112610379575913377e+01
9.970000000000107221e+00 1.097965434891600367e+01
9.990000000000106795e+00 1.087629738831656034e+01
1.001000000000010637e+01 1.083670704788526784e+01
1.003000000000010594e+01 1.074771572685457954e+01
1.005000000000010552e+01 1.069487336894962226e+01
1.007000000000010509e+01 1.061203183595831590e+01
1.009000000000010466e+01 1.057963895434963320e+01
1.011000000000010424e+01 1.041313847788881652e+01
1.013000000000010381e+01 1.040318083483761491e+01
1.015000000000010338e+01 1.033336077173303202e+01
1.017000000000010296e+01 1.029803790563877186e+01
1.019000000000010253e+01 1.016564800701960003e+01
1.021000000000010210e+01 1.006670497522435603e+01
1.023000000000010168e+01 1.003502602715976977e+01
1.025000000000010125e+01 9.941739921422124482e+00
1.027000000000010083e+01 9.902345983956420739e+00
1.029000000000010040e+01 9.827153264294860691e+00
1.031000000000009997e+01 9.766953029876741965e+00
1.033000000000009955e+01 9.665091441935278027e+00
1.035000000000009912e+01 9.559636734349885145e+00
1.037000000000009869e+01 9.553412998717188742e+00
1.039000000000009827e+01 9.442006707075261573e+00
1.041000000000009784e+01 9.380767480695077154e+00
1.043000000000009742e+01 9.321470734186938500e+00
1.045000000000009699e+01 9.267358708097548359e+00
1.047000000000009656e+01 9.152825993907445223e+00
1.049000000000009614e+01 9.103782290895090057e+00
1.051000000000009571e+01 9.048480854127991080e+00
1.053000000000009528e+01 8.946447523663266566e+00
1.055000000000009486e+01 8.843402686282924918e+00
1.057000000000009443e+01 8.832081484873095079e+00
1.059000000000009400e+01 8.706309442458405101e+00
1.061000000000009358e+01 8.674757020643358629e+00
1.063000000000009315e+01 8.646348133642732137e+00
1.065000000000009273e+01 8.623696854031306813e+00
1.067000000000009230e+01 8.449808164068249638e+00
1.069000000000009187e+01 8.363147038704324743e+00
1.071000000000009145e+01 8.266682553838055725e+00
1.073000000000009102e+01 8.246644602921904266e+00
1.075000000000009059e+01 8.172968532384972562e+00
1.077000000000009017e+01 8.100304419434069203e+00
1.079000000000008974e+01 8.053873534771593512e+00
1.081000000000008932e+01 7.971087651914269046e+00
1.083000000000008889e+01 7.999506008300264703e+00
1.085000000000008846e+01 7.830012220224169539e+00
1.087000000000008804e+01 7.822106971411023402e+00
1.089000000000008761e+01 7.712765113351563784e+00
1.091000000000008718e+01 7.627486284124089799e+00
1.093000000000008676e+01 7.580526634403220498e+00
1.095000000000008633e+01 7.583575619984854299e+00
1.097000000000008590e+01 7.481387882134166389e+00
1.099000000000008548e+01 7.406213789424492155e+00
1.101000000000008505e+01 7.346897594133166898e+00
1.103000000000008463e+01 7.300827258431809241e+00
1.105000000000008420e+01 7.209984418234902215e+00
1.107000000000008377e+01 7.196168332512726806e+00
1.109000000000008335e+01 7.126977554737115916e+00
1.111000000000008292e+01 6.980379289777141061e+00
1.113000000000008249e+01 6.979662626874658216e+00
1.115000000000008207e+01 6.960919181385377463e+00
1.117000000000008164e+01 6.888343419285190450e+00
1.119000000000008122e+01 6.809168326056639131e+00
1.121000000000008079e+01 6.756608808252227760e+00
1.123000000000008036e+01 6.683257924946834017e+00
1.125000000000007994e+01 6.674348462114721769e+00
1.127000000000007951e+01 6.633438969973570742e+00
1.129000000000007908e+01 6.578085120725862822e+00
1.131000000000007866e+01 6.491897544528231201e+00
1.133000000000007823e+01 6.443179418243472512e+00
1.135000000000007780e+01 6.371669473899136626e+00
1.137000000000007738e+01 6.274234352139953508e+00
1.139000000000007695e+01 6.321128037674847988e+00
1.141000000000007653e+01 6.258445495361254274e+00
1.143000000000007610e+01 6.177611617815919054e+00
1.145000000000007567e+01 6.134049138276346014e+00
1.147000000000007525e+01 6.064008277056429641e+00
1.149000000000007482e+01 5.975202877769743459e+00
1.151000000000007439e+01 5.976916919089375391e+00
1.153000000000007397e+01 5.917100208055955157e+00
1.155000000000007354e+01 5.867805997815361607e+00
1.157000000000007311e+01 5.845475904754145802e+00
1.159000000000007269e+01 5.832036490593830891e+00
1.161000000000007226e+01 5.720623847325329692e+00
1.163000000000007184e+01 5.749145710544964594e+00
1.165000000000007141e+01 5.611307906772270648e+00
1.167000000000007098e+01 5.652023771019703879e+00
1.169000000000007056e+01 5.591656354364920034e+00
1.171000000000007013e+01 5.527322233641077887e+00
1.173000000000006970e+01 5.466771943424348024e+00
1.175000000000006928e+01 5.435211320875240837e+00
1.177000000000006885e+01 5.428471218975239765e+00
1.179000000000006843e+01 5.342235834092733171e+00
1.181000000000006800e+01 5.287419003720370547e+00
1.183000000000006757e+01 5.272065088303407698e+00
1.185000000000006715e+01 5.209959088336542976e+00
1.187000000000006672e+01 5.187220599307027058e+00
1.189000000000006629e+01 5.128668439609346485e+00
1.191000000000006587e+01 5.142924697638751930e+00
1.193000000000006544e+01 5.107056011295688869e+00
1.195000000000006501e+01 5.083113627129548284e+00
1.197000000000006459e+01 4.990583087837126897e+00
1.199000000000006416e+01 5.007872934297866507e+00
1.201000000000006374e+01 4.961966745060372830e+00
1.203000000000006331e+01 4.899486276395718320e+00
1.205000000000006288e+01 4.867846667190513621e+00
1.207000000000006246e+01 4.836725113416135535e+00
1.209000000000006203e+01 4.789583272293661764e+00
1.211000000000006160e+01 4.759121597300302930e+00
1.213000000000006118e+01 4.723463675075835866e+00
1.215000000000006075e+01 4.702407224546836240e+00
1.217000000000006033e+01 4.746924972692436739e+00
1.219000000000005990e+01 4.674672423556555323e+00
1.221000000000005947e+01 4.573515859666888339e+00
1.223000000000005905e+01 4.585213356673259355e+00
1.225000000000005862e+01 4.585413891631970884e+00
1.227000000000005819e+01 4.476294452010981750e+00
1.229000000000005777e+01 4.510207545269459217e+00
1.231000000000005734e+01 4.511804244642118711e+00
1.233000000000005691e+01 4.452777247063904653e+00
1.235000000000005649e+01 4.380819696345449543e+00
1.237000000000005606e+01 4.407907350185361395e+00
1.239000000000005564e+01 4.338475191070203074e+00
1.241000000000005521e+01 4.323995267619543448e+00
1.243000000000005478e+01 4.317057909683111205e+00
1.245000000000005436e+01 4.270825554750055986e+00
1.247000000000005393e+01 4.221686920656654074e+00
1.249000000000005350e+01 4.216721659260548094e+00
1.251000000000005308e+01 4.119836957444087844e+00
1.253000000000005265e+01 4.165656496685712362e+00
1.255000000000005222e+01 4.142806402377459563e+00
1.257000000000005180e+01 4.144837860999439627e+00
1.259000000000005137e+01 4.097656376123573807e+00
1.261000000000005095e+01 4.049559566752638062e+00
1.263000000000005052e+01 4.058040908895576671e+00
1.265000000000005009e+01 3.990460556250999602e+00
1.267000000000004967e+01 4.007235734177858610e+00
1.269000000000004924e+01 3.981015913695079789e+00
1.271000000000004881e+01 3.902275250121568284e+00
1.273000000000004839e+01 3.909431010703780629e+00
1.275000000000004796e+01 3.922211722775793774e+00
1.277000000000004754e+01 3.859333010043776380e+00
1.279000000000004711e+01 3.851337471408857738e+00
1.281000000000004668e+01 3.835758388400396068e+00
1.283000000000004626e+01 3.768940200097401938e+00
1.285000000000004583e+01 3.766430480052593843e+00
1.287000000000004540e+01 3.756561994135164007e+00
1.289000000000004498e+01 3.760366734670811617e+00
1.291000000000004455e+01 3.698442484514028461e+00
1.293000000000004412e+01 3.703822911125144834e+00
1.295000000000004370e+01 3.688926472175994675e+00
1.297000000000004327e+01 3.674277801150137357e+00
1.299000000000004285e+01 3.606671101627870968e+00
1.301000000000004242e+01 3.616489554517739347e+00
1.303000000000004199e+01 3.558995577852775760e+00
1.305000000000004157e+01 3.538661712479794996e+00
1.307000000000004114e+01 3.541588924395865590e+00
1.309000000000004071e+01 3.517752225418738110e+00
1.311000000000004029e+01 3.502191388748698397e+00
1.313000000000003986e+01 3.495605615803012434e+00
1.315000000000003944e+01 3.482545929242582883e+00
1.317000000000003901e+01 3.417813831509592060e+00
1.319000000000003858e+01 3.451975624226218731e+00
1.321000000000003816e+01 3.410819808738098757e+00
1.323000000000003773e+01 3.343033545999828604e+00
1.325000000000003730e+01 3.360766246027787396e+00
1.327000000000003688e+01 3.308759233800825150e+00
1.329000000000003645e+01 3.287992907349694516e+00
1.331000000000003602e+01 3.244901467597611777e+00
1.333000000000003560e+01 3.275657741123434885e+00
1.335000000000003517e+01 3.261354499653381200e+00
1.337000000000003475e+01 3.158902368784826109e+00
1.339000000000003432e+01 3.167444572333867114e+00
1.341000000000003389e+01 3.207599137398151612e+00
1.343000000000003347e+01 3.164285697389247698e+00
1.345000000000003304e+01 3.096039646155615443e+00
1.347000000000003261e+01 3.152368582151265031e+00
1.349000000000003219e+01 3.164784990982971280e+00
1.351000000000003176e+01 3.084680276178147551e+00
1.353000000000003133e+01 3.059889312090767532e+00
1.355000000000003091e+01 3.019245457461018134e+00
1.357000000000003048e+01 2.968182301911995058e+00
1.359000000000003006e+01 3.007871859572515127e+00
1.361000000000002963e+01 2.967094702218392221e+00
1.363000000000002920e+01 2.939371931965974127e+00
1.365000000000002878e+01 2.885332814499150800e+00
1.367000000000002835e+01 2.882335846089074227e+00
1.369000000000002792e+01 2.870820015268603864e+00
1.371000000000002750e+01 2.845528035028892067e+00
1.373000000000002707e+01 2.836915634586637314e+00
1.375000000000002665e+01 2.812037636123639217e+00
1.377000000000002622e+01 2.800818802540023800e+00
1.379000000000002579e+01 2.845221276842979208e+00
1.381000000000002537e+01 2.789725581346804706e+00
1.383000000000002494e+01 2.747154707033149457e+00
1.385000000000002451e+01 2.699692159132862201e+00
1.387000000000002409e+01 2.698738323005873685e+00
1.389000000000002366e+01 2.691594497417270748e+00
1.391000000000002323e+01 2.657948783937986281e+00
1.393000000000002281e+01 2.628794790639391810e+00
1.395000000000002238e+01 2.609038995734659583e+00
1.397000000000002196e+01 2.544299653248951465e+00
1.399000000000002153e+01 2.521659510624083556e+00
1.401000000000002110e+01 2.533089049113995905e+00
1.403000000000002068e+01 2.509892970479148389e+00
1.405000000000002025e+01 2.502077839666037473e+00
1.407000000000001982e+01 2.484969429719226408e+00
1.409000000000001940e+01 2.483482345704461469e+00
1.411000000000001897e+01 2.438222302936285946e+00
1.413000000000001855e+01 2.435664333183384489e+00
1.415000000000001812e+01 2.361683526245261344e+00
1.417000000000001769e+01 2.362998602792957925e+00
1.419000000000001727e+01 2.319627660099181199e+00
1.421000000000001684e+01 2.300145096708941850e+00
1.423000000000001641e+01 2.271151649077291612e+00
1.425000000000001599e+01 2.300403095306808421e+00
1.427000000000001556e+01 2.216138836319219152e+00
1.429000000000001513e+01 2.261006701552834119e+00
1.431000000000001471e+01 2.180887452959944905e+00
1.433000000000001428e+01 2.189781473593652716e+00
1.435000000000001386e+01 2.135392293642223382e+00
1.437000000000001343e+01 2.096270491220496357e+00
1.439000000000001300e+01 2.089916203639165637e+00
1.441000000000001258e+01 2.036764762380014915e+00
1.443000000000001215e+01 2.002095254568379890e+00
1.445000000000001172e+01 1.949234670188952245e+00
1.447000000000001130e+01 1.911230098918894615e+00
1.449000000000001087e+01 1.798338051437781360e+00
1.451000000000001044e+01 1.619807729123357021e+00
1.453000000000001002e+01 1.388242607095427905e+00
1.455000000000000959e+01 1.173598409729310177e+00
1.457000000000000917e+01 9.189656080297724516e-01
1.459000000000000874e+01 6.485660550752656572e-01
1.461000000000000831e+01 3.893433911501277822e-01
1.463000000000000789e+01 1.687872038492053417e-01
1.465000000000000746e+01 6.929373976548290626e-02
1.467000000000000703e+01 1.670548965038200565e-02
1.469000000000000661e+01 5.547604638774865718e-03
1.471000000000000618e+01 7.095485493603444875e-11
1.473000000000000576e+01 0.000000000000000000e+00
1.475000000000000533e+01 0.000000000000000000e+00
1.477000000000000490e+01 0.000000000000000000e+00
1.479000000000000448e+01 0.000000000000000000e+00
1.481000000000000405e+01 0.000000000000000000e+00
1.483000000000000362e+01 0.000000000000000000e+00
1.485000000000000320e+01 0.000000000000000000e+00
1.487000000000000277e+01 0.000000000000000000e+00
1.489000000000000234e+01 0.000000000000000000e+00
1.491000000000000192e+01 0.000000000000000000e+00
1.493000000000000149e+01 0.000000000000000000e+00
1.495000000000000107e+01 0.000000000000000000e+00
1.497000000000000064e+01 0.000000000000000000e+00
1.499000000000000021e+01 0.000000000000000000e+00
