# Redshift		Merger Rate Density [Gpc^-3yr^-1]
1.000000000031931770e-02 3.332736535937105060e+01
3.000000000031888964e-02 3.382837008901996256e+01
5.000000000031846331e-02 3.478845542085161213e+01
7.000000000031804392e-02 3.481300189787104671e+01
9.000000000031761760e-02 3.534737426785302006e+01
1.100000000003171913e-01 3.585167583560089355e+01
1.300000000003167511e-01 3.644916929878277756e+01
1.500000000003163247e-01 3.660632671595969612e+01
1.700000000003158984e-01 3.721901835007224690e+01
1.900000000003154721e-01 3.827174815813427244e+01
2.100000000003150458e-01 3.831478431840909593e+01
2.300000000003146194e-01 3.917077990237657303e+01
2.500000000003141931e-01 4.000432669896510163e+01
2.700000000003137668e-01 4.011771963247064576e+01
2.900000000003133405e-01 4.051933313721187346e+01
3.100000000003129141e-01 4.110451736395085476e+01
3.300000000003124878e-01 4.140170798376657046e+01
3.500000000003120615e-01 4.230690997446685486e+01
3.700000000003116352e-01 4.241716689054920408e+01
3.900000000003112088e-01 4.305728118859232723e+01
4.100000000003107825e-01 4.342680253267109691e+01
4.300000000003103562e-01 4.452795646873443047e+01
4.500000000003099299e-01 4.445795813468640745e+01
4.700000000003095035e-01 4.602865958920006051e+01
4.900000000003090772e-01 4.588037859649756456e+01
5.100000000003086509e-01 4.671129493308390579e+01
5.300000000003082246e-01 4.703616110897170444e+01
5.500000000003077982e-01 4.723015917400088171e+01
5.700000000003073719e-01 4.826095307975852222e+01
5.900000000003069456e-01 4.806806015469846471e+01
6.100000000003065193e-01 4.944399711757465354e+01
6.300000000003060929e-01 4.952293818652371726e+01
6.500000000003056666e-01 5.043212160646484676e+01
6.700000000003052403e-01 5.091362533674448798e+01
6.900000000003048140e-01 5.173694853703752727e+01
7.100000000003043876e-01 5.240820948267639778e+01
7.300000000003039613e-01 5.239580357774737962e+01
7.500000000003035350e-01 5.374794881147350623e+01
7.700000000003031086e-01 5.460903620429171923e+01
7.900000000003026823e-01 5.470865231989519373e+01
8.100000000003022560e-01 5.597411932289784886e+01
8.300000000003018297e-01 5.585418245325808329e+01
8.500000000003014033e-01 5.708001631986453361e+01
8.700000000003009770e-01 5.814445275237105903e+01
8.900000000003005507e-01 5.696960619389577118e+01
9.100000000003001244e-01 5.861899032574383028e+01
9.300000000002996980e-01 5.867679391619491724e+01
9.500000000002992717e-01 5.973395423998811538e+01
9.700000000002988454e-01 5.960884866757555045e+01
9.900000000002984191e-01 5.995816482965605587e+01
1.010000000000297993e+00 6.099322452157346675e+01
1.030000000000297566e+00 6.086694701584016798e+01
1.050000000000297140e+00 6.143789943627849226e+01
1.070000000000296714e+00 6.153635878039597173e+01
1.090000000000296287e+00 6.248393368744762455e+01
1.110000000000295861e+00 6.251090938616303561e+01
1.130000000000295435e+00 6.356030923005236843e+01
1.150000000000295008e+00 6.308718541825113135e+01
1.170000000000294582e+00 6.391790407409967401e+01
1.190000000000294156e+00 6.427344268199782107e+01
1.210000000000293729e+00 6.473401114789412247e+01
1.230000000000293303e+00 6.455324428565145922e+01
1.250000000000292877e+00 6.549503714114354125e+01
1.270000000000292451e+00 6.628913251601743184e+01
1.290000000000292024e+00 6.550810043090122292e+01
1.310000000000291598e+00 6.656454825268156128e+01
1.330000000000291172e+00 6.704658078573881141e+01
1.350000000000290745e+00 6.673284014486067406e+01
1.370000000000290319e+00 6.765319260661884471e+01
1.390000000000289893e+00 6.746298160061564886e+01
1.410000000000289466e+00 6.759483504814036792e+01
1.430000000000289040e+00 6.800420764196482537e+01
1.450000000000288614e+00 6.877820430234574189e+01
1.470000000000288187e+00 6.870600153733677473e+01
1.490000000000287761e+00 6.923689451147896534e+01
1.510000000000287335e+00 6.946512530501649962e+01
1.530000000000286908e+00 6.941656788645674681e+01
1.550000000000286482e+00 6.918537591523224251e+01
1.570000000000286056e+00 7.023948473335005360e+01
1.590000000000285629e+00 7.011233418136247053e+01
1.610000000000285203e+00 6.988482777750643038e+01
1.630000000000284777e+00 6.962951292603278830e+01
1.650000000000284350e+00 7.115249154541609755e+01
1.670000000000283924e+00 6.986603635727711037e+01
1.690000000000283498e+00 7.072131619815782244e+01
1.710000000000283071e+00 7.082299178254500305e+01
1.730000000000282645e+00 7.116137095921590117e+01
1.750000000000282219e+00 7.096751113187075077e+01
1.770000000000281792e+00 7.148686510821669060e+01
1.790000000000281366e+00 7.116875049630810679e+01
1.810000000000280940e+00 7.149240817670963111e+01
1.830000000000280513e+00 7.183241347560459644e+01
1.850000000000280087e+00 7.260090155809655244e+01
1.870000000000279661e+00 7.139296884621397510e+01
1.890000000000279234e+00 7.216899413620782866e+01
1.910000000000278808e+00 7.096950432725198255e+01
1.930000000000278382e+00 7.216565432111725897e+01
1.950000000000277955e+00 7.238294167564261272e+01
1.970000000000277529e+00 7.205345688584279173e+01
1.990000000000277103e+00 7.203489611494809708e+01
2.010000000000276899e+00 7.274090371577572967e+01
2.030000000000276472e+00 7.237524977483758448e+01
2.050000000000276046e+00 7.185870231280574671e+01
2.070000000000275620e+00 7.228850777463472355e+01
2.090000000000275193e+00 7.258953929287555695e+01
2.110000000000274767e+00 7.148167316883480282e+01
2.130000000000274341e+00 7.258235863146917666e+01
2.150000000000273914e+00 7.285617470401933815e+01
2.170000000000273488e+00 7.175831852916611808e+01
2.190000000000273062e+00 7.251503018984520565e+01
2.210000000000272635e+00 7.264251614684401659e+01
2.230000000000272209e+00 7.217723688654886871e+01
2.250000000000271783e+00 7.220859808610406105e+01
2.270000000000271356e+00 7.144092261891277928e+01
2.290000000000270930e+00 7.143418467409765071e+01
2.310000000000270504e+00 7.262006645803565164e+01
2.330000000000270077e+00 7.134040885106638541e+01
2.350000000000269651e+00 7.168225557909676127e+01
2.370000000000269225e+00 7.141790799114053812e+01
2.390000000000268798e+00 7.186767719996801418e+01
2.410000000000268372e+00 7.163873466154812775e+01
2.430000000000267946e+00 7.187471502794726064e+01
2.450000000000267519e+00 7.227289882105694119e+01
2.470000000000267093e+00 7.108004588208757468e+01
2.490000000000266667e+00 7.166022688584068590e+01
2.510000000000266240e+00 7.114092929632477080e+01
2.530000000000265814e+00 7.199285349426233438e+01
2.550000000000265388e+00 7.147469513922486328e+01
2.570000000000264961e+00 7.101557886048297519e+01
2.590000000000264535e+00 6.997194246861606359e+01
2.610000000000264109e+00 7.046395215901834774e+01
2.630000000000263682e+00 7.087073381845873143e+01
2.650000000000263256e+00 7.023773509096437806e+01
2.670000000000262830e+00 6.919478344107420753e+01
2.690000000000262403e+00 7.004899778959985213e+01
2.710000000000261977e+00 6.959167435229613830e+01
2.730000000000261551e+00 6.943576173605109148e+01
2.750000000000261124e+00 6.940211524433399859e+01
2.770000000000260698e+00 6.928168253110210628e+01
2.790000000000260272e+00 6.962439255452343900e+01
2.810000000000259845e+00 6.894569398882913447e+01
2.830000000000259419e+00 6.823767710684083454e+01
2.850000000000258993e+00 6.887664065268194236e+01
2.870000000000258567e+00 6.847187714653956903e+01
2.890000000000258140e+00 6.808517472978415697e+01
2.910000000000257714e+00 6.849125578848742180e+01
2.930000000000257288e+00 6.838069145875287802e+01
2.950000000000256861e+00 6.723882790866123571e+01
2.970000000000256435e+00 6.789578710420636298e+01
2.990000000000256009e+00 6.698264948921904249e+01
3.010000000000255582e+00 6.771344431153633536e+01
3.030000000000255156e+00 6.630949483195293226e+01
3.050000000000254730e+00 6.680560768510063951e+01
3.070000000000254303e+00 6.649557027149459998e+01
3.090000000000253877e+00 6.651224153045356502e+01
3.110000000000253451e+00 6.612210319317425444e+01
3.130000000000253024e+00 6.585571595698249325e+01
3.150000000000252598e+00 6.555010436952412078e+01
3.170000000000252172e+00 6.593194616931796759e+01
3.190000000000251745e+00 6.496720875036251641e+01
3.210000000000251319e+00 6.482561884813381425e+01
3.230000000000250893e+00 6.506026575696147063e+01
3.250000000000250466e+00 6.440370678700857354e+01
3.270000000000250040e+00 6.472232587809891413e+01
3.290000000000249614e+00 6.448361563479872416e+01
3.310000000000249187e+00 6.425229530678764434e+01
3.330000000000248761e+00 6.383733215781526837e+01
3.350000000000248335e+00 6.388529242999249647e+01
3.370000000000247908e+00 6.297590949945006145e+01
3.390000000000247482e+00 6.327623894025109763e+01
3.410000000000247056e+00 6.281680604121349631e+01
3.430000000000246629e+00 6.235389576620422503e+01
3.450000000000246203e+00 6.257671249833148863e+01
3.470000000000245777e+00 6.189785548514106495e+01
3.490000000000245350e+00 6.251937856106631131e+01
3.510000000000244924e+00 6.171545270887809664e+01
3.530000000000244498e+00 6.108575932918002849e+01
3.550000000000244071e+00 6.118756111837899425e+01
3.570000000000243645e+00 6.115982402672054974e+01
3.590000000000243219e+00 6.124760502943529872e+01
3.610000000000242792e+00 6.029049055855094963e+01
3.630000000000242366e+00 6.025072602827911084e+01
3.650000000000241940e+00 5.985646624846495456e+01
3.670000000000241513e+00 6.004698971186629564e+01
3.690000000000241087e+00 5.917900395343716724e+01
3.710000000000240661e+00 5.987673484139213542e+01
3.730000000000240234e+00 5.900742343751269914e+01
3.750000000000239808e+00 5.846225318057560827e+01
3.770000000000239382e+00 5.846127313327809816e+01
3.790000000000238956e+00 5.858326514777435534e+01
3.810000000000238529e+00 5.804144941579494343e+01
3.830000000000238103e+00 5.766725514713815670e+01
3.850000000000237677e+00 5.787185293893437432e+01
3.870000000000237250e+00 5.703769145255949979e+01
3.890000000000236824e+00 5.725562015485353129e+01
3.910000000000236398e+00 5.681019172894468028e+01
3.930000000000235971e+00 5.666184850919596983e+01
3.950000000000235545e+00 5.604962620135531637e+01
3.970000000000235119e+00 5.599762871949619125e+01
3.990000000000234692e+00 5.594845151413147022e+01
4.010000000000234266e+00 5.548693834994096363e+01
4.030000000000233840e+00 5.476686743494432363e+01
4.050000000000233413e+00 5.469438344804170526e+01
4.070000000000232987e+00 5.447232182314075288e+01
4.090000000000232561e+00 5.447608357581420080e+01
4.110000000000232134e+00 5.443359607262926403e+01
4.130000000000231708e+00 5.340362922235456011e+01
4.150000000000231282e+00 5.353917023925045982e+01
4.170000000000230855e+00 5.298050340875041542e+01
4.190000000000230429e+00 5.322783420000541810e+01
4.210000000000230003e+00 5.240181593202829191e+01
4.230000000000229576e+00 5.225646914103660379e+01
4.250000000000229150e+00 5.226285242003235254e+01
4.270000000000228724e+00 5.185515687142851959e+01
4.290000000000228297e+00 5.154469607831637745e+01
4.310000000000227871e+00 5.167585983008771677e+01
4.330000000000227445e+00 5.083363448364602988e+01
4.350000000000227018e+00 5.046752792020848233e+01
4.370000000000226592e+00 5.061948954960094227e+01
4.390000000000226166e+00 5.040350780747012038e+01
4.410000000000225739e+00 4.950198225581237210e+01
4.430000000000225313e+00 4.985078576780739468e+01
4.450000000000224887e+00 4.890527699573998177e+01
4.470000000000224460e+00 4.905589373866368419e+01
4.490000000000224034e+00 4.880571229569182634e+01
4.510000000000223608e+00 4.796027361582915916e+01
4.530000000000223181e+00 4.812238358561435803e+01
4.550000000000222755e+00 4.769800951587037474e+01
4.570000000000222329e+00 4.652434138020526433e+01
4.590000000000221902e+00 4.623343098106104065e+01
4.610000000000221476e+00 4.602627701868460264e+01
4.630000000000221050e+00 4.615172201368900318e+01
4.650000000000220624e+00 4.509870921520309395e+01
4.670000000000220197e+00 4.475417351987925230e+01
4.690000000000219771e+00 4.492654201790656998e+01
4.710000000000219345e+00 4.403455309363031489e+01
4.730000000000218918e+00 4.409253807745994180e+01
4.750000000000218492e+00 4.356063019293302574e+01
4.770000000000218066e+00 4.278173897137150306e+01
4.790000000000217639e+00 4.291665849053766379e+01
4.810000000000217213e+00 4.266860999930336362e+01
4.830000000000216787e+00 4.262493689409651410e+01
4.850000000000216360e+00 4.157951044324502732e+01
4.870000000000215934e+00 4.195314869734522034e+01
4.890000000000215508e+00 4.058473923569782471e+01
4.910000000000215081e+00 4.034094181862701589e+01
4.930000000000214655e+00 4.031645183723173886e+01
4.950000000000214229e+00 4.002282363741335303e+01
4.970000000000213802e+00 3.937240858718247694e+01
4.990000000000213376e+00 3.908391506572605323e+01
5.010000000000212950e+00 3.841300351674813385e+01
5.030000000000212523e+00 3.857165029957574376e+01
5.050000000000212097e+00 3.793913202562688269e+01
5.070000000000211671e+00 3.771194158753957737e+01
5.090000000000211244e+00 3.741390845784926711e+01
5.110000000000210818e+00 3.671978602274089099e+01
5.130000000000210392e+00 3.623804701067236067e+01
5.150000000000209965e+00 3.570908220550424517e+01
5.170000000000209539e+00 3.574807476805490580e+01
5.190000000000209113e+00 3.521353300219050197e+01
5.210000000000208686e+00 3.449070972859296802e+01
5.230000000000208260e+00 3.434385837821734100e+01
5.250000000000207834e+00 3.370440402226631704e+01
5.270000000000207407e+00 3.414213856053517304e+01
5.290000000000206981e+00 3.327828850502821467e+01
5.310000000000206555e+00 3.278065154793519298e+01
5.330000000000206128e+00 3.245562026234285469e+01
5.350000000000205702e+00 3.179951247046890472e+01
5.370000000000205276e+00 3.170206717517991990e+01
5.390000000000204849e+00 3.151760951223268847e+01
5.410000000000204423e+00 3.073919061049939572e+01
5.430000000000203997e+00 3.082488098199133830e+01
5.450000000000203570e+00 3.026435015309972698e+01
5.470000000000203144e+00 2.944361770944399126e+01
5.490000000000202718e+00 2.950928900626627893e+01
5.510000000000202292e+00 2.904067778871024430e+01
5.530000000000201865e+00 2.846002165774251935e+01
5.550000000000201439e+00 2.813137109346453713e+01
5.570000000000201013e+00 2.810077924987990627e+01
5.590000000000200586e+00 2.745947838994555923e+01
5.610000000000200160e+00 2.692726225252622640e+01
5.630000000000199734e+00 2.681000108509724456e+01
5.650000000000199307e+00 2.638221434469357263e+01
5.670000000000198881e+00 2.592510568341394617e+01
5.690000000000198455e+00 2.531106384542362875e+01
5.710000000000198028e+00 2.563602855138008252e+01
5.730000000000197602e+00 2.465479410509935221e+01
5.750000000000197176e+00 2.442043355555844997e+01
5.770000000000196749e+00 2.419367629162042377e+01
5.790000000000196323e+00 2.364029525133922505e+01
5.810000000000195897e+00 2.309703267585393860e+01
5.830000000000195470e+00 2.285989219147279528e+01
5.850000000000195044e+00 2.232851027808047917e+01
5.870000000000194618e+00 2.220847054054135228e+01
5.890000000000194191e+00 2.168674234220154062e+01
5.910000000000193765e+00 2.110897600684346997e+01
5.930000000000193339e+00 2.104254883763016792e+01
5.950000000000192912e+00 2.070854612330995081e+01
5.970000000000192486e+00 2.040203420646845700e+01
5.990000000000192060e+00 1.999401837402390925e+01
6.010000000000191633e+00 1.950085383852931642e+01
6.030000000000191207e+00 1.907368626566120895e+01
6.050000000000190781e+00 1.902675913723497914e+01
6.070000000000190354e+00 1.840093804149715595e+01
6.090000000000189928e+00 1.819674584194105904e+01
6.110000000000189502e+00 1.779663561045045128e+01
6.130000000000189075e+00 1.755912240342416553e+01
6.150000000000188649e+00 1.738453618074855811e+01
6.170000000000188223e+00 1.693839510414357719e+01
6.190000000000187796e+00 1.656040237413056460e+01
6.210000000000187370e+00 1.625719100574758613e+01
6.230000000000186944e+00 1.603717222186590163e+01
6.250000000000186517e+00 1.574801159556095875e+01
6.270000000000186091e+00 1.542395071200849443e+01
6.290000000000185665e+00 1.520849837322705156e+01
6.310000000000185238e+00 1.475420998896099434e+01
6.330000000000184812e+00 1.439861410176021117e+01
6.350000000000184386e+00 1.411128128931671455e+01
6.370000000000183960e+00 1.391274238109178540e+01
6.390000000000183533e+00 1.361188396190253158e+01
6.410000000000183107e+00 1.339555148194347822e+01
6.430000000000182681e+00 1.304530429306140427e+01
6.450000000000182254e+00 1.281810629797520562e+01
6.470000000000181828e+00 1.258462673444220492e+01
6.490000000000181402e+00 1.222704313153624511e+01
6.510000000000180975e+00 1.199892752236348770e+01
6.530000000000180549e+00 1.197723972174567564e+01
6.550000000000180123e+00 1.155716637100882060e+01
6.570000000000179696e+00 1.139036048506316057e+01
6.590000000000179270e+00 1.122666028254234050e+01
6.610000000000178844e+00 1.075080938905931305e+01
6.630000000000178417e+00 1.055432500928570683e+01
6.650000000000177991e+00 1.062023758684017771e+01
6.670000000000177565e+00 1.008560082514142664e+01
6.690000000000177138e+00 9.984572045886656255e+00
6.710000000000176712e+00 9.835122869473076790e+00
6.730000000000176286e+00 9.581516682715701450e+00
6.750000000000175859e+00 9.313334487308402743e+00
6.770000000000175433e+00 9.160581717261816692e+00
6.790000000000175007e+00 8.976522710189051679e+00
6.810000000000174580e+00 8.758044896633107257e+00
6.830000000000174154e+00 8.615480303016649799e+00
6.850000000000173728e+00 8.373266633104082146e+00
6.870000000000173301e+00 8.108696087010082820e+00
6.890000000000172875e+00 8.022013716451908749e+00
6.910000000000172449e+00 7.783534959757306915e+00
6.930000000000172022e+00 7.649690322027184131e+00
6.950000000000171596e+00 7.635414959612464969e+00
6.970000000000171170e+00 7.282447454494098693e+00
6.990000000000170743e+00 7.201553875917210412e+00
7.010000000000170317e+00 7.098513379884156649e+00
7.030000000000169891e+00 7.034687356701983418e+00
7.050000000000169464e+00 6.683021212656612420e+00
7.070000000000169038e+00 6.590495526578387775e+00
7.090000000000168612e+00 6.494285957859271541e+00
7.110000000000168185e+00 6.479436581104677906e+00
7.130000000000167759e+00 6.283142589706439907e+00
7.150000000000167333e+00 6.020602646255673207e+00
7.170000000000166906e+00 5.957302381889145515e+00
7.190000000000166480e+00 5.828914450473319242e+00
7.210000000000166054e+00 5.693863763664459121e+00
7.230000000000165628e+00 5.632980974575941602e+00
7.250000000000165201e+00 5.523467380290343343e+00
7.270000000000164775e+00 5.283782621135904911e+00
7.290000000000164349e+00 5.254941452075991393e+00
7.310000000000163922e+00 5.221250688012459840e+00
7.330000000000163496e+00 5.138336390226521999e+00
7.350000000000163070e+00 4.996630422002758642e+00
7.370000000000162643e+00 4.869660885524113247e+00
7.390000000000162217e+00 4.809342488671831894e+00
7.410000000000161791e+00 4.620106499598291450e+00
7.430000000000161364e+00 4.603346581211646082e+00
7.450000000000160938e+00 4.528832220529801944e+00
7.470000000000160512e+00 4.471304949491572422e+00
7.490000000000160085e+00 4.456228644741291767e+00
7.510000000000159659e+00 4.393486848722805149e+00
7.530000000000159233e+00 4.252364704536269358e+00
7.550000000000158806e+00 4.187500698347653483e+00
7.570000000000158380e+00 4.038606652759609617e+00
7.590000000000157954e+00 4.085123847165269773e+00
7.610000000000157527e+00 3.949805893303648840e+00
7.630000000000157101e+00 3.951309876883526861e+00
7.650000000000156675e+00 3.902211902705163826e+00
7.670000000000156248e+00 3.843100255078274241e+00
7.690000000000155822e+00 3.708316766818178234e+00
7.710000000000155396e+00 3.760331628260959125e+00
7.730000000000154969e+00 3.577237067810512539e+00
7.750000000000154543e+00 3.559063074980644892e+00
7.770000000000154117e+00 3.521399865778830574e+00
7.790000000000153690e+00 3.519516424817225708e+00
7.810000000000153264e+00 3.504407919043013742e+00
7.830000000000152838e+00 3.453548117310365484e+00
7.850000000000152411e+00 3.367203199866950936e+00
7.870000000000151985e+00 3.290716282289984473e+00
7.890000000000151559e+00 3.319700738676968577e+00
7.910000000000151132e+00 3.280653369492088967e+00
7.930000000000150706e+00 3.218992558607107757e+00
7.950000000000150280e+00 3.189327405542696781e+00
7.970000000000149853e+00 3.100939553539912463e+00
7.990000000000149427e+00 3.093333095925891119e+00
8.010000000000149001e+00 3.105920306611901882e+00
8.030000000000148574e+00 3.053176497926201716e+00
8.050000000000148148e+00 3.000042838545360357e+00
8.070000000000147722e+00 2.956961996210471177e+00
8.090000000000147296e+00 2.923332656609480829e+00
8.110000000000146869e+00 2.952792609065082452e+00
8.130000000000146443e+00 2.882586841508897102e+00
8.150000000000146017e+00 2.881321731895210458e+00
8.170000000000145590e+00 2.809645578567848467e+00
8.190000000000145164e+00 2.830766027171398136e+00
8.210000000000144738e+00 2.756570678562816124e+00
8.230000000000144311e+00 2.755289051152307600e+00
8.250000000000143885e+00 2.733896325133813754e+00
8.270000000000143459e+00 2.745936555202883156e+00
8.290000000000143032e+00 2.722830887544672951e+00
8.310000000000142606e+00 2.682344565710260920e+00
8.330000000000142180e+00 2.671945084708344353e+00
8.350000000000141753e+00 2.664498981165170921e+00
8.370000000000141327e+00 2.642664335126969632e+00
8.390000000000140901e+00 2.577609401275168910e+00
8.410000000000140474e+00 2.613045908891444391e+00
8.430000000000140048e+00 2.593346623903578063e+00
8.450000000000139622e+00 2.576134435316455917e+00
8.470000000000139195e+00 2.542281576106456775e+00
8.490000000000138769e+00 2.538834871640773816e+00
8.510000000000138343e+00 2.523100376493017549e+00
8.530000000000137916e+00 2.472979644475697736e+00
8.550000000000137490e+00 2.528518558391183557e+00
8.570000000000137064e+00 2.455631839900412228e+00
8.590000000000136637e+00 2.465598008833922883e+00
8.610000000000136211e+00 2.464407958582109259e+00
8.630000000000135785e+00 2.428577739178080286e+00
8.650000000000135358e+00 2.433993450194920971e+00
8.670000000000134932e+00 2.420142460527988426e+00
8.690000000000134506e+00 2.407095428978321738e+00
8.710000000000134079e+00 2.387092667864587625e+00
8.730000000000133653e+00 2.393298674833911122e+00
8.750000000000133227e+00 2.347071363792216925e+00
8.770000000000132800e+00 2.349905616379716733e+00
8.790000000000132374e+00 2.348680235038529851e+00
8.810000000000131948e+00 2.399696509653586496e+00
8.830000000000131521e+00 2.354990980551734836e+00
8.850000000000131095e+00 2.313695745292392747e+00
8.870000000000130669e+00 2.265323059713503895e+00
8.890000000000130242e+00 2.356429880736580884e+00
8.910000000000129816e+00 2.297488525167949103e+00
8.930000000000129390e+00 2.296128820658372760e+00
8.950000000000128964e+00 2.290574402983820423e+00
8.970000000000128537e+00 2.303133944531453814e+00
8.990000000000128111e+00 2.234363940872357901e+00
9.010000000000127685e+00 2.267120313495373463e+00
9.030000000000127258e+00 2.267656697474211835e+00
9.050000000000126832e+00 2.273780557588227502e+00
9.070000000000126406e+00 2.277763125434203229e+00
9.090000000000125979e+00 2.203764229867574365e+00
9.110000000000125553e+00 2.225242840324750393e+00
9.130000000000125127e+00 2.209007048930054395e+00
9.150000000000124700e+00 2.220869243566125473e+00
9.170000000000124274e+00 2.218548156016988404e+00
9.190000000000123848e+00 2.204160507658957435e+00
9.210000000000123421e+00 2.203161624336234414e+00
9.230000000000122995e+00 2.200487324153965751e+00
9.250000000000122569e+00 2.186486232707104627e+00
9.270000000000122142e+00 2.193253061767211687e+00
9.290000000000121716e+00 2.174607347775587840e+00
9.310000000000121290e+00 2.155327582324317426e+00
9.330000000000120863e+00 2.151886333569522858e+00
9.350000000000120437e+00 2.174841332233718116e+00
9.370000000000120011e+00 2.193274375777545249e+00
9.390000000000119584e+00 2.099407808186901203e+00
9.410000000000119158e+00 2.156279525668894692e+00
9.430000000000118732e+00 2.135136390967567355e+00
9.450000000000118305e+00 2.109545155165961638e+00
9.470000000000117879e+00 2.113278848537755383e+00
9.490000000000117453e+00 2.121003969904540654e+00
9.510000000000117026e+00 2.100425283417965527e+00
9.530000000000116600e+00 2.090531278918771552e+00
9.550000000000116174e+00 2.082965138526891469e+00
9.570000000000115747e+00 2.107009283311457537e+00
9.590000000000115321e+00 2.103341860534293062e+00
9.610000000000114895e+00 2.071082476593548272e+00
9.630000000000114468e+00 2.061392922981617026e+00
9.650000000000114042e+00 2.100818617995976467e+00
9.670000000000113616e+00 2.040982956006812454e+00
9.690000000000113189e+00 2.058960006723871583e+00
9.710000000000112763e+00 2.063779851583435576e+00
9.730000000000112337e+00 2.033270087741684939e+00
9.750000000000111910e+00 2.026061515486646147e+00
9.770000000000111484e+00 2.029273167730980543e+00
9.790000000000111058e+00 1.994155131693112981e+00
9.810000000000110632e+00 2.034391582912171259e+00
9.830000000000110205e+00 2.027084668718609262e+00
9.850000000000109779e+00 2.031950915018403414e+00
9.870000000000109353e+00 1.988508603925783325e+00
9.890000000000108926e+00 1.982455891283109173e+00
9.910000000000108500e+00 2.016146953852844703e+00
9.930000000000108074e+00 1.975548537500547930e+00
9.950000000000107647e+00 1.999640690070230375e+00
9.970000000000107221e+00 1.971097532612828163e+00
9.990000000000106795e+00 1.963388965731553082e+00
1.001000000000010637e+01 1.975226594910265643e+00
1.003000000000010594e+01 1.971653558239444548e+00
1.005000000000010552e+01 1.958885534743910695e+00
1.007000000000010509e+01 1.966603097225203545e+00
1.009000000000010466e+01 1.974266939527099751e+00
1.011000000000010424e+01 1.901349466289571133e+00
1.013000000000010381e+01 1.945740533404638928e+00
1.015000000000010338e+01 1.936907966089601585e+00
1.017000000000010296e+01 1.942870270333338922e+00
1.019000000000010253e+01 1.925711678418032813e+00
1.021000000000010210e+01 1.912447448765610236e+00
1.023000000000010168e+01 1.955433526986054105e+00
1.025000000000010125e+01 1.897382613831624321e+00
1.027000000000010083e+01 1.888371500083797283e+00
1.029000000000010040e+01 1.940877097262693418e+00
1.031000000000009997e+01 1.909516902927870463e+00
1.033000000000009955e+01 1.866311562227585208e+00
1.035000000000009912e+01 1.920959276998284837e+00
1.037000000000009869e+01 1.899962027425881272e+00
1.039000000000009827e+01 1.828475074482436513e+00
1.041000000000009784e+01 1.911793894102267188e+00
1.043000000000009742e+01 1.871345897923557544e+00
1.045000000000009699e+01 1.874256637755352450e+00
1.047000000000009656e+01 1.882616417773917306e+00
1.049000000000009614e+01 1.886791649741004662e+00
1.051000000000009571e+01 1.855573439488633181e+00
1.053000000000009528e+01 1.868428446739663240e+00
1.055000000000009486e+01 1.867204429507168362e+00
1.057000000000009443e+01 1.796779822758897360e+00
1.059000000000009400e+01 1.876103012643590473e+00
1.061000000000009358e+01 1.803829857669557946e+00
1.063000000000009315e+01 1.860902620646334382e+00
1.065000000000009273e+01 1.844043069151585668e+00
1.067000000000009230e+01 1.841336298586201847e+00
1.069000000000009187e+01 1.794905325148965947e+00
1.071000000000009145e+01 1.777082606533240350e+00
1.073000000000009102e+01 1.817446203441563268e+00
1.075000000000009059e+01 1.790494231108022527e+00
1.077000000000009017e+01 1.795720002086047318e+00
1.079000000000008974e+01 1.800447814094749965e+00
1.081000000000008932e+01 1.772393914727194986e+00
1.083000000000008889e+01 1.800058239866561660e+00
1.085000000000008846e+01 1.775179155521738883e+00
1.087000000000008804e+01 1.779131031727188006e+00
1.089000000000008761e+01 1.785968305128187161e+00
1.091000000000008718e+01 1.760856996191566104e+00
1.093000000000008676e+01 1.758797983431573009e+00
1.095000000000008633e+01 1.776739780490541154e+00
1.097000000000008590e+01 1.761239366071624124e+00
1.099000000000008548e+01 1.760758316363739695e+00
1.101000000000008505e+01 1.718551103145853132e+00
1.103000000000008463e+01 1.721954250087008420e+00
1.105000000000008420e+01 1.708429126780510732e+00
1.107000000000008377e+01 1.733974211348417338e+00
1.109000000000008335e+01 1.749314841535252407e+00
1.111000000000008292e+01 1.690166096153406849e+00
1.113000000000008249e+01 1.710157965063940910e+00
1.115000000000008207e+01 1.719259091196362332e+00
1.117000000000008164e+01 1.699637416561376790e+00
1.119000000000008122e+01 1.711838957086327495e+00
1.121000000000008079e+01 1.692563772289339630e+00
1.123000000000008036e+01 1.687398368146904692e+00
1.125000000000007994e+01 1.694458597803461419e+00
1.127000000000007951e+01 1.667937919385537926e+00
1.129000000000007908e+01 1.726700883351839355e+00
1.131000000000007866e+01 1.687443929752060923e+00
1.133000000000007823e+01 1.686583087531643876e+00
1.135000000000007780e+01 1.640351697544124798e+00
1.137000000000007738e+01 1.655521331151731390e+00
1.139000000000007695e+01 1.679040079802389673e+00
1.141000000000007653e+01 1.663328590198839940e+00
1.143000000000007610e+01 1.630423275343410028e+00
1.145000000000007567e+01 1.638639786489379357e+00
1.147000000000007525e+01 1.646264108561750650e+00
1.149000000000007482e+01 1.602638485242204869e+00
1.151000000000007439e+01 1.646199842356881993e+00
1.153000000000007397e+01 1.625596290081682493e+00
1.155000000000007354e+01 1.617372647609257363e+00
1.157000000000007311e+01 1.599452460261078457e+00
1.159000000000007269e+01 1.611503821025611405e+00
1.161000000000007226e+01 1.560388684623436939e+00
1.163000000000007184e+01 1.569148237754463437e+00
1.165000000000007141e+01 1.556535966118672842e+00
1.167000000000007098e+01 1.575857239781018881e+00
1.169000000000007056e+01 1.567715844730969144e+00
1.171000000000007013e+01 1.574470796496367342e+00
1.173000000000006970e+01 1.558875367914975829e+00
1.175000000000006928e+01 1.515539531082585434e+00
1.177000000000006885e+01 1.551381006150760911e+00
1.179000000000006843e+01 1.559233628727982213e+00
1.181000000000006800e+01 1.485392129480177958e+00
1.183000000000006757e+01 1.508545028535704269e+00
1.185000000000006715e+01 1.514204472954978398e+00
1.187000000000006672e+01 1.495322896141271674e+00
1.189000000000006629e+01 1.494018861303785251e+00
1.191000000000006587e+01 1.468955331110998408e+00
1.193000000000006544e+01 1.487023598184052497e+00
1.195000000000006501e+01 1.474494938652655573e+00
1.197000000000006459e+01 1.447969619819994724e+00
1.199000000000006416e+01 1.480917276789750270e+00
1.201000000000006374e+01 1.476362102537193577e+00
1.203000000000006331e+01 1.446920750681552237e+00
1.205000000000006288e+01 1.419966005553010113e+00
1.207000000000006246e+01 1.454303035501746777e+00
1.209000000000006203e+01 1.414381490164046573e+00
1.211000000000006160e+01 1.445870944856570528e+00
1.213000000000006118e+01 1.406279774179684638e+00
1.215000000000006075e+01 1.395402245370174432e+00
1.217000000000006033e+01 1.440679611665043103e+00
1.219000000000005990e+01 1.445282799249433703e+00
1.221000000000005947e+01 1.386752695312962969e+00
1.223000000000005905e+01 1.364946920623228310e+00
1.225000000000005862e+01 1.392528798835128256e+00
1.227000000000005819e+01 1.348979666840632419e+00
1.229000000000005777e+01 1.345123659156866047e+00
1.231000000000005734e+01 1.373439223202492787e+00
1.233000000000005691e+01 1.349512380152011248e+00
1.235000000000005649e+01 1.334113347621220358e+00
1.237000000000005606e+01 1.369688031226456992e+00
1.239000000000005564e+01 1.312955942742709992e+00
1.241000000000005521e+01 1.304110055228087983e+00
1.243000000000005478e+01 1.321206661339879407e+00
1.245000000000005436e+01 1.312613709320629374e+00
1.247000000000005393e+01 1.274881456814217939e+00
1.249000000000005350e+01 1.293792495598705461e+00
1.251000000000005308e+01 1.256230118400515572e+00
1.253000000000005265e+01 1.258835641348482026e+00
1.255000000000005222e+01 1.249753840413905026e+00
1.257000000000005180e+01 1.254307107045673941e+00
1.259000000000005137e+01 1.212106289953315486e+00
1.261000000000005095e+01 1.228090437905396515e+00
1.263000000000005052e+01 1.226430950027851630e+00
1.265000000000005009e+01 1.216247827987374297e+00
1.267000000000004967e+01 1.225144137709966330e+00
1.269000000000004924e+01 1.196590420920365494e+00
1.271000000000004881e+01 1.184522700129650996e+00
1.273000000000004839e+01 1.179813705907711174e+00
1.275000000000004796e+01 1.176360364994551100e+00
1.277000000000004754e+01 1.149969510475831846e+00
1.279000000000004711e+01 1.156572687141992573e+00
1.281000000000004668e+01 1.162830369957767784e+00
1.283000000000004626e+01 1.119198207778741239e+00
1.285000000000004583e+01 1.107333466600560756e+00
1.287000000000004540e+01 1.127917615280887853e+00
1.289000000000004498e+01 1.128573012457158686e+00
1.291000000000004455e+01 1.078994558073466337e+00
1.293000000000004412e+01 1.095741621597625226e+00
1.295000000000004370e+01 1.062964565143447837e+00
1.297000000000004327e+01 1.123970823168013888e+00
1.299000000000004285e+01 1.067926048792326332e+00
1.301000000000004242e+01 1.065542840237515776e+00
1.303000000000004199e+01 1.014436627549115677e+00
1.305000000000004157e+01 1.048751673215535751e+00
1.307000000000004114e+01 1.014696661399134836e+00
1.309000000000004071e+01 1.028920747076706776e+00
1.311000000000004029e+01 9.808691671262762535e-01
1.313000000000003986e+01 9.924651376373901934e-01
1.315000000000003944e+01 9.898463015904361839e-01
1.317000000000003901e+01 9.637437918465119324e-01
1.319000000000003858e+01 9.529748965469825306e-01
1.321000000000003816e+01 9.758547210904987557e-01
1.323000000000003773e+01 9.160381456485156004e-01
1.325000000000003730e+01 9.151895620646330887e-01
1.327000000000003688e+01 8.711983134609904145e-01
1.329000000000003645e+01 9.060087692962361938e-01
1.331000000000003602e+01 9.162400745585048689e-01
1.333000000000003560e+01 8.988868510624364871e-01
1.335000000000003517e+01 9.077366876514481042e-01
1.337000000000003475e+01 8.727107738584640728e-01
1.339000000000003432e+01 8.508996361983180989e-01
1.341000000000003389e+01 8.348772728941620258e-01
1.343000000000003347e+01 8.279038993042661110e-01
1.345000000000003304e+01 8.256720652118373360e-01
1.347000000000003261e+01 8.187392139538350877e-01
1.349000000000003219e+01 8.198042359971762227e-01
1.351000000000003176e+01 7.838342139607791248e-01
1.353000000000003133e+01 7.789532432226972114e-01
1.355000000000003091e+01 7.415617516401981080e-01
1.357000000000003048e+01 7.235984621890022561e-01
1.359000000000003006e+01 7.358842497301519847e-01
1.361000000000002963e+01 7.224572181424103734e-01
1.363000000000002920e+01 7.096561341881643115e-01
1.365000000000002878e+01 6.658786795350291055e-01
1.367000000000002835e+01 6.589810885988905964e-01
1.369000000000002792e+01 6.781002745788503594e-01
1.371000000000002750e+01 6.581653013329721302e-01
1.373000000000002707e+01 6.488870816242671147e-01
1.375000000000002665e+01 6.188700213896245472e-01
1.377000000000002622e+01 6.193350697234263347e-01
1.379000000000002579e+01 5.952811921206586643e-01
1.381000000000002537e+01 5.822303618264000891e-01
1.383000000000002494e+01 5.767108309764064078e-01
1.385000000000002451e+01 5.407005241414536423e-01
1.387000000000002409e+01 5.489850977086785377e-01
1.389000000000002366e+01 5.303018572693325439e-01
1.391000000000002323e+01 5.376819948967552776e-01
1.393000000000002281e+01 5.295099220890521208e-01
1.395000000000002238e+01 4.803162497690066091e-01
1.397000000000002196e+01 4.673673389919321131e-01
1.399000000000002153e+01 4.525134162541684102e-01
1.401000000000002110e+01 4.210236348834802134e-01
1.403000000000002068e+01 4.424983209101011061e-01
1.405000000000002025e+01 4.266472669931301587e-01
1.407000000000001982e+01 4.134209928300243142e-01
1.409000000000001940e+01 3.879593516615633675e-01
1.411000000000001897e+01 3.865801325732668992e-01
1.413000000000001855e+01 3.876841124692173568e-01
1.415000000000001812e+01 3.482265402891061568e-01
1.417000000000001769e+01 3.099376976361438163e-01
1.419000000000001727e+01 2.966182323268142240e-01
1.421000000000001684e+01 2.906204830768169822e-01
1.423000000000001641e+01 2.733450523713972791e-01
1.425000000000001599e+01 2.451800933676919758e-01
1.427000000000001556e+01 2.550102975287871776e-01
1.429000000000001513e+01 2.378875566921416773e-01
1.431000000000001471e+01 2.164979190681386445e-01
1.433000000000001428e+01 1.999426899256197820e-01
1.435000000000001386e+01 1.932937946517437056e-01
1.437000000000001343e+01 1.741182406125338922e-01
1.439000000000001300e+01 1.547924820500756193e-01
1.441000000000001258e+01 1.382697026538046159e-01
1.443000000000001215e+01 1.323378433919623065e-01
1.445000000000001172e+01 1.050738688459292719e-01
1.447000000000001130e+01 9.942868140910361696e-02
1.449000000000001087e+01 8.301018495357573301e-02
1.451000000000001044e+01 7.444436141238215676e-02
1.453000000000001002e+01 5.509254129956337592e-02
1.455000000000000959e+01 3.606581401920486846e-02
1.457000000000000917e+01 2.227567224087342868e-02
1.459000000000000874e+01 1.674414194681600118e-02
1.461000000000000831e+01 1.122436260526967627e-02
1.463000000000000789e+01 1.394737963726400826e-02
1.465000000000000746e+01 8.346441753184838733e-03
1.467000000000000703e+01 5.550440856296460189e-03
1.469000000000000661e+01 2.773787463947252358e-03
1.471000000000000618e+01 0.000000000000000000e+00
1.473000000000000576e+01 0.000000000000000000e+00
1.475000000000000533e+01 0.000000000000000000e+00
1.477000000000000490e+01 0.000000000000000000e+00
1.479000000000000448e+01 0.000000000000000000e+00
1.481000000000000405e+01 0.000000000000000000e+00
1.483000000000000362e+01 0.000000000000000000e+00
1.485000000000000320e+01 0.000000000000000000e+00
1.487000000000000277e+01 0.000000000000000000e+00
1.489000000000000234e+01 0.000000000000000000e+00
1.491000000000000192e+01 0.000000000000000000e+00
1.493000000000000149e+01 0.000000000000000000e+00
1.495000000000000107e+01 0.000000000000000000e+00
1.497000000000000064e+01 0.000000000000000000e+00
1.499000000000000021e+01 0.000000000000000000e+00
