# Redshift		Merger Rate Density [Gpc^-3yr^-1]
1.000000000031931770e-02 2.752901159036361491e+02
3.000000000031888964e-02 2.851042495137334640e+02
5.000000000031846331e-02 2.932413728729014792e+02
7.000000000031804392e-02 3.034020632326991631e+02
9.000000000031761760e-02 3.128452423535930507e+02
1.100000000003171913e-01 3.223761249473928956e+02
1.300000000003167511e-01 3.328098678441260745e+02
1.500000000003163247e-01 3.418869733553165702e+02
1.700000000003158984e-01 3.512657554138157820e+02
1.900000000003154721e-01 3.613074631437950188e+02
2.100000000003150458e-01 3.703316512992043954e+02
2.300000000003146194e-01 3.816406356601858079e+02
2.500000000003141931e-01 3.917459890819494603e+02
2.700000000003137668e-01 4.009743221163032558e+02
2.900000000003133405e-01 4.129099745991244390e+02
3.100000000003129141e-01 4.203203826515199921e+02
3.300000000003124878e-01 4.324800640762088051e+02
3.500000000003120615e-01 4.424095077563453060e+02
3.700000000003116352e-01 4.522872530864163423e+02
3.900000000003112088e-01 4.630186376517011695e+02
4.100000000003107825e-01 4.726159634452279761e+02
4.300000000003103562e-01 4.842955315831928260e+02
4.500000000003099299e-01 4.921694309137108689e+02
4.700000000003095035e-01 5.040490406302544102e+02
4.900000000003090772e-01 5.127689451505983698e+02
5.100000000003086509e-01 5.234798496355469979e+02
5.300000000003082246e-01 5.354183256586577500e+02
5.500000000003077982e-01 5.414527785115552660e+02
5.700000000003073719e-01 5.554291292713604662e+02
5.900000000003069456e-01 5.599535303763501588e+02
6.100000000003065193e-01 5.735418174676738090e+02
6.300000000003060929e-01 5.826938308658812957e+02
6.500000000003056666e-01 5.877983359215968449e+02
6.700000000003052403e-01 5.974646875119136666e+02
6.900000000003048140e-01 6.081638150386786492e+02
7.100000000003043876e-01 6.169831050031439190e+02
7.300000000003039613e-01 6.200028979078920202e+02
7.500000000003035350e-01 6.338937130282544103e+02
7.700000000003031086e-01 6.399558910768029136e+02
7.900000000003026823e-01 6.505263112252381461e+02
8.100000000003022560e-01 6.571060847480363236e+02
8.300000000003018297e-01 6.606824512895459520e+02
8.500000000003014033e-01 6.692523942521844447e+02
8.700000000003009770e-01 6.776212419741672193e+02
8.900000000003005507e-01 6.802403450092438106e+02
9.100000000003001244e-01 6.903750870014463317e+02
9.300000000002996980e-01 6.963353811536073863e+02
9.500000000002992717e-01 6.989058134725254376e+02
9.700000000002988454e-01 7.065097832795829618e+02
9.900000000002984191e-01 7.151133582995704501e+02
1.010000000000297993e+00 7.180891284648022292e+02
1.030000000000297566e+00 7.210261473785161570e+02
1.050000000000297140e+00 7.275856405496764410e+02
1.070000000000296714e+00 7.340690996020014154e+02
1.090000000000296287e+00 7.346157887755636011e+02
1.110000000000295861e+00 7.368410414130210029e+02
1.130000000000295435e+00 7.443148822029603480e+02
1.150000000000295008e+00 7.479367758063335714e+02
1.170000000000294582e+00 7.474168196687672889e+02
1.190000000000294156e+00 7.520497826906729415e+02
1.210000000000293729e+00 7.530125902085013649e+02
1.230000000000293303e+00 7.528736137677755096e+02
1.250000000000292877e+00 7.598237369956950715e+02
1.270000000000292451e+00 7.588711549860104242e+02
1.290000000000292024e+00 7.583213343889682392e+02
1.310000000000291598e+00 7.579193037453719626e+02
1.330000000000291172e+00 7.642448984722578871e+02
1.350000000000290745e+00 7.574016357854170565e+02
1.370000000000290319e+00 7.618191348636131579e+02
1.390000000000289893e+00 7.588382152386577673e+02
1.410000000000289466e+00 7.607827694980784372e+02
1.430000000000289040e+00 7.549096616816768801e+02
1.450000000000288614e+00 7.600104220634583498e+02
1.470000000000288187e+00 7.477525169817431561e+02
1.490000000000287761e+00 7.512376387246168861e+02
1.510000000000287335e+00 7.516998127519427726e+02
1.530000000000286908e+00 7.483173672450369622e+02
1.550000000000286482e+00 7.456869102011937684e+02
1.570000000000286056e+00 7.375917672141579260e+02
1.590000000000285629e+00 7.370048383343779506e+02
1.610000000000285203e+00 7.423372527986883824e+02
1.630000000000284777e+00 7.287362377451097473e+02
1.650000000000284350e+00 7.253573498669622950e+02
1.670000000000283924e+00 7.223130565459238142e+02
1.690000000000283498e+00 7.184349163693261744e+02
1.710000000000283071e+00 7.158347483456385589e+02
1.730000000000282645e+00 7.081738038100700123e+02
1.750000000000282219e+00 7.010604229663656497e+02
1.770000000000281792e+00 6.981813330557328072e+02
1.790000000000281366e+00 6.949717580432040904e+02
1.810000000000280940e+00 6.878495018625176272e+02
1.830000000000280513e+00 6.812091815499064751e+02
1.850000000000280087e+00 6.754646288081111152e+02
1.870000000000279661e+00 6.702580047515120896e+02
1.890000000000279234e+00 6.625462926472114304e+02
1.910000000000278808e+00 6.575625079281536500e+02
1.930000000000278382e+00 6.493612751971588750e+02
1.950000000000277955e+00 6.437125903995423641e+02
1.970000000000277529e+00 6.384955577150893760e+02
1.990000000000277103e+00 6.305318759530507577e+02
2.010000000000276899e+00 6.267742085020360037e+02
2.030000000000276472e+00 6.158511525282998491e+02
2.050000000000276046e+00 6.106155531914193944e+02
2.070000000000275620e+00 6.024531779652264731e+02
2.090000000000275193e+00 6.007176687780503244e+02
2.110000000000274767e+00 5.903664108414411658e+02
2.130000000000274341e+00 5.859768210962715784e+02
2.150000000000273914e+00 5.760851953789203890e+02
2.170000000000273488e+00 5.684391361663361977e+02
2.190000000000273062e+00 5.610670599902678077e+02
2.210000000000272635e+00 5.544620984835264608e+02
2.230000000000272209e+00 5.468742346754173695e+02
2.250000000000271783e+00 5.395454613668953243e+02
2.270000000000271356e+00 5.336245583693269054e+02
2.290000000000270930e+00 5.272210379289562070e+02
2.310000000000270504e+00 5.213913156051733040e+02
2.330000000000270077e+00 5.112640457099038258e+02
2.350000000000269651e+00 5.054258270879395241e+02
2.370000000000269225e+00 4.977940977119537251e+02
2.390000000000268798e+00 4.946478339686110530e+02
2.410000000000268372e+00 4.831566860770250287e+02
2.430000000000267946e+00 4.794063571281196801e+02
2.450000000000267519e+00 4.713951734706321304e+02
2.470000000000267093e+00 4.662331980403726561e+02
2.490000000000266667e+00 4.572263354732201037e+02
2.510000000000266240e+00 4.524429042355922661e+02
2.530000000000265814e+00 4.458560973319124514e+02
2.550000000000265388e+00 4.385036791456384435e+02
2.570000000000264961e+00 4.305559300515132009e+02
2.590000000000264535e+00 4.270201842204298828e+02
2.610000000000264109e+00 4.197339226979113391e+02
2.630000000000263682e+00 4.137638463615437558e+02
2.650000000000263256e+00 4.080109804170568282e+02
2.670000000000262830e+00 4.034599910790839772e+02
2.690000000000262403e+00 3.950141977392055423e+02
2.710000000000261977e+00 3.915780125587804719e+02
2.730000000000261551e+00 3.848727251356756369e+02
2.750000000000261124e+00 3.800983825252346264e+02
2.770000000000260698e+00 3.736302959686296390e+02
2.790000000000260272e+00 3.666815462272239756e+02
2.810000000000259845e+00 3.648715007464110727e+02
2.830000000000259419e+00 3.574421279205179189e+02
2.850000000000258993e+00 3.529345071914719938e+02
2.870000000000258567e+00 3.472668246990334069e+02
2.890000000000258140e+00 3.436950337080900226e+02
2.910000000000257714e+00 3.354654731363933138e+02
2.930000000000257288e+00 3.328785389710359368e+02
2.950000000000256861e+00 3.285781782259572879e+02
2.970000000000256435e+00 3.223591725396063907e+02
2.990000000000256009e+00 3.179144438712200440e+02
3.010000000000255582e+00 3.148903780183895265e+02
3.030000000000255156e+00 3.099207655163094159e+02
3.050000000000254730e+00 3.036270563046863913e+02
3.070000000000254303e+00 3.006646129965277510e+02
3.090000000000253877e+00 2.955356186114121329e+02
3.110000000000253451e+00 2.934754934392186669e+02
3.130000000000253024e+00 2.891029374228087363e+02
3.150000000000252598e+00 2.837371060189781247e+02
3.170000000000252172e+00 2.796283369295015859e+02
3.190000000000251745e+00 2.758108899384608321e+02
3.210000000000251319e+00 2.720130112923679917e+02
3.230000000000250893e+00 2.682750717618898193e+02
3.250000000000250466e+00 2.647239708693122111e+02
3.270000000000250040e+00 2.619048870773418685e+02
3.290000000000249614e+00 2.575583350860413248e+02
3.310000000000249187e+00 2.549402383508932530e+02
3.330000000000248761e+00 2.510454683565120888e+02
3.350000000000248335e+00 2.466923226536075617e+02
3.370000000000247908e+00 2.452406094677895965e+02
3.390000000000247482e+00 2.417291393286574532e+02
3.410000000000247056e+00 2.385246976799328706e+02
3.430000000000246629e+00 2.349783318828042695e+02
3.450000000000246203e+00 2.317956566338839650e+02
3.470000000000245777e+00 2.296205209580429596e+02
3.490000000000245350e+00 2.254562344645479470e+02
3.510000000000244924e+00 2.219162611295030274e+02
3.530000000000244498e+00 2.204376777056743322e+02
3.550000000000244071e+00 2.165879978160773192e+02
3.570000000000243645e+00 2.145201536921040599e+02
3.590000000000243219e+00 2.115006834239548255e+02
3.610000000000242792e+00 2.081279273011524822e+02
3.630000000000242366e+00 2.058228667138612309e+02
3.650000000000241940e+00 2.040466937411852939e+02
3.670000000000241513e+00 2.012091356571381482e+02
3.690000000000241087e+00 1.988044805565959052e+02
3.710000000000240661e+00 1.958856756438290461e+02
3.730000000000240234e+00 1.942035588623581077e+02
3.750000000000239808e+00 1.908157026558388623e+02
3.770000000000239382e+00 1.888832211736496731e+02
3.790000000000238956e+00 1.859064538299745664e+02
3.810000000000238529e+00 1.842609355687830259e+02
3.830000000000238103e+00 1.814937760433708718e+02
3.850000000000237677e+00 1.797965920700449942e+02
3.870000000000237250e+00 1.771934781465369042e+02
3.890000000000236824e+00 1.752588475291857435e+02
3.910000000000236398e+00 1.731828841621885999e+02
3.930000000000235971e+00 1.709436275588285810e+02
3.950000000000235545e+00 1.701040039129091497e+02
3.970000000000235119e+00 1.674418188006168862e+02
3.990000000000234692e+00 1.649910160790221028e+02
4.010000000000234266e+00 1.634047927096489161e+02
4.030000000000233840e+00 1.610785433751026403e+02
4.050000000000233413e+00 1.589247408318611861e+02
4.070000000000232987e+00 1.570830264692860680e+02
4.090000000000232561e+00 1.555672059356201089e+02
4.110000000000232134e+00 1.537020497862099546e+02
4.130000000000231708e+00 1.517198551686074950e+02
4.150000000000231282e+00 1.501600982643599878e+02
4.170000000000230855e+00 1.482018487187409619e+02
4.190000000000230429e+00 1.466699681136387312e+02
4.210000000000230003e+00 1.446345742797146272e+02
4.230000000000229576e+00 1.427960448436908507e+02
4.250000000000229150e+00 1.408667534468885663e+02
4.270000000000228724e+00 1.395978462987874593e+02
4.290000000000228297e+00 1.381911989741460047e+02
4.310000000000227871e+00 1.365486745353578044e+02
4.330000000000227445e+00 1.351985275637282768e+02
4.350000000000227018e+00 1.334958642088951990e+02
4.370000000000226592e+00 1.303110419763584389e+02
4.390000000000226166e+00 1.305184889363484046e+02
4.410000000000225739e+00 1.290044826818684385e+02
4.430000000000225313e+00 1.265266360422771754e+02
4.450000000000224887e+00 1.255065866392186535e+02
4.470000000000224460e+00 1.238565310535132227e+02
4.490000000000224034e+00 1.231636542361816851e+02
4.510000000000223608e+00 1.206917690578758737e+02
4.530000000000223181e+00 1.199043258819038584e+02
4.550000000000222755e+00 1.176422142936162629e+02
4.570000000000222329e+00 1.159809571058792841e+02
4.590000000000221902e+00 1.153232178880582381e+02
4.610000000000221476e+00 1.139291073517359649e+02
4.630000000000221050e+00 1.128699121988162801e+02
4.650000000000220624e+00 1.117557298689882828e+02
4.670000000000220197e+00 1.101427328930035543e+02
4.690000000000219771e+00 1.085120143492354856e+02
4.710000000000219345e+00 1.073566290334077991e+02
4.730000000000218918e+00 1.060918761895465536e+02
4.750000000000218492e+00 1.047828445716997692e+02
4.770000000000218066e+00 1.036607309430762882e+02
4.790000000000217639e+00 1.022752117408469985e+02
4.810000000000217213e+00 1.000687130538910168e+02
4.830000000000216787e+00 9.967245719876670762e+01
4.850000000000216360e+00 9.859241814914076940e+01
4.870000000000215934e+00 9.739124123022848778e+01
4.890000000000215508e+00 9.581348363086848963e+01
4.910000000000215081e+00 9.533064651511962495e+01
4.930000000000214655e+00 9.404364916118808537e+01
4.950000000000214229e+00 9.253163207206296192e+01
4.970000000000213802e+00 9.123221825745014257e+01
4.990000000000213376e+00 9.044443967990076771e+01
5.010000000000212950e+00 8.911087630837832307e+01
5.030000000000212523e+00 8.786652121003159266e+01
5.050000000000212097e+00 8.711363021212119406e+01
5.070000000000211671e+00 8.569545200045118349e+01
5.090000000000211244e+00 8.452775965310684114e+01
5.110000000000210818e+00 8.366907341484910887e+01
5.130000000000210392e+00 8.292318179623860885e+01
5.150000000000209965e+00 8.083930787865534739e+01
5.170000000000209539e+00 8.029236380288634223e+01
5.190000000000209113e+00 7.929136030607857322e+01
5.210000000000208686e+00 7.825601289762867907e+01
5.230000000000208260e+00 7.688830207436508601e+01
5.250000000000207834e+00 7.689072438450457980e+01
5.270000000000207407e+00 7.466418433649032238e+01
5.290000000000206981e+00 7.408701226516718918e+01
5.310000000000206555e+00 7.321174784865478102e+01
5.330000000000206128e+00 7.245100503972795991e+01
5.350000000000205702e+00 7.138571575088975862e+01
5.370000000000205276e+00 7.068098084163506201e+01
5.390000000000204849e+00 6.937778951152449736e+01
5.410000000000204423e+00 6.856619920943963109e+01
5.430000000000203997e+00 6.740507868720865758e+01
5.450000000000203570e+00 6.653986059519515095e+01
5.470000000000203144e+00 6.536716353026665161e+01
5.490000000000202718e+00 6.508790621797814424e+01
5.510000000000202292e+00 6.338130780270811471e+01
5.530000000000201865e+00 6.290755468100421410e+01
5.550000000000201439e+00 6.211374542923324071e+01
5.570000000000201013e+00 6.125071629873822587e+01
5.590000000000200586e+00 6.017283807202674240e+01
5.610000000000200160e+00 5.973134966357881126e+01
5.630000000000199734e+00 5.826420535832815517e+01
5.650000000000199307e+00 5.781033622884235257e+01
5.670000000000198881e+00 5.712437989351074208e+01
5.690000000000198455e+00 5.608942935286658127e+01
5.710000000000198028e+00 5.545234497077837688e+01
5.730000000000197602e+00 5.476604016066162472e+01
5.750000000000197176e+00 5.368297627548425055e+01
5.770000000000196749e+00 5.277863757178780446e+01
5.790000000000196323e+00 5.230057337615299673e+01
5.810000000000195897e+00 5.122157439504799470e+01
5.830000000000195470e+00 5.028989372829484950e+01
5.850000000000195044e+00 4.972571419140104609e+01
5.870000000000194618e+00 4.946981546507334571e+01
5.890000000000194191e+00 4.800351878220453017e+01
5.910000000000193765e+00 4.745193350860030534e+01
5.930000000000193339e+00 4.707128935354405286e+01
5.950000000000192912e+00 4.607502638644078985e+01
5.970000000000192486e+00 4.525917294278890779e+01
5.990000000000192060e+00 4.484970159832298009e+01
6.010000000000191633e+00 4.423921431335506327e+01
6.030000000000191207e+00 4.325615984939351222e+01
6.050000000000190781e+00 4.298617983387084251e+01
6.070000000000190354e+00 4.181571282334738981e+01
6.090000000000189928e+00 4.144350623357252061e+01
6.110000000000189502e+00 4.049209728992315149e+01
6.130000000000189075e+00 3.987420368162663209e+01
6.150000000000188649e+00 3.921460077099006725e+01
6.170000000000188223e+00 3.905963251613194132e+01
6.190000000000187796e+00 3.809345948365903212e+01
6.210000000000187370e+00 3.749868711112269892e+01
6.230000000000186944e+00 3.690312198780765840e+01
6.250000000000186517e+00 3.631664003398486784e+01
6.270000000000186091e+00 3.576041298912662114e+01
6.290000000000185665e+00 3.489592686382806619e+01
6.310000000000185238e+00 3.473418056349594707e+01
6.330000000000184812e+00 3.421523382356613752e+01
6.350000000000184386e+00 3.334803169027159697e+01
6.370000000000183960e+00 3.262712248054700837e+01
6.390000000000183533e+00 3.230442472340415350e+01
6.410000000000183107e+00 3.188695952533494449e+01
6.430000000000182681e+00 3.102822299766599912e+01
6.450000000000182254e+00 3.105166046737779340e+01
6.470000000000181828e+00 3.013041090743487871e+01
6.490000000000181402e+00 2.974371278810293973e+01
6.510000000000180975e+00 2.889423691422209117e+01
6.530000000000180549e+00 2.868378399638887544e+01
6.550000000000180123e+00 2.813851815296082037e+01
6.570000000000179696e+00 2.778069398690339398e+01
6.590000000000179270e+00 2.743515934956669255e+01
6.610000000000178844e+00 2.671910683419497801e+01
6.630000000000178417e+00 2.627052570533583520e+01
6.650000000000177991e+00 2.590765262822487713e+01
6.670000000000177565e+00 2.538791351229571092e+01
6.690000000000177138e+00 2.519773953394543398e+01
6.710000000000176712e+00 2.446307090096393821e+01
6.730000000000176286e+00 2.395062940023619902e+01
6.750000000000175859e+00 2.392418011812949175e+01
6.770000000000175433e+00 2.303539371403903502e+01
6.790000000000175007e+00 2.297269848722516272e+01
6.810000000000174580e+00 2.259263481553935193e+01
6.830000000000174154e+00 2.202854589378058137e+01
6.850000000000173728e+00 2.183920838990087177e+01
6.870000000000173301e+00 2.113100808919063667e+01
6.890000000000172875e+00 2.105908187355979422e+01
6.910000000000172449e+00 2.060150160771021177e+01
6.930000000000172022e+00 2.031068178759079856e+01
6.950000000000171596e+00 1.999455927784824283e+01
6.970000000000171170e+00 1.966517724822282531e+01
6.990000000000170743e+00 1.912665440901221103e+01
7.010000000000170317e+00 1.876353708618282567e+01
7.030000000000169891e+00 1.865194920053373551e+01
7.050000000000169464e+00 1.815187630738458680e+01
7.070000000000169038e+00 1.785442042371503035e+01
7.090000000000168612e+00 1.764468366884920769e+01
7.110000000000168185e+00 1.734960810815419663e+01
7.130000000000167759e+00 1.703495053047093322e+01
7.150000000000167333e+00 1.668203474228201699e+01
7.170000000000166906e+00 1.633309884295229608e+01
7.190000000000166480e+00 1.610142379082838815e+01
7.210000000000166054e+00 1.572940951270303778e+01
7.230000000000165628e+00 1.568535474056703194e+01
7.250000000000165201e+00 1.527138322152403482e+01
7.270000000000164775e+00 1.494107978150099214e+01
7.290000000000164349e+00 1.483800902548142098e+01
7.310000000000163922e+00 1.450901533290749690e+01
7.330000000000163496e+00 1.416464576433361877e+01
7.350000000000163070e+00 1.406927225759005751e+01
7.370000000000162643e+00 1.381356343685154364e+01
7.390000000000162217e+00 1.355860023597218778e+01
7.410000000000161791e+00 1.337747502918633558e+01
7.430000000000161364e+00 1.302804800165850629e+01
7.450000000000160938e+00 1.295096029881985622e+01
7.470000000000160512e+00 1.258349752512474673e+01
7.490000000000160085e+00 1.247275386516956885e+01
7.510000000000159659e+00 1.234620685282061636e+01
7.530000000000159233e+00 1.207390401547915637e+01
7.550000000000158806e+00 1.179231893640558049e+01
7.570000000000158380e+00 1.165429405408505126e+01
7.590000000000157954e+00 1.138955155904538863e+01
7.610000000000157527e+00 1.128652009891385077e+01
7.630000000000157101e+00 1.121882805943420003e+01
7.650000000000156675e+00 1.087773553579969743e+01
7.670000000000156248e+00 1.076119857087030951e+01
7.690000000000155822e+00 1.054815466319656458e+01
7.710000000000155396e+00 1.047298628367145668e+01
7.730000000000154969e+00 1.015535958688986540e+01
7.750000000000154543e+00 1.015627503305695711e+01
7.770000000000154117e+00 9.915618907417107053e+00
7.790000000000153690e+00 9.782957228661871341e+00
7.810000000000153264e+00 9.723043743676100803e+00
7.830000000000152838e+00 9.547542084240467020e+00
7.850000000000152411e+00 9.329452216848990176e+00
7.870000000000151985e+00 9.281571874268600197e+00
7.890000000000151559e+00 9.158555750518351246e+00
7.910000000000151132e+00 9.003806053685144306e+00
7.930000000000150706e+00 8.820241427002699197e+00
7.950000000000150280e+00 8.770009035225681870e+00
7.970000000000149853e+00 8.702407520846634270e+00
7.990000000000149427e+00 8.470648981230693764e+00
8.010000000000149001e+00 8.423375550322315775e+00
8.030000000000148574e+00 8.254721817654626648e+00
8.050000000000148148e+00 8.227272538702447235e+00
8.070000000000147722e+00 8.009391503838552140e+00
8.090000000000147296e+00 7.979002969497007491e+00
8.110000000000146869e+00 7.862943227706147731e+00
8.130000000000146443e+00 7.784759072872907026e+00
8.150000000000146017e+00 7.703585527045743397e+00
8.170000000000145590e+00 7.568918029783778145e+00
8.190000000000145164e+00 7.563525130802449148e+00
8.210000000000144738e+00 7.421200364230594815e+00
8.230000000000144311e+00 7.357128267721230408e+00
8.250000000000143885e+00 7.213695061116451868e+00
8.270000000000143459e+00 7.168027996562574167e+00
8.290000000000143032e+00 7.117642442548309134e+00
8.310000000000142606e+00 7.032543401856368170e+00
8.330000000000142180e+00 7.004798416739662414e+00
8.350000000000141753e+00 6.900110611042396869e+00
8.370000000000141327e+00 6.865782675704433125e+00
8.390000000000140901e+00 6.687500306385874893e+00
8.410000000000140474e+00 6.695493226511874063e+00
8.430000000000140048e+00 6.637559221322888448e+00
8.450000000000139622e+00 6.526894067317043913e+00
8.470000000000139195e+00 6.524106959988079879e+00
8.490000000000138769e+00 6.450377471256372175e+00
8.510000000000138343e+00 6.403976503317267088e+00
8.530000000000137916e+00 6.363484496445654059e+00
8.550000000000137490e+00 6.286865997081514834e+00
8.570000000000137064e+00 6.201831955391337914e+00
8.590000000000136637e+00 6.218139987146176217e+00
8.610000000000136211e+00 6.189145940523400391e+00
8.630000000000135785e+00 6.085568817799330787e+00
8.650000000000135358e+00 6.016326932868981459e+00
8.670000000000134932e+00 6.058238642853666533e+00
8.690000000000134506e+00 5.951216152485408806e+00
8.710000000000134079e+00 5.928364598283480724e+00
8.730000000000133653e+00 5.885907621879749030e+00
8.750000000000133227e+00 5.835836642927275442e+00
8.770000000000132800e+00 5.791261818159506802e+00
8.790000000000132374e+00 5.745408823220669703e+00
8.810000000000131948e+00 5.796184709301094529e+00
8.830000000000131521e+00 5.692052636308168267e+00
8.850000000000131095e+00 5.684246374447345040e+00
8.870000000000130669e+00 5.655410934542857149e+00
8.890000000000130242e+00 5.619204360134887111e+00
8.910000000000129816e+00 5.575306616535331550e+00
8.930000000000129390e+00 5.551686809723055838e+00
8.950000000000128964e+00 5.500930748284315719e+00
8.970000000000128537e+00 5.488568546504194678e+00
8.990000000000128111e+00 5.485333441639480334e+00
9.010000000000127685e+00 5.442115462276171378e+00
9.030000000000127258e+00 5.366203396598159259e+00
9.050000000000126832e+00 5.427287070056610929e+00
9.070000000000126406e+00 5.370462791898130916e+00
9.090000000000125979e+00 5.373629429246063793e+00
9.110000000000125553e+00 5.279104043415671299e+00
9.130000000000125127e+00 5.308645907629733429e+00
9.150000000000124700e+00 5.271627912469358357e+00
9.170000000000124274e+00 5.213244315217933078e+00
9.190000000000123848e+00 5.246021123153119525e+00
9.210000000000123421e+00 5.201900580038930855e+00
9.230000000000122995e+00 5.183616906088516885e+00
9.250000000000122569e+00 5.180246901128294112e+00
9.270000000000122142e+00 5.100981537114178010e+00
9.290000000000121716e+00 5.159129007579278614e+00
9.310000000000121290e+00 5.111032948086306149e+00
9.330000000000120863e+00 5.102528403091316278e+00
9.350000000000120437e+00 5.074501680394071457e+00
9.370000000000120011e+00 5.094582145831767050e+00
9.390000000000119584e+00 5.035114718443844950e+00
9.410000000000119158e+00 5.017265798361295381e+00
9.430000000000118732e+00 5.067930800914671963e+00
9.450000000000118305e+00 5.000510150565611767e+00
9.470000000000117879e+00 5.022645361958587351e+00
9.490000000000117453e+00 4.971931422937560185e+00
9.510000000000117026e+00 4.923234342011434173e+00
9.530000000000116600e+00 4.960035740369934665e+00
9.550000000000116174e+00 4.978019807790071027e+00
9.570000000000115747e+00 4.987702513321290887e+00
9.590000000000115321e+00 4.952565847108550301e+00
9.610000000000114895e+00 4.921356970893063121e+00
9.630000000000114468e+00 4.879037712050192432e+00
9.650000000000114042e+00 4.886478483796843797e+00
9.670000000000113616e+00 4.849459822329030168e+00
9.690000000000113189e+00 4.922015130193704735e+00
9.710000000000112763e+00 4.849385754420797667e+00
9.730000000000112337e+00 4.855758225290417229e+00
9.750000000000111910e+00 4.841724492368331134e+00
9.770000000000111484e+00 4.838412149119395878e+00
9.790000000000111058e+00 4.780492350556667880e+00
9.810000000000110632e+00 4.813824773487013431e+00
9.830000000000110205e+00 4.786836035795746902e+00
9.850000000000109779e+00 4.780045168757165008e+00
9.870000000000109353e+00 4.767826369631744221e+00
9.890000000000108926e+00 4.755375231320819296e+00
9.910000000000108500e+00 4.780085151145362587e+00
9.930000000000108074e+00 4.760523047775332195e+00
9.950000000000107647e+00 4.734857052119287424e+00
9.970000000000107221e+00 4.698301466543483684e+00
9.990000000000106795e+00 4.685755567531986188e+00
1.001000000000010637e+01 4.733832590628474613e+00
1.003000000000010594e+01 4.692608420253177925e+00
1.005000000000010552e+01 4.675505934165540722e+00
1.007000000000010509e+01 4.695752052050908176e+00
1.009000000000010466e+01 4.639503015216980941e+00
1.011000000000010424e+01 4.624867378275989260e+00
1.013000000000010381e+01 4.691465960165063009e+00
1.015000000000010338e+01 4.575515622135533533e+00
1.017000000000010296e+01 4.631064353164044078e+00
1.019000000000010253e+01 4.558203365082914793e+00
1.021000000000010210e+01 4.570285482047792947e+00
1.023000000000010168e+01 4.639625197132149381e+00
1.025000000000010125e+01 4.573210189194070630e+00
1.027000000000010083e+01 4.539706880387015531e+00
1.029000000000010040e+01 4.505836326859613550e+00
1.031000000000009997e+01 4.566248853560376020e+00
1.033000000000009955e+01 4.496891220659406940e+00
1.035000000000009912e+01 4.448787992289481075e+00
1.037000000000009869e+01 4.490165391449457033e+00
1.039000000000009827e+01 4.424083954227672422e+00
1.041000000000009784e+01 4.447305797757957535e+00
1.043000000000009742e+01 4.433870369740661843e+00
1.045000000000009699e+01 4.401054386087262849e+00
1.047000000000009656e+01 4.442225368172161737e+00
1.049000000000009614e+01 4.348364784135935857e+00
1.051000000000009571e+01 4.354407757898525411e+00
1.053000000000009528e+01 4.381286863466797854e+00
1.055000000000009486e+01 4.380555870341975577e+00
1.057000000000009443e+01 4.271650919773388289e+00
1.059000000000009400e+01 4.275589606391614339e+00
1.061000000000009358e+01 4.244994107803504058e+00
1.063000000000009315e+01 4.254494501467168455e+00
1.065000000000009273e+01 4.294738667700393364e+00
1.067000000000009230e+01 4.179623159754453532e+00
1.069000000000009187e+01 4.219960178743974666e+00
1.071000000000009145e+01 4.128174790144166550e+00
1.073000000000009102e+01 4.151796278950754093e+00
1.075000000000009059e+01 4.109839502997178151e+00
1.077000000000009017e+01 4.134967924819005880e+00
1.079000000000008974e+01 4.138850812712838056e+00
1.081000000000008932e+01 4.125135448940032035e+00
1.083000000000008889e+01 4.046287571490583268e+00
1.085000000000008846e+01 4.023496937172426513e+00
1.087000000000008804e+01 4.030601203804705435e+00
1.089000000000008761e+01 4.014361638341065408e+00
1.091000000000008718e+01 4.013646707125984037e+00
1.093000000000008676e+01 3.952992612752638468e+00
1.095000000000008633e+01 3.933522052998331020e+00
1.097000000000008590e+01 3.948655524772767045e+00
1.099000000000008548e+01 3.906539079688711613e+00
1.101000000000008505e+01 3.859898495491531634e+00
1.103000000000008463e+01 3.884284525896172902e+00
1.105000000000008420e+01 3.811385014275391558e+00
1.107000000000008377e+01 3.834612525059171606e+00
1.109000000000008335e+01 3.835064837366440660e+00
1.111000000000008292e+01 3.775873510653529053e+00
1.113000000000008249e+01 3.745789053026596704e+00
1.115000000000008207e+01 3.720823301590458154e+00
1.117000000000008164e+01 3.730726559716670110e+00
1.119000000000008122e+01 3.707076330113393769e+00
1.121000000000008079e+01 3.644082278796412222e+00
1.123000000000008036e+01 3.680466786912149235e+00
1.125000000000007994e+01 3.592115611609925541e+00
1.127000000000007951e+01 3.612223931383590880e+00
1.129000000000007908e+01 3.584660068150830270e+00
1.131000000000007866e+01 3.587092597639032210e+00
1.133000000000007823e+01 3.494911397619992588e+00
1.135000000000007780e+01 3.548010500286724600e+00
1.137000000000007738e+01 3.492365333418919526e+00
1.139000000000007695e+01 3.460912415693455202e+00
1.141000000000007653e+01 3.465115659018439320e+00
1.143000000000007610e+01 3.452481984924981262e+00
1.145000000000007567e+01 3.398232249516332626e+00
1.147000000000007525e+01 3.358712886593523184e+00
1.149000000000007482e+01 3.367662395072970938e+00
1.151000000000007439e+01 3.343476028074109152e+00
1.153000000000007397e+01 3.378965683507241913e+00
1.155000000000007354e+01 3.231457197989618280e+00
1.157000000000007311e+01 3.295410605471544851e+00
1.159000000000007269e+01 3.222465057558367985e+00
1.161000000000007226e+01 3.182220535136678130e+00
1.163000000000007184e+01 3.185659215458561899e+00
1.165000000000007141e+01 3.163859729317305192e+00
1.167000000000007098e+01 3.091507939887567336e+00
1.169000000000007056e+01 3.167786613363491988e+00
1.171000000000007013e+01 3.095608408474631812e+00
1.173000000000006970e+01 3.029071588605177556e+00
1.175000000000006928e+01 3.055344859235380461e+00
1.177000000000006885e+01 3.028159808333485969e+00
1.179000000000006843e+01 2.980565008881927103e+00
1.181000000000006800e+01 2.955828983009936017e+00
1.183000000000006757e+01 2.977699502481383487e+00
1.185000000000006715e+01 2.903278415738096196e+00
1.187000000000006672e+01 2.902010476918093218e+00
1.189000000000006629e+01 2.879756460313016131e+00
1.191000000000006587e+01 2.804764585156934054e+00
1.193000000000006544e+01 2.869700196337494624e+00
1.195000000000006501e+01 2.734650538439789003e+00
1.197000000000006459e+01 2.743332688604411818e+00
1.199000000000006416e+01 2.737891805009684543e+00
1.201000000000006374e+01 2.771629334830010727e+00
1.203000000000006331e+01 2.623149237531553268e+00
1.205000000000006288e+01 2.664435059441193854e+00
1.207000000000006246e+01 2.657774128927945512e+00
1.209000000000006203e+01 2.605194537643927610e+00
1.211000000000006160e+01 2.577132161420964795e+00
1.213000000000006118e+01 2.580354023756730619e+00
1.215000000000006075e+01 2.492646514754027542e+00
1.217000000000006033e+01 2.555744466285989613e+00
1.219000000000005990e+01 2.528372389574006451e+00
1.221000000000005947e+01 2.460490990470197481e+00
1.223000000000005905e+01 2.448337192545738894e+00
1.225000000000005862e+01 2.456836999672314281e+00
1.227000000000005819e+01 2.359441579333065864e+00
1.229000000000005777e+01 2.391287871040978619e+00
1.231000000000005734e+01 2.378994604924757450e+00
1.233000000000005691e+01 2.347245165056997873e+00
1.235000000000005649e+01 2.268568383378833708e+00
1.237000000000005606e+01 2.274144005838084848e+00
1.239000000000005564e+01 2.272746726584442989e+00
1.241000000000005521e+01 2.212835770676774949e+00
1.243000000000005478e+01 2.185290777453888555e+00
1.245000000000005436e+01 2.191795206003009699e+00
1.247000000000005393e+01 2.134760504436537421e+00
1.249000000000005350e+01 2.089147633447140162e+00
1.251000000000005308e+01 2.131282102345096074e+00
1.253000000000005265e+01 2.049463447276741679e+00
1.255000000000005222e+01 2.024452958547541925e+00
1.257000000000005180e+01 2.029136128831954267e+00
1.259000000000005137e+01 2.028351167507883801e+00
1.261000000000005095e+01 1.969875116664444148e+00
1.263000000000005052e+01 1.939162377658159464e+00
1.265000000000005009e+01 1.917183163826603920e+00
1.267000000000004967e+01 1.879686761676951257e+00
1.269000000000004924e+01 1.884347989032484794e+00
1.271000000000004881e+01 1.794251490765590651e+00
1.273000000000004839e+01 1.780152526062811047e+00
1.275000000000004796e+01 1.816976259958597018e+00
1.277000000000004754e+01 1.746316586222913747e+00
1.279000000000004711e+01 1.716353694643462990e+00
1.281000000000004668e+01 1.683772482905004697e+00
1.283000000000004626e+01 1.673098155980123902e+00
1.285000000000004583e+01 1.655431540295498660e+00
1.287000000000004540e+01 1.607872845033105014e+00
1.289000000000004498e+01 1.612588916982053533e+00
1.291000000000004455e+01 1.588682382541292792e+00
1.293000000000004412e+01 1.575650979295610377e+00
1.295000000000004370e+01 1.553345107852273976e+00
1.297000000000004327e+01 1.543975514139954486e+00
1.299000000000004285e+01 1.452600080839999253e+00
1.301000000000004242e+01 1.482365279036552685e+00
1.303000000000004199e+01 1.430710840490701630e+00
1.305000000000004157e+01 1.423166564979837512e+00
1.307000000000004114e+01 1.359813540692557776e+00
1.309000000000004071e+01 1.341513139029183899e+00
1.311000000000004029e+01 1.321644902209779371e+00
1.313000000000003986e+01 1.334529420685367507e+00
1.315000000000003944e+01 1.305929443824238367e+00
1.317000000000003901e+01 1.268410811531790028e+00
1.319000000000003858e+01 1.235649108625286319e+00
1.321000000000003816e+01 1.263414201749536447e+00
1.323000000000003773e+01 1.203976213594251110e+00
1.325000000000003730e+01 1.146028736618470045e+00
1.327000000000003688e+01 1.109207343846669858e+00
1.329000000000003645e+01 1.107937525552807223e+00
1.331000000000003602e+01 1.062335516933579749e+00
1.333000000000003560e+01 1.063457128639802240e+00
1.335000000000003517e+01 1.067419654535278317e+00
1.337000000000003475e+01 1.003744227854920457e+00
1.339000000000003432e+01 9.710770743105187064e-01
1.341000000000003389e+01 9.439167409574983347e-01
1.343000000000003347e+01 9.115120029104417654e-01
1.345000000000003304e+01 9.039798581680814626e-01
1.347000000000003261e+01 8.817847383091913516e-01
1.349000000000003219e+01 8.890553838185083491e-01
1.351000000000003176e+01 7.887879736460612357e-01
1.353000000000003133e+01 8.191657892645390904e-01
1.355000000000003091e+01 7.599280573332574118e-01
1.357000000000003048e+01 7.422260725279546945e-01
1.359000000000003006e+01 7.274034872802905838e-01
1.361000000000002963e+01 6.940572305388246210e-01
1.363000000000002920e+01 6.838950549191178396e-01
1.365000000000002878e+01 6.442965513476539563e-01
1.367000000000002835e+01 6.299296472430599980e-01
1.369000000000002792e+01 5.989458461949540569e-01
1.371000000000002750e+01 5.674938887340288396e-01
1.373000000000002707e+01 5.768326209289902362e-01
1.375000000000002665e+01 5.244660200094660718e-01
1.377000000000002622e+01 5.064156461507580698e-01
1.379000000000002579e+01 4.659516804068558615e-01
1.381000000000002537e+01 4.435343775332586391e-01
1.383000000000002494e+01 4.305485603380945769e-01
1.385000000000002451e+01 4.187714149163872523e-01
1.387000000000002409e+01 4.245685753801373696e-01
1.389000000000002366e+01 4.112239293703636167e-01
1.391000000000002323e+01 3.922076286993114169e-01
1.393000000000002281e+01 3.842845771589741277e-01
1.395000000000002238e+01 3.367075861664048375e-01
1.397000000000002196e+01 3.097392399795282913e-01
1.399000000000002153e+01 2.963719092232269814e-01
1.401000000000002110e+01 2.933324320738158186e-01
1.403000000000002068e+01 2.934343946723653729e-01
1.405000000000002025e+01 2.652365880117233399e-01
1.407000000000001982e+01 2.532983598052684360e-01
1.409000000000001940e+01 2.389746981788901381e-01
1.411000000000001897e+01 2.158469860489429792e-01
1.413000000000001855e+01 2.128469612693930091e-01
1.415000000000001812e+01 1.910325323475909332e-01
1.417000000000001769e+01 1.748017041340512723e-01
1.419000000000001727e+01 1.644309455488714988e-01
1.421000000000001684e+01 1.563651811136231307e-01
1.423000000000001641e+01 1.444721168878488060e-01
1.425000000000001599e+01 1.387708000723708868e-01
1.427000000000001556e+01 1.224490672231773741e-01
1.429000000000001513e+01 1.164459749356237944e-01
1.431000000000001471e+01 9.305313927673751484e-02
1.433000000000001428e+01 9.277448522503536910e-02
1.435000000000001386e+01 7.916486247679187238e-02
1.437000000000001343e+01 6.305155091539342560e-02
1.439000000000001300e+01 5.754026979392195401e-02
1.441000000000001258e+01 4.160757762178606683e-02
1.443000000000001215e+01 4.140011953483405810e-02
1.445000000000001172e+01 3.598498462471420162e-02
1.447000000000001130e+01 3.307043994825357297e-02
1.449000000000001087e+01 2.804801100322520599e-02
1.451000000000001044e+01 2.235182690136967160e-02
1.453000000000001002e+01 1.685565749801920879e-02
1.455000000000000959e+01 1.414824472367458806e-02
1.457000000000000917e+01 1.126915921032462312e-02
1.459000000000000874e+01 5.729265684256894947e-03
1.461000000000000831e+01 5.643264865074423819e-03
1.463000000000000789e+01 5.563373415559852951e-03
1.465000000000000746e+01 2.798196045940117786e-03
1.467000000000000703e+01 2.732412485706456427e-03
1.469000000000000661e+01 2.722368792256160165e-03
1.471000000000000618e+01 1.174654973745061655e-10
1.473000000000000576e+01 2.517887880125120072e-17
1.475000000000000533e+01 0.000000000000000000e+00
1.477000000000000490e+01 0.000000000000000000e+00
1.479000000000000448e+01 0.000000000000000000e+00
1.481000000000000405e+01 0.000000000000000000e+00
1.483000000000000362e+01 0.000000000000000000e+00
1.485000000000000320e+01 0.000000000000000000e+00
1.487000000000000277e+01 0.000000000000000000e+00
1.489000000000000234e+01 0.000000000000000000e+00
1.491000000000000192e+01 0.000000000000000000e+00
1.493000000000000149e+01 0.000000000000000000e+00
1.495000000000000107e+01 0.000000000000000000e+00
1.497000000000000064e+01 0.000000000000000000e+00
1.499000000000000021e+01 0.000000000000000000e+00
