# Redshift		Merger Rate Density [Gpc^-3yr^-1]
1.000000000031931770e-02 2.240857301910303434e+01
3.000000000031888964e-02 2.282826491431179150e+01
5.000000000031846331e-02 2.329189090963886244e+01
7.000000000031804392e-02 2.374835882379642982e+01
9.000000000031761760e-02 2.430001356357904641e+01
1.100000000003171913e-01 2.485649140293644166e+01
1.300000000003167511e-01 2.531910621603747913e+01
1.500000000003163247e-01 2.584047071853800048e+01
1.700000000003158984e-01 2.630598959340525766e+01
1.900000000003154721e-01 2.687069622313030237e+01
2.100000000003150458e-01 2.723619716186907169e+01
2.300000000003146194e-01 2.779856836638653306e+01
2.500000000003141931e-01 2.829876834695715360e+01
2.700000000003137668e-01 2.883442160420551303e+01
2.900000000003133405e-01 2.932940209477426663e+01
3.100000000003129141e-01 2.991084924929092637e+01
3.300000000003124878e-01 3.052158541934392133e+01
3.500000000003120615e-01 3.109641087503111123e+01
3.700000000003116352e-01 3.148985712580172702e+01
3.900000000003112088e-01 3.206856241098433458e+01
4.100000000003107825e-01 3.270716961654979826e+01
4.300000000003103562e-01 3.327813894180800247e+01
4.500000000003099299e-01 3.364906972480731184e+01
4.700000000003095035e-01 3.415906994794744378e+01
4.900000000003090772e-01 3.466363115611199675e+01
5.100000000003086509e-01 3.533660542934878634e+01
5.300000000003082246e-01 3.565332220827848175e+01
5.500000000003077982e-01 3.619691122324184107e+01
5.700000000003073719e-01 3.685564754088218820e+01
5.900000000003069456e-01 3.713907773754555564e+01
6.100000000003065193e-01 3.780036528962509124e+01
6.300000000003060929e-01 3.826935660561562713e+01
6.500000000003056666e-01 3.874323361386889530e+01
6.700000000003052403e-01 3.927110149535771200e+01
6.900000000003048140e-01 3.976434846891283570e+01
7.100000000003043876e-01 4.017939737751161999e+01
7.300000000003039613e-01 4.067778345582487987e+01
7.500000000003035350e-01 4.124677338474506882e+01
7.700000000003031086e-01 4.140742316229533770e+01
7.900000000003026823e-01 4.195897538184229347e+01
8.100000000003022560e-01 4.261536288210511003e+01
8.300000000003018297e-01 4.266898900191891641e+01
8.500000000003014033e-01 4.313414095175910745e+01
8.700000000003009770e-01 4.368916447917776935e+01
8.900000000003005507e-01 4.397755943794751232e+01
9.100000000003001244e-01 4.442293680979054926e+01
9.300000000002996980e-01 4.459062481292967561e+01
9.500000000002992717e-01 4.512732418500424814e+01
9.700000000002988454e-01 4.546585685603442784e+01
9.900000000002984191e-01 4.579429841724645200e+01
1.010000000000297993e+00 4.639462644162563976e+01
1.030000000000297566e+00 4.652315226737383114e+01
1.050000000000297140e+00 4.714302088561147031e+01
1.070000000000296714e+00 4.746041389522800813e+01
1.090000000000296287e+00 4.770560300640201490e+01
1.110000000000295861e+00 4.797653732401413151e+01
1.130000000000295435e+00 4.841662039479440693e+01
1.150000000000295008e+00 4.897091737676394274e+01
1.170000000000294582e+00 4.912363316945032210e+01
1.190000000000294156e+00 4.936752229195388963e+01
1.210000000000293729e+00 4.965038530789431803e+01
1.230000000000293303e+00 5.007736251620986678e+01
1.250000000000292877e+00 5.036720935212162686e+01
1.270000000000292451e+00 5.050881071805922318e+01
1.290000000000292024e+00 5.083526068333436854e+01
1.310000000000291598e+00 5.109229573978623051e+01
1.330000000000291172e+00 5.154233546248421760e+01
1.350000000000290745e+00 5.171896823084242811e+01
1.370000000000290319e+00 5.183950839063874128e+01
1.390000000000289893e+00 5.220245353304225233e+01
1.410000000000289466e+00 5.239214859699657723e+01
1.430000000000289040e+00 5.262248261063594867e+01
1.450000000000288614e+00 5.298863040636473443e+01
1.470000000000288187e+00 5.306468497731685829e+01
1.490000000000287761e+00 5.334237059720846474e+01
1.510000000000287335e+00 5.328944226128994899e+01
1.530000000000286908e+00 5.364801196359304924e+01
1.550000000000286482e+00 5.371035265046668172e+01
1.570000000000286056e+00 5.407748577465594053e+01
1.590000000000285629e+00 5.414123261692225242e+01
1.610000000000285203e+00 5.410479640961452930e+01
1.630000000000284777e+00 5.425961695766770987e+01
1.650000000000284350e+00 5.456596409499383071e+01
1.670000000000283924e+00 5.458595490592615818e+01
1.690000000000283498e+00 5.440026260916528855e+01
1.710000000000283071e+00 5.475252380224707593e+01
1.730000000000282645e+00 5.482070304377329961e+01
1.750000000000282219e+00 5.453572400625336059e+01
1.770000000000281792e+00 5.465398617059556585e+01
1.790000000000281366e+00 5.470155039243729078e+01
1.810000000000280940e+00 5.491043622407963909e+01
1.830000000000280513e+00 5.478668888995557040e+01
1.850000000000280087e+00 5.471842091073109060e+01
1.870000000000279661e+00 5.472001026225916576e+01
1.890000000000279234e+00 5.464647616036636890e+01
1.910000000000278808e+00 5.443533145714361865e+01
1.930000000000278382e+00 5.452412015903763631e+01
1.950000000000277955e+00 5.434852649648092182e+01
1.970000000000277529e+00 5.415379548970995671e+01
1.990000000000277103e+00 5.407174499885369556e+01
2.010000000000276899e+00 5.426563495575419438e+01
2.030000000000276472e+00 5.391799033211022874e+01
2.050000000000276046e+00 5.376660461732186747e+01
2.070000000000275620e+00 5.358263127559241212e+01
2.090000000000275193e+00 5.344086030339978066e+01
2.110000000000274767e+00 5.315903538211155421e+01
2.130000000000274341e+00 5.307723758044624418e+01
2.150000000000273914e+00 5.293059845603578850e+01
2.170000000000273488e+00 5.238051639736660547e+01
2.190000000000273062e+00 5.267927874747137906e+01
2.210000000000272635e+00 5.223420097354315317e+01
2.230000000000272209e+00 5.187215878511225498e+01
2.250000000000271783e+00 5.153445736306297675e+01
2.270000000000271356e+00 5.153236040645376903e+01
2.290000000000270930e+00 5.108748004350367466e+01
2.310000000000270504e+00 5.094484564153887618e+01
2.330000000000270077e+00 5.046878873589104586e+01
2.350000000000269651e+00 5.048827050217921908e+01
2.370000000000269225e+00 4.995418313927454079e+01
2.390000000000268798e+00 4.969801006707441360e+01
2.410000000000268372e+00 4.933874815448404405e+01
2.430000000000267946e+00 4.901799929085522223e+01
2.450000000000267519e+00 4.904986789345376508e+01
2.470000000000267093e+00 4.846136883188167133e+01
2.490000000000266667e+00 4.803847754832010963e+01
2.510000000000266240e+00 4.761606274573537689e+01
2.530000000000265814e+00 4.730390942386129183e+01
2.550000000000265388e+00 4.719928782724326766e+01
2.570000000000264961e+00 4.675859814912845280e+01
2.590000000000264535e+00 4.609599904790705693e+01
2.610000000000264109e+00 4.611610423234162681e+01
2.630000000000263682e+00 4.543929584967195723e+01
2.650000000000263256e+00 4.511970564712496667e+01
2.670000000000262830e+00 4.511784886850425380e+01
2.690000000000262403e+00 4.454767383233718903e+01
2.710000000000261977e+00 4.397653853983133843e+01
2.730000000000261551e+00 4.400447825592552675e+01
2.750000000000261124e+00 4.345828353051032877e+01
2.770000000000260698e+00 4.321629226822994241e+01
2.790000000000260272e+00 4.257853348973921470e+01
2.810000000000259845e+00 4.246788778088337324e+01
2.830000000000259419e+00 4.219037965095031950e+01
2.850000000000258993e+00 4.145469494868633120e+01
2.870000000000258567e+00 4.125224562572049081e+01
2.890000000000258140e+00 4.080454329862049434e+01
2.910000000000257714e+00 4.079533743227408138e+01
2.930000000000257288e+00 4.024855570845987529e+01
2.950000000000256861e+00 3.978646690698556654e+01
2.970000000000256435e+00 3.960007002897540929e+01
2.990000000000256009e+00 3.909191287301867135e+01
3.010000000000255582e+00 3.874304203949043313e+01
3.030000000000255156e+00 3.842706751861889813e+01
3.050000000000254730e+00 3.818325110929301047e+01
3.070000000000254303e+00 3.752776136104560578e+01
3.090000000000253877e+00 3.740798447998829346e+01
3.110000000000253451e+00 3.702026184294342670e+01
3.130000000000253024e+00 3.660369584827655842e+01
3.150000000000252598e+00 3.657348487033694795e+01
3.170000000000252172e+00 3.609192486768303354e+01
3.190000000000251745e+00 3.554021241849677182e+01
3.210000000000251319e+00 3.548656442534828415e+01
3.230000000000250893e+00 3.506244521909647460e+01
3.250000000000250466e+00 3.462205929507345559e+01
3.270000000000250040e+00 3.451546682440560687e+01
3.290000000000249614e+00 3.408724822949727695e+01
3.310000000000249187e+00 3.377852105668132765e+01
3.330000000000248761e+00 3.342075927817045766e+01
3.350000000000248335e+00 3.322576615941438405e+01
3.370000000000247908e+00 3.269997242649760949e+01
3.390000000000247482e+00 3.278438601419208709e+01
3.410000000000247056e+00 3.231056420614115865e+01
3.430000000000246629e+00 3.188819565609880868e+01
3.450000000000246203e+00 3.153132957670950987e+01
3.470000000000245777e+00 3.155295672975769961e+01
3.490000000000245350e+00 3.106773809469322600e+01
3.510000000000244924e+00 3.097344801876834453e+01
3.530000000000244498e+00 3.056901935101742396e+01
3.550000000000244071e+00 3.030336871781170771e+01
3.570000000000243645e+00 2.990543006506447199e+01
3.590000000000243219e+00 2.977973452499947982e+01
3.610000000000242792e+00 2.934188078312503123e+01
3.630000000000242366e+00 2.925160381056243963e+01
3.650000000000241940e+00 2.906135552533325850e+01
3.670000000000241513e+00 2.865124863560379609e+01
3.690000000000241087e+00 2.839802239484822266e+01
3.710000000000240661e+00 2.814311910482651413e+01
3.730000000000240234e+00 2.806308400320636665e+01
3.750000000000239808e+00 2.774012063773195891e+01
3.770000000000239382e+00 2.735082569421632570e+01
3.790000000000238956e+00 2.731940598781800489e+01
3.810000000000238529e+00 2.707005603865425769e+01
3.830000000000238103e+00 2.664768371269838099e+01
3.850000000000237677e+00 2.652809604491135786e+01
3.870000000000237250e+00 2.620508117582279084e+01
3.890000000000236824e+00 2.604139433110555046e+01
3.910000000000236398e+00 2.571657754089808634e+01
3.930000000000235971e+00 2.558088938687363267e+01
3.950000000000235545e+00 2.524348051577214491e+01
3.970000000000235119e+00 2.534301274251407321e+01
3.990000000000234692e+00 2.490404994094124547e+01
4.010000000000234266e+00 2.471409459367293948e+01
4.030000000000233840e+00 2.457082677900152134e+01
4.050000000000233413e+00 2.439018912613842360e+01
4.070000000000232987e+00 2.405488193542624842e+01
4.090000000000232561e+00 2.380990036688099920e+01
4.110000000000232134e+00 2.364140759337141873e+01
4.130000000000231708e+00 2.355595029644885230e+01
4.150000000000231282e+00 2.320004367956086355e+01
4.170000000000230855e+00 2.322874161209393762e+01
4.190000000000230429e+00 2.286120396093802043e+01
4.210000000000230003e+00 2.271277798515519564e+01
4.230000000000229576e+00 2.251499189490204600e+01
4.250000000000229150e+00 2.244397390606195586e+01
4.270000000000228724e+00 2.212863044707831506e+01
4.290000000000228297e+00 2.210202879896204564e+01
4.310000000000227871e+00 2.181969310012195962e+01
4.330000000000227445e+00 2.151145487104638931e+01
4.350000000000227018e+00 2.158649930519698756e+01
4.370000000000226592e+00 2.129046275626925322e+01
4.390000000000226166e+00 2.120211674782692413e+01
4.410000000000225739e+00 2.087192086153796211e+01
4.430000000000225313e+00 2.082695353292938378e+01
4.450000000000224887e+00 2.076189247162704987e+01
4.470000000000224460e+00 2.044433606987793084e+01
4.490000000000224034e+00 2.034555177096024181e+01
4.510000000000223608e+00 2.015094899740736167e+01
4.530000000000223181e+00 2.007709183196003266e+01
4.550000000000222755e+00 1.974610142972456472e+01
4.570000000000222329e+00 1.967196070411928943e+01
4.590000000000221902e+00 1.958144516342815322e+01
4.610000000000221476e+00 1.940284871779654452e+01
4.630000000000221050e+00 1.923497230663012303e+01
4.650000000000220624e+00 1.909710260672348880e+01
4.670000000000220197e+00 1.898217586987493277e+01
4.690000000000219771e+00 1.874476020778443441e+01
4.710000000000219345e+00 1.866985309271289140e+01
4.730000000000218918e+00 1.851741075328048680e+01
4.750000000000218492e+00 1.828471910008741474e+01
4.770000000000218066e+00 1.829311607258238226e+01
4.790000000000217639e+00 1.807140985194365612e+01
4.810000000000217213e+00 1.809293732346953121e+01
4.830000000000216787e+00 1.787734723110232338e+01
4.850000000000216360e+00 1.777710907977747823e+01
4.870000000000215934e+00 1.769875834714760643e+01
4.890000000000215508e+00 1.759532510405426109e+01
4.910000000000215081e+00 1.730369185771200335e+01
4.930000000000214655e+00 1.711733609087271546e+01
4.950000000000214229e+00 1.717103780712422889e+01
4.970000000000213802e+00 1.700758700588784578e+01
4.990000000000213376e+00 1.700878549127347128e+01
5.010000000000212950e+00 1.667487053265145391e+01
5.030000000000212523e+00 1.664013510780206673e+01
5.050000000000212097e+00 1.664042861055394340e+01
5.070000000000211671e+00 1.647017861045267040e+01
5.090000000000211244e+00 1.635002261429713499e+01
5.110000000000210818e+00 1.619998034388176578e+01
5.130000000000210392e+00 1.605576689443684657e+01
5.150000000000209965e+00 1.599638793621363320e+01
5.170000000000209539e+00 1.591278222562642064e+01
5.190000000000209113e+00 1.577007876808067621e+01
5.210000000000208686e+00 1.576703215952824877e+01
5.230000000000208260e+00 1.561327498893526489e+01
5.250000000000207834e+00 1.549066956270229767e+01
5.270000000000207407e+00 1.528752074268067851e+01
5.290000000000206981e+00 1.538049142383176182e+01
5.310000000000206555e+00 1.515214429388805861e+01
5.330000000000206128e+00 1.515165850599617947e+01
5.350000000000205702e+00 1.500867121820401806e+01
5.370000000000205276e+00 1.496795406445903964e+01
5.390000000000204849e+00 1.486256739052622677e+01
5.410000000000204423e+00 1.474843181141966042e+01
5.430000000000203997e+00 1.475807311868492988e+01
5.450000000000203570e+00 1.458111441907584016e+01
5.470000000000203144e+00 1.449698334451951531e+01
5.490000000000202718e+00 1.439659690496340616e+01
5.510000000000202292e+00 1.438162703663482667e+01
5.530000000000201865e+00 1.425088669291009680e+01
5.550000000000201439e+00 1.420077917318281280e+01
5.570000000000201013e+00 1.408700538236619337e+01
5.590000000000200586e+00 1.406312269162221540e+01
5.610000000000200160e+00 1.394842487570767631e+01
5.630000000000199734e+00 1.395058110282927899e+01
5.650000000000199307e+00 1.366808726753002645e+01
5.670000000000198881e+00 1.376235464965312616e+01
5.690000000000198455e+00 1.362610175256689793e+01
5.710000000000198028e+00 1.363437036118440204e+01
5.730000000000197602e+00 1.354253363555782563e+01
5.750000000000197176e+00 1.341450463290273731e+01
5.770000000000196749e+00 1.338631076693731181e+01
5.790000000000196323e+00 1.325670556101130337e+01
5.810000000000195897e+00 1.325004602777824481e+01
5.830000000000195470e+00 1.311076582395859802e+01
5.850000000000195044e+00 1.308462205054056149e+01
5.870000000000194618e+00 1.306342106119901914e+01
5.890000000000194191e+00 1.292567828799322882e+01
5.910000000000193765e+00 1.292280643038349019e+01
5.930000000000193339e+00 1.280956986805872333e+01
5.950000000000192912e+00 1.275390999050709695e+01
5.970000000000192486e+00 1.271716455926441469e+01
5.990000000000192060e+00 1.266835503290099396e+01
6.010000000000191633e+00 1.258266763925859699e+01
6.030000000000191207e+00 1.253613848479363035e+01
6.050000000000190781e+00 1.239800121337083105e+01
6.070000000000190354e+00 1.240850427497618291e+01
6.090000000000189928e+00 1.234861965345610280e+01
6.110000000000189502e+00 1.236497440182887431e+01
6.130000000000189075e+00 1.220637257221973648e+01
6.150000000000188649e+00 1.223558724581419810e+01
6.170000000000188223e+00 1.208288673941415503e+01
6.190000000000187796e+00 1.204443705610894177e+01
6.210000000000187370e+00 1.203943923092334600e+01
6.230000000000186944e+00 1.200983535172738215e+01
6.250000000000186517e+00 1.188832372371807011e+01
6.270000000000186091e+00 1.188284430341440512e+01
6.290000000000185665e+00 1.179303368692329812e+01
6.310000000000185238e+00 1.177605097251988830e+01
6.330000000000184812e+00 1.169673236444674203e+01
6.350000000000184386e+00 1.162980837237123133e+01
6.370000000000183960e+00 1.163523809962193667e+01
6.390000000000183533e+00 1.157523526237207001e+01
6.410000000000183107e+00 1.146875146586234351e+01
6.430000000000182681e+00 1.147562482696461039e+01
6.450000000000182254e+00 1.145736314616999785e+01
6.470000000000181828e+00 1.133706529768073601e+01
6.490000000000181402e+00 1.131317242935392642e+01
6.510000000000180975e+00 1.128470191483168072e+01
6.530000000000180549e+00 1.131370505725992714e+01
6.550000000000180123e+00 1.120415530097174006e+01
6.570000000000179696e+00 1.113502807579589948e+01
6.590000000000179270e+00 1.116430093593356432e+01
6.610000000000178844e+00 1.108493933782949092e+01
6.630000000000178417e+00 1.104559740314417660e+01
6.650000000000177991e+00 1.101704506411585349e+01
6.670000000000177565e+00 1.088534588693892680e+01
6.690000000000177138e+00 1.089846867948532960e+01
6.710000000000176712e+00 1.084680710289434735e+01
6.730000000000176286e+00 1.085529591304887020e+01
6.750000000000175859e+00 1.086291641964776922e+01
6.770000000000175433e+00 1.074704212078855647e+01
6.790000000000175007e+00 1.067973847649737529e+01
6.810000000000174580e+00 1.066809978850982077e+01
6.830000000000174154e+00 1.067590362149405081e+01
6.850000000000173728e+00 1.053629380265944171e+01
6.870000000000173301e+00 1.055533519196562864e+01
6.890000000000172875e+00 1.049889400949065710e+01
6.910000000000172449e+00 1.046338117989195204e+01
6.930000000000172022e+00 1.041829303439012833e+01
6.950000000000171596e+00 1.038592053729482245e+01
6.970000000000171170e+00 1.041020850748673610e+01
6.990000000000170743e+00 1.034584402650401813e+01
7.010000000000170317e+00 1.026311598171416506e+01
7.030000000000169891e+00 1.027767228139967060e+01
7.050000000000169464e+00 1.025238930185014929e+01
7.070000000000169038e+00 1.022365654519124334e+01
7.090000000000168612e+00 1.017635193221716960e+01
7.110000000000168185e+00 1.011891316686944897e+01
7.130000000000167759e+00 1.002878707808547354e+01
7.150000000000167333e+00 1.010513093732151368e+01
7.170000000000166906e+00 1.008684382863137330e+01
7.190000000000166480e+00 9.985762557220482449e+00
7.210000000000166054e+00 9.945443214054138892e+00
7.230000000000165628e+00 9.930305599790699489e+00
7.250000000000165201e+00 9.905994692189514339e+00
7.270000000000164775e+00 9.902250175052875747e+00
7.290000000000164349e+00 9.811361837768272309e+00
7.310000000000163922e+00 9.811477038335381096e+00
7.330000000000163496e+00 9.791753519657769189e+00
7.350000000000163070e+00 9.784858472636345894e+00
7.370000000000162643e+00 9.725132322694124198e+00
7.390000000000162217e+00 9.713766764288550348e+00
7.410000000000161791e+00 9.669875665513032459e+00
7.430000000000161364e+00 9.653002478181139878e+00
7.450000000000160938e+00 9.597433012843154643e+00
7.470000000000160512e+00 9.576580860800248729e+00
7.490000000000160085e+00 9.582209325197194261e+00
7.510000000000159659e+00 9.544441494976382501e+00
7.530000000000159233e+00 9.513477238695635663e+00
7.550000000000158806e+00 9.445165711840211031e+00
7.570000000000158380e+00 9.429801909670118221e+00
7.590000000000157954e+00 9.435531190532499224e+00
7.610000000000157527e+00 9.377911381292856063e+00
7.630000000000157101e+00 9.339132820268783775e+00
7.650000000000156675e+00 9.375725126706749180e+00
7.670000000000156248e+00 9.302042351176353918e+00
7.690000000000155822e+00 9.266252191026174145e+00
7.710000000000155396e+00 9.270790270803303201e+00
7.730000000000154969e+00 9.196878381767650268e+00
7.750000000000154543e+00 9.217853019570856787e+00
7.770000000000154117e+00 9.170370067041430318e+00
7.790000000000153690e+00 9.145026041223992763e+00
7.810000000000153264e+00 9.140557754900594745e+00
7.830000000000152838e+00 9.068015572611155761e+00
7.850000000000152411e+00 9.055936201941564789e+00
7.870000000000151985e+00 9.048859538698927452e+00
7.890000000000151559e+00 8.995005859762645883e+00
7.910000000000151132e+00 8.997785673196887046e+00
7.930000000000150706e+00 8.973694786606523977e+00
7.950000000000150280e+00 8.938802356335589394e+00
7.970000000000149853e+00 8.938507748882615900e+00
7.990000000000149427e+00 8.889756359495866178e+00
8.010000000000149001e+00 8.896628276338628183e+00
8.030000000000148574e+00 8.827193994402369626e+00
8.050000000000148148e+00 8.838720192979700130e+00
8.070000000000147722e+00 8.775501027832321554e+00
8.090000000000147296e+00 8.772702340619359163e+00
8.110000000000146869e+00 8.747455817231227115e+00
8.130000000000146443e+00 8.711633887484635963e+00
8.150000000000146017e+00 8.714389184985487091e+00
8.170000000000145590e+00 8.692815913865841182e+00
8.190000000000145164e+00 8.660086905303657545e+00
8.210000000000144738e+00 8.648620869399337607e+00
8.230000000000144311e+00 8.600464799133430205e+00
8.250000000000143885e+00 8.590125338194566140e+00
8.270000000000143459e+00 8.553540186172124749e+00
8.290000000000143032e+00 8.530754816401296736e+00
8.310000000000142606e+00 8.492694232073249694e+00
8.330000000000142180e+00 8.473354450361981094e+00
8.350000000000141753e+00 8.458979129584381695e+00
8.370000000000141327e+00 8.469482270203460672e+00
8.390000000000140901e+00 8.413233365292539290e+00
8.410000000000140474e+00 8.407593662533077605e+00
8.430000000000140048e+00 8.364980052502694718e+00
8.450000000000139622e+00 8.368580774675677958e+00
8.470000000000139195e+00 8.309302518657462500e+00
8.490000000000138769e+00 8.288377493507084637e+00
8.510000000000138343e+00 8.264231399698983793e+00
8.530000000000137916e+00 8.251352084874620019e+00
8.550000000000137490e+00 8.232087228437139359e+00
8.570000000000137064e+00 8.218496724432940326e+00
8.590000000000136637e+00 8.166022723035837316e+00
8.610000000000136211e+00 8.175489445770889319e+00
8.630000000000135785e+00 8.126954368188537003e+00
8.650000000000135358e+00 8.075041749244197931e+00
8.670000000000134932e+00 8.102603357240894866e+00
8.690000000000134506e+00 8.058429215489320896e+00
8.710000000000134079e+00 8.059606281802262018e+00
8.730000000000133653e+00 8.003340932059359147e+00
8.750000000000133227e+00 7.968520094446883029e+00
8.770000000000132800e+00 7.986251272928815759e+00
8.790000000000132374e+00 7.969145210207686958e+00
8.810000000000131948e+00 7.956869445581239653e+00
8.830000000000131521e+00 7.931811951632589341e+00
8.850000000000131095e+00 7.885899940343539249e+00
8.870000000000130669e+00 7.842816845861122488e+00
8.890000000000130242e+00 7.821077859855332548e+00
8.910000000000129816e+00 7.826162532230108937e+00
8.930000000000129390e+00 7.795106654073785002e+00
8.950000000000128964e+00 7.768001914949715925e+00
8.970000000000128537e+00 7.757697333851464983e+00
8.990000000000128111e+00 7.712744818959222037e+00
9.010000000000127685e+00 7.670837921672212012e+00
9.030000000000127258e+00 7.670113268618511171e+00
9.050000000000126832e+00 7.643659765991581700e+00
9.070000000000126406e+00 7.662370379180831748e+00
9.090000000000125979e+00 7.619690624083021113e+00
9.110000000000125553e+00 7.571030952844376216e+00
9.130000000000125127e+00 7.532783096255610822e+00
9.150000000000124700e+00 7.533372197224490030e+00
9.170000000000124274e+00 7.515354061383930251e+00
9.190000000000123848e+00 7.510944100939507706e+00
9.210000000000123421e+00 7.470830780452065056e+00
9.230000000000122995e+00 7.428837756842415985e+00
9.250000000000122569e+00 7.403110959061528717e+00
9.270000000000122142e+00 7.393094795274125275e+00
9.290000000000121716e+00 7.353380732472018622e+00
9.310000000000121290e+00 7.349449216780541860e+00
9.330000000000120863e+00 7.329313351605006410e+00
9.350000000000120437e+00 7.314798103800486118e+00
9.370000000000120011e+00 7.313999003829969148e+00
9.390000000000119584e+00 7.263976787358069842e+00
9.410000000000119158e+00 7.232542235777965622e+00
9.430000000000118732e+00 7.227373611845234969e+00
9.450000000000118305e+00 7.178561165025888258e+00
9.470000000000117879e+00 7.151287197212853108e+00
9.490000000000117453e+00 7.135681422153144382e+00
9.510000000000117026e+00 7.118571322163821158e+00
9.530000000000116600e+00 7.089372335597728281e+00
9.550000000000116174e+00 7.064762347295077127e+00
9.570000000000115747e+00 7.055775377174157370e+00
9.590000000000115321e+00 7.023369434630731156e+00
9.610000000000114895e+00 7.006373940216394480e+00
9.630000000000114468e+00 6.978194857196502454e+00
9.650000000000114042e+00 6.932665452003844209e+00
9.670000000000113616e+00 6.943703828509436349e+00
9.690000000000113189e+00 6.908422985644025793e+00
9.710000000000112763e+00 6.886321066031722893e+00
9.730000000000112337e+00 6.823084424865002440e+00
9.750000000000111910e+00 6.817183175010118390e+00
9.770000000000111484e+00 6.805541966632957518e+00
9.790000000000111058e+00 6.793048006344407419e+00
9.810000000000110632e+00 6.771464211052933280e+00
9.830000000000110205e+00 6.739374002303953226e+00
9.850000000000109779e+00 6.701053912038002380e+00
9.870000000000109353e+00 6.704326575057318216e+00
9.890000000000108926e+00 6.675306048313235152e+00
9.910000000000108500e+00 6.626426494599240158e+00
9.930000000000108074e+00 6.620042901586773887e+00
9.950000000000107647e+00 6.618168799788082701e+00
9.970000000000107221e+00 6.554444730569533917e+00
9.990000000000106795e+00 6.510331486008004376e+00
1.001000000000010637e+01 6.527316453667318719e+00
1.003000000000010594e+01 6.510126575233635471e+00
1.005000000000010552e+01 6.467791408472404413e+00
1.007000000000010509e+01 6.450717753684536149e+00
1.009000000000010466e+01 6.415208437178452350e+00
1.011000000000010424e+01 6.426847283493120955e+00
1.013000000000010381e+01 6.363658204879162561e+00
1.015000000000010338e+01 6.339122220282402687e+00
1.017000000000010296e+01 6.335806710080071014e+00
1.019000000000010253e+01 6.298225682713290752e+00
1.021000000000010210e+01 6.284831988536802250e+00
1.023000000000010168e+01 6.266087690152872369e+00
1.025000000000010125e+01 6.251427390666208339e+00
1.027000000000010083e+01 6.228712890571190819e+00
1.029000000000010040e+01 6.194149244788256681e+00
1.031000000000009997e+01 6.171029024281343922e+00
1.033000000000009955e+01 6.137372632991030308e+00
1.035000000000009912e+01 6.110318066849965923e+00
1.037000000000009869e+01 6.104954599315271402e+00
1.039000000000009827e+01 6.053397606238230644e+00
1.041000000000009784e+01 6.045638325528971180e+00
1.043000000000009742e+01 6.021898150676799233e+00
1.045000000000009699e+01 6.006489699483152478e+00
1.047000000000009656e+01 5.968034002945143079e+00
1.049000000000009614e+01 5.955483473900024194e+00
1.051000000000009571e+01 5.926281314589030735e+00
1.053000000000009528e+01 5.886166708382399193e+00
1.055000000000009486e+01 5.910054510959124485e+00
1.057000000000009443e+01 5.855012968004897012e+00
1.059000000000009400e+01 5.842350101163190423e+00
1.061000000000009358e+01 5.810310919388163242e+00
1.063000000000009315e+01 5.798204375774188790e+00
1.065000000000009273e+01 5.775328470026694028e+00
1.067000000000009230e+01 5.757483900915415731e+00
1.069000000000009187e+01 5.690576810239162953e+00
1.071000000000009145e+01 5.701025572448284784e+00
1.073000000000009102e+01 5.677952278484574400e+00
1.075000000000009059e+01 5.665933420856408276e+00
1.077000000000009017e+01 5.603389194552129915e+00
1.079000000000008974e+01 5.608770025418398752e+00
1.081000000000008932e+01 5.578756212608145582e+00
1.083000000000008889e+01 5.542319597368735806e+00
1.085000000000008846e+01 5.553357385623767684e+00
1.087000000000008804e+01 5.531252303826834194e+00
1.089000000000008761e+01 5.494880578042108610e+00
1.091000000000008718e+01 5.463648211655806719e+00
1.093000000000008676e+01 5.439119304906018471e+00
1.095000000000008633e+01 5.405971296546328020e+00
1.097000000000008590e+01 5.398420683386931707e+00
1.099000000000008548e+01 5.398535522602693426e+00
1.101000000000008505e+01 5.345577747238073663e+00
1.103000000000008463e+01 5.331036317165540162e+00
1.105000000000008420e+01 5.306418634424131753e+00
1.107000000000008377e+01 5.294826498078051280e+00
1.109000000000008335e+01 5.287765497620857680e+00
1.111000000000008292e+01 5.247839420636696950e+00
1.113000000000008249e+01 5.225042659739237649e+00
1.115000000000008207e+01 5.186673382055337456e+00
1.117000000000008164e+01 5.175391882121902043e+00
1.119000000000008122e+01 5.164846073188821052e+00
1.121000000000008079e+01 5.106671348043526848e+00
1.123000000000008036e+01 5.106979247530581745e+00
1.125000000000007994e+01 5.098851286718162790e+00
1.127000000000007951e+01 5.052214026466572250e+00
1.129000000000007908e+01 5.045203632578225239e+00
1.131000000000007866e+01 5.019331893465512451e+00
1.133000000000007823e+01 5.014646821185736236e+00
1.135000000000007780e+01 4.976878270188512587e+00
1.137000000000007738e+01 4.953774064117366649e+00
1.139000000000007695e+01 4.933808959575900488e+00
1.141000000000007653e+01 4.915407817063004892e+00
1.143000000000007610e+01 4.875374943422463581e+00
1.145000000000007567e+01 4.876584156869533615e+00
1.147000000000007525e+01 4.859914631479457015e+00
1.149000000000007482e+01 4.828210177722177754e+00
1.151000000000007439e+01 4.816010424827203096e+00
1.153000000000007397e+01 4.764658518348177552e+00
1.155000000000007354e+01 4.760107045023032946e+00
1.157000000000007311e+01 4.768466906867113053e+00
1.159000000000007269e+01 4.726830712196158579e+00
1.161000000000007226e+01 4.707810355226820676e+00
1.163000000000007184e+01 4.667611083998453481e+00
1.165000000000007141e+01 4.655614317908325361e+00
1.167000000000007098e+01 4.650076986205162299e+00
1.169000000000007056e+01 4.611710138083897625e+00
1.171000000000007013e+01 4.597108531143271115e+00
1.173000000000006970e+01 4.586574111903243711e+00
1.175000000000006928e+01 4.563448442176575526e+00
1.177000000000006885e+01 4.545017229556109761e+00
1.179000000000006843e+01 4.525482430007617296e+00
1.181000000000006800e+01 4.478917722827361558e+00
1.183000000000006757e+01 4.485011903020367896e+00
1.185000000000006715e+01 4.450583329158502188e+00
1.187000000000006672e+01 4.450835642331209208e+00
1.189000000000006629e+01 4.422541415712938573e+00
1.191000000000006587e+01 4.391942549955929920e+00
1.193000000000006544e+01 4.388268862059417685e+00
1.195000000000006501e+01 4.359090984247017353e+00
1.197000000000006459e+01 4.335190869956535131e+00
1.199000000000006416e+01 4.307258703760711960e+00
1.201000000000006374e+01 4.310748071732121822e+00
1.203000000000006331e+01 4.273312469539995107e+00
1.205000000000006288e+01 4.285872860516890981e+00
1.207000000000006246e+01 4.240560886595802437e+00
1.209000000000006203e+01 4.217733525946342432e+00
1.211000000000006160e+01 4.200226341382127693e+00
1.213000000000006118e+01 4.220224127144999393e+00
1.215000000000006075e+01 4.154164291523811059e+00
1.217000000000006033e+01 4.144909620099110015e+00
1.219000000000005990e+01 4.132648445321263075e+00
1.221000000000005947e+01 4.111970435699364934e+00
1.223000000000005905e+01 4.062438890134822067e+00
1.225000000000005862e+01 4.082211573557765760e+00
1.227000000000005819e+01 4.052176024487939010e+00
1.229000000000005777e+01 4.024584634887899526e+00
1.231000000000005734e+01 4.022593768055059194e+00
1.233000000000005691e+01 3.996059258301357886e+00
1.235000000000005649e+01 3.948503793629691838e+00
1.237000000000005606e+01 3.959595069488567542e+00
1.239000000000005564e+01 3.933274052317113245e+00
1.241000000000005521e+01 3.913039007920572132e+00
1.243000000000005478e+01 3.909564764349422461e+00
1.245000000000005436e+01 3.869548129364113631e+00
1.247000000000005393e+01 3.865632531484810119e+00
1.249000000000005350e+01 3.856014653571314899e+00
1.251000000000005308e+01 3.817022863162466972e+00
1.253000000000005265e+01 3.796704106430661696e+00
1.255000000000005222e+01 3.780520591839405142e+00
1.257000000000005180e+01 3.751504444677494998e+00
1.259000000000005137e+01 3.716566634618155174e+00
1.261000000000005095e+01 3.746382999844328321e+00
1.263000000000005052e+01 3.713723105120287471e+00
1.265000000000005009e+01 3.698571731990333511e+00
1.267000000000004967e+01 3.648773284916603910e+00
1.269000000000004924e+01 3.656573954185217801e+00
1.271000000000004881e+01 3.619369068706601578e+00
1.273000000000004839e+01 3.605683122885062541e+00
1.275000000000004796e+01 3.579607740547186445e+00
1.277000000000004754e+01 3.589533073168698962e+00
1.279000000000004711e+01 3.556326941491932292e+00
1.281000000000004668e+01 3.540326832233690268e+00
1.283000000000004626e+01 3.520099106858144200e+00
1.285000000000004583e+01 3.500379609063682729e+00
1.287000000000004540e+01 3.474696367954275278e+00
1.289000000000004498e+01 3.455193972514445377e+00
1.291000000000004455e+01 3.445313667983799455e+00
1.293000000000004412e+01 3.431765125551824447e+00
1.295000000000004370e+01 3.427289735589510666e+00
1.297000000000004327e+01 3.399514745469703225e+00
1.299000000000004285e+01 3.378680019899221065e+00
1.301000000000004242e+01 3.347127106299373711e+00
1.303000000000004199e+01 3.321675986600224117e+00
1.305000000000004157e+01 3.327578129651467265e+00
1.307000000000004114e+01 3.282958709965116295e+00
1.309000000000004071e+01 3.250166010369793135e+00
1.311000000000004029e+01 3.256084685012866853e+00
1.313000000000003986e+01 3.230940154273647558e+00
1.315000000000003944e+01 3.222065517257743039e+00
1.317000000000003901e+01 3.197231919293571867e+00
1.319000000000003858e+01 3.170185829896321028e+00
1.321000000000003816e+01 3.174288855744503923e+00
1.323000000000003773e+01 3.142407898756208073e+00
1.325000000000003730e+01 3.123829511016236182e+00
1.327000000000003688e+01 3.109009545526480789e+00
1.329000000000003645e+01 3.077441477746427179e+00
1.331000000000003602e+01 3.052392762749177368e+00
1.333000000000003560e+01 3.031433892837502864e+00
1.335000000000003517e+01 3.045131099583834100e+00
1.337000000000003475e+01 2.969812202310594618e+00
1.339000000000003432e+01 2.976587620802406242e+00
1.341000000000003389e+01 2.971630784030465211e+00
1.343000000000003347e+01 2.950192446935238966e+00
1.345000000000003304e+01 2.903634673930757248e+00
1.347000000000003261e+01 2.877805813984352756e+00
1.349000000000003219e+01 2.879609886807279029e+00
1.351000000000003176e+01 2.833840131510383387e+00
1.353000000000003133e+01 2.847954488908554627e+00
1.355000000000003091e+01 2.816440368938525118e+00
1.357000000000003048e+01 2.787969359723486917e+00
1.359000000000003006e+01 2.768159464939254910e+00
1.361000000000002963e+01 2.756994875057258376e+00
1.363000000000002920e+01 2.718858397975424168e+00
1.365000000000002878e+01 2.708841535606648865e+00
1.367000000000002835e+01 2.693384949575370335e+00
1.369000000000002792e+01 2.656751259892318640e+00
1.371000000000002750e+01 2.649684260937158697e+00
1.373000000000002707e+01 2.619209625736249603e+00
1.375000000000002665e+01 2.596247662695967851e+00
1.377000000000002622e+01 2.563599738269853656e+00
1.379000000000002579e+01 2.560120276571055786e+00
1.381000000000002537e+01 2.511075362751810314e+00
1.383000000000002494e+01 2.514446086645497402e+00
1.385000000000002451e+01 2.508389492270848287e+00
1.387000000000002409e+01 2.470635053259352176e+00
1.389000000000002366e+01 2.455346538407265022e+00
1.391000000000002323e+01 2.438396989997893449e+00
1.393000000000002281e+01 2.405687888613904146e+00
1.395000000000002238e+01 2.397298226742602623e+00
1.397000000000002196e+01 2.375958761524935348e+00
1.399000000000002153e+01 2.340591471182773997e+00
1.401000000000002110e+01 2.329634578802860290e+00
1.403000000000002068e+01 2.302700134717768243e+00
1.405000000000002025e+01 2.277371337722855937e+00
1.407000000000001982e+01 2.268072721196051411e+00
1.409000000000001940e+01 2.245606014883536616e+00
1.411000000000001897e+01 2.209550432794765928e+00
1.413000000000001855e+01 2.180716204264760538e+00
1.415000000000001812e+01 2.156392729894694327e+00
1.417000000000001769e+01 2.150857547722077268e+00
1.419000000000001727e+01 2.106976308376629525e+00
1.421000000000001684e+01 2.080167797444064437e+00
1.423000000000001641e+01 2.059510203892262137e+00
1.425000000000001599e+01 2.024403563939988882e+00
1.427000000000001556e+01 1.986459690335090400e+00
1.429000000000001513e+01 1.959623072506190722e+00
1.431000000000001471e+01 1.922325374137976883e+00
1.433000000000001428e+01 1.916857491717573359e+00
1.435000000000001386e+01 1.884267401165538480e+00
1.437000000000001343e+01 1.835368175839910521e+00
1.439000000000001300e+01 1.790491697141675109e+00
1.441000000000001258e+01 1.732503722749250352e+00
1.443000000000001215e+01 1.686517100739193031e+00
1.445000000000001172e+01 1.603491334066611484e+00
1.447000000000001130e+01 1.467314231435998151e+00
1.449000000000001087e+01 1.281920579836788532e+00
1.451000000000001044e+01 1.022742224849111592e+00
1.453000000000001002e+01 7.420595670110532449e-01
1.455000000000000959e+01 5.295379507668614982e-01
1.457000000000000917e+01 3.581647557303876961e-01
1.459000000000000874e+01 2.348816664117236441e-01
1.461000000000000831e+01 1.235997231466124391e-01
1.463000000000000789e+01 5.723756107837865703e-02
1.465000000000000746e+01 1.891308614138600616e-02
1.467000000000000703e+01 4.910770040503942280e-03
1.469000000000000661e+01 2.679054336315718840e-05
1.471000000000000618e+01 1.243415183826975913e-05
1.473000000000000576e+01 1.189915752763233055e-05
1.475000000000000533e+01 5.105905562674972278e-19
1.477000000000000490e+01 3.812272058427109692e-19
1.479000000000000448e+01 3.795213033797271903e-19
1.481000000000000405e+01 5.648217124388578714e-19
1.483000000000000362e+01 0.000000000000000000e+00
1.485000000000000320e+01 0.000000000000000000e+00
1.487000000000000277e+01 0.000000000000000000e+00
1.489000000000000234e+01 0.000000000000000000e+00
1.491000000000000192e+01 0.000000000000000000e+00
1.493000000000000149e+01 0.000000000000000000e+00
1.495000000000000107e+01 0.000000000000000000e+00
1.497000000000000064e+01 0.000000000000000000e+00
1.499000000000000021e+01 0.000000000000000000e+00
