# Redshift		Merger Rate Density [Gpc^-3yr^-1]
1.000000000031931770e-02 4.112743335504483753e+02
3.000000000031888964e-02 4.329614602353006489e+02
5.000000000031846331e-02 4.488204509258667372e+02
7.000000000031804392e-02 4.679395185031982010e+02
9.000000000031761760e-02 4.873069329745245568e+02
1.100000000003171913e-01 5.053612543916678419e+02
1.300000000003167511e-01 5.239521754406770242e+02
1.500000000003163247e-01 5.440291378794378261e+02
1.700000000003158984e-01 5.643910267967254413e+02
1.900000000003154721e-01 5.840403057063972483e+02
2.100000000003150458e-01 6.054835242159113022e+02
2.300000000003146194e-01 6.275568338841922014e+02
2.500000000003141931e-01 6.471521239238912813e+02
2.700000000003137668e-01 6.666179164555472880e+02
2.900000000003133405e-01 6.885252039853495489e+02
3.100000000003129141e-01 7.089469422176632634e+02
3.300000000003124878e-01 7.336287429788558256e+02
3.500000000003120615e-01 7.568221859418640634e+02
3.700000000003116352e-01 7.760859726200217210e+02
3.900000000003112088e-01 7.997197919985428598e+02
4.100000000003107825e-01 8.206488620622487815e+02
4.300000000003103562e-01 8.440611794441937263e+02
4.500000000003099299e-01 8.657082597357421037e+02
4.700000000003095035e-01 8.910474625053152522e+02
4.900000000003090772e-01 9.133642034909892118e+02
5.100000000003086509e-01 9.337419069413675743e+02
5.300000000003082246e-01 9.610275274961917376e+02
5.500000000003077982e-01 9.788367310741205074e+02
5.700000000003073719e-01 1.000019856314011349e+03
5.900000000003069456e-01 1.027081461440556723e+03
6.100000000003065193e-01 1.050033246602997906e+03
6.300000000003060929e-01 1.073114477856266603e+03
6.500000000003056666e-01 1.087977946872244729e+03
6.700000000003052403e-01 1.116358516560255794e+03
6.900000000003048140e-01 1.140556326995137169e+03
7.100000000003043876e-01 1.162805061296298618e+03
7.300000000003039613e-01 1.181622232912666050e+03
7.500000000003035350e-01 1.206338232120760040e+03
7.700000000003031086e-01 1.223980894418802336e+03
7.900000000003026823e-01 1.244515399526370857e+03
8.100000000003022560e-01 1.272045674022324647e+03
8.300000000003018297e-01 1.288954912558366004e+03
8.500000000003014033e-01 1.307102130585230043e+03
8.700000000003009770e-01 1.334899703088265142e+03
8.900000000003005507e-01 1.353613336753983731e+03
9.100000000003001244e-01 1.368863557978276503e+03
9.300000000002996980e-01 1.390325160708270005e+03
9.500000000002992717e-01 1.405455193380513037e+03
9.700000000002988454e-01 1.427986916376389900e+03
9.900000000002984191e-01 1.443927831994562666e+03
1.010000000000297993e+00 1.456924304213738878e+03
1.030000000000297566e+00 1.478360499412995523e+03
1.050000000000297140e+00 1.497314907941701449e+03
1.070000000000296714e+00 1.501153427665585468e+03
1.090000000000296287e+00 1.522363527320008416e+03
1.110000000000295861e+00 1.533180401343618087e+03
1.130000000000295435e+00 1.551152458572629712e+03
1.150000000000295008e+00 1.560097164121965534e+03
1.170000000000294582e+00 1.571747379878692755e+03
1.190000000000294156e+00 1.585753795845074364e+03
1.210000000000293729e+00 1.589722670024753825e+03
1.230000000000293303e+00 1.601873724063287909e+03
1.250000000000292877e+00 1.608362709926031357e+03
1.270000000000292451e+00 1.617459514287613047e+03
1.290000000000292024e+00 1.627092404898228779e+03
1.310000000000291598e+00 1.619374868723421514e+03
1.330000000000291172e+00 1.629699137469447351e+03
1.350000000000290745e+00 1.634070195169269255e+03
1.370000000000290319e+00 1.634711837614609522e+03
1.390000000000289893e+00 1.638183772619654064e+03
1.410000000000289466e+00 1.639629384306788779e+03
1.430000000000289040e+00 1.635257094485592688e+03
1.450000000000288614e+00 1.637193093583068958e+03
1.470000000000288187e+00 1.629399855669822273e+03
1.490000000000287761e+00 1.627996095201603339e+03
1.510000000000287335e+00 1.621668713179843280e+03
1.530000000000286908e+00 1.625000468235160724e+03
1.550000000000286482e+00 1.602770270417565371e+03
1.570000000000286056e+00 1.605496916340639018e+03
1.590000000000285629e+00 1.595789896304804415e+03
1.610000000000285203e+00 1.595683523153176566e+03
1.630000000000284777e+00 1.579556721685987895e+03
1.650000000000284350e+00 1.571623244505706452e+03
1.670000000000283924e+00 1.552342879401303890e+03
1.690000000000283498e+00 1.548976819901280805e+03
1.710000000000283071e+00 1.534473076143636263e+03
1.730000000000282645e+00 1.523247981889007406e+03
1.750000000000282219e+00 1.508501962635472864e+03
1.770000000000281792e+00 1.495494320802559287e+03
1.790000000000281366e+00 1.482795130138107197e+03
1.810000000000280940e+00 1.467263123389282555e+03
1.830000000000280513e+00 1.450073763808004287e+03
1.850000000000280087e+00 1.434039823869818292e+03
1.870000000000279661e+00 1.419284895538206911e+03
1.890000000000279234e+00 1.404462905388454601e+03
1.910000000000278808e+00 1.390143319831357076e+03
1.930000000000278382e+00 1.363045452705576736e+03
1.950000000000277955e+00 1.353181349322059759e+03
1.970000000000277529e+00 1.331786772417301790e+03
1.990000000000277103e+00 1.317154087613225784e+03
2.010000000000276899e+00 1.296780744486980211e+03
2.030000000000276472e+00 1.285778972436704862e+03
2.050000000000276046e+00 1.257846085387066523e+03
2.070000000000275620e+00 1.245555856002416931e+03
2.090000000000275193e+00 1.222778147202825949e+03
2.110000000000274767e+00 1.211128057663010850e+03
2.130000000000274341e+00 1.193542385944835587e+03
2.150000000000273914e+00 1.172603114987104391e+03
2.170000000000273488e+00 1.152182257834220536e+03
2.190000000000273062e+00 1.137337179895884901e+03
2.210000000000272635e+00 1.119847489474074337e+03
2.230000000000272209e+00 1.104382590350452347e+03
2.250000000000271783e+00 1.085382901835969506e+03
2.270000000000271356e+00 1.071705931631821613e+03
2.290000000000270930e+00 1.051384257949095627e+03
2.310000000000270504e+00 1.033247507900560095e+03
2.330000000000270077e+00 1.023889156180384703e+03
2.350000000000269651e+00 1.003731128816793785e+03
2.370000000000269225e+00 9.875552717622484806e+02
2.390000000000268798e+00 9.747087560224575782e+02
2.410000000000268372e+00 9.583347027350464487e+02
2.430000000000267946e+00 9.474248154075448838e+02
2.450000000000267519e+00 9.307249520398905815e+02
2.470000000000267093e+00 9.155515547305950577e+02
2.490000000000266667e+00 9.005520175218599661e+02
2.510000000000266240e+00 8.896394574055929070e+02
2.530000000000265814e+00 8.783169035939039304e+02
2.550000000000265388e+00 8.666491270110190044e+02
2.570000000000264961e+00 8.539414914754154324e+02
2.590000000000264535e+00 8.387382911461727417e+02
2.610000000000264109e+00 8.258995416070348483e+02
2.630000000000263682e+00 8.167643941727933452e+02
2.650000000000263256e+00 8.063207027232313067e+02
2.670000000000262830e+00 7.969058192496580659e+02
2.690000000000262403e+00 7.840762483652003993e+02
2.710000000000261977e+00 7.756059956042923886e+02
2.730000000000261551e+00 7.611190552361243817e+02
2.750000000000261124e+00 7.601025302841222810e+02
2.770000000000260698e+00 7.496549696841692594e+02
2.790000000000260272e+00 7.406526341512508225e+02
2.810000000000259845e+00 7.291320691136671712e+02
2.830000000000259419e+00 7.222538093901968068e+02
2.850000000000258993e+00 7.125243589186762847e+02
2.870000000000258567e+00 7.071362882404370112e+02
2.890000000000258140e+00 6.950142685669324010e+02
2.910000000000257714e+00 6.887445946521353335e+02
2.930000000000257288e+00 6.823940961940402303e+02
2.950000000000256861e+00 6.727445311411366902e+02
2.970000000000256435e+00 6.671788297469629470e+02
2.990000000000256009e+00 6.567416487409471983e+02
3.010000000000255582e+00 6.504096808057335011e+02
3.030000000000255156e+00 6.431962824888854584e+02
3.050000000000254730e+00 6.378234988071632188e+02
3.070000000000254303e+00 6.287755702221255660e+02
3.090000000000253877e+00 6.235650980415110780e+02
3.110000000000253451e+00 6.170497217697295582e+02
3.130000000000253024e+00 6.062886565891654982e+02
3.150000000000252598e+00 6.008028051879114173e+02
3.170000000000252172e+00 5.987104863727586235e+02
3.190000000000251745e+00 5.870555691473026627e+02
3.210000000000251319e+00 5.831305887273127837e+02
3.230000000000250893e+00 5.781080749262063136e+02
3.250000000000250466e+00 5.713126988802569031e+02
3.270000000000250040e+00 5.645866655650398798e+02
3.290000000000249614e+00 5.590148909621864277e+02
3.310000000000249187e+00 5.522375320344032161e+02
3.330000000000248761e+00 5.445230008754589335e+02
3.350000000000248335e+00 5.402916812925558361e+02
3.370000000000247908e+00 5.360659772521727291e+02
3.390000000000247482e+00 5.299413962020012150e+02
3.410000000000247056e+00 5.245193822594216044e+02
3.430000000000246629e+00 5.147350842234152424e+02
3.450000000000246203e+00 5.129712925689840404e+02
3.470000000000245777e+00 5.061112579036225725e+02
3.490000000000245350e+00 4.985544848189632603e+02
3.510000000000244924e+00 4.925191309526998680e+02
3.530000000000244498e+00 4.857549071582189413e+02
3.550000000000244071e+00 4.815934152880795409e+02
3.570000000000243645e+00 4.748900621208283042e+02
3.590000000000243219e+00 4.702913199802158033e+02
3.610000000000242792e+00 4.620841510528037475e+02
3.630000000000242366e+00 4.580285713350369861e+02
3.650000000000241940e+00 4.504979935986943360e+02
3.670000000000241513e+00 4.442330301358961151e+02
3.690000000000241087e+00 4.355917617538978561e+02
3.710000000000240661e+00 4.333563397605071827e+02
3.730000000000240234e+00 4.257035941145533116e+02
3.750000000000239808e+00 4.193733204999281838e+02
3.770000000000239382e+00 4.156133017278172019e+02
3.790000000000238956e+00 4.075520756625564331e+02
3.810000000000238529e+00 4.010754525447786136e+02
3.830000000000238103e+00 3.941207633222444997e+02
3.850000000000237677e+00 3.895082100170121180e+02
3.870000000000237250e+00 3.826866346420693503e+02
3.890000000000236824e+00 3.761236488669856612e+02
3.910000000000236398e+00 3.694502028344661539e+02
3.930000000000235971e+00 3.623760945194595138e+02
3.950000000000235545e+00 3.580494148192807984e+02
3.970000000000235119e+00 3.527853256520252216e+02
3.990000000000234692e+00 3.442070037653878103e+02
4.010000000000234266e+00 3.406133533997876270e+02
4.030000000000233840e+00 3.349318223364496134e+02
4.050000000000233413e+00 3.288977705440289014e+02
4.070000000000232987e+00 3.209208367181784070e+02
4.090000000000232561e+00 3.150679400814752285e+02
4.110000000000232134e+00 3.093378097192952509e+02
4.130000000000231708e+00 3.042374213792227806e+02
4.150000000000231282e+00 2.972478691497325940e+02
4.170000000000230855e+00 2.915189356191250454e+02
4.190000000000230429e+00 2.870711509663671563e+02
4.210000000000230003e+00 2.817042599846060966e+02
4.230000000000229576e+00 2.767865591920288466e+02
4.250000000000229150e+00 2.691107736589517003e+02
4.270000000000228724e+00 2.639154939642353384e+02
4.290000000000228297e+00 2.603779531526085975e+02
4.310000000000227871e+00 2.531481874882788645e+02
4.330000000000227445e+00 2.468866202190589547e+02
4.350000000000227018e+00 2.448590676222754894e+02
4.370000000000226592e+00 2.363811941058591231e+02
4.390000000000226166e+00 2.322678953216377522e+02
4.410000000000225739e+00 2.268884255534881902e+02
4.430000000000225313e+00 2.221894017886274071e+02
4.450000000000224887e+00 2.172927637828712761e+02
4.470000000000224460e+00 2.128077215491191794e+02
4.490000000000224034e+00 2.080020854825515073e+02
4.510000000000223608e+00 2.030627629556839508e+02
4.530000000000223181e+00 1.993585735957056500e+02
4.550000000000222755e+00 1.942720476822006503e+02
4.570000000000222329e+00 1.901307072240967670e+02
4.590000000000221902e+00 1.856791895324261077e+02
4.610000000000221476e+00 1.808356703945174218e+02
4.630000000000221050e+00 1.765908909900500134e+02
4.650000000000220624e+00 1.730669162377796511e+02
4.670000000000220197e+00 1.684615242402953754e+02
4.690000000000219771e+00 1.650610475519201827e+02
4.710000000000219345e+00 1.614170081076513270e+02
4.730000000000218918e+00 1.574844352700472427e+02
4.750000000000218492e+00 1.545736410264252356e+02
4.770000000000218066e+00 1.499719281522790197e+02
4.790000000000217639e+00 1.470834811627537988e+02
4.810000000000217213e+00 1.421202848513020172e+02
4.830000000000216787e+00 1.403313753899706455e+02
4.850000000000216360e+00 1.357334118087123045e+02
4.870000000000215934e+00 1.336320981620097541e+02
4.890000000000215508e+00 1.293099874908543541e+02
4.910000000000215081e+00 1.277581433976606746e+02
4.930000000000214655e+00 1.228640674337763841e+02
4.950000000000214229e+00 1.221006238695866557e+02
4.970000000000213802e+00 1.181625098261653761e+02
4.990000000000213376e+00 1.151072963230280237e+02
5.010000000000212950e+00 1.125578050701108452e+02
5.030000000000212523e+00 1.105447588516578463e+02
5.050000000000212097e+00 1.069040194159472321e+02
5.070000000000211671e+00 1.043626167210534987e+02
5.090000000000211244e+00 1.019543264716094200e+02
5.110000000000210818e+00 1.001744015136012109e+02
5.130000000000210392e+00 9.777570883141832780e+01
5.150000000000209965e+00 9.475143873411056461e+01
5.170000000000209539e+00 9.257690125597146391e+01
5.190000000000209113e+00 8.993509115320127023e+01
5.210000000000208686e+00 8.786470292190023201e+01
5.230000000000208260e+00 8.612406694394536544e+01
5.250000000000207834e+00 8.349250485129505250e+01
5.270000000000207407e+00 8.140201417184721322e+01
5.290000000000206981e+00 8.049269684134641523e+01
5.310000000000206555e+00 7.802398596540250253e+01
5.330000000000206128e+00 7.551123655526791367e+01
5.350000000000205702e+00 7.402183469335776067e+01
5.370000000000205276e+00 7.166468700528913871e+01
5.390000000000204849e+00 7.163604570462767640e+01
5.410000000000204423e+00 6.806963361468872620e+01
5.430000000000203997e+00 6.695947141586819384e+01
5.450000000000203570e+00 6.581283076961483403e+01
5.470000000000203144e+00 6.352915466488466478e+01
5.490000000000202718e+00 6.185886741546873679e+01
5.510000000000202292e+00 6.054107861507073096e+01
5.530000000000201865e+00 5.926645211815696968e+01
5.550000000000201439e+00 5.757431191147969685e+01
5.570000000000201013e+00 5.702069057323988233e+01
5.590000000000200586e+00 5.444561716713293009e+01
5.610000000000200160e+00 5.272378432067199583e+01
5.630000000000199734e+00 5.184101869904745996e+01
5.650000000000199307e+00 5.025037842515902753e+01
5.670000000000198881e+00 4.944838402511985009e+01
5.690000000000198455e+00 4.788147800175386948e+01
5.710000000000198028e+00 4.610100249206607970e+01
5.730000000000197602e+00 4.567682541330983526e+01
5.750000000000197176e+00 4.401995330246456462e+01
5.770000000000196749e+00 4.280540598578453171e+01
5.790000000000196323e+00 4.162647378890549987e+01
5.810000000000195897e+00 4.037864282556456175e+01
5.830000000000195470e+00 3.970469031993870601e+01
5.850000000000195044e+00 3.803109461485631471e+01
5.870000000000194618e+00 3.687597396514615156e+01
5.890000000000194191e+00 3.579202234784539627e+01
5.910000000000193765e+00 3.515984668912754074e+01
5.930000000000193339e+00 3.402891820318323113e+01
5.950000000000192912e+00 3.275491196397968707e+01
5.970000000000192486e+00 3.190278643298449879e+01
5.990000000000192060e+00 3.096754549630646736e+01
6.010000000000191633e+00 2.977236496763910623e+01
6.030000000000191207e+00 2.940295264278347531e+01
6.050000000000190781e+00 2.807498155701616227e+01
6.070000000000190354e+00 2.752226286614093453e+01
6.090000000000189928e+00 2.673160963719193006e+01
6.110000000000189502e+00 2.539410650589288920e+01
6.130000000000189075e+00 2.501879092247637004e+01
6.150000000000188649e+00 2.403415501864925474e+01
6.170000000000188223e+00 2.323151758757784080e+01
6.190000000000187796e+00 2.235682692091815937e+01
6.210000000000187370e+00 2.210742897618317215e+01
6.230000000000186944e+00 2.109811820183112019e+01
6.250000000000186517e+00 2.044290384365202939e+01
6.270000000000186091e+00 1.974334585831445921e+01
6.290000000000185665e+00 1.915746742925889379e+01
6.310000000000185238e+00 1.848405612279762167e+01
6.330000000000184812e+00 1.797829813967443968e+01
6.350000000000184386e+00 1.727133641548310194e+01
6.370000000000183960e+00 1.675654441595734312e+01
6.390000000000183533e+00 1.614610478418734374e+01
6.410000000000183107e+00 1.551507765089764845e+01
6.430000000000182681e+00 1.479951965767731004e+01
6.450000000000182254e+00 1.470864390100588182e+01
6.470000000000181828e+00 1.406536302535651117e+01
6.490000000000181402e+00 1.347322177998647952e+01
6.510000000000180975e+00 1.307245704281797671e+01
6.530000000000180549e+00 1.255408335544071186e+01
6.550000000000180123e+00 1.197463527378866921e+01
6.570000000000179696e+00 1.166940562882557231e+01
6.590000000000179270e+00 1.115046466096316635e+01
6.610000000000178844e+00 1.074952553232314756e+01
6.630000000000178417e+00 1.057650467253641935e+01
6.650000000000177991e+00 1.013696092318651054e+01
6.670000000000177565e+00 9.721262028296715485e+00
6.690000000000177138e+00 9.320179918702505617e+00
6.710000000000176712e+00 9.016097918860527471e+00
6.730000000000176286e+00 8.562212029611172781e+00
6.750000000000175859e+00 8.377966100128904969e+00
6.770000000000175433e+00 8.104716572717672207e+00
6.790000000000175007e+00 7.914925212508472363e+00
6.810000000000174580e+00 7.585142843195769480e+00
6.830000000000174154e+00 7.462108645108569860e+00
6.850000000000173728e+00 7.020776397192690865e+00
6.870000000000173301e+00 6.864003203130911501e+00
6.890000000000172875e+00 6.548715124994178183e+00
6.910000000000172449e+00 6.445960972251220333e+00
6.930000000000172022e+00 6.143237936702178104e+00
6.950000000000171596e+00 6.141300317418234123e+00
6.970000000000171170e+00 6.007700004491778323e+00
6.990000000000170743e+00 5.580936480343729578e+00
7.010000000000170317e+00 5.468738808475663404e+00
7.030000000000169891e+00 5.536943587287535884e+00
7.050000000000169464e+00 5.280915602146373011e+00
7.070000000000169038e+00 5.148860326080963112e+00
7.090000000000168612e+00 4.901174219299909041e+00
7.110000000000168185e+00 4.961933847338055870e+00
7.130000000000167759e+00 4.714270686714800540e+00
7.150000000000167333e+00 4.635286330800056476e+00
7.170000000000166906e+00 4.467129759291504243e+00
7.190000000000166480e+00 4.395374092669565691e+00
7.210000000000166054e+00 4.264228749834204635e+00
7.230000000000165628e+00 4.162973961190690630e+00
7.250000000000165201e+00 4.148753130593304306e+00
7.270000000000164775e+00 4.004681936321335733e+00
7.290000000000164349e+00 3.944787305518736353e+00
7.310000000000163922e+00 3.898067253635867591e+00
7.330000000000163496e+00 3.809791987971090421e+00
7.350000000000163070e+00 3.740358556874829432e+00
7.370000000000162643e+00 3.754708116447670108e+00
7.390000000000162217e+00 3.619462289277476597e+00
7.410000000000161791e+00 3.487276449357292751e+00
7.430000000000161364e+00 3.549433667145001081e+00
7.450000000000160938e+00 3.487702860241868486e+00
7.470000000000160512e+00 3.446735200093309803e+00
7.490000000000160085e+00 3.432908380379055657e+00
7.510000000000159659e+00 3.361102564970938733e+00
7.530000000000159233e+00 3.305008960633327941e+00
7.550000000000158806e+00 3.280068280772616252e+00
7.570000000000158380e+00 3.190807700735781793e+00
7.590000000000157954e+00 3.246285715542748029e+00
7.610000000000157527e+00 3.188211068248944180e+00
7.630000000000157101e+00 3.204408083690827969e+00
7.650000000000156675e+00 3.140119260740116047e+00
7.670000000000156248e+00 3.149982474014183964e+00
7.690000000000155822e+00 3.027728751968979726e+00
7.710000000000155396e+00 3.131758281183266490e+00
7.730000000000154969e+00 2.957922964198290483e+00
7.750000000000154543e+00 3.065834103704386138e+00
7.770000000000154117e+00 3.000361717609172807e+00
7.790000000000153690e+00 2.998088348350141263e+00
7.810000000000153264e+00 3.014486021000631233e+00
7.830000000000152838e+00 3.049382692295091513e+00
7.850000000000152411e+00 2.940886437227371086e+00
7.870000000000151985e+00 2.988091281264570132e+00
7.890000000000151559e+00 3.054764078952380668e+00
7.910000000000151132e+00 2.883242588419547836e+00
7.930000000000150706e+00 2.963685616972302928e+00
7.950000000000150280e+00 2.931880981156400612e+00
7.970000000000149853e+00 2.861191210737977553e+00
7.990000000000149427e+00 2.954412091191248368e+00
8.010000000000149001e+00 2.866206075340032911e+00
8.030000000000148574e+00 2.848039433784138819e+00
8.050000000000148148e+00 2.888253376080767154e+00
8.070000000000147722e+00 2.864863372821990328e+00
8.090000000000147296e+00 2.857999402092001429e+00
8.110000000000146869e+00 2.904178190774099111e+00
8.130000000000146443e+00 2.872647741158584456e+00
8.150000000000146017e+00 2.848768031714981941e+00
8.170000000000145590e+00 2.855845285891305707e+00
8.190000000000145164e+00 2.790369588541905976e+00
8.210000000000144738e+00 2.814721370846369197e+00
8.230000000000144311e+00 2.800268276736755713e+00
8.250000000000143885e+00 2.834999388718734803e+00
8.270000000000143459e+00 2.831461210590328292e+00
8.290000000000143032e+00 2.818442692894243429e+00
8.310000000000142606e+00 2.810220606292262779e+00
8.330000000000142180e+00 2.871384177534594961e+00
8.350000000000141753e+00 2.824946220675019326e+00
8.370000000000141327e+00 2.839580545160361513e+00
8.390000000000140901e+00 2.699888837963220212e+00
8.410000000000140474e+00 2.766103652049824557e+00
8.430000000000140048e+00 2.765605207768331741e+00
8.450000000000139622e+00 2.707299700445450874e+00
8.470000000000139195e+00 2.760227248218812157e+00
8.490000000000138769e+00 2.742905535804298633e+00
8.510000000000138343e+00 2.717669385470604215e+00
8.530000000000137916e+00 2.729885100896429329e+00
8.550000000000137490e+00 2.735486609672809877e+00
8.570000000000137064e+00 2.711649604822895743e+00
8.590000000000136637e+00 2.715929734898405279e+00
8.610000000000136211e+00 2.732246679265121436e+00
8.630000000000135785e+00 2.665541255765703443e+00
8.650000000000135358e+00 2.698942632718662527e+00
8.670000000000134932e+00 2.640291709040417434e+00
8.690000000000134506e+00 2.694682869983273221e+00
8.710000000000134079e+00 2.648367295811441036e+00
8.730000000000133653e+00 2.682289269048653058e+00
8.750000000000133227e+00 2.667139363038369293e+00
8.770000000000132800e+00 2.675795487124137839e+00
8.790000000000132374e+00 2.676941662304886727e+00
8.810000000000131948e+00 2.734755643628283828e+00
8.830000000000131521e+00 2.700942148074827021e+00
8.850000000000131095e+00 2.663077254487657086e+00
8.870000000000130669e+00 2.635072056435139753e+00
8.890000000000130242e+00 2.765534446207118080e+00
8.910000000000129816e+00 2.683648570007176382e+00
8.930000000000129390e+00 2.695269099721209649e+00
8.950000000000128964e+00 2.674897409066073095e+00
8.970000000000128537e+00 2.740095867901755078e+00
8.990000000000128111e+00 2.673651916413741780e+00
9.010000000000127685e+00 2.705652142253543779e+00
9.030000000000127258e+00 2.671906859138436729e+00
9.050000000000126832e+00 2.701567498699477543e+00
9.070000000000126406e+00 2.705854961126828329e+00
9.090000000000125979e+00 2.631545513476704290e+00
9.110000000000125553e+00 2.717763258872187837e+00
9.130000000000125127e+00 2.694988253933997324e+00
9.150000000000124700e+00 2.667833897547475352e+00
9.170000000000124274e+00 2.741168764576895178e+00
9.190000000000123848e+00 2.713815329882142358e+00
9.210000000000123421e+00 2.701802100880601909e+00
9.230000000000122995e+00 2.679754227731205862e+00
9.250000000000122569e+00 2.715545256278210751e+00
9.270000000000122142e+00 2.688447916211290423e+00
9.290000000000121716e+00 2.671053097309728841e+00
9.310000000000121290e+00 2.659859036929355991e+00
9.330000000000120863e+00 2.686735862097248351e+00
9.350000000000120437e+00 2.694351851771463746e+00
9.370000000000120011e+00 2.699107486735790484e+00
9.390000000000119584e+00 2.657432019712607563e+00
9.410000000000119158e+00 2.657082770284958428e+00
9.430000000000118732e+00 2.700594831532016737e+00
9.450000000000118305e+00 2.655686828812016564e+00
9.470000000000117879e+00 2.670187746340339618e+00
9.490000000000117453e+00 2.632055383642833757e+00
9.510000000000117026e+00 2.659309013105999320e+00
9.530000000000116600e+00 2.639753368761688090e+00
9.550000000000116174e+00 2.597551830323519440e+00
9.570000000000115747e+00 2.677923016267627965e+00
9.590000000000115321e+00 2.634606392177611056e+00
9.610000000000114895e+00 2.638752452528727144e+00
9.630000000000114468e+00 2.579998707796425705e+00
9.650000000000114042e+00 2.657594782755454244e+00
9.670000000000113616e+00 2.598919697416709251e+00
9.690000000000113189e+00 2.576135959965001998e+00
9.710000000000112763e+00 2.598363563280545296e+00
9.730000000000112337e+00 2.604317385797490836e+00
9.750000000000111910e+00 2.524786607263071581e+00
9.770000000000111484e+00 2.561432291843538600e+00
9.790000000000111058e+00 2.527244120004317640e+00
9.810000000000110632e+00 2.536071444081651194e+00
9.830000000000110205e+00 2.517262931120018088e+00
9.850000000000109779e+00 2.550124738567793869e+00
9.870000000000109353e+00 2.497390344093908698e+00
9.890000000000108926e+00 2.493260331536681917e+00
9.910000000000108500e+00 2.513904461806954593e+00
9.930000000000108074e+00 2.487477309877234699e+00
9.950000000000107647e+00 2.460824607868990377e+00
9.970000000000107221e+00 2.468571092520902344e+00
9.990000000000106795e+00 2.431138519162641121e+00
1.001000000000010637e+01 2.427241088062924490e+00
1.003000000000010594e+01 2.465856572734344887e+00
1.005000000000010552e+01 2.407912649760445944e+00
1.007000000000010509e+01 2.421477967447838164e+00
1.009000000000010466e+01 2.423355373707678506e+00
1.011000000000010424e+01 2.355409880463440686e+00
1.013000000000010381e+01 2.381800273428660297e+00
1.015000000000010338e+01 2.425669260809489636e+00
1.017000000000010296e+01 2.356759354472181212e+00
1.019000000000010253e+01 2.349629674647419009e+00
1.021000000000010210e+01 2.339384019391563818e+00
1.023000000000010168e+01 2.391712981235022628e+00
1.025000000000010125e+01 2.334609737584126599e+00
1.027000000000010083e+01 2.320571870147368543e+00
1.029000000000010040e+01 2.324249186781195853e+00
1.031000000000009997e+01 2.338621074399083177e+00
1.033000000000009955e+01 2.298748007813442129e+00
1.035000000000009912e+01 2.347806016906232696e+00
1.037000000000009869e+01 2.313680522360204161e+00
1.039000000000009827e+01 2.279576536470136361e+00
1.041000000000009784e+01 2.332873075362978721e+00
1.043000000000009742e+01 2.290540979561851209e+00
1.045000000000009699e+01 2.279227622335640469e+00
1.047000000000009656e+01 2.292617323380111483e+00
1.049000000000009614e+01 2.371405725220256500e+00
1.051000000000009571e+01 2.273242526858031187e+00
1.053000000000009528e+01 2.261172396203168677e+00
1.055000000000009486e+01 2.296190583164483989e+00
1.057000000000009443e+01 2.255703232661121493e+00
1.059000000000009400e+01 2.295939348737074504e+00
1.061000000000009358e+01 2.275963948246317425e+00
1.063000000000009315e+01 2.287920625808935515e+00
1.065000000000009273e+01 2.220350801854861000e+00
1.067000000000009230e+01 2.265443939731039080e+00
1.069000000000009187e+01 2.256784622151799979e+00
1.071000000000009145e+01 2.269755191506162006e+00
1.073000000000009102e+01 2.256555923308194433e+00
1.075000000000009059e+01 2.217256431753936052e+00
1.077000000000009017e+01 2.282836164992482431e+00
1.079000000000008974e+01 2.230300349687563077e+00
1.081000000000008932e+01 2.234945527850196179e+00
1.083000000000008889e+01 2.268821571093112333e+00
1.085000000000008846e+01 2.230795375606680064e+00
1.087000000000008804e+01 2.312004112084834695e+00
1.089000000000008761e+01 2.244012789456148571e+00
1.091000000000008718e+01 2.211854299800336765e+00
1.093000000000008676e+01 2.274130852578132078e+00
1.095000000000008633e+01 2.290142967204159330e+00
1.097000000000008590e+01 2.303274650554705705e+00
1.099000000000008548e+01 2.253662302747479362e+00
1.101000000000008505e+01 2.220134132609693278e+00
1.103000000000008463e+01 2.300436279081063518e+00
1.105000000000008420e+01 2.264214974691459492e+00
1.107000000000008377e+01 2.268880618699216534e+00
1.109000000000008335e+01 2.308412804693100728e+00
1.111000000000008292e+01 2.261247554474745680e+00
1.113000000000008249e+01 2.288007719026412534e+00
1.115000000000008207e+01 2.281520217324513045e+00
1.117000000000008164e+01 2.290625425429365425e+00
1.119000000000008122e+01 2.297076843949163560e+00
1.121000000000008079e+01 2.290305823262267282e+00
1.123000000000008036e+01 2.259001734499591407e+00
1.125000000000007994e+01 2.278461021259250874e+00
1.127000000000007951e+01 2.306219431358027983e+00
1.129000000000007908e+01 2.312971498873032328e+00
1.131000000000007866e+01 2.308460050300150446e+00
1.133000000000007823e+01 2.323301083443401804e+00
1.135000000000007780e+01 2.294610273722262228e+00
1.137000000000007738e+01 2.294245206598522824e+00
1.139000000000007695e+01 2.311756670262788305e+00
1.141000000000007653e+01 2.376318090348294998e+00
1.143000000000007610e+01 2.310177604050461575e+00
1.145000000000007567e+01 2.276703114123303173e+00
1.147000000000007525e+01 2.323513188777920124e+00
1.149000000000007482e+01 2.322229538987018227e+00
1.151000000000007439e+01 2.282405032714080129e+00
1.153000000000007397e+01 2.341996209163526466e+00
1.155000000000007354e+01 2.284325874138152024e+00
1.157000000000007311e+01 2.311064558919304179e+00
1.159000000000007269e+01 2.258929046172864386e+00
1.161000000000007226e+01 2.289013996838777487e+00
1.163000000000007184e+01 2.311286126490028181e+00
1.165000000000007141e+01 2.259236164122012003e+00
1.167000000000007098e+01 2.240599830215967980e+00
1.169000000000007056e+01 2.309170511213302746e+00
1.171000000000007013e+01 2.282834700768255676e+00
1.173000000000006970e+01 2.236466826314834400e+00
1.175000000000006928e+01 2.246035208544869821e+00
1.177000000000006885e+01 2.244827265722330711e+00
1.179000000000006843e+01 2.273828771242717206e+00
1.181000000000006800e+01 2.207924330344570141e+00
1.183000000000006757e+01 2.232043864975482794e+00
1.185000000000006715e+01 2.234763891629839350e+00
1.187000000000006672e+01 2.212196911197892302e+00
1.189000000000006629e+01 2.176168099093832797e+00
1.191000000000006587e+01 2.207373367629222649e+00
1.193000000000006544e+01 2.159315234698611086e+00
1.195000000000006501e+01 2.125270040179953135e+00
1.197000000000006459e+01 2.135613355640796129e+00
1.199000000000006416e+01 2.209145737380190599e+00
1.201000000000006374e+01 2.095125485540371368e+00
1.203000000000006331e+01 2.134553198123236850e+00
1.205000000000006288e+01 2.092640177000468782e+00
1.207000000000006246e+01 2.063096765951569100e+00
1.209000000000006203e+01 2.062429883290055610e+00
1.211000000000006160e+01 2.043953084576269230e+00
1.213000000000006118e+01 1.993678381058556992e+00
1.215000000000006075e+01 2.034183190615994175e+00
1.217000000000006033e+01 2.037704904125020811e+00
1.219000000000005990e+01 2.043075139680684327e+00
1.221000000000005947e+01 1.964360519607836864e+00
1.223000000000005905e+01 1.985623878017672261e+00
1.225000000000005862e+01 1.967344516815614508e+00
1.227000000000005819e+01 1.908908165140298374e+00
1.229000000000005777e+01 1.894681626567108257e+00
1.231000000000005734e+01 1.927613350987442686e+00
1.233000000000005691e+01 1.956434372665986743e+00
1.235000000000005649e+01 1.861631371781804045e+00
1.237000000000005606e+01 1.903840189453506415e+00
1.239000000000005564e+01 1.842182189451787799e+00
1.241000000000005521e+01 1.839589374429686730e+00
1.243000000000005478e+01 1.835306918998909076e+00
1.245000000000005436e+01 1.822328340951955283e+00
1.247000000000005393e+01 1.822643252154687810e+00
1.249000000000005350e+01 1.802868871517268268e+00
1.251000000000005308e+01 1.781966829599872515e+00
1.253000000000005265e+01 1.756171261113834925e+00
1.255000000000005222e+01 1.712195993010955153e+00
1.257000000000005180e+01 1.732370928165404056e+00
1.259000000000005137e+01 1.732790253461436336e+00
1.261000000000005095e+01 1.672144271880244393e+00
1.263000000000005052e+01 1.696680777641279558e+00
1.265000000000005009e+01 1.655205752137215880e+00
1.267000000000004967e+01 1.660062213282468946e+00
1.269000000000004924e+01 1.655161630613171786e+00
1.271000000000004881e+01 1.611667977635503179e+00
1.273000000000004839e+01 1.620676775465110575e+00
1.275000000000004796e+01 1.621752605560608185e+00
1.277000000000004754e+01 1.576294976874795362e+00
1.279000000000004711e+01 1.574084757450564531e+00
1.281000000000004668e+01 1.563716870662879899e+00
1.283000000000004626e+01 1.553716781767049193e+00
1.285000000000004583e+01 1.536602786727558456e+00
1.287000000000004540e+01 1.505510344410998957e+00
1.289000000000004498e+01 1.517801818835880390e+00
1.291000000000004455e+01 1.497119716666778011e+00
1.293000000000004412e+01 1.496824076663215708e+00
1.295000000000004370e+01 1.453449393737995532e+00
1.297000000000004327e+01 1.472223425686339793e+00
1.299000000000004285e+01 1.426290396739581468e+00
1.301000000000004242e+01 1.426146576761739171e+00
1.303000000000004199e+01 1.453565412571276916e+00
1.305000000000004157e+01 1.442171411857016583e+00
1.307000000000004114e+01 1.373551509451847341e+00
1.309000000000004071e+01 1.386489026219314358e+00
1.311000000000004029e+01 1.326868451529036097e+00
1.313000000000003986e+01 1.360374777329171225e+00
1.315000000000003944e+01 1.370408863306426195e+00
1.317000000000003901e+01 1.337794162075685689e+00
1.319000000000003858e+01 1.297745573070033798e+00
1.321000000000003816e+01 1.337132463285239492e+00
1.323000000000003773e+01 1.303830864479795792e+00
1.325000000000003730e+01 1.257724919828596466e+00
1.327000000000003688e+01 1.234709311547296240e+00
1.329000000000003645e+01 1.245753421799553839e+00
1.331000000000003602e+01 1.244142205529662260e+00
1.333000000000003560e+01 1.239059384709039868e+00
1.335000000000003517e+01 1.234967695457029446e+00
1.337000000000003475e+01 1.187064253242296585e+00
1.339000000000003432e+01 1.202386833469937244e+00
1.341000000000003389e+01 1.170324357561044470e+00
1.343000000000003347e+01 1.164139962994415800e+00
1.345000000000003304e+01 1.165954454922827344e+00
1.347000000000003261e+01 1.170566119893515999e+00
1.349000000000003219e+01 1.160743380292474924e+00
1.351000000000003176e+01 1.128184189755363276e+00
1.353000000000003133e+01 1.111747124285036747e+00
1.355000000000003091e+01 1.070954041017507352e+00
1.357000000000003048e+01 1.081226834143033111e+00
1.359000000000003006e+01 1.080855982112765457e+00
1.361000000000002963e+01 1.089734993881810166e+00
1.363000000000002920e+01 1.039299237480556748e+00
1.365000000000002878e+01 1.028400748463935255e+00
1.367000000000002835e+01 1.022701866249493774e+00
1.369000000000002792e+01 1.014227237568991358e+00
1.371000000000002750e+01 1.029261196360593322e+00
1.373000000000002707e+01 1.002525510587607416e+00
1.375000000000002665e+01 9.960986500347933648e-01
1.377000000000002622e+01 9.790138014268428002e-01
1.379000000000002579e+01 9.775122396933154656e-01
1.381000000000002537e+01 9.431410799266399803e-01
1.383000000000002494e+01 9.193215748335126225e-01
1.385000000000002451e+01 9.289747968205646078e-01
1.387000000000002409e+01 9.301000055991497373e-01
1.389000000000002366e+01 9.034182395872597526e-01
1.391000000000002323e+01 9.020784070081583339e-01
1.393000000000002281e+01 9.266427363205846923e-01
1.395000000000002238e+01 8.834522232941454112e-01
1.397000000000002196e+01 8.585507347056192673e-01
1.399000000000002153e+01 8.757764720668592684e-01
1.401000000000002110e+01 8.423932310520299005e-01
1.403000000000002068e+01 8.415869307981437286e-01
1.405000000000002025e+01 8.323087775584493420e-01
1.407000000000001982e+01 8.361124425387154169e-01
1.409000000000001940e+01 8.120807934561216079e-01
1.411000000000001897e+01 7.980373069276379683e-01
1.413000000000001855e+01 8.224921027308284005e-01
1.415000000000001812e+01 7.828919113198257174e-01
1.417000000000001769e+01 7.808090027617623496e-01
1.419000000000001727e+01 7.607181761970875922e-01
1.421000000000001684e+01 7.393873782130673256e-01
1.423000000000001641e+01 7.453666462047370267e-01
1.425000000000001599e+01 7.315388407909816371e-01
1.427000000000001556e+01 7.306140449498058631e-01
1.429000000000001513e+01 7.197792998313108370e-01
1.431000000000001471e+01 7.062248180974475265e-01
1.433000000000001428e+01 7.204471480735803457e-01
1.435000000000001386e+01 6.744282796742382402e-01
1.437000000000001343e+01 6.637267471631140836e-01
1.439000000000001300e+01 6.267555475354203987e-01
1.441000000000001258e+01 6.364359778076323915e-01
1.443000000000001215e+01 5.975319143196317073e-01
1.445000000000001172e+01 5.846677163726353710e-01
1.447000000000001130e+01 5.572543415483546259e-01
1.449000000000001087e+01 5.471327603249453997e-01
1.451000000000001044e+01 5.070635496270203824e-01
1.453000000000001002e+01 4.722405951522191114e-01
1.455000000000000959e+01 3.973116436966546150e-01
1.457000000000000917e+01 3.381389670811661419e-01
1.459000000000000874e+01 2.927642850287905385e-01
1.461000000000000831e+01 2.478726027628675166e-01
1.463000000000000789e+01 2.221414548380724885e-01
1.465000000000000746e+01 1.497445224318170731e-01
1.467000000000000703e+01 5.548635936020103465e-02
1.469000000000000661e+01 2.782116529383957086e-03
1.471000000000000618e+01 0.000000000000000000e+00
1.473000000000000576e+01 0.000000000000000000e+00
1.475000000000000533e+01 0.000000000000000000e+00
1.477000000000000490e+01 0.000000000000000000e+00
1.479000000000000448e+01 0.000000000000000000e+00
1.481000000000000405e+01 0.000000000000000000e+00
1.483000000000000362e+01 0.000000000000000000e+00
1.485000000000000320e+01 0.000000000000000000e+00
1.487000000000000277e+01 0.000000000000000000e+00
1.489000000000000234e+01 0.000000000000000000e+00
1.491000000000000192e+01 0.000000000000000000e+00
1.493000000000000149e+01 0.000000000000000000e+00
1.495000000000000107e+01 0.000000000000000000e+00
1.497000000000000064e+01 0.000000000000000000e+00
1.499000000000000021e+01 0.000000000000000000e+00
