# Redshift		Merger Rate Density [Gpc^-3yr^-1]
1.000000000031931770e-02 7.488928683701541900e+01
3.000000000031888964e-02 7.573683910094121075e+01
5.000000000031846331e-02 7.654491952922127496e+01
7.000000000031804392e-02 7.803726159057235634e+01
9.000000000031761760e-02 7.905278876525177623e+01
1.100000000003171913e-01 8.086079852231003429e+01
1.300000000003167511e-01 8.156021565567496623e+01
1.500000000003163247e-01 8.296812059185272403e+01
1.700000000003158984e-01 8.407485922645065557e+01
1.900000000003154721e-01 8.524996898307186655e+01
2.100000000003150458e-01 8.664710938602377155e+01
2.300000000003146194e-01 8.741297817964095884e+01
2.500000000003141931e-01 8.837137222066654374e+01
2.700000000003137668e-01 8.977215343939333536e+01
2.900000000003133405e-01 9.043739165850531947e+01
3.100000000003129141e-01 9.153577735596158504e+01
3.300000000003124878e-01 9.284232339653256361e+01
3.500000000003120615e-01 9.338239636211619654e+01
3.700000000003116352e-01 9.453425608662894319e+01
3.900000000003112088e-01 9.584638484807491920e+01
4.100000000003107825e-01 9.633225093594977295e+01
4.300000000003103562e-01 9.746618491003901852e+01
4.500000000003099299e-01 9.893516206880048003e+01
4.700000000003095035e-01 9.981415554472499707e+01
4.900000000003090772e-01 1.002152570194584484e+02
5.100000000003086509e-01 1.021671106976870362e+02
5.300000000003082246e-01 1.027548300152714802e+02
5.500000000003077982e-01 1.044667234129540674e+02
5.700000000003073719e-01 1.037437625058955319e+02
5.900000000003069456e-01 1.052012010338946197e+02
6.100000000003065193e-01 1.066563692272518153e+02
6.300000000003060929e-01 1.069176340484627303e+02
6.500000000003056666e-01 1.070195280114170657e+02
6.700000000003052403e-01 1.084444655959254646e+02
6.900000000003048140e-01 1.085016267162871060e+02
7.100000000003043876e-01 1.086526146645985875e+02
7.300000000003039613e-01 1.097352665205126527e+02
7.500000000003035350e-01 1.104459433464259206e+02
7.700000000003031086e-01 1.095950755574272648e+02
7.900000000003026823e-01 1.110462638914453635e+02
8.100000000003022560e-01 1.102898884697957698e+02
8.300000000003018297e-01 1.116242995507053735e+02
8.500000000003014033e-01 1.111036441783019342e+02
8.700000000003009770e-01 1.122262017167993520e+02
8.900000000003005507e-01 1.121796464072580051e+02
9.100000000003001244e-01 1.126149521849918216e+02
9.300000000002996980e-01 1.122540206735826160e+02
9.500000000002992717e-01 1.131366808598720439e+02
9.700000000002988454e-01 1.125376029089497081e+02
9.900000000002984191e-01 1.141730167483397480e+02
1.010000000000297993e+00 1.140639414556526816e+02
1.030000000000297566e+00 1.132589178042612730e+02
1.050000000000297140e+00 1.145342394896580203e+02
1.070000000000296714e+00 1.145866493058434656e+02
1.090000000000296287e+00 1.146838461706276462e+02
1.110000000000295861e+00 1.153758580123814994e+02
1.130000000000295435e+00 1.160596479870677058e+02
1.150000000000295008e+00 1.136715996940756526e+02
1.170000000000294582e+00 1.163749402164459639e+02
1.190000000000294156e+00 1.156978204430744483e+02
1.210000000000293729e+00 1.156564768684237947e+02
1.230000000000293303e+00 1.152275050879643601e+02
1.250000000000292877e+00 1.157716900291793962e+02
1.270000000000292451e+00 1.161033172311258141e+02
1.290000000000292024e+00 1.158162432288654173e+02
1.310000000000291598e+00 1.153097330564476266e+02
1.330000000000291172e+00 1.167518748374633759e+02
1.350000000000290745e+00 1.157201743874369555e+02
1.370000000000290319e+00 1.153457595015604227e+02
1.390000000000289893e+00 1.148611536601443106e+02
1.410000000000289466e+00 1.155405845008957186e+02
1.430000000000289040e+00 1.145925514216774417e+02
1.450000000000288614e+00 1.156002324784133890e+02
1.470000000000288187e+00 1.149347678684938359e+02
1.490000000000287761e+00 1.148572000885163931e+02
1.510000000000287335e+00 1.143809828498341687e+02
1.530000000000286908e+00 1.130420126875317095e+02
1.550000000000286482e+00 1.140503708450785041e+02
1.570000000000286056e+00 1.128868601815749315e+02
1.590000000000285629e+00 1.133301265662676798e+02
1.610000000000285203e+00 1.122389660491873968e+02
1.630000000000284777e+00 1.124304610439985765e+02
1.650000000000284350e+00 1.113782690884919901e+02
1.670000000000283924e+00 1.114772836346527356e+02
1.690000000000283498e+00 1.109546823602967862e+02
1.710000000000283071e+00 1.103053106943377770e+02
1.730000000000282645e+00 1.099455597448772579e+02
1.750000000000282219e+00 1.083746048568773830e+02
1.770000000000281792e+00 1.093485197659014148e+02
1.790000000000281366e+00 1.071915154393287963e+02
1.810000000000280940e+00 1.072179563556784814e+02
1.830000000000280513e+00 1.066782769069077546e+02
1.850000000000280087e+00 1.058648042792369495e+02
1.870000000000279661e+00 1.052677642827943743e+02
1.890000000000279234e+00 1.046214235810466420e+02
1.910000000000278808e+00 1.028772174215781519e+02
1.930000000000278382e+00 1.034571958789962878e+02
1.950000000000277955e+00 1.024739539815156490e+02
1.970000000000277529e+00 1.015942640193537585e+02
1.990000000000277103e+00 1.004165691577773742e+02
2.010000000000276899e+00 1.001253062500575055e+02
2.030000000000276472e+00 9.938514111833367792e+01
2.050000000000276046e+00 9.751272591067318274e+01
2.070000000000275620e+00 9.741822992209577592e+01
2.090000000000275193e+00 9.687466801264569938e+01
2.110000000000274767e+00 9.511099206249055271e+01
2.130000000000274341e+00 9.499307127144267326e+01
2.150000000000273914e+00 9.386796293435195082e+01
2.170000000000273488e+00 9.333364470388745815e+01
2.190000000000273062e+00 9.153128437093707248e+01
2.210000000000272635e+00 9.153506854334108311e+01
2.230000000000272209e+00 9.044537664043362213e+01
2.250000000000271783e+00 8.935368624464761922e+01
2.270000000000271356e+00 8.839232400909536125e+01
2.290000000000270930e+00 8.682125563056789019e+01
2.310000000000270504e+00 8.739057900454214689e+01
2.330000000000270077e+00 8.525414771598916275e+01
2.350000000000269651e+00 8.411143815443456617e+01
2.370000000000269225e+00 8.441542893972044226e+01
2.390000000000268798e+00 8.267382028415762818e+01
2.410000000000268372e+00 8.185013125289691516e+01
2.430000000000267946e+00 8.111952295942506908e+01
2.450000000000267519e+00 8.000395338377616383e+01
2.470000000000267093e+00 7.901680761067993330e+01
2.490000000000266667e+00 7.815416372628146746e+01
2.510000000000266240e+00 7.749418329307181352e+01
2.530000000000265814e+00 7.626008715733777876e+01
2.550000000000265388e+00 7.532678107446233184e+01
2.570000000000264961e+00 7.431114587537587113e+01
2.590000000000264535e+00 7.373649631774503632e+01
2.610000000000264109e+00 7.304659395923077625e+01
2.630000000000263682e+00 7.166940521864336233e+01
2.650000000000263256e+00 7.187144226216180698e+01
2.670000000000262830e+00 7.034586771231096236e+01
2.690000000000262403e+00 6.964659405821601013e+01
2.710000000000261977e+00 6.857031426122232176e+01
2.730000000000261551e+00 6.783155515392496682e+01
2.750000000000261124e+00 6.743077852126462801e+01
2.770000000000260698e+00 6.635110927681077442e+01
2.790000000000260272e+00 6.522884482747417678e+01
2.810000000000259845e+00 6.443528638540279019e+01
2.830000000000259419e+00 6.402940049842186454e+01
2.850000000000258993e+00 6.283518010330018910e+01
2.870000000000258567e+00 6.202921123180478702e+01
2.890000000000258140e+00 6.143868069383023567e+01
2.910000000000257714e+00 6.128044381462388657e+01
2.930000000000257288e+00 6.040136699131253550e+01
2.950000000000256861e+00 5.921361314652750707e+01
2.970000000000256435e+00 5.877667517946617437e+01
2.990000000000256009e+00 5.744731154095069314e+01
3.010000000000255582e+00 5.732210718227761248e+01
3.030000000000255156e+00 5.706498669313047856e+01
3.050000000000254730e+00 5.534429387794212118e+01
3.070000000000254303e+00 5.537122550899623974e+01
3.090000000000253877e+00 5.463673902539066773e+01
3.110000000000253451e+00 5.434326160420037155e+01
3.130000000000253024e+00 5.325708604390219847e+01
3.150000000000252598e+00 5.250239821638692206e+01
3.170000000000252172e+00 5.225633373586720154e+01
3.190000000000251745e+00 5.175943810708805870e+01
3.210000000000251319e+00 5.059494554338629513e+01
3.230000000000250893e+00 5.065002886881381983e+01
3.250000000000250466e+00 4.949180527992987066e+01
3.270000000000250040e+00 4.917792213822981751e+01
3.290000000000249614e+00 4.877828620511404978e+01
3.310000000000249187e+00 4.791575740601851408e+01
3.330000000000248761e+00 4.738927460397663083e+01
3.350000000000248335e+00 4.731197194376871096e+01
3.370000000000247908e+00 4.627467750543483760e+01
3.390000000000247482e+00 4.612525852147596339e+01
3.410000000000247056e+00 4.521608119967195449e+01
3.430000000000246629e+00 4.516367953595075591e+01
3.450000000000246203e+00 4.475892825085673365e+01
3.470000000000245777e+00 4.370941229265967820e+01
3.490000000000245350e+00 4.357386874291886869e+01
3.510000000000244924e+00 4.286924718753809316e+01
3.530000000000244498e+00 4.234958714158865689e+01
3.550000000000244071e+00 4.225418505160329374e+01
3.570000000000243645e+00 4.162250122548000064e+01
3.590000000000243219e+00 4.155191403577924802e+01
3.610000000000242792e+00 4.118716880189172969e+01
3.630000000000242366e+00 4.062912649202616677e+01
3.650000000000241940e+00 4.046025233909499264e+01
3.670000000000241513e+00 3.935355471908254543e+01
3.690000000000241087e+00 3.908490219297851809e+01
3.710000000000240661e+00 3.898268670008163639e+01
3.730000000000240234e+00 3.911570119467842233e+01
3.750000000000239808e+00 3.797714948401435464e+01
3.770000000000239382e+00 3.771854049526651664e+01
3.790000000000238956e+00 3.742790230703921139e+01
3.810000000000238529e+00 3.726762044713913724e+01
3.830000000000238103e+00 3.676573261035233742e+01
3.850000000000237677e+00 3.666692641106941863e+01
3.870000000000237250e+00 3.600567970683587049e+01
3.890000000000236824e+00 3.590637015571955004e+01
3.910000000000236398e+00 3.550362468348451017e+01
3.930000000000235971e+00 3.546755970469537544e+01
3.950000000000235545e+00 3.508872110499445540e+01
3.970000000000235119e+00 3.439573410522267949e+01
3.990000000000234692e+00 3.410776251143320792e+01
4.010000000000234266e+00 3.419358108760734183e+01
4.030000000000233840e+00 3.378714528676912465e+01
4.050000000000233413e+00 3.347594216758240293e+01
4.070000000000232987e+00 3.330435961043923498e+01
4.090000000000232561e+00 3.340951435797637714e+01
4.110000000000232134e+00 3.244866629333917984e+01
4.130000000000231708e+00 3.232348060968799786e+01
4.150000000000231282e+00 3.210303964420190681e+01
4.170000000000230855e+00 3.216359565598922643e+01
4.190000000000230429e+00 3.148643188302738238e+01
4.210000000000230003e+00 3.135052517735728728e+01
4.230000000000229576e+00 3.113007694004325998e+01
4.250000000000229150e+00 3.079367030244809555e+01
4.270000000000228724e+00 3.102257307456389057e+01
4.290000000000228297e+00 3.057211851450000495e+01
4.310000000000227871e+00 3.041188729152747428e+01
4.330000000000227445e+00 3.007823735389783693e+01
4.350000000000227018e+00 2.980824828866079912e+01
4.370000000000226592e+00 2.976920100803580738e+01
4.390000000000226166e+00 2.928970938240079391e+01
4.410000000000225739e+00 2.932175077778023820e+01
4.430000000000225313e+00 2.912120179953620180e+01
4.450000000000224887e+00 2.862127695838520935e+01
4.470000000000224460e+00 2.861617391077880512e+01
4.490000000000224034e+00 2.851606198060661157e+01
4.510000000000223608e+00 2.826953689112723112e+01
4.530000000000223181e+00 2.791040649936082829e+01
4.550000000000222755e+00 2.774949481676820540e+01
4.570000000000222329e+00 2.779566070554413670e+01
4.590000000000221902e+00 2.733560904425090854e+01
4.610000000000221476e+00 2.726724193727564582e+01
4.630000000000221050e+00 2.730482184930390233e+01
4.650000000000220624e+00 2.685277938935585951e+01
4.670000000000220197e+00 2.683298446239091106e+01
4.690000000000219771e+00 2.698924229476417480e+01
4.710000000000219345e+00 2.613236633265696796e+01
4.730000000000218918e+00 2.657128084474135576e+01
4.750000000000218492e+00 2.598975596236299879e+01
4.770000000000218066e+00 2.588398590669008570e+01
4.790000000000217639e+00 2.565127810777238793e+01
4.810000000000217213e+00 2.576113736053871506e+01
4.830000000000216787e+00 2.558061008293478977e+01
4.850000000000216360e+00 2.537775882489142631e+01
4.870000000000215934e+00 2.509103381899864260e+01
4.890000000000215508e+00 2.497062643805105253e+01
4.910000000000215081e+00 2.483707875141265120e+01
4.930000000000214655e+00 2.436656652153373059e+01
4.950000000000214229e+00 2.507223912577496705e+01
4.970000000000213802e+00 2.443231581573393640e+01
4.990000000000213376e+00 2.435011969111935315e+01
5.010000000000212950e+00 2.421269405190876256e+01
5.030000000000212523e+00 2.396900716083706939e+01
5.050000000000212097e+00 2.375251303144077397e+01
5.070000000000211671e+00 2.359569966778386174e+01
5.090000000000211244e+00 2.372651640274676410e+01
5.110000000000210818e+00 2.370103842010124140e+01
5.130000000000210392e+00 2.329835994781426223e+01
5.150000000000209965e+00 2.330280565593417208e+01
5.170000000000209539e+00 2.265793930568049319e+01
5.190000000000209113e+00 2.327499648696483803e+01
5.210000000000208686e+00 2.285662669795679136e+01
5.230000000000208260e+00 2.265089547092881972e+01
5.250000000000207834e+00 2.253139242512500218e+01
5.270000000000207407e+00 2.277118398223556284e+01
5.290000000000206981e+00 2.248923767844631882e+01
5.310000000000206555e+00 2.236515927309157803e+01
5.330000000000206128e+00 2.224743925506443887e+01
5.350000000000205702e+00 2.199082619576711295e+01
5.370000000000205276e+00 2.148058599627398024e+01
5.390000000000204849e+00 2.202033584434753521e+01
5.410000000000204423e+00 2.139534094458919000e+01
5.430000000000203997e+00 2.168864422845103945e+01
5.450000000000203570e+00 2.138937632777043163e+01
5.470000000000203144e+00 2.156080425005007939e+01
5.490000000000202718e+00 2.118751467275040312e+01
5.510000000000202292e+00 2.121941129632586609e+01
5.530000000000201865e+00 2.117603285740470653e+01
5.550000000000201439e+00 2.077730607943833974e+01
5.570000000000201013e+00 2.087381781825446936e+01
5.590000000000200586e+00 2.073104595364998559e+01
5.610000000000200160e+00 2.072449582576364335e+01
5.630000000000199734e+00 2.048199916042749535e+01
5.650000000000199307e+00 2.017471238844272463e+01
5.670000000000198881e+00 2.048253954903512408e+01
5.690000000000198455e+00 2.004501257319201812e+01
5.710000000000198028e+00 2.022967785359313453e+01
5.730000000000197602e+00 2.006923849799282067e+01
5.750000000000197176e+00 1.979477734083098284e+01
5.770000000000196749e+00 1.972645214009675385e+01
5.790000000000196323e+00 1.977398934134573238e+01
5.810000000000195897e+00 1.956797930334138158e+01
5.830000000000195470e+00 1.942951626684747879e+01
5.850000000000195044e+00 1.934282988112606105e+01
5.870000000000194618e+00 1.928049266051376165e+01
5.890000000000194191e+00 1.922091035236680057e+01
5.910000000000193765e+00 1.888396732254996735e+01
5.930000000000193339e+00 1.913243773540117942e+01
5.950000000000192912e+00 1.909555045634777315e+01
5.970000000000192486e+00 1.862141840280277805e+01
5.990000000000192060e+00 1.863492537855210429e+01
6.010000000000191633e+00 1.859075673219119551e+01
6.030000000000191207e+00 1.850035466997590561e+01
6.050000000000190781e+00 1.852551208205798261e+01
6.070000000000190354e+00 1.827264315241997039e+01
6.090000000000189928e+00 1.802802948638679936e+01
6.110000000000189502e+00 1.840569380456639692e+01
6.130000000000189075e+00 1.824289639635800597e+01
6.150000000000188649e+00 1.806996640888660011e+01
6.170000000000188223e+00 1.783141621321249559e+01
6.190000000000187796e+00 1.782174489094360226e+01
6.210000000000187370e+00 1.783551368529363756e+01
6.230000000000186944e+00 1.751058521416581826e+01
6.250000000000186517e+00 1.762600638811308329e+01
6.270000000000186091e+00 1.746265846660081067e+01
6.290000000000185665e+00 1.759508407500006300e+01
6.310000000000185238e+00 1.723406375592882256e+01
6.330000000000184812e+00 1.741801607975342847e+01
6.350000000000184386e+00 1.720697927963039575e+01
6.370000000000183960e+00 1.718945587319914026e+01
6.390000000000183533e+00 1.707255395206807691e+01
6.410000000000183107e+00 1.675864300961944053e+01
6.430000000000182681e+00 1.704106600920862746e+01
6.450000000000182254e+00 1.673503237458196580e+01
6.470000000000181828e+00 1.654101006209889846e+01
6.490000000000181402e+00 1.667535179924593436e+01
6.510000000000180975e+00 1.654596949532455241e+01
6.530000000000180549e+00 1.670523820382818769e+01
6.550000000000180123e+00 1.644877148045605608e+01
6.570000000000179696e+00 1.630601854819805396e+01
6.590000000000179270e+00 1.625217504889331721e+01
6.610000000000178844e+00 1.611784267153130301e+01
6.630000000000178417e+00 1.607788871178334489e+01
6.650000000000177991e+00 1.611789907190806659e+01
6.670000000000177565e+00 1.583122028984203311e+01
6.690000000000177138e+00 1.598243591895861826e+01
6.710000000000176712e+00 1.596705111576194724e+01
6.730000000000176286e+00 1.563650867490269114e+01
6.750000000000175859e+00 1.571523564587554311e+01
6.770000000000175433e+00 1.559985757278880314e+01
6.790000000000175007e+00 1.558351380378509887e+01
6.810000000000174580e+00 1.541102320763681810e+01
6.830000000000174154e+00 1.523255981420098415e+01
6.850000000000173728e+00 1.529257790198155753e+01
6.870000000000173301e+00 1.535299888566437687e+01
6.890000000000172875e+00 1.519621543569382105e+01
6.910000000000172449e+00 1.527408026269911012e+01
6.930000000000172022e+00 1.491275268499761530e+01
6.950000000000171596e+00 1.510582080349260359e+01
6.970000000000171170e+00 1.475489213517133180e+01
6.990000000000170743e+00 1.476652328486119359e+01
7.010000000000170317e+00 1.471697930423592560e+01
7.030000000000169891e+00 1.497007747121244847e+01
7.050000000000169464e+00 1.460747091012777865e+01
7.070000000000169038e+00 1.453719756439097210e+01
7.090000000000168612e+00 1.453798573134712235e+01
7.110000000000168185e+00 1.448440520065653736e+01
7.130000000000167759e+00 1.436191320438563324e+01
7.150000000000167333e+00 1.440214022778457270e+01
7.170000000000166906e+00 1.421901506195477793e+01
7.190000000000166480e+00 1.414727242465545309e+01
7.210000000000166054e+00 1.409963836354966027e+01
7.230000000000165628e+00 1.414379618151430940e+01
7.250000000000165201e+00 1.390644541731993478e+01
7.270000000000164775e+00 1.392553311577284347e+01
7.290000000000164349e+00 1.391772933383941258e+01
7.310000000000163922e+00 1.385620035828927676e+01
7.330000000000163496e+00 1.379481942962494756e+01
7.350000000000163070e+00 1.376256873828608107e+01
7.370000000000162643e+00 1.363858534524125510e+01
7.390000000000162217e+00 1.366210948292677863e+01
7.410000000000161791e+00 1.340599590041235523e+01
7.430000000000161364e+00 1.347392539791518651e+01
7.450000000000160938e+00 1.340509364310612916e+01
7.470000000000160512e+00 1.338837583876486903e+01
7.490000000000160085e+00 1.325948447189482771e+01
7.510000000000159659e+00 1.330838765652790201e+01
7.530000000000159233e+00 1.319879571333992985e+01
7.550000000000158806e+00 1.331981376000270423e+01
7.570000000000158380e+00 1.297325296466680200e+01
7.590000000000157954e+00 1.305419753681958106e+01
7.610000000000157527e+00 1.291333979444166147e+01
7.630000000000157101e+00 1.291316769303081458e+01
7.650000000000156675e+00 1.281217658955869609e+01
7.670000000000156248e+00 1.281380792655664180e+01
7.690000000000155822e+00 1.272193723755579242e+01
7.710000000000155396e+00 1.265974284374836856e+01
7.730000000000154969e+00 1.261142074122106926e+01
7.750000000000154543e+00 1.250803204652479472e+01
7.770000000000154117e+00 1.257714524099115394e+01
7.790000000000153690e+00 1.247420406550241978e+01
7.810000000000153264e+00 1.247327794093452091e+01
7.830000000000152838e+00 1.243103475924193368e+01
7.850000000000152411e+00 1.232135569170367795e+01
7.870000000000151985e+00 1.239609478924127828e+01
7.890000000000151559e+00 1.219854856736629678e+01
7.910000000000151132e+00 1.218867117772767017e+01
7.930000000000150706e+00 1.211304582180500056e+01
7.950000000000150280e+00 1.213146333890742667e+01
7.970000000000149853e+00 1.196799036250782322e+01
7.990000000000149427e+00 1.208005543587960418e+01
8.010000000000149001e+00 1.198866576053722177e+01
8.030000000000148574e+00 1.175930266691144155e+01
8.050000000000148148e+00 1.189724845877683812e+01
8.070000000000147722e+00 1.183017947819381099e+01
8.090000000000147296e+00 1.169407215353171026e+01
8.110000000000146869e+00 1.182490711714861575e+01
8.130000000000146443e+00 1.163283819357564752e+01
8.150000000000146017e+00 1.173922501904408300e+01
8.170000000000145590e+00 1.164073507005884167e+01
8.190000000000145164e+00 1.154506591539526994e+01
8.210000000000144738e+00 1.148573393713826185e+01
8.230000000000144311e+00 1.151504670863189439e+01
8.250000000000143885e+00 1.143655633472009470e+01
8.270000000000143459e+00 1.135790792332988097e+01
8.290000000000143032e+00 1.134431280745662640e+01
8.310000000000142606e+00 1.132438527955542185e+01
8.330000000000142180e+00 1.126373381663846907e+01
8.350000000000141753e+00 1.128769623615557549e+01
8.370000000000141327e+00 1.119926078829199412e+01
8.390000000000140901e+00 1.108537133492554361e+01
8.410000000000140474e+00 1.107455010517232985e+01
8.430000000000140048e+00 1.111737052713520768e+01
8.450000000000139622e+00 1.109165949016336583e+01
8.470000000000139195e+00 1.098759656641278148e+01
8.490000000000138769e+00 1.095726798244475120e+01
8.510000000000138343e+00 1.092112041678782397e+01
8.530000000000137916e+00 1.089860485999738593e+01
8.550000000000137490e+00 1.082155116872392320e+01
8.570000000000137064e+00 1.085441781388781202e+01
8.590000000000136637e+00 1.076191763685003977e+01
8.610000000000136211e+00 1.077786739502947633e+01
8.630000000000135785e+00 1.068359619085044443e+01
8.650000000000135358e+00 1.071455536628941374e+01
8.670000000000134932e+00 1.064219714403497008e+01
8.690000000000134506e+00 1.060116190300108663e+01
8.710000000000134079e+00 1.059228472883179961e+01
8.730000000000133653e+00 1.058021631148950270e+01
8.750000000000133227e+00 1.050576266416660154e+01
8.770000000000132800e+00 1.050789009490702064e+01
8.790000000000132374e+00 1.038832819442386146e+01
8.810000000000131948e+00 1.046576451476364333e+01
8.830000000000131521e+00 1.034155254028328486e+01
8.850000000000131095e+00 1.030417284203564421e+01
8.870000000000130669e+00 1.031894485897275970e+01
8.890000000000130242e+00 1.029710278231060094e+01
8.910000000000129816e+00 1.020751377544401883e+01
8.930000000000129390e+00 1.024904719195907354e+01
8.950000000000128964e+00 1.021464251813230462e+01
8.970000000000128537e+00 1.015459178986853672e+01
8.990000000000128111e+00 1.008341939816708255e+01
9.010000000000127685e+00 1.005615361275567210e+01
9.030000000000127258e+00 9.994866632557290131e+00
9.050000000000126832e+00 1.002258293345603235e+01
9.070000000000126406e+00 9.959978888838175948e+00
9.090000000000125979e+00 9.924646031871377616e+00
9.110000000000125553e+00 9.949153443371269390e+00
9.130000000000125127e+00 9.895008419726373461e+00
9.150000000000124700e+00 9.846452324092535235e+00
9.170000000000124274e+00 9.796698678551230444e+00
9.190000000000123848e+00 9.746553764844977152e+00
9.210000000000123421e+00 9.742473655153156997e+00
9.230000000000122995e+00 9.742256225352049270e+00
9.250000000000122569e+00 9.704213272851992755e+00
9.270000000000122142e+00 9.681388573787643281e+00
9.290000000000121716e+00 9.632008043635341465e+00
9.310000000000121290e+00 9.502769844170563474e+00
9.330000000000120863e+00 9.581524286921789368e+00
9.350000000000120437e+00 9.530512139999528287e+00
9.370000000000120011e+00 9.501048345209245127e+00
9.390000000000119584e+00 9.382620508644137658e+00
9.410000000000119158e+00 9.449633406454074347e+00
9.430000000000118732e+00 9.400865812136773414e+00
9.450000000000118305e+00 9.384056231172625218e+00
9.470000000000117879e+00 9.321686933729655067e+00
9.490000000000117453e+00 9.311528487368420315e+00
9.510000000000117026e+00 9.289549715079918002e+00
9.530000000000116600e+00 9.245477677937030236e+00
9.550000000000116174e+00 9.260135225523605129e+00
9.570000000000115747e+00 9.225727298109104524e+00
9.590000000000115321e+00 9.146030579033709529e+00
9.610000000000114895e+00 9.063438530609765564e+00
9.630000000000114468e+00 9.034702593198998599e+00
9.650000000000114042e+00 9.052467406749228118e+00
9.670000000000113616e+00 9.020345204384405235e+00
9.690000000000113189e+00 8.995781624550721389e+00
9.710000000000112763e+00 8.987594039257412959e+00
9.730000000000112337e+00 8.866428984424381099e+00
9.750000000000111910e+00 8.816875593078561835e+00
9.770000000000111484e+00 8.852027872140803666e+00
9.790000000000111058e+00 8.736495309779568785e+00
9.810000000000110632e+00 8.748740132263925773e+00
9.830000000000110205e+00 8.750314561187860107e+00
9.850000000000109779e+00 8.769302034217158592e+00
9.870000000000109353e+00 8.690135739085979694e+00
9.890000000000108926e+00 8.602936385213668657e+00
9.910000000000108500e+00 8.623416887613592152e+00
9.930000000000108074e+00 8.574091505837891702e+00
9.950000000000107647e+00 8.500752952670000084e+00
9.970000000000107221e+00 8.485285911617292953e+00
9.990000000000106795e+00 8.507334326412344438e+00
1.001000000000010637e+01 8.459788075459258039e+00
1.003000000000010594e+01 8.418088897939609794e+00
1.005000000000010552e+01 8.395647753420382386e+00
1.007000000000010509e+01 8.343536575400474220e+00
1.009000000000010466e+01 8.280604462200232163e+00
1.011000000000010424e+01 8.272077029230880285e+00
1.013000000000010381e+01 8.166618816068885067e+00
1.015000000000010338e+01 8.181940799131988129e+00
1.017000000000010296e+01 8.138018358841137001e+00
1.019000000000010253e+01 8.109132947527617929e+00
1.021000000000010210e+01 8.092540854257656235e+00
1.023000000000010168e+01 8.110519044540339451e+00
1.025000000000010125e+01 7.990135119179416101e+00
1.027000000000010083e+01 7.939991004056635049e+00
1.029000000000010040e+01 7.969842932485271092e+00
1.031000000000009997e+01 7.920368535158394785e+00
1.033000000000009955e+01 7.836615811907097218e+00
1.035000000000009912e+01 7.918480485646065326e+00
1.037000000000009869e+01 7.761773618809940878e+00
1.039000000000009827e+01 7.734039974792376704e+00
1.041000000000009784e+01 7.755474701041410235e+00
1.043000000000009742e+01 7.716758967785963819e+00
1.045000000000009699e+01 7.658170586062411189e+00
1.047000000000009656e+01 7.663379458003064748e+00
1.049000000000009614e+01 7.543081711280256840e+00
1.051000000000009571e+01 7.511627636351305703e+00
1.053000000000009528e+01 7.560896945906352862e+00
1.055000000000009486e+01 7.487390045664281679e+00
1.057000000000009443e+01 7.447851696575736646e+00
1.059000000000009400e+01 7.409469325545273932e+00
1.061000000000009358e+01 7.373448369024060867e+00
1.063000000000009315e+01 7.364206906880898629e+00
1.065000000000009273e+01 7.318702957274529908e+00
1.067000000000009230e+01 7.234556373577840205e+00
1.069000000000009187e+01 7.211428680280011605e+00
1.071000000000009145e+01 7.188435968050762348e+00
1.073000000000009102e+01 7.130187456122607514e+00
1.075000000000009059e+01 7.081056940291495572e+00
1.077000000000009017e+01 7.103202282752465457e+00
1.079000000000008974e+01 7.009990318270372889e+00
1.081000000000008932e+01 7.025689946000786001e+00
1.083000000000008889e+01 6.966393429792253400e+00
1.085000000000008846e+01 6.931848122931141276e+00
1.087000000000008804e+01 6.883477667843732384e+00
1.089000000000008761e+01 6.873322713488966507e+00
1.091000000000008718e+01 6.812042001135354852e+00
1.093000000000008676e+01 6.767236878234936803e+00
1.095000000000008633e+01 6.745731392843485885e+00
1.097000000000008590e+01 6.708458621487030094e+00
1.099000000000008548e+01 6.716869124982586037e+00
1.101000000000008505e+01 6.615094168881830328e+00
1.103000000000008463e+01 6.572966571321146922e+00
1.105000000000008420e+01 6.511347856617571317e+00
1.107000000000008377e+01 6.549927296902553486e+00
1.109000000000008335e+01 6.502895853325641795e+00
1.111000000000008292e+01 6.434299961336837015e+00
1.113000000000008249e+01 6.403659147465272206e+00
1.115000000000008207e+01 6.419789622158797116e+00
1.117000000000008164e+01 6.378101291787201532e+00
1.119000000000008122e+01 6.338345894079826515e+00
1.121000000000008079e+01 6.231923356267994762e+00
1.123000000000008036e+01 6.260843195974783448e+00
1.125000000000007994e+01 6.211254199600324100e+00
1.127000000000007951e+01 6.183222521500683300e+00
1.129000000000007908e+01 6.169462839294602041e+00
1.131000000000007866e+01 6.127568159467033482e+00
1.133000000000007823e+01 6.059277392591827294e+00
1.135000000000007780e+01 6.016667758510112485e+00
1.137000000000007738e+01 5.999030990490597404e+00
1.139000000000007695e+01 5.996781466860537257e+00
1.141000000000007653e+01 5.965830159994728099e+00
1.143000000000007610e+01 5.877958629659779888e+00
1.145000000000007567e+01 5.844290362411435069e+00
1.147000000000007525e+01 5.797998600943098602e+00
1.149000000000007482e+01 5.843665876266942227e+00
1.151000000000007439e+01 5.768706795024184153e+00
1.153000000000007397e+01 5.748040023594620074e+00
1.155000000000007354e+01 5.683773939145274845e+00
1.157000000000007311e+01 5.654370079132681859e+00
1.159000000000007269e+01 5.650737944965514181e+00
1.161000000000007226e+01 5.632758948344312344e+00
1.163000000000007184e+01 5.523612755712090205e+00
1.165000000000007141e+01 5.540618562783516943e+00
1.167000000000007098e+01 5.492354218624271311e+00
1.169000000000007056e+01 5.441919419860865581e+00
1.171000000000007013e+01 5.423519742707821223e+00
1.173000000000006970e+01 5.408247984743902670e+00
1.175000000000006928e+01 5.359839790375607649e+00
1.177000000000006885e+01 5.344501479930700683e+00
1.179000000000006843e+01 5.327770940838257197e+00
1.181000000000006800e+01 5.251621091174793143e+00
1.183000000000006757e+01 5.243553753198385792e+00
1.185000000000006715e+01 5.188230332178940252e+00
1.187000000000006672e+01 5.204842845320905020e+00
1.189000000000006629e+01 5.154356609953284263e+00
1.191000000000006587e+01 5.092668108339259980e+00
1.193000000000006544e+01 5.108327834610315143e+00
1.195000000000006501e+01 5.064373957484211708e+00
1.197000000000006459e+01 5.029104693759776090e+00
1.199000000000006416e+01 5.029696600669474549e+00
1.201000000000006374e+01 5.009064447623687855e+00
1.203000000000006331e+01 4.938558649585041316e+00
1.205000000000006288e+01 4.909756235530187141e+00
1.207000000000006246e+01 4.911466206218142894e+00
1.209000000000006203e+01 4.869550615592687315e+00
1.211000000000006160e+01 4.831953130800840768e+00
1.213000000000006118e+01 4.812241520275216011e+00
1.215000000000006075e+01 4.737610557929101240e+00
1.217000000000006033e+01 4.801376351574275780e+00
1.219000000000005990e+01 4.746737928129347139e+00
1.221000000000005947e+01 4.657653967957521957e+00
1.223000000000005905e+01 4.661029365710220418e+00
1.225000000000005862e+01 4.687482146562208740e+00
1.227000000000005819e+01 4.634992843906505122e+00
1.229000000000005777e+01 4.590517701601249279e+00
1.231000000000005734e+01 4.618915754776172555e+00
1.233000000000005691e+01 4.579192838175440983e+00
1.235000000000005649e+01 4.526785509278748343e+00
1.237000000000005606e+01 4.534556725694800505e+00
1.239000000000005564e+01 4.473941730009726392e+00
1.241000000000005521e+01 4.430057092547891706e+00
1.243000000000005478e+01 4.421274137645997193e+00
1.245000000000005436e+01 4.427224553602265189e+00
1.247000000000005393e+01 4.335618380687281892e+00
1.249000000000005350e+01 4.341071395785559339e+00
1.251000000000005308e+01 4.306846472530400760e+00
1.253000000000005265e+01 4.254290695648566434e+00
1.255000000000005222e+01 4.277609752693908973e+00
1.257000000000005180e+01 4.268422630746309565e+00
1.259000000000005137e+01 4.227425570845390723e+00
1.261000000000005095e+01 4.217227139670539415e+00
1.263000000000005052e+01 4.207297845238307410e+00
1.265000000000005009e+01 4.160859362340547207e+00
1.267000000000004967e+01 4.117786001715175281e+00
1.269000000000004924e+01 4.170919893588001415e+00
1.271000000000004881e+01 4.044322296267904626e+00
1.273000000000004839e+01 4.030779664114992222e+00
1.275000000000004796e+01 4.075487157616626277e+00
1.277000000000004754e+01 3.997730436168360324e+00
1.279000000000004711e+01 4.022783840688568979e+00
1.281000000000004668e+01 3.967426897419990439e+00
1.283000000000004626e+01 3.898776455882116743e+00
1.285000000000004583e+01 3.943126858097627530e+00
1.287000000000004540e+01 3.907646661677890876e+00
1.289000000000004498e+01 3.921712473677974486e+00
1.291000000000004455e+01 3.872928410427039836e+00
1.293000000000004412e+01 3.844330398056237108e+00
1.295000000000004370e+01 3.822585742180294233e+00
1.297000000000004327e+01 3.857078592570399866e+00
1.299000000000004285e+01 3.777233458215787376e+00
1.301000000000004242e+01 3.753742203974918645e+00
1.303000000000004199e+01 3.751889196991265774e+00
1.305000000000004157e+01 3.720229236070540679e+00
1.307000000000004114e+01 3.671519345867763295e+00
1.309000000000004071e+01 3.676760483778197308e+00
1.311000000000004029e+01 3.656364300798427447e+00
1.313000000000003986e+01 3.634181726279442248e+00
1.315000000000003944e+01 3.646852300131612434e+00
1.317000000000003901e+01 3.586636103677783183e+00
1.319000000000003858e+01 3.605406150063424686e+00
1.321000000000003816e+01 3.536260739563555688e+00
1.323000000000003773e+01 3.565797540283446310e+00
1.325000000000003730e+01 3.469772664543859797e+00
1.327000000000003688e+01 3.458644548525701801e+00
1.329000000000003645e+01 3.520184647356705554e+00
1.331000000000003602e+01 3.399350909358604511e+00
1.333000000000003560e+01 3.448726591219489990e+00
1.335000000000003517e+01 3.403344802135927161e+00
1.337000000000003475e+01 3.375089413714506215e+00
1.339000000000003432e+01 3.304876568444783391e+00
1.341000000000003389e+01 3.314903872418442088e+00
1.343000000000003347e+01 3.323172604174402966e+00
1.345000000000003304e+01 3.296301623650468304e+00
1.347000000000003261e+01 3.219185779000855785e+00
1.349000000000003219e+01 3.270137000122807169e+00
1.351000000000003176e+01 3.223032670341000383e+00
1.353000000000003133e+01 3.209817075667918740e+00
1.355000000000003091e+01 3.167039169239377117e+00
1.357000000000003048e+01 3.150433180320722837e+00
1.359000000000003006e+01 3.125695436096759039e+00
1.361000000000002963e+01 3.119868061911149848e+00
1.363000000000002920e+01 3.119333035305221546e+00
1.365000000000002878e+01 3.036696479458999232e+00
1.367000000000002835e+01 3.051369488399749752e+00
1.369000000000002792e+01 3.021559229951606085e+00
1.371000000000002750e+01 2.998718496396173716e+00
1.373000000000002707e+01 3.020134381126657441e+00
1.375000000000002665e+01 2.923538048239716414e+00
1.377000000000002622e+01 2.996859058673650100e+00
1.379000000000002579e+01 2.888296261396130937e+00
1.381000000000002537e+01 2.851031956793520283e+00
1.383000000000002494e+01 2.897042738395765760e+00
1.385000000000002451e+01 2.867998042745593335e+00
1.387000000000002409e+01 2.857607685054308622e+00
1.389000000000002366e+01 2.798392635438514908e+00
1.391000000000002323e+01 2.818793072968210023e+00
1.393000000000002281e+01 2.737288786132849427e+00
1.395000000000002238e+01 2.703439153091925284e+00
1.397000000000002196e+01 2.651589877047803245e+00
1.399000000000002153e+01 2.657644928636197168e+00
1.401000000000002110e+01 2.622465505139264685e+00
1.403000000000002068e+01 2.615591599396241307e+00
1.405000000000002025e+01 2.624136127754905790e+00
1.407000000000001982e+01 2.580131977885832484e+00
1.409000000000001940e+01 2.586535699512845454e+00
1.411000000000001897e+01 2.543333086059718084e+00
1.413000000000001855e+01 2.516060421705918149e+00
1.415000000000001812e+01 2.527477375572299678e+00
1.417000000000001769e+01 2.486545652916587468e+00
1.419000000000001727e+01 2.475307806604748251e+00
1.421000000000001684e+01 2.497396471510447302e+00
1.423000000000001641e+01 2.425932825611569310e+00
1.425000000000001599e+01 2.443701060009656700e+00
1.427000000000001556e+01 2.382658710564909299e+00
1.429000000000001513e+01 2.360620676966190157e+00
1.431000000000001471e+01 2.354795697350708483e+00
1.433000000000001428e+01 2.278492175927942398e+00
1.435000000000001386e+01 2.253690266477752502e+00
1.437000000000001343e+01 2.258752153986224087e+00
1.439000000000001300e+01 2.187437425463790497e+00
1.441000000000001258e+01 2.131949895076322044e+00
1.443000000000001215e+01 2.068980234889404635e+00
1.445000000000001172e+01 1.955814869155634739e+00
1.447000000000001130e+01 1.812505952776963136e+00
1.449000000000001087e+01 1.562720262205255839e+00
1.451000000000001044e+01 1.253262220252976400e+00
1.453000000000001002e+01 9.690456605202427687e-01
1.455000000000000959e+01 6.906952350340448410e-01
1.457000000000000917e+01 5.072721121806572642e-01
1.459000000000000874e+01 3.509602065921476055e-01
1.461000000000000831e+01 2.001667799944435999e-01
1.463000000000000789e+01 7.981811158342742851e-02
1.465000000000000746e+01 2.206517712270499379e-02
1.467000000000000703e+01 5.453164968193435942e-03
1.469000000000000661e+01 2.725942137049154872e-03
1.471000000000000618e+01 0.000000000000000000e+00
1.473000000000000576e+01 0.000000000000000000e+00
1.475000000000000533e+01 0.000000000000000000e+00
1.477000000000000490e+01 0.000000000000000000e+00
1.479000000000000448e+01 0.000000000000000000e+00
1.481000000000000405e+01 0.000000000000000000e+00
1.483000000000000362e+01 0.000000000000000000e+00
1.485000000000000320e+01 0.000000000000000000e+00
1.487000000000000277e+01 0.000000000000000000e+00
1.489000000000000234e+01 0.000000000000000000e+00
1.491000000000000192e+01 0.000000000000000000e+00
1.493000000000000149e+01 0.000000000000000000e+00
1.495000000000000107e+01 0.000000000000000000e+00
1.497000000000000064e+01 0.000000000000000000e+00
1.499000000000000021e+01 0.000000000000000000e+00
