# Redshift		Merger Rate Density [Gpc^-3yr^-1]
1.000000000031931770e-02 1.231509159075585202e+01
3.000000000031888964e-02 1.290226284993309669e+01
5.000000000031846331e-02 1.308147862019613861e+01
7.000000000031804392e-02 1.333477777324599067e+01
9.000000000031761760e-02 1.387921289945083281e+01
1.100000000003171913e-01 1.421124003247986423e+01
1.300000000003167511e-01 1.463617105781322536e+01
1.500000000003163247e-01 1.473455195508556237e+01
1.700000000003158984e-01 1.498758473588855367e+01
1.900000000003154721e-01 1.545286881231073117e+01
2.100000000003150458e-01 1.575959653329887544e+01
2.300000000003146194e-01 1.629162588022146707e+01
2.500000000003141931e-01 1.668904459155783471e+01
2.700000000003137668e-01 1.701644028685603516e+01
2.900000000003133405e-01 1.728155880730355776e+01
3.100000000003129141e-01 1.754985961333041189e+01
3.300000000003124878e-01 1.808759290938068176e+01
3.500000000003120615e-01 1.840105909181483312e+01
3.700000000003116352e-01 1.860195759921674963e+01
3.900000000003112088e-01 1.919997888167729627e+01
4.100000000003107825e-01 1.940293978408459452e+01
4.300000000003103562e-01 1.976771101990774682e+01
4.500000000003099299e-01 2.050237548888823724e+01
4.700000000003095035e-01 2.090751178301834301e+01
4.900000000003090772e-01 2.117551357201423556e+01
5.100000000003086509e-01 2.181565934167455012e+01
5.300000000003082246e-01 2.205718989600957869e+01
5.500000000003077982e-01 2.282448370867240683e+01
5.700000000003073719e-01 2.309819387721893236e+01
5.900000000003069456e-01 2.351710955274731418e+01
6.100000000003065193e-01 2.400821824873607824e+01
6.300000000003060929e-01 2.451190939275711500e+01
6.500000000003056666e-01 2.494302272705752799e+01
6.700000000003052403e-01 2.528594946949666067e+01
6.900000000003048140e-01 2.579756186612422297e+01
7.100000000003043876e-01 2.614119771015845473e+01
7.300000000003039613e-01 2.685662970638253455e+01
7.500000000003035350e-01 2.707672281964140382e+01
7.700000000003031086e-01 2.777634052482234495e+01
7.900000000003026823e-01 2.807264607455946148e+01
8.100000000003022560e-01 2.898965711447194238e+01
8.300000000003018297e-01 2.909324410579478482e+01
8.500000000003014033e-01 2.993789604451958297e+01
8.700000000003009770e-01 3.056514598503779467e+01
8.900000000003005507e-01 3.122585397992933309e+01
9.100000000003001244e-01 3.110562080344334746e+01
9.300000000002996980e-01 3.221078328809002755e+01
9.500000000002992717e-01 3.297685856400988769e+01
9.700000000002988454e-01 3.326124680319149718e+01
9.900000000002984191e-01 3.385913905711663574e+01
1.010000000000297993e+00 3.470701924245626202e+01
1.030000000000297566e+00 3.513009213723710644e+01
1.050000000000297140e+00 3.551385054870158342e+01
1.070000000000296714e+00 3.646224024412229170e+01
1.090000000000296287e+00 3.677895458730469613e+01
1.110000000000295861e+00 3.797406084311261765e+01
1.130000000000295435e+00 3.823375449065532905e+01
1.150000000000295008e+00 3.881986690891865521e+01
1.170000000000294582e+00 3.965815931471439626e+01
1.190000000000294156e+00 4.024104255848699552e+01
1.210000000000293729e+00 4.025315959173044433e+01
1.230000000000293303e+00 4.177734579378431334e+01
1.250000000000292877e+00 4.151732056912605628e+01
1.270000000000292451e+00 4.229681360150592440e+01
1.290000000000292024e+00 4.293430826364203767e+01
1.310000000000291598e+00 4.337492289549377489e+01
1.330000000000291172e+00 4.423321519330445284e+01
1.350000000000290745e+00 4.487018510101797375e+01
1.370000000000290319e+00 4.532460719453590059e+01
1.390000000000289893e+00 4.578035100270630409e+01
1.410000000000289466e+00 4.596367242936752717e+01
1.430000000000289040e+00 4.718832770195287907e+01
1.450000000000288614e+00 4.721795525454776055e+01
1.470000000000288187e+00 4.796257028571275782e+01
1.490000000000287761e+00 4.804430280090083016e+01
1.510000000000287335e+00 4.849621149226526029e+01
1.530000000000286908e+00 4.948177854049505697e+01
1.550000000000286482e+00 4.941821171640432198e+01
1.570000000000286056e+00 5.031771807201577218e+01
1.590000000000285629e+00 5.002724928451149111e+01
1.610000000000285203e+00 5.073972853987179121e+01
1.630000000000284777e+00 5.127072434321440397e+01
1.650000000000284350e+00 5.171466629851023100e+01
1.670000000000283924e+00 5.171191619671602524e+01
1.690000000000283498e+00 5.239902724298637082e+01
1.710000000000283071e+00 5.256282139681366061e+01
1.730000000000282645e+00 5.250139733157000421e+01
1.750000000000282219e+00 5.330025583214385421e+01
1.770000000000281792e+00 5.323397662460655511e+01
1.790000000000281366e+00 5.328843212763602821e+01
1.810000000000280940e+00 5.360339766748175094e+01
1.830000000000280513e+00 5.411660632878369626e+01
1.850000000000280087e+00 5.452167452773446144e+01
1.870000000000279661e+00 5.392876261959082740e+01
1.890000000000279234e+00 5.457478867095875330e+01
1.910000000000278808e+00 5.449361189185082566e+01
1.930000000000278382e+00 5.527348655267674360e+01
1.950000000000277955e+00 5.526089791843083532e+01
1.970000000000277529e+00 5.469404964153527970e+01
1.990000000000277103e+00 5.543942812785333984e+01
2.010000000000276899e+00 5.598733505443975389e+01
2.030000000000276472e+00 5.481269453448386031e+01
2.050000000000276046e+00 5.563662949131127533e+01
2.070000000000275620e+00 5.556513515659095503e+01
2.090000000000275193e+00 5.541951881365775989e+01
2.110000000000274767e+00 5.624318642404416124e+01
2.130000000000274341e+00 5.522213495011470741e+01
2.150000000000273914e+00 5.609414489217836319e+01
2.170000000000273488e+00 5.585586446510590264e+01
2.190000000000273062e+00 5.510054572457897137e+01
2.210000000000272635e+00 5.572525684948725200e+01
2.230000000000272209e+00 5.596816729569575699e+01
2.250000000000271783e+00 5.552011535427709532e+01
2.270000000000271356e+00 5.536313201068860934e+01
2.290000000000270930e+00 5.516706638860735268e+01
2.310000000000270504e+00 5.568229628120585772e+01
2.330000000000270077e+00 5.544908329325697594e+01
2.350000000000269651e+00 5.492566674710949570e+01
2.370000000000269225e+00 5.516423971907748580e+01
2.390000000000268798e+00 5.444216705521403554e+01
2.410000000000268372e+00 5.490223561317526446e+01
2.430000000000267946e+00 5.507117862263617525e+01
2.450000000000267519e+00 5.404181385284311290e+01
2.470000000000267093e+00 5.473557200170599657e+01
2.490000000000266667e+00 5.449515426854468103e+01
2.510000000000266240e+00 5.424978803683779205e+01
2.530000000000265814e+00 5.416410613528420726e+01
2.550000000000265388e+00 5.387298210019967115e+01
2.570000000000264961e+00 5.460837210426504384e+01
2.590000000000264535e+00 5.363758526629432311e+01
2.610000000000264109e+00 5.333818480574698384e+01
2.630000000000263682e+00 5.335330613745757944e+01
2.650000000000263256e+00 5.260627811533759512e+01
2.670000000000262830e+00 5.342496918488682667e+01
2.690000000000262403e+00 5.197062574101266108e+01
2.710000000000261977e+00 5.248507416204456888e+01
2.730000000000261551e+00 5.168377651847325183e+01
2.750000000000261124e+00 5.174184558540449075e+01
2.770000000000260698e+00 5.137068796312421171e+01
2.790000000000260272e+00 5.143382238767252801e+01
2.810000000000259845e+00 5.098163502545249059e+01
2.830000000000259419e+00 5.075857604569177539e+01
2.850000000000258993e+00 5.018441811793375251e+01
2.870000000000258567e+00 5.012947741457076489e+01
2.890000000000258140e+00 4.978600093644755731e+01
2.910000000000257714e+00 4.979540216551116316e+01
2.930000000000257288e+00 4.883066951159940317e+01
2.950000000000256861e+00 4.914700539648621458e+01
2.970000000000256435e+00 4.918100162453157509e+01
2.990000000000256009e+00 4.823750328052341274e+01
3.010000000000255582e+00 4.826481733328045465e+01
3.030000000000255156e+00 4.796999397042768010e+01
3.050000000000254730e+00 4.779210928913278877e+01
3.070000000000254303e+00 4.714793394982506669e+01
3.090000000000253877e+00 4.755737546895522883e+01
3.110000000000253451e+00 4.636840602313208848e+01
3.130000000000253024e+00 4.667830328618217806e+01
3.150000000000252598e+00 4.667975176408133109e+01
3.170000000000252172e+00 4.578021656404179396e+01
3.190000000000251745e+00 4.615014757677636936e+01
3.210000000000251319e+00 4.592143144677332600e+01
3.230000000000250893e+00 4.471989378330533782e+01
3.250000000000250466e+00 4.478232620622286930e+01
3.270000000000250040e+00 4.502248972576641250e+01
3.290000000000249614e+00 4.454555471502943931e+01
3.310000000000249187e+00 4.449268302715188383e+01
3.330000000000248761e+00 4.387460560709430979e+01
3.350000000000248335e+00 4.362759283302729330e+01
3.370000000000247908e+00 4.378651475565833096e+01
3.390000000000247482e+00 4.331806042600788942e+01
3.410000000000247056e+00 4.274439569607345391e+01
3.430000000000246629e+00 4.250322887250013082e+01
3.450000000000246203e+00 4.251500158683983699e+01
3.470000000000245777e+00 4.277398013039180569e+01
3.490000000000245350e+00 4.173254740939667329e+01
3.510000000000244924e+00 4.193382712062838635e+01
3.530000000000244498e+00 4.152940640325613231e+01
3.550000000000244071e+00 4.164140502946944622e+01
3.570000000000243645e+00 4.102099775084163724e+01
3.590000000000243219e+00 4.081032461653342125e+01
3.610000000000242792e+00 4.082103168276421457e+01
3.630000000000242366e+00 4.050885879201550921e+01
3.650000000000241940e+00 4.025097386392305054e+01
3.670000000000241513e+00 4.000557900857988614e+01
3.690000000000241087e+00 4.017149884681506222e+01
3.710000000000240661e+00 3.933714027436478489e+01
3.730000000000240234e+00 3.921469558022042179e+01
3.750000000000239808e+00 3.920106811154667525e+01
3.770000000000239382e+00 3.875857931651570709e+01
3.790000000000238956e+00 3.860681837589539356e+01
3.810000000000238529e+00 3.827460162783653885e+01
3.830000000000238103e+00 3.812947082301007384e+01
3.850000000000237677e+00 3.817243906379007257e+01
3.870000000000237250e+00 3.770158658487244452e+01
3.890000000000236824e+00 3.746527669226132673e+01
3.910000000000236398e+00 3.736094933963956066e+01
3.930000000000235971e+00 3.707786791263983872e+01
3.950000000000235545e+00 3.684612596132163986e+01
3.970000000000235119e+00 3.673891695027392501e+01
3.990000000000234692e+00 3.676385863149006639e+01
4.010000000000234266e+00 3.615056218715909608e+01
4.030000000000233840e+00 3.610728475708242513e+01
4.050000000000233413e+00 3.578830924406935310e+01
4.070000000000232987e+00 3.537648598243905695e+01
4.090000000000232561e+00 3.546480237469695851e+01
4.110000000000232134e+00 3.536518898988613557e+01
4.130000000000231708e+00 3.523941534418147370e+01
4.150000000000231282e+00 3.486731088868115336e+01
4.170000000000230855e+00 3.480536775649539294e+01
4.190000000000230429e+00 3.436731159472280694e+01
4.210000000000230003e+00 3.465674219076593232e+01
4.230000000000229576e+00 3.386737802176244116e+01
4.250000000000229150e+00 3.369913573898588766e+01
4.270000000000228724e+00 3.384866491670682365e+01
4.290000000000228297e+00 3.355588035099784605e+01
4.310000000000227871e+00 3.320140996658621901e+01
4.330000000000227445e+00 3.328405310161089403e+01
4.350000000000227018e+00 3.310512239911419385e+01
4.370000000000226592e+00 3.258560908228789543e+01
4.390000000000226166e+00 3.266164073871848927e+01
4.410000000000225739e+00 3.237749528209499772e+01
4.430000000000225313e+00 3.196953565905802108e+01
4.450000000000224887e+00 3.213469159454670177e+01
4.470000000000224460e+00 3.174168558710838894e+01
4.490000000000224034e+00 3.163143254993021003e+01
4.510000000000223608e+00 3.145786273142135769e+01
4.530000000000223181e+00 3.168902714249452401e+01
4.550000000000222755e+00 3.145304330331757470e+01
4.570000000000222329e+00 3.110720655089118480e+01
4.590000000000221902e+00 3.108927433076923563e+01
4.610000000000221476e+00 3.052016099707735108e+01
4.630000000000221050e+00 3.070906196134976085e+01
4.650000000000220624e+00 3.016842201129451340e+01
4.670000000000220197e+00 3.039118327758426474e+01
4.690000000000219771e+00 2.985849688500590560e+01
4.710000000000219345e+00 2.973128700906699606e+01
4.730000000000218918e+00 2.940222681865889598e+01
4.750000000000218492e+00 2.937306288174995927e+01
4.770000000000218066e+00 2.942572056551684057e+01
4.790000000000217639e+00 2.908322646298818270e+01
4.810000000000217213e+00 2.890393162984593545e+01
4.830000000000216787e+00 2.869512210643960870e+01
4.850000000000216360e+00 2.861457165416133819e+01
4.870000000000215934e+00 2.813724297022025667e+01
4.890000000000215508e+00 2.790184928094624084e+01
4.910000000000215081e+00 2.818545870867198389e+01
4.930000000000214655e+00 2.811640702184778107e+01
4.950000000000214229e+00 2.747671134448689401e+01
4.970000000000213802e+00 2.744666280057397145e+01
4.990000000000213376e+00 2.742269421474995639e+01
5.010000000000212950e+00 2.718782343689546366e+01
5.030000000000212523e+00 2.705110171335707747e+01
5.050000000000212097e+00 2.679539802787729741e+01
5.070000000000211671e+00 2.658265808262664365e+01
5.090000000000211244e+00 2.656362088670173804e+01
5.110000000000210818e+00 2.619454981504588176e+01
5.130000000000210392e+00 2.624756573573720786e+01
5.150000000000209965e+00 2.614479024274713481e+01
5.170000000000209539e+00 2.585875409580325979e+01
5.190000000000209113e+00 2.558109666056495968e+01
5.210000000000208686e+00 2.548170640344733329e+01
5.230000000000208260e+00 2.555835234685487478e+01
5.250000000000207834e+00 2.532875268022105431e+01
5.270000000000207407e+00 2.501091126182593882e+01
5.290000000000206981e+00 2.494624711884097934e+01
5.310000000000206555e+00 2.494663894337678656e+01
5.330000000000206128e+00 2.455997875426124821e+01
5.350000000000205702e+00 2.432158099669135609e+01
5.370000000000205276e+00 2.427965403711913694e+01
5.390000000000204849e+00 2.416770077117027071e+01
5.410000000000204423e+00 2.413018509124576738e+01
5.430000000000203997e+00 2.381103723962765528e+01
5.450000000000203570e+00 2.402149782311197868e+01
5.470000000000203144e+00 2.357310180485433904e+01
5.490000000000202718e+00 2.323920955254201459e+01
5.510000000000202292e+00 2.311930454206883567e+01
5.530000000000201865e+00 2.321194528126320122e+01
5.550000000000201439e+00 2.300437496457065123e+01
5.570000000000201013e+00 2.280908046169970760e+01
5.590000000000200586e+00 2.279904089152693558e+01
5.610000000000200160e+00 2.277456780305898221e+01
5.630000000000199734e+00 2.238219330241038563e+01
5.650000000000199307e+00 2.230915381897311534e+01
5.670000000000198881e+00 2.196641395750696191e+01
5.690000000000198455e+00 2.202761589730540592e+01
5.710000000000198028e+00 2.203231199279096231e+01
5.730000000000197602e+00 2.174355645635338519e+01
5.750000000000197176e+00 2.155473513316407619e+01
5.770000000000196749e+00 2.151091826884529468e+01
5.790000000000196323e+00 2.135215650565134382e+01
5.810000000000195897e+00 2.125661579553911551e+01
5.830000000000195470e+00 2.116997036578409563e+01
5.850000000000195044e+00 2.118422186339434532e+01
5.870000000000194618e+00 2.074110869793199896e+01
5.890000000000194191e+00 2.090685078885814363e+01
5.910000000000193765e+00 2.062625782107551231e+01
5.930000000000193339e+00 2.037569981794855067e+01
5.950000000000192912e+00 2.036915114511810998e+01
5.970000000000192486e+00 2.010595299662761803e+01
5.990000000000192060e+00 1.992081070090947392e+01
6.010000000000191633e+00 1.991760710215559627e+01
6.030000000000191207e+00 1.971806809119573600e+01
6.050000000000190781e+00 1.951803495911823205e+01
6.070000000000190354e+00 1.926033575205858028e+01
6.090000000000189928e+00 1.944175663735906667e+01
6.110000000000189502e+00 1.919466558975586423e+01
6.130000000000189075e+00 1.904668953966485034e+01
6.150000000000188649e+00 1.912992856557709587e+01
6.170000000000188223e+00 1.875609763107896555e+01
6.190000000000187796e+00 1.878371739874950563e+01
6.210000000000187370e+00 1.846737809864195157e+01
6.230000000000186944e+00 1.820434640630448442e+01
6.250000000000186517e+00 1.823167634540272175e+01
6.270000000000186091e+00 1.803431181126488170e+01
6.290000000000185665e+00 1.814241855915727797e+01
6.310000000000185238e+00 1.794739183501958379e+01
6.330000000000184812e+00 1.773657824815112960e+01
6.350000000000184386e+00 1.771194513238250323e+01
6.370000000000183960e+00 1.757701008201265580e+01
6.390000000000183533e+00 1.730697852293548777e+01
6.410000000000183107e+00 1.721313320225723231e+01
6.430000000000182681e+00 1.717421272354532746e+01
6.450000000000182254e+00 1.715202558484826767e+01
6.470000000000181828e+00 1.683790925540487038e+01
6.490000000000181402e+00 1.694321544901947263e+01
6.510000000000180975e+00 1.682092150503491013e+01
6.530000000000180549e+00 1.628436598422807791e+01
6.550000000000180123e+00 1.617714101311391772e+01
6.570000000000179696e+00 1.625243485772830709e+01
6.590000000000179270e+00 1.643565549607455623e+01
6.610000000000178844e+00 1.593530289419179446e+01
6.630000000000178417e+00 1.585187361331883338e+01
6.650000000000177991e+00 1.601927651246874973e+01
6.670000000000177565e+00 1.566594015681556051e+01
6.690000000000177138e+00 1.563570023190791147e+01
6.710000000000176712e+00 1.532230550137503222e+01
6.730000000000176286e+00 1.542183302635394782e+01
6.750000000000175859e+00 1.513795120537506023e+01
6.770000000000175433e+00 1.517028244031990702e+01
6.790000000000175007e+00 1.495992638328589841e+01
6.810000000000174580e+00 1.497430672530603069e+01
6.830000000000174154e+00 1.471623526355181255e+01
6.850000000000173728e+00 1.466725083217533765e+01
6.870000000000173301e+00 1.463676619415590352e+01
6.890000000000172875e+00 1.439199962126288490e+01
6.910000000000172449e+00 1.425350010998059069e+01
6.930000000000172022e+00 1.416615301519491332e+01
6.950000000000171596e+00 1.409014895401468159e+01
6.970000000000171170e+00 1.417776330600967860e+01
6.990000000000170743e+00 1.385767641434854980e+01
7.010000000000170317e+00 1.376179631947769444e+01
7.030000000000169891e+00 1.346189633951469666e+01
7.050000000000169464e+00 1.364858319954762145e+01
7.070000000000169038e+00 1.342755662865546817e+01
7.090000000000168612e+00 1.340843030909195832e+01
7.110000000000168185e+00 1.321095323977508507e+01
7.130000000000167759e+00 1.300842938838421681e+01
7.150000000000167333e+00 1.308923283047216124e+01
7.170000000000166906e+00 1.292090714963835474e+01
7.190000000000166480e+00 1.272217199768540041e+01
7.210000000000166054e+00 1.281999847095851486e+01
7.230000000000165628e+00 1.257515927684298518e+01
7.250000000000165201e+00 1.246146151012706227e+01
7.270000000000164775e+00 1.242699358522451369e+01
7.290000000000164349e+00 1.226421343450631340e+01
7.310000000000163922e+00 1.211708812378821776e+01
7.330000000000163496e+00 1.210504079627758323e+01
7.350000000000163070e+00 1.196021742289596546e+01
7.370000000000162643e+00 1.186582976764122854e+01
7.390000000000162217e+00 1.175396068972607999e+01
7.410000000000161791e+00 1.183328155648741742e+01
7.430000000000161364e+00 1.156017849635800410e+01
7.450000000000160938e+00 1.163260379910689934e+01
7.470000000000160512e+00 1.139181952605865078e+01
7.490000000000160085e+00 1.144761558423657100e+01
7.510000000000159659e+00 1.105649645106295509e+01
7.530000000000159233e+00 1.124578190688040280e+01
7.550000000000158806e+00 1.101526385205063363e+01
7.570000000000158380e+00 1.106384831896349574e+01
7.590000000000157954e+00 1.080578091345348923e+01
7.610000000000157527e+00 1.079815119430157466e+01
7.630000000000157101e+00 1.063808413899199401e+01
7.650000000000156675e+00 1.057773323770383556e+01
7.670000000000156248e+00 1.052570340766885693e+01
7.690000000000155822e+00 1.036926556483017237e+01
7.710000000000155396e+00 1.033562663212915922e+01
7.730000000000154969e+00 1.019702351991898936e+01
7.750000000000154543e+00 1.020914812453769649e+01
7.770000000000154117e+00 1.008430915916076209e+01
7.790000000000153690e+00 9.941870225514080062e+00
7.810000000000153264e+00 9.867032562892971370e+00
7.830000000000152838e+00 9.815117338763210242e+00
7.850000000000152411e+00 9.780579215278750738e+00
7.870000000000151985e+00 9.590649767841565421e+00
7.890000000000151559e+00 9.503397206315362666e+00
7.910000000000151132e+00 9.466572096379712420e+00
7.930000000000150706e+00 9.426675454249510366e+00
7.950000000000150280e+00 9.288249210551937196e+00
7.970000000000149853e+00 9.214207924758818891e+00
7.990000000000149427e+00 9.124169712298305868e+00
8.010000000000149001e+00 9.034426840180271867e+00
8.030000000000148574e+00 9.023658629132317088e+00
8.050000000000148148e+00 8.857151611485683418e+00
8.070000000000147722e+00 8.830816429992447425e+00
8.090000000000147296e+00 8.854658541262745430e+00
8.110000000000146869e+00 8.659776199128645047e+00
8.130000000000146443e+00 8.595115002720095987e+00
8.150000000000146017e+00 8.513273929496568471e+00
8.170000000000145590e+00 8.442085151870195148e+00
8.190000000000145164e+00 8.519858153766643127e+00
8.210000000000144738e+00 8.328191684601462086e+00
8.230000000000144311e+00 8.189958336180062304e+00
8.250000000000143885e+00 8.181481954815279067e+00
8.270000000000143459e+00 8.115725491829401506e+00
8.290000000000143032e+00 8.078391948597813510e+00
8.310000000000142606e+00 8.023841497376571041e+00
8.330000000000142180e+00 7.915153953238562856e+00
8.350000000000141753e+00 7.855333954245348416e+00
8.370000000000141327e+00 7.739211991586302908e+00
8.390000000000140901e+00 7.714525666477815236e+00
8.410000000000140474e+00 7.699331676964527027e+00
8.430000000000140048e+00 7.668678334632042848e+00
8.450000000000139622e+00 7.486053657168480591e+00
8.470000000000139195e+00 7.512756545461453328e+00
8.490000000000138769e+00 7.364722900378877668e+00
8.510000000000138343e+00 7.323855129267813346e+00
8.530000000000137916e+00 7.230262882433213356e+00
8.550000000000137490e+00 7.215836161672888771e+00
8.570000000000137064e+00 7.121090886030124523e+00
8.590000000000136637e+00 7.036686760960637166e+00
8.610000000000136211e+00 7.016471818514080638e+00
8.630000000000135785e+00 6.921059452695816461e+00
8.650000000000135358e+00 6.941056342037584592e+00
8.670000000000134932e+00 6.873883407800373213e+00
8.690000000000134506e+00 6.771920560865868133e+00
8.710000000000134079e+00 6.722521475839609018e+00
8.730000000000133653e+00 6.735314821099019689e+00
8.750000000000133227e+00 6.647501197307271070e+00
8.770000000000132800e+00 6.513571731187878022e+00
8.790000000000132374e+00 6.492904281925175880e+00
8.810000000000131948e+00 6.394829905465503117e+00
8.830000000000131521e+00 6.458504328948820650e+00
8.850000000000131095e+00 6.267372584594217422e+00
8.870000000000130669e+00 6.304937942483576307e+00
8.890000000000130242e+00 6.212182784711950845e+00
8.910000000000129816e+00 6.165389643766891581e+00
8.930000000000129390e+00 6.069046031121604123e+00
8.950000000000128964e+00 6.075440615548226120e+00
8.970000000000128537e+00 6.069740160542759888e+00
8.990000000000128111e+00 5.932812145065503806e+00
9.010000000000127685e+00 5.886047368710164207e+00
9.030000000000127258e+00 5.842385290784758212e+00
9.050000000000126832e+00 5.830889397685263376e+00
9.070000000000126406e+00 5.731276818397140538e+00
9.090000000000125979e+00 5.719136289032008769e+00
9.110000000000125553e+00 5.692523146292391978e+00
9.130000000000125127e+00 5.610126314364271671e+00
9.150000000000124700e+00 5.563705888304937730e+00
9.170000000000124274e+00 5.495133232128610601e+00
9.190000000000123848e+00 5.487462475554066188e+00
9.210000000000123421e+00 5.386537288334059426e+00
9.230000000000122995e+00 5.383847592084586964e+00
9.250000000000122569e+00 5.357572932791496712e+00
9.270000000000122142e+00 5.249436873876923926e+00
9.290000000000121716e+00 5.230853087457084882e+00
9.310000000000121290e+00 5.156904267274337705e+00
9.330000000000120863e+00 5.131770077912270800e+00
9.350000000000120437e+00 5.129278128915297330e+00
9.370000000000120011e+00 5.079296022278010803e+00
9.390000000000119584e+00 5.017474424621531703e+00
9.410000000000119158e+00 5.029731201094136850e+00
9.430000000000118732e+00 4.887153809033104146e+00
9.450000000000118305e+00 4.928132008963286737e+00
9.470000000000117879e+00 4.848829596856879753e+00
9.490000000000117453e+00 4.761204629058267912e+00
9.510000000000117026e+00 4.745383196574890050e+00
9.530000000000116600e+00 4.724374162505893260e+00
9.550000000000116174e+00 4.632245797154316058e+00
9.570000000000115747e+00 4.645331254450340452e+00
9.590000000000115321e+00 4.611803778889155048e+00
9.610000000000114895e+00 4.577307914066130579e+00
9.630000000000114468e+00 4.511991941758177305e+00
9.650000000000114042e+00 4.465995621133834526e+00
9.670000000000113616e+00 4.422626696951191150e+00
9.690000000000113189e+00 4.425390895412432357e+00
9.710000000000112763e+00 4.340964993233694003e+00
9.730000000000112337e+00 4.321190025585964101e+00
9.750000000000111910e+00 4.314193409801761803e+00
9.770000000000111484e+00 4.240937102292835270e+00
9.790000000000111058e+00 4.210803635269063427e+00
9.810000000000110632e+00 4.219678911864709114e+00
9.830000000000110205e+00 4.161827427873764584e+00
9.850000000000109779e+00 4.113426680450514183e+00
9.870000000000109353e+00 4.072673818783594690e+00
9.890000000000108926e+00 4.035774498723250225e+00
9.910000000000108500e+00 4.020839118582568261e+00
9.930000000000108074e+00 3.953872563325072420e+00
9.950000000000107647e+00 3.929497222047038996e+00
9.970000000000107221e+00 3.911561868592645208e+00
9.990000000000106795e+00 3.875199776487188164e+00
1.001000000000010637e+01 3.822041071432508819e+00
1.003000000000010594e+01 3.780141159971242004e+00
1.005000000000010552e+01 3.759985116075007294e+00
1.007000000000010509e+01 3.739773490814816359e+00
1.009000000000010466e+01 3.689593184079228649e+00
1.011000000000010424e+01 3.671447459803826252e+00
1.013000000000010381e+01 3.680311608852443683e+00
1.015000000000010338e+01 3.593084830453704193e+00
1.017000000000010296e+01 3.605535224030855801e+00
1.019000000000010253e+01 3.545511570090010167e+00
1.021000000000010210e+01 3.503836858447953340e+00
1.023000000000010168e+01 3.500852768176322627e+00
1.025000000000010125e+01 3.477015420397540968e+00
1.027000000000010083e+01 3.388041184905415726e+00
1.029000000000010040e+01 3.386564682230688739e+00
1.031000000000009997e+01 3.329241036769410300e+00
1.033000000000009955e+01 3.356419801542594339e+00
1.035000000000009912e+01 3.300750561495118696e+00
1.037000000000009869e+01 3.295015902680062947e+00
1.039000000000009827e+01 3.215657678097678218e+00
1.041000000000009784e+01 3.220864868610361142e+00
1.043000000000009742e+01 3.198396780159616259e+00
1.045000000000009699e+01 3.174860280286332603e+00
1.047000000000009656e+01 3.099811766336844077e+00
1.049000000000009614e+01 3.124997703933357851e+00
1.051000000000009571e+01 3.065619286599308602e+00
1.053000000000009528e+01 3.030504518201138087e+00
1.055000000000009486e+01 3.008248725451220018e+00
1.057000000000009443e+01 2.952712707721357521e+00
1.059000000000009400e+01 2.977315434785527959e+00
1.061000000000009358e+01 2.925772998999077945e+00
1.063000000000009315e+01 2.872387041787722417e+00
1.065000000000009273e+01 2.859587528019144731e+00
1.067000000000009230e+01 2.847738123104788244e+00
1.069000000000009187e+01 2.826330669226748693e+00
1.071000000000009145e+01 2.797007431251194998e+00
1.073000000000009102e+01 2.759423982376703055e+00
1.075000000000009059e+01 2.730299440165921965e+00
1.077000000000009017e+01 2.703862662942713158e+00
1.079000000000008974e+01 2.681145060485234044e+00
1.081000000000008932e+01 2.651948729756014256e+00
1.083000000000008889e+01 2.640283833803287017e+00
1.085000000000008846e+01 2.572423298223352806e+00
1.087000000000008804e+01 2.604601994744224935e+00
1.089000000000008761e+01 2.545836415225546823e+00
1.091000000000008718e+01 2.528327680087206986e+00
1.093000000000008676e+01 2.499798056795987211e+00
1.095000000000008633e+01 2.472338885022196564e+00
1.097000000000008590e+01 2.482719540630083710e+00
1.099000000000008548e+01 2.436608829289354627e+00
1.101000000000008505e+01 2.450995876566134157e+00
1.103000000000008463e+01 2.356419086058471724e+00
1.105000000000008420e+01 2.392803056706453102e+00
1.107000000000008377e+01 2.342917748394153232e+00
1.109000000000008335e+01 2.342553075648356131e+00
1.111000000000008292e+01 2.340076921762295648e+00
1.113000000000008249e+01 2.275092625469962382e+00
1.115000000000008207e+01 2.262038262317837223e+00
1.117000000000008164e+01 2.258997242728605581e+00
1.119000000000008122e+01 2.235577635445615385e+00
1.121000000000008079e+01 2.180397425339269279e+00
1.123000000000008036e+01 2.185734699348104382e+00
1.125000000000007994e+01 2.149911570680568484e+00
1.127000000000007951e+01 2.145419715127268923e+00
1.129000000000007908e+01 2.141912842505029779e+00
1.131000000000007866e+01 2.119789968837579419e+00
1.133000000000007823e+01 2.083177466915121290e+00
1.135000000000007780e+01 2.046511057473972883e+00
1.137000000000007738e+01 2.025313335954189498e+00
1.139000000000007695e+01 2.039011990815102315e+00
1.141000000000007653e+01 1.998731612476992492e+00
1.143000000000007610e+01 1.969867455504197506e+00
1.145000000000007567e+01 2.001097877837993977e+00
1.147000000000007525e+01 1.918594488029490730e+00
1.149000000000007482e+01 1.938491403634673427e+00
1.151000000000007439e+01 1.903592842284709930e+00
1.153000000000007397e+01 1.901202020176552931e+00
1.155000000000007354e+01 1.879224014876020421e+00
1.157000000000007311e+01 1.859078352861091910e+00
1.159000000000007269e+01 1.837410223382230701e+00
1.161000000000007226e+01 1.792824781029956016e+00
1.163000000000007184e+01 1.827965072687562254e+00
1.165000000000007141e+01 1.774816171220979122e+00
1.167000000000007098e+01 1.750223049531506980e+00
1.169000000000007056e+01 1.743134239720149692e+00
1.171000000000007013e+01 1.743816454029480489e+00
1.173000000000006970e+01 1.725764915635724206e+00
1.175000000000006928e+01 1.697939943072843683e+00
1.177000000000006885e+01 1.685836119116573828e+00
1.179000000000006843e+01 1.678271836762576408e+00
1.181000000000006800e+01 1.653321588870963588e+00
1.183000000000006757e+01 1.644338275515745185e+00
1.185000000000006715e+01 1.619112031767288684e+00
1.187000000000006672e+01 1.611569080698238343e+00
1.189000000000006629e+01 1.600481898973875161e+00
1.191000000000006587e+01 1.550191459289688156e+00
1.193000000000006544e+01 1.562261343159242033e+00
1.195000000000006501e+01 1.553989065046826878e+00
1.197000000000006459e+01 1.554493583437631221e+00
1.199000000000006416e+01 1.502633100929151810e+00
1.201000000000006374e+01 1.521325321526747043e+00
1.203000000000006331e+01 1.468872146125160816e+00
1.205000000000006288e+01 1.470321954371067275e+00
1.207000000000006246e+01 1.451794479286257822e+00
1.209000000000006203e+01 1.437386432386414725e+00
1.211000000000006160e+01 1.407895308086781760e+00
1.213000000000006118e+01 1.412456755054294799e+00
1.215000000000006075e+01 1.379806526209097717e+00
1.217000000000006033e+01 1.400673843003551466e+00
1.219000000000005990e+01 1.353332641200747144e+00
1.221000000000005947e+01 1.361760116776575158e+00
1.223000000000005905e+01 1.350832399389514604e+00
1.225000000000005862e+01 1.334831144542502290e+00
1.227000000000005819e+01 1.302894450395229331e+00
1.229000000000005777e+01 1.329496224682205963e+00
1.231000000000005734e+01 1.285586020913996874e+00
1.233000000000005691e+01 1.279110034794005424e+00
1.235000000000005649e+01 1.271782629550354704e+00
1.237000000000005606e+01 1.264004514079872132e+00
1.239000000000005564e+01 1.231438241276401557e+00
1.241000000000005521e+01 1.242560119729644530e+00
1.243000000000005478e+01 1.207442874763790197e+00
1.245000000000005436e+01 1.183052594466121654e+00
1.247000000000005393e+01 1.224169010081672448e+00
1.249000000000005350e+01 1.158394894493641303e+00
1.251000000000005308e+01 1.198214054070926293e+00
1.253000000000005265e+01 1.174355520943727527e+00
1.255000000000005222e+01 1.153363840982401411e+00
1.257000000000005180e+01 1.123108158175679883e+00
1.259000000000005137e+01 1.119867417327577108e+00
1.261000000000005095e+01 1.130150883375851123e+00
1.263000000000005052e+01 1.089603185350426662e+00
1.265000000000005009e+01 1.095894247986040737e+00
1.267000000000004967e+01 1.090741211004555344e+00
1.269000000000004924e+01 1.067865283046270930e+00
1.271000000000004881e+01 1.064793815132060839e+00
1.273000000000004839e+01 1.029057015074000159e+00
1.275000000000004796e+01 1.005851046237904667e+00
1.277000000000004754e+01 1.003684778738406003e+00
1.279000000000004711e+01 1.046401525079480477e+00
1.281000000000004668e+01 1.011832847399355639e+00
1.283000000000004626e+01 9.865778176450775705e-01
1.285000000000004583e+01 9.729139440114209503e-01
1.287000000000004540e+01 9.690931094927346390e-01
1.289000000000004498e+01 9.469836774803019885e-01
1.291000000000004455e+01 9.427955150558223751e-01
1.293000000000004412e+01 9.165428420989490954e-01
1.295000000000004370e+01 9.422133848608897910e-01
1.297000000000004327e+01 8.953954982907893489e-01
1.299000000000004285e+01 8.845799008965645749e-01
1.301000000000004242e+01 9.026792177749554114e-01
1.303000000000004199e+01 8.826845222409925862e-01
1.305000000000004157e+01 8.714719472682251888e-01
1.307000000000004114e+01 8.589525999072311624e-01
1.309000000000004071e+01 8.671165357438530563e-01
1.311000000000004029e+01 8.612472344807855507e-01
1.313000000000003986e+01 8.399564942094253084e-01
1.315000000000003944e+01 8.197002479444599476e-01
1.317000000000003901e+01 8.402909625673010696e-01
1.319000000000003858e+01 8.246866681261659782e-01
1.321000000000003816e+01 7.875730501564658370e-01
1.323000000000003773e+01 7.845408113719056775e-01
1.325000000000003730e+01 8.120320410270226441e-01
1.327000000000003688e+01 7.628718718817265598e-01
1.329000000000003645e+01 7.501154380712156122e-01
1.331000000000003602e+01 7.762189460784310047e-01
1.333000000000003560e+01 7.645096390810898201e-01
1.335000000000003517e+01 7.810391277274149058e-01
1.337000000000003475e+01 7.383683028922980451e-01
1.339000000000003432e+01 7.314223360666322060e-01
1.341000000000003389e+01 7.396224339164625405e-01
1.343000000000003347e+01 7.103482793481376012e-01
1.345000000000003304e+01 7.265675858606021054e-01
1.347000000000003261e+01 7.114744467560268903e-01
1.349000000000003219e+01 7.109244582443434712e-01
1.351000000000003176e+01 6.806063767175678514e-01
1.353000000000003133e+01 6.706650819389393670e-01
1.355000000000003091e+01 6.538589843367268450e-01
1.357000000000003048e+01 6.282316899408512123e-01
1.359000000000003006e+01 6.509962469424293019e-01
1.361000000000002963e+01 6.529031208217006554e-01
1.363000000000002920e+01 6.228739949567079215e-01
1.365000000000002878e+01 6.222042922492864170e-01
1.367000000000002835e+01 6.151476319816420180e-01
1.369000000000002792e+01 6.024103363689113921e-01
1.371000000000002750e+01 6.021789192078360609e-01
1.373000000000002707e+01 5.556948109911884481e-01
1.375000000000002665e+01 5.928336130582606556e-01
1.377000000000002622e+01 5.774571711515454897e-01
1.379000000000002579e+01 5.707727917850139443e-01
1.381000000000002537e+01 5.418747000877703890e-01
1.383000000000002494e+01 5.229489253396955029e-01
1.385000000000002451e+01 5.367246929240359066e-01
1.387000000000002409e+01 5.301260928092274005e-01
1.389000000000002366e+01 5.240877807546743261e-01
1.391000000000002323e+01 5.120685469981963722e-01
1.393000000000002281e+01 4.938692941057641339e-01
1.395000000000002238e+01 4.890426617605238002e-01
1.397000000000002196e+01 4.938408578379577252e-01
1.399000000000002153e+01 4.787473400743362251e-01
1.401000000000002110e+01 4.577419360418800709e-01
1.403000000000002068e+01 4.738527426905471129e-01
1.405000000000002025e+01 4.586710553531423984e-01
1.407000000000001982e+01 4.535443298052086458e-01
1.409000000000001940e+01 4.577460416393953624e-01
1.411000000000001897e+01 4.496009660010420461e-01
1.413000000000001855e+01 4.426706652902991923e-01
1.415000000000001812e+01 4.187599453173981301e-01
1.417000000000001769e+01 4.202898341317370945e-01
1.419000000000001727e+01 4.128382652726714230e-01
1.421000000000001684e+01 3.960163236010286192e-01
1.423000000000001641e+01 3.871242560004472533e-01
1.425000000000001599e+01 3.816460172988750399e-01
1.427000000000001556e+01 3.699773183395620446e-01
1.429000000000001513e+01 3.569393332685041331e-01
1.431000000000001471e+01 3.525735802875362701e-01
1.433000000000001428e+01 3.353104773271592953e-01
1.435000000000001386e+01 3.336741341288920193e-01
1.437000000000001343e+01 3.242745119363344419e-01
1.439000000000001300e+01 3.062518989168425687e-01
1.441000000000001258e+01 3.182490882047211422e-01
1.443000000000001215e+01 3.077374926308977798e-01
1.445000000000001172e+01 3.137751143724351044e-01
1.447000000000001130e+01 2.750227075117507303e-01
1.449000000000001087e+01 2.817746831114028572e-01
1.451000000000001044e+01 2.455326690232926823e-01
1.453000000000001002e+01 2.277949244966924192e-01
1.455000000000000959e+01 1.836113767789290807e-01
1.457000000000000917e+01 1.364891879142207387e-01
1.459000000000000874e+01 1.250221212272440152e-01
1.461000000000000831e+01 8.622082947564448097e-02
1.463000000000000789e+01 6.403578495042196173e-02
1.465000000000000746e+01 2.813781246003285372e-02
1.467000000000000703e+01 1.950531220029008694e-02
1.469000000000000661e+01 1.118404731376859695e-02
1.471000000000000618e+01 1.115563105080955714e-02
1.473000000000000576e+01 2.818466241933225130e-03
1.475000000000000533e+01 2.751758827408223515e-03
1.477000000000000490e+01 0.000000000000000000e+00
1.479000000000000448e+01 0.000000000000000000e+00
1.481000000000000405e+01 0.000000000000000000e+00
1.483000000000000362e+01 0.000000000000000000e+00
1.485000000000000320e+01 0.000000000000000000e+00
1.487000000000000277e+01 0.000000000000000000e+00
1.489000000000000234e+01 0.000000000000000000e+00
1.491000000000000192e+01 0.000000000000000000e+00
1.493000000000000149e+01 0.000000000000000000e+00
1.495000000000000107e+01 0.000000000000000000e+00
1.497000000000000064e+01 0.000000000000000000e+00
1.499000000000000021e+01 0.000000000000000000e+00
