# Redshift		Merger Rate Density [Gpc^-3yr^-1]
1.000000000031931770e-02 2.459950867174126898e+01
3.000000000031888964e-02 2.513420061929367932e+01
5.000000000031846331e-02 2.542820791047132545e+01
7.000000000031804392e-02 2.582927275835391612e+01
9.000000000031761760e-02 2.619646291674171934e+01
1.100000000003171913e-01 2.632366871649600881e+01
1.300000000003167511e-01 2.680762030606724267e+01
1.500000000003163247e-01 2.693355291152027675e+01
1.700000000003158984e-01 2.713652630374642172e+01
1.900000000003154721e-01 2.755182487998829188e+01
2.100000000003150458e-01 2.746121610520307144e+01
2.300000000003146194e-01 2.770004467080380905e+01
2.500000000003141931e-01 2.794623404802966959e+01
2.700000000003137668e-01 2.841110498954236974e+01
2.900000000003133405e-01 2.827058796432392995e+01
3.100000000003129141e-01 2.907059621072633959e+01
3.300000000003124878e-01 2.910490629676215235e+01
3.500000000003120615e-01 2.941184538896233036e+01
3.700000000003116352e-01 2.975607862867014930e+01
3.900000000003112088e-01 2.991252127816814266e+01
4.100000000003107825e-01 3.060798525676518977e+01
4.300000000003103562e-01 3.069826149109374924e+01
4.500000000003099299e-01 3.131528634899291319e+01
4.700000000003095035e-01 3.170827325691944409e+01
4.900000000003090772e-01 3.205432760545177473e+01
5.100000000003086509e-01 3.220906944069457012e+01
5.300000000003082246e-01 3.289983244473492618e+01
5.500000000003077982e-01 3.307840147027874167e+01
5.700000000003073719e-01 3.353175013780327163e+01
5.900000000003069456e-01 3.409169257517022089e+01
6.100000000003065193e-01 3.413833251642078181e+01
6.300000000003060929e-01 3.450158503731768178e+01
6.500000000003056666e-01 3.511551564417650440e+01
6.700000000003052403e-01 3.462538353855919837e+01
6.900000000003048140e-01 3.522002084800841004e+01
7.100000000003043876e-01 3.545468069375143472e+01
7.300000000003039613e-01 3.611240137767403269e+01
7.500000000003035350e-01 3.602313743576304716e+01
7.700000000003031086e-01 3.670062223929925693e+01
7.900000000003026823e-01 3.696199201165635628e+01
8.100000000003022560e-01 3.735601874446536641e+01
8.300000000003018297e-01 3.791651902359345172e+01
8.500000000003014033e-01 3.816814566864761815e+01
8.700000000003009770e-01 3.817707346130394086e+01
8.900000000003005507e-01 3.889176344318365608e+01
9.100000000003001244e-01 3.898964534509895685e+01
9.300000000002996980e-01 3.957773079447679976e+01
9.500000000002992717e-01 4.003150015625114122e+01
9.700000000002988454e-01 4.005107026496440881e+01
9.900000000002984191e-01 4.046141381355082700e+01
1.010000000000297993e+00 4.054767429461067252e+01
1.030000000000297566e+00 4.100958485554235722e+01
1.050000000000297140e+00 4.119120363953194186e+01
1.070000000000296714e+00 4.216754763477683099e+01
1.090000000000296287e+00 4.162461813151033141e+01
1.110000000000295861e+00 4.227517100712038456e+01
1.130000000000295435e+00 4.222896536229268349e+01
1.150000000000295008e+00 4.281215631079447803e+01
1.170000000000294582e+00 4.310550958843286651e+01
1.190000000000294156e+00 4.337913545154109585e+01
1.210000000000293729e+00 4.302237223415174583e+01
1.230000000000293303e+00 4.416167571868113839e+01
1.250000000000292877e+00 4.366930560089941338e+01
1.270000000000292451e+00 4.439940772202491104e+01
1.290000000000292024e+00 4.443142222345129966e+01
1.310000000000291598e+00 4.423960763234390470e+01
1.330000000000291172e+00 4.522353400272643853e+01
1.350000000000290745e+00 4.496836789544426694e+01
1.370000000000290319e+00 4.553194019835715523e+01
1.390000000000289893e+00 4.569785528886693271e+01
1.410000000000289466e+00 4.528627177972004603e+01
1.430000000000289040e+00 4.614713200365675760e+01
1.450000000000288614e+00 4.571870759272595564e+01
1.470000000000288187e+00 4.647303055509704706e+01
1.490000000000287761e+00 4.651068735031351764e+01
1.510000000000287335e+00 4.651179664747569831e+01
1.530000000000286908e+00 4.625087254268897397e+01
1.550000000000286482e+00 4.682159924874909507e+01
1.570000000000286056e+00 4.675794861691739612e+01
1.590000000000285629e+00 4.726738542774731400e+01
1.610000000000285203e+00 4.697506700817084635e+01
1.630000000000284777e+00 4.635703509777113851e+01
1.650000000000284350e+00 4.709856934461291189e+01
1.670000000000283924e+00 4.666950755038318022e+01
1.690000000000283498e+00 4.711797068490302820e+01
1.710000000000283071e+00 4.638013666157103643e+01
1.730000000000282645e+00 4.675663011268628111e+01
1.750000000000282219e+00 4.683091805629618420e+01
1.770000000000281792e+00 4.667591959486090047e+01
1.790000000000281366e+00 4.634950258547426216e+01
1.810000000000280940e+00 4.598306855715951258e+01
1.830000000000280513e+00 4.593535796434659346e+01
1.850000000000280087e+00 4.581917287309343578e+01
1.870000000000279661e+00 4.600917269594391712e+01
1.890000000000279234e+00 4.538866912828193279e+01
1.910000000000278808e+00 4.561843523393824285e+01
1.930000000000278382e+00 4.531725496874931025e+01
1.950000000000277955e+00 4.511349708289149163e+01
1.970000000000277529e+00 4.498470715004214071e+01
1.990000000000277103e+00 4.496498781351338181e+01
2.010000000000276899e+00 4.456221062644001307e+01
2.030000000000276472e+00 4.464324039227951602e+01
2.050000000000276046e+00 4.453275414774554974e+01
2.070000000000275620e+00 4.446942004336235499e+01
2.090000000000275193e+00 4.455001134897709392e+01
2.110000000000274767e+00 4.401346564164314401e+01
2.130000000000274341e+00 4.396001437923878541e+01
2.150000000000273914e+00 4.356068400271236385e+01
2.170000000000273488e+00 4.356936407100010911e+01
2.190000000000273062e+00 4.346063747789310838e+01
2.210000000000272635e+00 4.348618690653209740e+01
2.230000000000272209e+00 4.305471710307243427e+01
2.250000000000271783e+00 4.232656480449597325e+01
2.270000000000271356e+00 4.255792558776646217e+01
2.290000000000270930e+00 4.268342260725572146e+01
2.310000000000270504e+00 4.222720615459653004e+01
2.330000000000270077e+00 4.219925768962369972e+01
2.350000000000269651e+00 4.184465196325068348e+01
2.370000000000269225e+00 4.175837444428952949e+01
2.390000000000268798e+00 4.153170324674434255e+01
2.410000000000268372e+00 4.086092650323266184e+01
2.430000000000267946e+00 4.094850740733115657e+01
2.450000000000267519e+00 4.094190625491983582e+01
2.470000000000267093e+00 4.077679955748153873e+01
2.490000000000266667e+00 4.025785927451804014e+01
2.510000000000266240e+00 4.025648700282785342e+01
2.530000000000265814e+00 4.011778602838897001e+01
2.550000000000265388e+00 3.957375680001273821e+01
2.570000000000264961e+00 3.982651173986187843e+01
2.590000000000264535e+00 3.906986222583056190e+01
2.610000000000264109e+00 3.967406170961811540e+01
2.630000000000263682e+00 3.887766855268809962e+01
2.650000000000263256e+00 3.909220430562697146e+01
2.670000000000262830e+00 3.886127331441419130e+01
2.690000000000262403e+00 3.877892931596854709e+01
2.710000000000261977e+00 3.846321691565488976e+01
2.730000000000261551e+00 3.817261795261580204e+01
2.750000000000261124e+00 3.804496707309717607e+01
2.770000000000260698e+00 3.796468098934769841e+01
2.790000000000260272e+00 3.785334495135179367e+01
2.810000000000259845e+00 3.779301192076848537e+01
2.830000000000259419e+00 3.750992301582761002e+01
2.850000000000258993e+00 3.721517113484627970e+01
2.870000000000258567e+00 3.736043167464079318e+01
2.890000000000258140e+00 3.692255896641975710e+01
2.910000000000257714e+00 3.697820257622848317e+01
2.930000000000257288e+00 3.657685808529443250e+01
2.950000000000256861e+00 3.663165679934861885e+01
2.970000000000256435e+00 3.634019307417572264e+01
2.990000000000256009e+00 3.624607009755210640e+01
3.010000000000255582e+00 3.608434341066386963e+01
3.030000000000255156e+00 3.600981244944908610e+01
3.050000000000254730e+00 3.598314861628673356e+01
3.070000000000254303e+00 3.594731070223569702e+01
3.090000000000253877e+00 3.544923319782099469e+01
3.110000000000253451e+00 3.564973056400015849e+01
3.130000000000253024e+00 3.523745253280717549e+01
3.150000000000252598e+00 3.572608656713588005e+01
3.170000000000252172e+00 3.521811874673691989e+01
3.190000000000251745e+00 3.551467824096961579e+01
3.210000000000251319e+00 3.496114502890272746e+01
3.230000000000250893e+00 3.542542426556789081e+01
3.250000000000250466e+00 3.526570181344863641e+01
3.270000000000250040e+00 3.531060455080825022e+01
3.290000000000249614e+00 3.520469334603036060e+01
3.310000000000249187e+00 3.537276162689398973e+01
3.330000000000248761e+00 3.523432849551252133e+01
3.350000000000248335e+00 3.503701420994519111e+01
3.370000000000247908e+00 3.551131822603461075e+01
3.390000000000247482e+00 3.552295855358276100e+01
3.410000000000247056e+00 3.548029127222461909e+01
3.430000000000246629e+00 3.555484428433020838e+01
3.450000000000246203e+00 3.587750307218338719e+01
3.470000000000245777e+00 3.558300123832487571e+01
3.490000000000245350e+00 3.605269456950718165e+01
3.510000000000244924e+00 3.600574374438813408e+01
3.530000000000244498e+00 3.597824110466981296e+01
3.550000000000244071e+00 3.645078150568276243e+01
3.570000000000243645e+00 3.616730546697656479e+01
3.590000000000243219e+00 3.676272534588067487e+01
3.610000000000242792e+00 3.682121798885372499e+01
3.630000000000242366e+00 3.688315133951922320e+01
3.650000000000241940e+00 3.720062564683107098e+01
3.670000000000241513e+00 3.748534113080706476e+01
3.690000000000241087e+00 3.761198086434081489e+01
3.710000000000240661e+00 3.761161088218116788e+01
3.730000000000240234e+00 3.809991413688866402e+01
3.750000000000239808e+00 3.826136217107863757e+01
3.770000000000239382e+00 3.809205851959821842e+01
3.790000000000238956e+00 3.906138837120620622e+01
3.810000000000238529e+00 3.884669670881862658e+01
3.830000000000238103e+00 3.929983939063207998e+01
3.850000000000237677e+00 3.909486332477363391e+01
3.870000000000237250e+00 3.990873711723335049e+01
3.890000000000236824e+00 4.021175315466453526e+01
3.910000000000236398e+00 4.024492310125141614e+01
3.930000000000235971e+00 4.059044279631434904e+01
3.950000000000235545e+00 4.059618582704467116e+01
3.970000000000235119e+00 4.101959827404834869e+01
3.990000000000234692e+00 4.128062709097783056e+01
4.010000000000234266e+00 4.157171468699323924e+01
4.030000000000233840e+00 4.174613987308627117e+01
4.050000000000233413e+00 4.211598276994273959e+01
4.070000000000232987e+00 4.271700031820408583e+01
4.090000000000232561e+00 4.243515953204655489e+01
4.110000000000232134e+00 4.305622379817455680e+01
4.130000000000231708e+00 4.326557487271674063e+01
4.150000000000231282e+00 4.357295017976567664e+01
4.170000000000230855e+00 4.353024145203212925e+01
4.190000000000230429e+00 4.420368258817059370e+01
4.210000000000230003e+00 4.431756285494123659e+01
4.230000000000229576e+00 4.449846420241394185e+01
4.250000000000229150e+00 4.503782437980520825e+01
4.270000000000228724e+00 4.525996828340802836e+01
4.290000000000228297e+00 4.579461063277218358e+01
4.310000000000227871e+00 4.593964584578974097e+01
4.330000000000227445e+00 4.641467746182505039e+01
4.350000000000227018e+00 4.602024047199958545e+01
4.370000000000226592e+00 4.679326531983452497e+01
4.390000000000226166e+00 4.707233209600448021e+01
4.410000000000225739e+00 4.742100912452799832e+01
4.430000000000225313e+00 4.722143859864922888e+01
4.450000000000224887e+00 4.770524353563634179e+01
4.470000000000224460e+00 4.818744119507368140e+01
4.490000000000224034e+00 4.791393746291318934e+01
4.510000000000223608e+00 4.808458934518628780e+01
4.530000000000223181e+00 4.817566144724405319e+01
4.550000000000222755e+00 4.868084817986633084e+01
4.570000000000222329e+00 4.804613100372891665e+01
4.590000000000221902e+00 4.814780483157101543e+01
4.610000000000221476e+00 4.814883326175075950e+01
4.630000000000221050e+00 4.797776818348610561e+01
4.650000000000220624e+00 4.795836438726528428e+01
4.670000000000220197e+00 4.824684820753477510e+01
4.690000000000219771e+00 4.841948436487847118e+01
4.710000000000219345e+00 4.859643387034824258e+01
4.730000000000218918e+00 4.804156109711192357e+01
4.750000000000218492e+00 4.825587093274174322e+01
4.770000000000218066e+00 4.837288479825696186e+01
4.790000000000217639e+00 4.846159944449065193e+01
4.810000000000217213e+00 4.868827834564341117e+01
4.830000000000216787e+00 4.890692163929437442e+01
4.850000000000216360e+00 4.868603735930288678e+01
4.870000000000215934e+00 4.836399799926500265e+01
4.890000000000215508e+00 4.806697958521567671e+01
4.910000000000215081e+00 4.788675942134602082e+01
4.930000000000214655e+00 4.769970829043941052e+01
4.950000000000214229e+00 4.747626341072570000e+01
4.970000000000213802e+00 4.759887813846827243e+01
4.990000000000213376e+00 4.738232990722223548e+01
5.010000000000212950e+00 4.726776036916358237e+01
5.030000000000212523e+00 4.683839296359638382e+01
5.050000000000212097e+00 4.695180190894419070e+01
5.070000000000211671e+00 4.686080785196879361e+01
5.090000000000211244e+00 4.645294542346418609e+01
5.110000000000210818e+00 4.602590884360945722e+01
5.130000000000210392e+00 4.582726024976613388e+01
5.150000000000209965e+00 4.533460874488707049e+01
5.170000000000209539e+00 4.527718069666649825e+01
5.190000000000209113e+00 4.493917301787119101e+01
5.210000000000208686e+00 4.468212726864131668e+01
5.230000000000208260e+00 4.444714544947816393e+01
5.250000000000207834e+00 4.404099084640498774e+01
5.270000000000207407e+00 4.368248480148198354e+01
5.290000000000206981e+00 4.337491628221011553e+01
5.310000000000206555e+00 4.315845396244289134e+01
5.330000000000206128e+00 4.282587197196466633e+01
5.350000000000205702e+00 4.217402919563261321e+01
5.370000000000205276e+00 4.198491073111110694e+01
5.390000000000204849e+00 4.141620694166542904e+01
5.410000000000204423e+00 4.106165835998943692e+01
5.430000000000203997e+00 4.108489252791386548e+01
5.450000000000203570e+00 4.056620503982575343e+01
5.470000000000203144e+00 4.002651791036645079e+01
5.490000000000202718e+00 3.965637717965023512e+01
5.510000000000202292e+00 3.910154238267065807e+01
5.530000000000201865e+00 3.884251060659251209e+01
5.550000000000201439e+00 3.810097103241070471e+01
5.570000000000201013e+00 3.778012228739949308e+01
5.590000000000200586e+00 3.734884144615729440e+01
5.610000000000200160e+00 3.670167829726614883e+01
5.630000000000199734e+00 3.648355151198968827e+01
5.650000000000199307e+00 3.588192737131853960e+01
5.670000000000198881e+00 3.537162220485833330e+01
5.690000000000198455e+00 3.489060125618745190e+01
5.710000000000198028e+00 3.435514450891142246e+01
5.730000000000197602e+00 3.353412416755664083e+01
5.750000000000197176e+00 3.331063838807560273e+01
5.770000000000196749e+00 3.281220134076512096e+01
5.790000000000196323e+00 3.209568378711610137e+01
5.810000000000195897e+00 3.141241862324085332e+01
5.830000000000195470e+00 3.081895026478953881e+01
5.850000000000195044e+00 3.035719924266044600e+01
5.870000000000194618e+00 2.977818232404097643e+01
5.890000000000194191e+00 2.932328289178891723e+01
5.910000000000193765e+00 2.853848908548459562e+01
5.930000000000193339e+00 2.825287344761309427e+01
5.950000000000192912e+00 2.784078875430705935e+01
5.970000000000192486e+00 2.687978274746100027e+01
5.990000000000192060e+00 2.661280078037851027e+01
6.010000000000191633e+00 2.600552427742342232e+01
6.030000000000191207e+00 2.568103407671776850e+01
6.050000000000190781e+00 2.483684454718709134e+01
6.070000000000190354e+00 2.425620024126596519e+01
6.090000000000189928e+00 2.381791592900712828e+01
6.110000000000189502e+00 2.334362641695938834e+01
6.130000000000189075e+00 2.266797896523462086e+01
6.150000000000188649e+00 2.235023706208583505e+01
6.170000000000188223e+00 2.171820464566895481e+01
6.190000000000187796e+00 2.123647384123409054e+01
6.210000000000187370e+00 2.080365806402130957e+01
6.230000000000186944e+00 2.001457085712606698e+01
6.250000000000186517e+00 1.948262669048543927e+01
6.270000000000186091e+00 1.921683141364107072e+01
6.290000000000185665e+00 1.859598985253815329e+01
6.310000000000185238e+00 1.806334563777485158e+01
6.330000000000184812e+00 1.760802440744335584e+01
6.350000000000184386e+00 1.715313808107387672e+01
6.370000000000183960e+00 1.668792797610971235e+01
6.390000000000183533e+00 1.607883819265309810e+01
6.410000000000183107e+00 1.566847868263930899e+01
6.430000000000182681e+00 1.512714611172569157e+01
6.450000000000182254e+00 1.485019991820921703e+01
6.470000000000181828e+00 1.440355435334613077e+01
6.490000000000181402e+00 1.387094624093012918e+01
6.510000000000180975e+00 1.348265391399469415e+01
6.530000000000180549e+00 1.307180145688252892e+01
6.550000000000180123e+00 1.261133279399744112e+01
6.570000000000179696e+00 1.226178293641344652e+01
6.590000000000179270e+00 1.184502818599197482e+01
6.610000000000178844e+00 1.147995338826538969e+01
6.630000000000178417e+00 1.114397559866194776e+01
6.650000000000177991e+00 1.078825189374794213e+01
6.670000000000177565e+00 1.048976595503785703e+01
6.690000000000177138e+00 1.005550355590015421e+01
6.710000000000176712e+00 9.768171011976425788e+00
6.730000000000176286e+00 9.498366612214340421e+00
6.750000000000175859e+00 9.073034684683591422e+00
6.770000000000175433e+00 8.816424168413330875e+00
6.790000000000175007e+00 8.536354253208040532e+00
6.810000000000174580e+00 8.274862623051792099e+00
6.830000000000174154e+00 8.000589328572850434e+00
6.850000000000173728e+00 7.689781036602936659e+00
6.870000000000173301e+00 7.589852773212308001e+00
6.890000000000172875e+00 7.202656050895154927e+00
6.910000000000172449e+00 7.043071860963850739e+00
6.930000000000172022e+00 6.746520623671862893e+00
6.950000000000171596e+00 6.672746967669920259e+00
6.970000000000171170e+00 6.429626379712127360e+00
6.990000000000170743e+00 6.185213595286330523e+00
7.010000000000170317e+00 6.039217195738055821e+00
7.030000000000169891e+00 5.806441503896335732e+00
7.050000000000169464e+00 5.644655807381639079e+00
7.070000000000169038e+00 5.510213363998063940e+00
7.090000000000168612e+00 5.371147560366584806e+00
7.110000000000168185e+00 5.219676297272800802e+00
7.130000000000167759e+00 5.069896548144763315e+00
7.150000000000167333e+00 4.896400771322568346e+00
7.170000000000166906e+00 4.855181528928358858e+00
7.190000000000166480e+00 4.708939641359842554e+00
7.210000000000166054e+00 4.556630605666939893e+00
7.230000000000165628e+00 4.516068803486938066e+00
7.250000000000165201e+00 4.370186634442905671e+00
7.270000000000164775e+00 4.327241219495460811e+00
7.290000000000164349e+00 4.163037911134964908e+00
7.310000000000163922e+00 4.122583028674919881e+00
7.330000000000163496e+00 4.080081972971660420e+00
7.350000000000163070e+00 4.017185565405140935e+00
7.370000000000162643e+00 3.906374938067690650e+00
7.390000000000162217e+00 3.835533528540048032e+00
7.410000000000161791e+00 3.754081100016468664e+00
7.430000000000161364e+00 3.682157321940409567e+00
7.450000000000160938e+00 3.652959587127230012e+00
7.470000000000160512e+00 3.632212816948916512e+00
7.490000000000160085e+00 3.500768411538615954e+00
7.510000000000159659e+00 3.495867987866236870e+00
7.530000000000159233e+00 3.428170107477746864e+00
7.550000000000158806e+00 3.332717161945751183e+00
7.570000000000158380e+00 3.384387269157969502e+00
7.590000000000157954e+00 3.274947122152907841e+00
7.610000000000157527e+00 3.271151887697989480e+00
7.630000000000157101e+00 3.219680010937818082e+00
7.650000000000156675e+00 3.162731568213972277e+00
7.670000000000156248e+00 3.142177969360686607e+00
7.690000000000155822e+00 3.128402031844722320e+00
7.710000000000155396e+00 3.052888874732738067e+00
7.730000000000154969e+00 3.025233143760751364e+00
7.750000000000154543e+00 3.011213367491614612e+00
7.770000000000154117e+00 2.956073447339540916e+00
7.790000000000153690e+00 2.936651317743798284e+00
7.810000000000153264e+00 2.948284182451951452e+00
7.830000000000152838e+00 2.870664004790812296e+00
7.850000000000152411e+00 2.865404867546716972e+00
7.870000000000151985e+00 2.828012287194955565e+00
7.890000000000151559e+00 2.814156557420095073e+00
7.910000000000151132e+00 2.783017739743169905e+00
7.930000000000150706e+00 2.764625212757322092e+00
7.950000000000150280e+00 2.728611260655653847e+00
7.970000000000149853e+00 2.754438113374617636e+00
7.990000000000149427e+00 2.692018103539746132e+00
8.010000000000149001e+00 2.673986075876463087e+00
8.030000000000148574e+00 2.624257693694937110e+00
8.050000000000148148e+00 2.634977987034385016e+00
8.070000000000147722e+00 2.621202778059985583e+00
8.090000000000147296e+00 2.614813220089442947e+00
8.110000000000146869e+00 2.571541443426878626e+00
8.130000000000146443e+00 2.570051134533516191e+00
8.150000000000146017e+00 2.549615210834112577e+00
8.170000000000145590e+00 2.557626127497071078e+00
8.190000000000145164e+00 2.496747035129545100e+00
8.210000000000144738e+00 2.530076329889810793e+00
8.230000000000144311e+00 2.501793100675018700e+00
8.250000000000143885e+00 2.462837315189791543e+00
8.270000000000143459e+00 2.484484491891245206e+00
8.290000000000143032e+00 2.429258231062072948e+00
8.310000000000142606e+00 2.437360720918562595e+00
8.330000000000142180e+00 2.401514207464084283e+00
8.350000000000141753e+00 2.399605387004062784e+00
8.370000000000141327e+00 2.407921513489621024e+00
8.390000000000140901e+00 2.375076427678520563e+00
8.410000000000140474e+00 2.373184013145158033e+00
8.430000000000140048e+00 2.325573214796710531e+00
8.450000000000139622e+00 2.377579466434872835e+00
8.470000000000139195e+00 2.335196333687900250e+00
8.490000000000138769e+00 2.308760167323646417e+00
8.510000000000138343e+00 2.310013096382765863e+00
8.530000000000137916e+00 2.315942851900823385e+00
8.550000000000137490e+00 2.296951653205268951e+00
8.570000000000137064e+00 2.298507851663456059e+00
8.590000000000136637e+00 2.259864208010454067e+00
8.610000000000136211e+00 2.281146452230520261e+00
8.630000000000135785e+00 2.246643289843929470e+00
8.650000000000135358e+00 2.230404600474425791e+00
8.670000000000134932e+00 2.268639947507113952e+00
8.690000000000134506e+00 2.238271563267380415e+00
8.710000000000134079e+00 2.216559859140582400e+00
8.730000000000133653e+00 2.182077688329025378e+00
8.750000000000133227e+00 2.230414147333503738e+00
8.770000000000132800e+00 2.204690923892339782e+00
8.790000000000132374e+00 2.205162395463251102e+00
8.810000000000131948e+00 2.202870976204138742e+00
8.830000000000131521e+00 2.173956199963246849e+00
8.850000000000131095e+00 2.208707048423350194e+00
8.870000000000130669e+00 2.197947500518941055e+00
8.890000000000130242e+00 2.159905422881782222e+00
8.910000000000129816e+00 2.176456181794032219e+00
8.930000000000129390e+00 2.166291326650136018e+00
8.950000000000128964e+00 2.185696697521097409e+00
8.970000000000128537e+00 2.135326003877543233e+00
8.990000000000128111e+00 2.168317045280758748e+00
9.010000000000127685e+00 2.143350370513463776e+00
9.030000000000127258e+00 2.157396526957045424e+00
9.050000000000126832e+00 2.156279852373923500e+00
9.070000000000126406e+00 2.165035644309761143e+00
9.090000000000125979e+00 2.119493283676241902e+00
9.110000000000125553e+00 2.133319379802520732e+00
9.130000000000125127e+00 2.114785360707716944e+00
9.150000000000124700e+00 2.139979404312973621e+00
9.170000000000124274e+00 2.134580037424182120e+00
9.190000000000123848e+00 2.132619138929159774e+00
9.210000000000123421e+00 2.101618172506546589e+00
9.230000000000122995e+00 2.135029461259691175e+00
9.250000000000122569e+00 2.105662621840105775e+00
9.270000000000122142e+00 2.097929898955015915e+00
9.290000000000121716e+00 2.103743105291834503e+00
9.310000000000121290e+00 2.088409231859543969e+00
9.330000000000120863e+00 2.104325351268694355e+00
9.350000000000120437e+00 2.096156275907871347e+00
9.370000000000120011e+00 2.114808209832893748e+00
9.390000000000119584e+00 2.086001158555985668e+00
9.410000000000119158e+00 2.082258148957087496e+00
9.430000000000118732e+00 2.099634750870063016e+00
9.450000000000118305e+00 2.074813991341285302e+00
9.470000000000117879e+00 2.060485464302368896e+00
9.490000000000117453e+00 2.067844023402528375e+00
9.510000000000117026e+00 2.072648019809963937e+00
9.530000000000116600e+00 2.055764993282275022e+00
9.550000000000116174e+00 2.037848717857975167e+00
9.570000000000115747e+00 2.048137177937458198e+00
9.590000000000115321e+00 2.057488316511670856e+00
9.610000000000114895e+00 2.037891634304314969e+00
9.630000000000114468e+00 2.055111019074178813e+00
9.650000000000114042e+00 2.022163109277594462e+00
9.670000000000113616e+00 2.029996337443880972e+00
9.690000000000113189e+00 1.996894950290268422e+00
9.710000000000112763e+00 2.004762863828547292e+00
9.730000000000112337e+00 1.989709260090734455e+00
9.750000000000111910e+00 1.986082615022799924e+00
9.770000000000111484e+00 1.991542798053789642e+00
9.790000000000111058e+00 1.977466092280365739e+00
9.810000000000110632e+00 1.995076314419631736e+00
9.830000000000110205e+00 1.964263373495901410e+00
9.850000000000109779e+00 1.959233002308464755e+00
9.870000000000109353e+00 1.967937132974105108e+00
9.890000000000108926e+00 1.965073339629917371e+00
9.910000000000108500e+00 1.937904621209376455e+00
9.930000000000108074e+00 1.936335415099285528e+00
9.950000000000107647e+00 1.960639816014071890e+00
9.970000000000107221e+00 1.939239119013282497e+00
9.990000000000106795e+00 1.909128618058814286e+00
1.001000000000010637e+01 1.909436088288299249e+00
1.003000000000010594e+01 1.920822344708411844e+00
1.005000000000010552e+01 1.899363407371290391e+00
1.007000000000010509e+01 1.861934026898633743e+00
1.009000000000010466e+01 1.899693789893257545e+00
1.011000000000010424e+01 1.891126711469418797e+00
1.013000000000010381e+01 1.861735476782329535e+00
1.015000000000010338e+01 1.875458547624659023e+00
1.017000000000010296e+01 1.845162574013681889e+00
1.019000000000010253e+01 1.843969471066855270e+00
1.021000000000010210e+01 1.851448937688141561e+00
1.023000000000010168e+01 1.847469229032752347e+00
1.025000000000010125e+01 1.830454103155766843e+00
1.027000000000010083e+01 1.819396811696083693e+00
1.029000000000010040e+01 1.821254592789981253e+00
1.031000000000009997e+01 1.796559974693168193e+00
1.033000000000009955e+01 1.822199560314380573e+00
1.035000000000009912e+01 1.789975473128406547e+00
1.037000000000009869e+01 1.789221612374973791e+00
1.039000000000009827e+01 1.795926352430126993e+00
1.041000000000009784e+01 1.780071647606837670e+00
1.043000000000009742e+01 1.759455761423035280e+00
1.045000000000009699e+01 1.771978119974187305e+00
1.047000000000009656e+01 1.771483552821898844e+00
1.049000000000009614e+01 1.749573048904439210e+00
1.051000000000009571e+01 1.753388919545791014e+00
1.053000000000009528e+01 1.752350863004404902e+00
1.055000000000009486e+01 1.737361019896936698e+00
1.057000000000009443e+01 1.731308910712517912e+00
1.059000000000009400e+01 1.720530795456711948e+00
1.061000000000009358e+01 1.721233416288845630e+00
1.063000000000009315e+01 1.700961489462812226e+00
1.065000000000009273e+01 1.720097223190528490e+00
1.067000000000009230e+01 1.708673176975857633e+00
1.069000000000009187e+01 1.693027363811864028e+00
1.071000000000009145e+01 1.699358940279248609e+00
1.073000000000009102e+01 1.689505729766342057e+00
1.075000000000009059e+01 1.686093809861083370e+00
1.077000000000009017e+01 1.689502850987729676e+00
1.079000000000008974e+01 1.685430105774688325e+00
1.081000000000008932e+01 1.688644554362777273e+00
1.083000000000008889e+01 1.664759370980473108e+00
1.085000000000008846e+01 1.679876273824902233e+00
1.087000000000008804e+01 1.669937163046040229e+00
1.089000000000008761e+01 1.657524987599959587e+00
1.091000000000008718e+01 1.666943330361907449e+00
1.093000000000008676e+01 1.658818175001347095e+00
1.095000000000008633e+01 1.652659451482511921e+00
1.097000000000008590e+01 1.655713980574131217e+00
1.099000000000008548e+01 1.665293153805818882e+00
1.101000000000008505e+01 1.647093078832414959e+00
1.103000000000008463e+01 1.640851451713156939e+00
1.105000000000008420e+01 1.615587956636570510e+00
1.107000000000008377e+01 1.652997687116862124e+00
1.109000000000008335e+01 1.640407930321171603e+00
1.111000000000008292e+01 1.628578354545975548e+00
1.113000000000008249e+01 1.618567673554700770e+00
1.115000000000008207e+01 1.602907106745624866e+00
1.117000000000008164e+01 1.621629101880320167e+00
1.119000000000008122e+01 1.626310647849156910e+00
1.121000000000008079e+01 1.615068954114228683e+00
1.123000000000008036e+01 1.612737071989950310e+00
1.125000000000007994e+01 1.611218467826319500e+00
1.127000000000007951e+01 1.591325307700014013e+00
1.129000000000007908e+01 1.598362438058383406e+00
1.131000000000007866e+01 1.582553201833829748e+00
1.133000000000007823e+01 1.596439141954731467e+00
1.135000000000007780e+01 1.567185435853865494e+00
1.137000000000007738e+01 1.589806756881008143e+00
1.139000000000007695e+01 1.568354947513818098e+00
1.141000000000007653e+01 1.586925300909381553e+00
1.143000000000007610e+01 1.560055719444721989e+00
1.145000000000007567e+01 1.563787533768381088e+00
1.147000000000007525e+01 1.563658356760143864e+00
1.149000000000007482e+01 1.545025446308988304e+00
1.151000000000007439e+01 1.558034154313276298e+00
1.153000000000007397e+01 1.543336604001428247e+00
1.155000000000007354e+01 1.552408319019940031e+00
1.157000000000007311e+01 1.554399736950478950e+00
1.159000000000007269e+01 1.535190753592891699e+00
1.161000000000007226e+01 1.529865181276243824e+00
1.163000000000007184e+01 1.517775803249009625e+00
1.165000000000007141e+01 1.539142006539506724e+00
1.167000000000007098e+01 1.504307563752031118e+00
1.169000000000007056e+01 1.531133112813121366e+00
1.171000000000007013e+01 1.505182535959266321e+00
1.173000000000006970e+01 1.516437507084609226e+00
1.175000000000006928e+01 1.503913255885973577e+00
1.177000000000006885e+01 1.505795822378354964e+00
1.179000000000006843e+01 1.491591215030983575e+00
1.181000000000006800e+01 1.476899539206044443e+00
1.183000000000006757e+01 1.492035175152846893e+00
1.185000000000006715e+01 1.481108931687432628e+00
1.187000000000006672e+01 1.474232905849665487e+00
1.189000000000006629e+01 1.472934124618787477e+00
1.191000000000006587e+01 1.469246078229415886e+00
1.193000000000006544e+01 1.466586811716603655e+00
1.195000000000006501e+01 1.457160113339753149e+00
1.197000000000006459e+01 1.446128609315279423e+00
1.199000000000006416e+01 1.450059690377973443e+00
1.201000000000006374e+01 1.435442740196369193e+00
1.203000000000006331e+01 1.444313304822448796e+00
1.205000000000006288e+01 1.445364751730837671e+00
1.207000000000006246e+01 1.417642366406145493e+00
1.209000000000006203e+01 1.425011130499974188e+00
1.211000000000006160e+01 1.397364341142628197e+00
1.213000000000006118e+01 1.427581618048734402e+00
1.215000000000006075e+01 1.408911667640551979e+00
1.217000000000006033e+01 1.397304087527855732e+00
1.219000000000005990e+01 1.388655629000054015e+00
1.221000000000005947e+01 1.377194631191761998e+00
1.223000000000005905e+01 1.378812927670703736e+00
1.225000000000005862e+01 1.378052233414060801e+00
1.227000000000005819e+01 1.381094202580016361e+00
1.229000000000005777e+01 1.356011840500793486e+00
1.231000000000005734e+01 1.345347800572071151e+00
1.233000000000005691e+01 1.342148078763998775e+00
1.235000000000005649e+01 1.342814644515795797e+00
1.237000000000005606e+01 1.349476906019485334e+00
1.239000000000005564e+01 1.334350339106641359e+00
1.241000000000005521e+01 1.297195413167588685e+00
1.243000000000005478e+01 1.315676465477339852e+00
1.245000000000005436e+01 1.294864352315152622e+00
1.247000000000005393e+01 1.290444520997954703e+00
1.249000000000005350e+01 1.273666267900662508e+00
1.251000000000005308e+01 1.271167515817381410e+00
1.253000000000005265e+01 1.277146673830115153e+00
1.255000000000005222e+01 1.245590869082926488e+00
1.257000000000005180e+01 1.242419992176637233e+00
1.259000000000005137e+01 1.235580128940730882e+00
1.261000000000005095e+01 1.227474521198640200e+00
1.263000000000005052e+01 1.214160004606709808e+00
1.265000000000005009e+01 1.215481163045712076e+00
1.267000000000004967e+01 1.195669253464612503e+00
1.269000000000004924e+01 1.181435368457678381e+00
1.271000000000004881e+01 1.180996999565097294e+00
1.273000000000004839e+01 1.155075919771564541e+00
1.275000000000004796e+01 1.152917122724821164e+00
1.277000000000004754e+01 1.148085087717133357e+00
1.279000000000004711e+01 1.133249661880081360e+00
1.281000000000004668e+01 1.147475708012113849e+00
1.283000000000004626e+01 1.110428804231112787e+00
1.285000000000004583e+01 1.096708984320108327e+00
1.287000000000004540e+01 1.084300822575048784e+00
1.289000000000004498e+01 1.096331704035912846e+00
1.291000000000004455e+01 1.063104383382785789e+00
1.293000000000004412e+01 1.058548411061120742e+00
1.295000000000004370e+01 1.044878695923724621e+00
1.297000000000004327e+01 1.055627123319454741e+00
1.299000000000004285e+01 1.043797901336874112e+00
1.301000000000004242e+01 1.028312059459220329e+00
1.303000000000004199e+01 9.885846162524538627e-01
1.305000000000004157e+01 1.012523446663970983e+00
1.307000000000004114e+01 9.846527658638405400e-01
1.309000000000004071e+01 9.593142259021419926e-01
1.311000000000004029e+01 9.724306339496815443e-01
1.313000000000003986e+01 9.581259191330697700e-01
1.315000000000003944e+01 9.437679109038610292e-01
1.317000000000003901e+01 9.362097503281749944e-01
1.319000000000003858e+01 9.271989105321942759e-01
1.321000000000003816e+01 8.977330557235886355e-01
1.323000000000003773e+01 8.841685023279969302e-01
1.325000000000003730e+01 8.876245614333559963e-01
1.327000000000003688e+01 8.835296528771158231e-01
1.329000000000003645e+01 8.519171227547167602e-01
1.331000000000003602e+01 8.398969799113932266e-01
1.333000000000003560e+01 8.223730025362024909e-01
1.335000000000003517e+01 8.275025652024852185e-01
1.337000000000003475e+01 7.748634624095532830e-01
1.339000000000003432e+01 7.931023293273864461e-01
1.341000000000003389e+01 7.794638287637714047e-01
1.343000000000003347e+01 7.513536208513172943e-01
1.345000000000003304e+01 7.471395281749593220e-01
1.347000000000003261e+01 7.238138270891267823e-01
1.349000000000003219e+01 7.183717247355326796e-01
1.351000000000003176e+01 7.171186127620242656e-01
1.353000000000003133e+01 6.923550850873159135e-01
1.355000000000003091e+01 6.788789218976651885e-01
1.357000000000003048e+01 6.656323592118219556e-01
1.359000000000003006e+01 6.683237784088404965e-01
1.361000000000002963e+01 6.356022634736909760e-01
1.363000000000002920e+01 6.234339981338857806e-01
1.365000000000002878e+01 6.103662890408908526e-01
1.367000000000002835e+01 5.949424615059306642e-01
1.369000000000002792e+01 5.891156228252570903e-01
1.371000000000002750e+01 5.732651073340948589e-01
1.373000000000002707e+01 5.577472040445417001e-01
1.375000000000002665e+01 5.404823031647960629e-01
1.377000000000002622e+01 5.138901724653347491e-01
1.379000000000002579e+01 5.099249414274799053e-01
1.381000000000002537e+01 5.047838613675098562e-01
1.383000000000002494e+01 4.916970651881393817e-01
1.385000000000002451e+01 4.768998095107050417e-01
1.387000000000002409e+01 4.643977944452762352e-01
1.389000000000002366e+01 4.606485601454617940e-01
1.391000000000002323e+01 4.321141325628808372e-01
1.393000000000002281e+01 4.262876030834997776e-01
1.395000000000002238e+01 4.166326348761390519e-01
1.397000000000002196e+01 3.968528798811978842e-01
1.399000000000002153e+01 3.925955988193622348e-01
1.401000000000002110e+01 3.840505711041773962e-01
1.403000000000002068e+01 3.683721137082783259e-01
1.405000000000002025e+01 3.497909764921615650e-01
1.407000000000001982e+01 3.381543148999116566e-01
1.409000000000001940e+01 3.273614196513420782e-01
1.411000000000001897e+01 3.105664084902430289e-01
1.413000000000001855e+01 2.989839105203055403e-01
1.415000000000001812e+01 2.841294176909482383e-01
1.417000000000001769e+01 2.773964272773872253e-01
1.419000000000001727e+01 2.565879180504096468e-01
1.421000000000001684e+01 2.495551094298040229e-01
1.423000000000001641e+01 2.330063636060405452e-01
1.425000000000001599e+01 2.175392844210408960e-01
1.427000000000001556e+01 2.046097838926315415e-01
1.429000000000001513e+01 1.977419466919676794e-01
1.431000000000001471e+01 1.868345785730316788e-01
1.433000000000001428e+01 1.812629060082608934e-01
1.435000000000001386e+01 1.751585211486582916e-01
1.437000000000001343e+01 1.622954442296705713e-01
1.439000000000001300e+01 1.558333042485845754e-01
1.441000000000001258e+01 1.443710765352288483e-01
1.443000000000001215e+01 1.351711034739213890e-01
1.445000000000001172e+01 1.305420213812469310e-01
1.447000000000001130e+01 1.108505642539760194e-01
1.449000000000001087e+01 9.743985824315820610e-02
1.451000000000001044e+01 8.747152625813398030e-02
1.453000000000001002e+01 7.102658799626540564e-02
1.455000000000000959e+01 4.383763691545473906e-02
1.457000000000000917e+01 2.908201744587162949e-02
1.459000000000000874e+01 1.982631990299906985e-02
1.461000000000000831e+01 1.321166740874236967e-02
1.463000000000000789e+01 8.255154492040877451e-03
1.465000000000000746e+01 5.495780355230753256e-03
1.467000000000000703e+01 1.100985413036826600e-03
1.469000000000000661e+01 2.653045500300861685e-10
1.471000000000000618e+01 9.394591429034676950e-11
1.473000000000000576e+01 7.180750735861964136e-11
1.475000000000000533e+01 0.000000000000000000e+00
1.477000000000000490e+01 0.000000000000000000e+00
1.479000000000000448e+01 0.000000000000000000e+00
1.481000000000000405e+01 0.000000000000000000e+00
1.483000000000000362e+01 0.000000000000000000e+00
1.485000000000000320e+01 0.000000000000000000e+00
1.487000000000000277e+01 0.000000000000000000e+00
1.489000000000000234e+01 0.000000000000000000e+00
1.491000000000000192e+01 0.000000000000000000e+00
1.493000000000000149e+01 0.000000000000000000e+00
1.495000000000000107e+01 0.000000000000000000e+00
1.497000000000000064e+01 0.000000000000000000e+00
1.499000000000000021e+01 0.000000000000000000e+00
