# Redshift		Merger Rate Density [Gpc^-3yr^-1]
1.000000000031931770e-02 1.149193282200202937e+01
3.000000000031888964e-02 1.193631066733942347e+01
5.000000000031846331e-02 1.146875685610544160e+01
7.000000000031804392e-02 1.129999626687894754e+01
9.000000000031761760e-02 1.117945389626349595e+01
1.100000000003171913e-01 1.121157781847521129e+01
1.300000000003167511e-01 1.117313430378354155e+01
1.500000000003163247e-01 1.145008158855474534e+01
1.700000000003158984e-01 1.124543835001064274e+01
1.900000000003154721e-01 1.133247544237166693e+01
2.100000000003150458e-01 1.134506135252000547e+01
2.300000000003146194e-01 1.167900562101791273e+01
2.500000000003141931e-01 1.204280136480366004e+01
2.700000000003137668e-01 1.216775355205315456e+01
2.900000000003133405e-01 1.266441008021173964e+01
3.100000000003129141e-01 1.288175908800572067e+01
3.300000000003124878e-01 1.337526394538415531e+01
3.500000000003120615e-01 1.361295362981446466e+01
3.700000000003116352e-01 1.370707278436099052e+01
3.900000000003112088e-01 1.395251935358442452e+01
4.100000000003107825e-01 1.401264439503701453e+01
4.300000000003103562e-01 1.413507181317847028e+01
4.500000000003099299e-01 1.444361283542669838e+01
4.700000000003095035e-01 1.468683848121666458e+01
4.900000000003090772e-01 1.524132507134981473e+01
5.100000000003086509e-01 1.577370932010776983e+01
5.300000000003082246e-01 1.584583238599158861e+01
5.500000000003077982e-01 1.643395514749779096e+01
5.700000000003073719e-01 1.636278470152736730e+01
5.900000000003069456e-01 1.607445190391703349e+01
6.100000000003065193e-01 1.613939396067030074e+01
6.300000000003060929e-01 1.655727171084282290e+01
6.500000000003056666e-01 1.649978404346724048e+01
6.700000000003052403e-01 1.683360816309090069e+01
6.900000000003048140e-01 1.656114270903605856e+01
7.100000000003043876e-01 1.598994780421530493e+01
7.300000000003039613e-01 1.665500770923371832e+01
7.500000000003035350e-01 1.656894311640728290e+01
7.700000000003031086e-01 1.722860014319141087e+01
7.900000000003026823e-01 1.781429400366474525e+01
8.100000000003022560e-01 1.778980086405555738e+01
8.300000000003018297e-01 1.846151501538916406e+01
8.500000000003014033e-01 1.825127321775805811e+01
8.700000000003009770e-01 1.875851911837235164e+01
8.900000000003005507e-01 1.891271169896168303e+01
9.100000000003001244e-01 1.930674808493239070e+01
9.300000000002996980e-01 1.959505583456301636e+01
9.500000000002992717e-01 2.004945995259382840e+01
9.700000000002988454e-01 2.045662140237929449e+01
9.900000000002984191e-01 2.064477750189303151e+01
1.010000000000297993e+00 2.077155330580307790e+01
1.030000000000297566e+00 2.208742589019414737e+01
1.050000000000297140e+00 2.170979201145758353e+01
1.070000000000296714e+00 2.162726287803868530e+01
1.090000000000296287e+00 2.150302981779929112e+01
1.110000000000295861e+00 2.263932173680858995e+01
1.130000000000295435e+00 2.242982695964065698e+01
1.150000000000295008e+00 2.313346045759496050e+01
1.170000000000294582e+00 2.321639158785359669e+01
1.190000000000294156e+00 2.369463867882551966e+01
1.210000000000293729e+00 2.379666614508750655e+01
1.230000000000293303e+00 2.371355735256782182e+01
1.250000000000292877e+00 2.411851492382676554e+01
1.270000000000292451e+00 2.458963581067030901e+01
1.290000000000292024e+00 2.498551285313402559e+01
1.310000000000291598e+00 2.393555859618681936e+01
1.330000000000291172e+00 2.457811537684656500e+01
1.350000000000290745e+00 2.511283828813608920e+01
1.370000000000290319e+00 2.559782624439408494e+01
1.390000000000289893e+00 2.470657721127123096e+01
1.410000000000289466e+00 2.538769066613647496e+01
1.430000000000289040e+00 2.531177391080557371e+01
1.450000000000288614e+00 2.526595467403619821e+01
1.470000000000288187e+00 2.495189021573985499e+01
1.490000000000287761e+00 2.557918880923164551e+01
1.510000000000287335e+00 2.546004625211383399e+01
1.530000000000286908e+00 2.649292124176504259e+01
1.550000000000286482e+00 2.531015430520434251e+01
1.570000000000286056e+00 2.581210227416027436e+01
1.590000000000285629e+00 2.581536528156717836e+01
1.610000000000285203e+00 2.587813723464629234e+01
1.630000000000284777e+00 2.678099995797937538e+01
1.650000000000284350e+00 2.636053500362076463e+01
1.670000000000283924e+00 2.666324930907169843e+01
1.690000000000283498e+00 2.655799046579870293e+01
1.710000000000283071e+00 2.705357653909455351e+01
1.730000000000282645e+00 2.622658846792765175e+01
1.750000000000282219e+00 2.696785097480525550e+01
1.770000000000281792e+00 2.687460917364886726e+01
1.790000000000281366e+00 2.715601810106246816e+01
1.810000000000280940e+00 2.753949649289693014e+01
1.830000000000280513e+00 2.669414832689708916e+01
1.850000000000280087e+00 2.721236983651237651e+01
1.870000000000279661e+00 2.655444634478109478e+01
1.890000000000279234e+00 2.609889073937848991e+01
1.910000000000278808e+00 2.666003195761403433e+01
1.930000000000278382e+00 2.726251580950087217e+01
1.950000000000277955e+00 2.679414372813340606e+01
1.970000000000277529e+00 2.642135214778146235e+01
1.990000000000277103e+00 2.675910220347681090e+01
2.010000000000276899e+00 2.626712686497439719e+01
2.030000000000276472e+00 2.691502255327296567e+01
2.050000000000276046e+00 2.563404452910972253e+01
2.070000000000275620e+00 2.650868829643035696e+01
2.090000000000275193e+00 2.625695803155904073e+01
2.110000000000274767e+00 2.617544483144769529e+01
2.130000000000274341e+00 2.555690527366645171e+01
2.150000000000273914e+00 2.644375935642628761e+01
2.170000000000273488e+00 2.553030795345505410e+01
2.190000000000273062e+00 2.501445582802170975e+01
2.210000000000272635e+00 2.509090881702913123e+01
2.230000000000272209e+00 2.485739103293119001e+01
2.250000000000271783e+00 2.497211428863372618e+01
2.270000000000271356e+00 2.479318035632443440e+01
2.290000000000270930e+00 2.487365820686732576e+01
2.310000000000270504e+00 2.440203498931186488e+01
2.330000000000270077e+00 2.497103719969789637e+01
2.350000000000269651e+00 2.453331569862777428e+01
2.370000000000269225e+00 2.446007698708681488e+01
2.390000000000268798e+00 2.445327537565441745e+01
2.410000000000268372e+00 2.463920635410395121e+01
2.430000000000267946e+00 2.391157830126013906e+01
2.450000000000267519e+00 2.481307640338264520e+01
2.470000000000267093e+00 2.448053945431776057e+01
2.490000000000266667e+00 2.430888706462368631e+01
2.510000000000266240e+00 2.440349935335573051e+01
2.530000000000265814e+00 2.434294429673618865e+01
2.550000000000265388e+00 2.400812256644291054e+01
2.570000000000264961e+00 2.488511314852740242e+01
2.590000000000264535e+00 2.402469989517446081e+01
2.610000000000264109e+00 2.387991485330892871e+01
2.630000000000263682e+00 2.405307440661699658e+01
2.650000000000263256e+00 2.398835908289929719e+01
2.670000000000262830e+00 2.356386957371639923e+01
2.690000000000262403e+00 2.434894555380168768e+01
2.710000000000261977e+00 2.354684484348762652e+01
2.730000000000261551e+00 2.329647678103233233e+01
2.750000000000261124e+00 2.336810672226755159e+01
2.770000000000260698e+00 2.348528508818293403e+01
2.790000000000260272e+00 2.305580047779130126e+01
2.810000000000259845e+00 2.283024583789031681e+01
2.830000000000259419e+00 2.352263246385945905e+01
2.850000000000258993e+00 2.278535994313618929e+01
2.870000000000258567e+00 2.289268877405685032e+01
2.890000000000258140e+00 2.321122690960556767e+01
2.910000000000257714e+00 2.265821814390806210e+01
2.930000000000257288e+00 2.245257462907961710e+01
2.950000000000256861e+00 2.241594602189259433e+01
2.970000000000256435e+00 2.219653951441142681e+01
2.990000000000256009e+00 2.244428075228597663e+01
3.010000000000255582e+00 2.257513686566514366e+01
3.030000000000255156e+00 2.227384477657244588e+01
3.050000000000254730e+00 2.280481574218424257e+01
3.070000000000254303e+00 2.266305756383031422e+01
3.090000000000253877e+00 2.269234009653514406e+01
3.110000000000253451e+00 2.257156514512921675e+01
3.130000000000253024e+00 2.257820519522438829e+01
3.150000000000252598e+00 2.242525888066736783e+01
3.170000000000252172e+00 2.265863653134524114e+01
3.190000000000251745e+00 2.278567611867693188e+01
3.210000000000251319e+00 2.257235620464892989e+01
3.230000000000250893e+00 2.346413645104558654e+01
3.250000000000250466e+00 2.309020886134142714e+01
3.270000000000250040e+00 2.261579154796036306e+01
3.290000000000249614e+00 2.275877115845676357e+01
3.310000000000249187e+00 2.332615506359548974e+01
3.330000000000248761e+00 2.331359522884405067e+01
3.350000000000248335e+00 2.312763831938058701e+01
3.370000000000247908e+00 2.286177607640204457e+01
3.390000000000247482e+00 2.308399359271071205e+01
3.410000000000247056e+00 2.297571458590313043e+01
3.430000000000246629e+00 2.302856556646191066e+01
3.450000000000246203e+00 2.288055540382107012e+01
3.470000000000245777e+00 2.295986436805635833e+01
3.490000000000245350e+00 2.264762659951926338e+01
3.510000000000244924e+00 2.330979123259275454e+01
3.530000000000244498e+00 2.303561771820197990e+01
3.550000000000244071e+00 2.203725341272501836e+01
3.570000000000243645e+00 2.236838751034958506e+01
3.590000000000243219e+00 2.272267614699886096e+01
3.610000000000242792e+00 2.269023788421210241e+01
3.630000000000242366e+00 2.250623301531593867e+01
3.650000000000241940e+00 2.257777925762708549e+01
3.670000000000241513e+00 2.218554089805259366e+01
3.690000000000241087e+00 2.182349323036626032e+01
3.710000000000240661e+00 2.250561518813068673e+01
3.730000000000240234e+00 2.168290078421968303e+01
3.750000000000239808e+00 2.259302607683291697e+01
3.770000000000239382e+00 2.185822870692672382e+01
3.790000000000238956e+00 2.211468188331644669e+01
3.810000000000238529e+00 2.144989988273993831e+01
3.830000000000238103e+00 2.167534138272785427e+01
3.850000000000237677e+00 2.198086332491449468e+01
3.870000000000237250e+00 2.176654999830503812e+01
3.890000000000236824e+00 2.141316243920105578e+01
3.910000000000236398e+00 2.186886047997161597e+01
3.930000000000235971e+00 2.164615993991300513e+01
3.950000000000235545e+00 2.155586368120914642e+01
3.970000000000235119e+00 2.143373806109086388e+01
3.990000000000234692e+00 2.133804327647381172e+01
4.010000000000234266e+00 2.153270028887152066e+01
4.030000000000233840e+00 2.108963570650275088e+01
4.050000000000233413e+00 2.130528288421534810e+01
4.070000000000232987e+00 2.148367057489504006e+01
4.090000000000232561e+00 2.128880728811117962e+01
4.110000000000232134e+00 2.097917628612460206e+01
4.130000000000231708e+00 2.135270336523146639e+01
4.150000000000231282e+00 2.090911300955620078e+01
4.170000000000230855e+00 2.080084876385476633e+01
4.190000000000230429e+00 2.079127207861030158e+01
4.210000000000230003e+00 2.113742500718618444e+01
4.230000000000229576e+00 2.089320545823072450e+01
4.250000000000229150e+00 2.061708640040142271e+01
4.270000000000228724e+00 2.086877263414844563e+01
4.290000000000228297e+00 2.059945993283674071e+01
4.310000000000227871e+00 2.037226435236693689e+01
4.330000000000227445e+00 2.088272277395596177e+01
4.350000000000227018e+00 2.057913755020858204e+01
4.370000000000226592e+00 2.049527073133991095e+01
4.390000000000226166e+00 2.070999835478346540e+01
4.410000000000225739e+00 2.086425706025260496e+01
4.430000000000225313e+00 2.011922175107745758e+01
4.450000000000224887e+00 2.069764701986012412e+01
4.470000000000224460e+00 2.079389226453753281e+01
4.490000000000224034e+00 2.103185367899986602e+01
4.510000000000223608e+00 2.056699552880747817e+01
4.530000000000223181e+00 2.090272646640925558e+01
4.550000000000222755e+00 2.081344176894688758e+01
4.570000000000222329e+00 2.033289987745977001e+01
4.590000000000221902e+00 2.070506296486320963e+01
4.610000000000221476e+00 2.045309533539792923e+01
4.630000000000221050e+00 2.128344314646658120e+01
4.650000000000220624e+00 2.031222210392011718e+01
4.670000000000220197e+00 2.091040779187484944e+01
4.690000000000219771e+00 2.074807442563291815e+01
4.710000000000219345e+00 2.080492044079721836e+01
4.730000000000218918e+00 2.034632106148229269e+01
4.750000000000218492e+00 2.065877752923938715e+01
4.770000000000218066e+00 2.083848087758384082e+01
4.790000000000217639e+00 2.045063318636609395e+01
4.810000000000217213e+00 2.069884906460870866e+01
4.830000000000216787e+00 2.041043254152138431e+01
4.850000000000216360e+00 2.036277681766953762e+01
4.870000000000215934e+00 2.051938265236965719e+01
4.890000000000215508e+00 2.036887120428097475e+01
4.910000000000215081e+00 2.075959331305052302e+01
4.930000000000214655e+00 2.014035101085472590e+01
4.950000000000214229e+00 2.043537387097567404e+01
4.970000000000213802e+00 2.023071132330476019e+01
4.990000000000213376e+00 2.024297075294911252e+01
5.010000000000212950e+00 2.053254383971520625e+01
5.030000000000212523e+00 2.025021411291361773e+01
5.050000000000212097e+00 2.037598566777079512e+01
5.070000000000211671e+00 2.018724307706740717e+01
5.090000000000211244e+00 2.004876428955189738e+01
5.110000000000210818e+00 2.033684200591795843e+01
5.130000000000210392e+00 2.028601119364606475e+01
5.150000000000209965e+00 2.021643107566063691e+01
5.170000000000209539e+00 1.989704704604703522e+01
5.190000000000209113e+00 2.031489741471481025e+01
5.210000000000208686e+00 2.018544474780706111e+01
5.230000000000208260e+00 2.021965265061846040e+01
5.250000000000207834e+00 1.977587680583787488e+01
5.270000000000207407e+00 1.994457730946521323e+01
5.290000000000206981e+00 1.968556159654754723e+01
5.310000000000206555e+00 2.018744349560670415e+01
5.330000000000206128e+00 1.987879697977348314e+01
5.350000000000205702e+00 1.969236106280153109e+01
5.370000000000205276e+00 1.976382477125619630e+01
5.390000000000204849e+00 1.961704599731838172e+01
5.410000000000204423e+00 1.966302305234019698e+01
5.430000000000203997e+00 1.970725384545793091e+01
5.450000000000203570e+00 1.934313895606317146e+01
5.470000000000203144e+00 1.935721110247426680e+01
5.490000000000202718e+00 1.928675580544667767e+01
5.510000000000202292e+00 1.948993595122635369e+01
5.530000000000201865e+00 1.950961853873334562e+01
5.550000000000201439e+00 1.892852817316427405e+01
5.570000000000201013e+00 1.904650825620673515e+01
5.590000000000200586e+00 1.873743171364453630e+01
5.610000000000200160e+00 1.900246493316518936e+01
5.630000000000199734e+00 1.888364828133854445e+01
5.650000000000199307e+00 1.884614688825822171e+01
5.670000000000198881e+00 1.861435125961107317e+01
5.690000000000198455e+00 1.857565400714544168e+01
5.710000000000198028e+00 1.845941141798952856e+01
5.730000000000197602e+00 1.861290171728142084e+01
5.750000000000197176e+00 1.827716197678835996e+01
5.770000000000196749e+00 1.854644102091012670e+01
5.790000000000196323e+00 1.813802601345687648e+01
5.810000000000195897e+00 1.828619439955290460e+01
5.830000000000195470e+00 1.797765162818338069e+01
5.850000000000195044e+00 1.808456842219552740e+01
5.870000000000194618e+00 1.842162256421351074e+01
5.890000000000194191e+00 1.822783090875497081e+01
5.910000000000193765e+00 1.781233104834570469e+01
5.930000000000193339e+00 1.803421956124350700e+01
5.950000000000192912e+00 1.804681911353356938e+01
5.970000000000192486e+00 1.782008939191719321e+01
5.990000000000192060e+00 1.818669960300571375e+01
6.010000000000191633e+00 1.769684361144864937e+01
6.030000000000191207e+00 1.780739138851136971e+01
6.050000000000190781e+00 1.774550319804101406e+01
6.070000000000190354e+00 1.770289005130835847e+01
6.090000000000189928e+00 1.809680669322229818e+01
6.110000000000189502e+00 1.754511434432520645e+01
6.130000000000189075e+00 1.794233827695018491e+01
6.150000000000188649e+00 1.765261585986323922e+01
6.170000000000188223e+00 1.773474253410370949e+01
6.190000000000187796e+00 1.772729307191350756e+01
6.210000000000187370e+00 1.780267139089108497e+01
6.230000000000186944e+00 1.769484647842111968e+01
6.250000000000186517e+00 1.794915718627062162e+01
6.270000000000186091e+00 1.762530792757769049e+01
6.290000000000185665e+00 1.790085927645650798e+01
6.310000000000185238e+00 1.768183484148505968e+01
6.330000000000184812e+00 1.768858483063179676e+01
6.350000000000184386e+00 1.794725405487012182e+01
6.370000000000183960e+00 1.783346729752286919e+01
6.390000000000183533e+00 1.794866660965438498e+01
6.410000000000183107e+00 1.792919038680827271e+01
6.430000000000182681e+00 1.761131534064292481e+01
6.450000000000182254e+00 1.792336022243186022e+01
6.470000000000181828e+00 1.797518673670670353e+01
6.490000000000181402e+00 1.787591258029107522e+01
6.510000000000180975e+00 1.770624538889676813e+01
6.530000000000180549e+00 1.800154306387378256e+01
6.550000000000180123e+00 1.819263785470062444e+01
6.570000000000179696e+00 1.797857694395412764e+01
6.590000000000179270e+00 1.785031188397957891e+01
6.610000000000178844e+00 1.814351356964786888e+01
6.630000000000178417e+00 1.773121220279058718e+01
6.650000000000177991e+00 1.785938524214666145e+01
6.670000000000177565e+00 1.805337636358588682e+01
6.690000000000177138e+00 1.767934987294514215e+01
6.710000000000176712e+00 1.792112398206405999e+01
6.730000000000176286e+00 1.772935071394007878e+01
6.750000000000175859e+00 1.760299930147693459e+01
6.770000000000175433e+00 1.797224767795001554e+01
6.790000000000175007e+00 1.784978540025053562e+01
6.810000000000174580e+00 1.750304501035988025e+01
6.830000000000174154e+00 1.766453523230207523e+01
6.850000000000173728e+00 1.766073279147779829e+01
6.870000000000173301e+00 1.743801531538732874e+01
6.890000000000172875e+00 1.770753763091692790e+01
6.910000000000172449e+00 1.732925204801809116e+01
6.930000000000172022e+00 1.744220929054035807e+01
6.950000000000171596e+00 1.768206606471768083e+01
6.970000000000171170e+00 1.734128165853680059e+01
6.990000000000170743e+00 1.737746402112252753e+01
7.010000000000170317e+00 1.724409524810650751e+01
7.030000000000169891e+00 1.728368960098960727e+01
7.050000000000169464e+00 1.706026210875721105e+01
7.070000000000169038e+00 1.714548961149908379e+01
7.090000000000168612e+00 1.709590659957358483e+01
7.110000000000168185e+00 1.692212005937312824e+01
7.130000000000167759e+00 1.679843983480394343e+01
7.150000000000167333e+00 1.679171204168276077e+01
7.170000000000166906e+00 1.673611905910805575e+01
7.190000000000166480e+00 1.658945401351094162e+01
7.210000000000166054e+00 1.644412970101560489e+01
7.230000000000165628e+00 1.686278466321867242e+01
7.250000000000165201e+00 1.624870057174543803e+01
7.270000000000164775e+00 1.635569104525107420e+01
7.290000000000164349e+00 1.620904806683047283e+01
7.310000000000163922e+00 1.619642523896622066e+01
7.330000000000163496e+00 1.609573195345471675e+01
7.350000000000163070e+00 1.601609460338746160e+01
7.370000000000162643e+00 1.576595686266043650e+01
7.390000000000162217e+00 1.567337209286482391e+01
7.410000000000161791e+00 1.559689589423090794e+01
7.430000000000161364e+00 1.557962777431850121e+01
7.450000000000160938e+00 1.560500039870935041e+01
7.470000000000160512e+00 1.542068016542968145e+01
7.490000000000160085e+00 1.528648715475770281e+01
7.510000000000159659e+00 1.523157762166100326e+01
7.530000000000159233e+00 1.513748895592823551e+01
7.550000000000158806e+00 1.486728990906519599e+01
7.570000000000158380e+00 1.490350674113282281e+01
7.590000000000157954e+00 1.482651160619336395e+01
7.610000000000157527e+00 1.503665306441470051e+01
7.630000000000157101e+00 1.462342713201862132e+01
7.650000000000156675e+00 1.446413664133496013e+01
7.670000000000156248e+00 1.465497738697400543e+01
7.690000000000155822e+00 1.438853328341936511e+01
7.710000000000155396e+00 1.436699545593574356e+01
7.730000000000154969e+00 1.427592067323331548e+01
7.750000000000154543e+00 1.401899154909957979e+01
7.770000000000154117e+00 1.411950814136871557e+01
7.790000000000153690e+00 1.394518902462866272e+01
7.810000000000153264e+00 1.381665458144929737e+01
7.830000000000152838e+00 1.391501197629546205e+01
7.850000000000152411e+00 1.378219252691539332e+01
7.870000000000151985e+00 1.369046263745160630e+01
7.890000000000151559e+00 1.364837944111353885e+01
7.910000000000151132e+00 1.356531887521032154e+01
7.930000000000150706e+00 1.337064538181925677e+01
7.950000000000150280e+00 1.341717479892141363e+01
7.970000000000149853e+00 1.331254614576689832e+01
7.990000000000149427e+00 1.319489662123881502e+01
8.010000000000149001e+00 1.313603997994118799e+01
8.030000000000148574e+00 1.306113126729657026e+01
8.050000000000148148e+00 1.312693831221282892e+01
8.070000000000147722e+00 1.279506852797727134e+01
8.090000000000147296e+00 1.296322100491824791e+01
8.110000000000146869e+00 1.285413643294111630e+01
8.130000000000146443e+00 1.273860290696171305e+01
8.150000000000146017e+00 1.262019961055841222e+01
8.170000000000145590e+00 1.242769955853382591e+01
8.190000000000145164e+00 1.241345185277683960e+01
8.210000000000144738e+00 1.254434640725118832e+01
8.230000000000144311e+00 1.234462347936256421e+01
8.250000000000143885e+00 1.222539340957115961e+01
8.270000000000143459e+00 1.205419641681393372e+01
8.290000000000143032e+00 1.213513501241170367e+01
8.310000000000142606e+00 1.183060148485661145e+01
8.330000000000142180e+00 1.201290699645574023e+01
8.350000000000141753e+00 1.174163310616637901e+01
8.370000000000141327e+00 1.169679072874073000e+01
8.390000000000140901e+00 1.149197756356831412e+01
8.410000000000140474e+00 1.150018965811440808e+01
8.430000000000140048e+00 1.152343831389399043e+01
8.450000000000139622e+00 1.137286966819041822e+01
8.470000000000139195e+00 1.110698229699078610e+01
8.490000000000138769e+00 1.130046401100802633e+01
8.510000000000138343e+00 1.089477818009764398e+01
8.530000000000137916e+00 1.095327252997774892e+01
8.550000000000137490e+00 1.082334898710238846e+01
8.570000000000137064e+00 1.072339005171723514e+01
8.590000000000136637e+00 1.069047458423582952e+01
8.610000000000136211e+00 1.054049437098700004e+01
8.630000000000135785e+00 1.049103241036572953e+01
8.650000000000135358e+00 1.025598896492839351e+01
8.670000000000134932e+00 1.023143276229879106e+01
8.690000000000134506e+00 1.002362822706595757e+01
8.710000000000134079e+00 1.009976440343422688e+01
8.730000000000133653e+00 9.879028913869792206e+00
8.750000000000133227e+00 9.903886842617454889e+00
8.770000000000132800e+00 9.689781534989677425e+00
8.790000000000132374e+00 9.540685524153765584e+00
8.810000000000131948e+00 9.489892788562162451e+00
8.830000000000131521e+00 9.327133774141099565e+00
8.850000000000131095e+00 9.348936791028558346e+00
8.870000000000130669e+00 9.107603818700788167e+00
8.890000000000130242e+00 9.080994579392982047e+00
8.910000000000129816e+00 8.929587516281200621e+00
8.930000000000129390e+00 8.742790045572633062e+00
8.950000000000128964e+00 8.715875227833764782e+00
8.970000000000128537e+00 8.595755802902347753e+00
8.990000000000128111e+00 8.611111114629290242e+00
9.010000000000127685e+00 8.297860272780980040e+00
9.030000000000127258e+00 8.306816781427633245e+00
9.050000000000126832e+00 8.129285491804418839e+00
9.070000000000126406e+00 8.050341173650513937e+00
9.090000000000125979e+00 7.941224583963109040e+00
9.110000000000125553e+00 7.909374303463646783e+00
9.130000000000125127e+00 7.799379879833276519e+00
9.150000000000124700e+00 7.701658871366664272e+00
9.170000000000124274e+00 7.543065509128614288e+00
9.190000000000123848e+00 7.409108181678636385e+00
9.210000000000123421e+00 7.331614103529514814e+00
9.230000000000122995e+00 7.319757416066500433e+00
9.250000000000122569e+00 7.223196681745761794e+00
9.270000000000122142e+00 7.111641527136599805e+00
9.290000000000121716e+00 6.936445122379839567e+00
9.310000000000121290e+00 6.784701543992285977e+00
9.330000000000120863e+00 6.726921834318845939e+00
9.350000000000120437e+00 6.674927979802800060e+00
9.370000000000120011e+00 6.572432455900426795e+00
9.390000000000119584e+00 6.491216635854047290e+00
9.410000000000119158e+00 6.409359930548777839e+00
9.430000000000118732e+00 6.171427635661697053e+00
9.450000000000118305e+00 6.279147775466419112e+00
9.470000000000117879e+00 6.037001054134841560e+00
9.490000000000117453e+00 6.065672666060711649e+00
9.510000000000117026e+00 5.940095844048142837e+00
9.530000000000116600e+00 5.911072295501321072e+00
9.550000000000116174e+00 5.799451500555568906e+00
9.570000000000115747e+00 5.603000969353844063e+00
9.590000000000115321e+00 5.588854428274374619e+00
9.610000000000114895e+00 5.458410520504087593e+00
9.630000000000114468e+00 5.415650270330459648e+00
9.650000000000114042e+00 5.373192123556290944e+00
9.670000000000113616e+00 5.240302612286380501e+00
9.690000000000113189e+00 5.171428529658555817e+00
9.710000000000112763e+00 5.028322180914059913e+00
9.730000000000112337e+00 5.081342446969509652e+00
9.750000000000111910e+00 4.910003812663118694e+00
9.770000000000111484e+00 4.833291798153873664e+00
9.790000000000111058e+00 4.745748923160201471e+00
9.810000000000110632e+00 4.708236263659290266e+00
9.830000000000110205e+00 4.679143724981108754e+00
9.850000000000109779e+00 4.505406477940715249e+00
9.870000000000109353e+00 4.536647436192891014e+00
9.890000000000108926e+00 4.485969278378163061e+00
9.910000000000108500e+00 4.324109361985851940e+00
9.930000000000108074e+00 4.277280194457413032e+00
9.950000000000107647e+00 4.284242230614129454e+00
9.970000000000107221e+00 4.085374601760281443e+00
9.990000000000106795e+00 4.136087364471200623e+00
1.001000000000010637e+01 4.081732672432004883e+00
1.003000000000010594e+01 3.934391312843313671e+00
1.005000000000010552e+01 3.901288260026693600e+00
1.007000000000010509e+01 3.866492086359888614e+00
1.009000000000010466e+01 3.826670738828794605e+00
1.011000000000010424e+01 3.800624541007913582e+00
1.013000000000010381e+01 3.730635337538549035e+00
1.015000000000010338e+01 3.654484309601718106e+00
1.017000000000010296e+01 3.643570672183969350e+00
1.019000000000010253e+01 3.565348163230118050e+00
1.021000000000010210e+01 3.507124673377993496e+00
1.023000000000010168e+01 3.446472692359998646e+00
1.025000000000010125e+01 3.432095248352062367e+00
1.027000000000010083e+01 3.361311988075086798e+00
1.029000000000010040e+01 3.319939128551370633e+00
1.031000000000009997e+01 3.244961355979969930e+00
1.033000000000009955e+01 3.254883522575052535e+00
1.035000000000009912e+01 3.237067953314744173e+00
1.037000000000009869e+01 3.191214462433061172e+00
1.039000000000009827e+01 3.127069523177718136e+00
1.041000000000009784e+01 3.071570873737401008e+00
1.043000000000009742e+01 3.109709624493451674e+00
1.045000000000009699e+01 2.993539199330966127e+00
1.047000000000009656e+01 2.964032103751695235e+00
1.049000000000009614e+01 2.939110405630182221e+00
1.051000000000009571e+01 2.932635937509968205e+00
1.053000000000009528e+01 2.852301944385497556e+00
1.055000000000009486e+01 2.794546420236978967e+00
1.057000000000009443e+01 2.789623808843495478e+00
1.059000000000009400e+01 2.757001665232656773e+00
1.061000000000009358e+01 2.727798127242298865e+00
1.063000000000009315e+01 2.719133716551820346e+00
1.065000000000009273e+01 2.680368267624635870e+00
1.067000000000009230e+01 2.646548658467192450e+00
1.069000000000009187e+01 2.601316154523135804e+00
1.071000000000009145e+01 2.567805786375191079e+00
1.073000000000009102e+01 2.494716314460735607e+00
1.075000000000009059e+01 2.498353615665025007e+00
1.077000000000009017e+01 2.474394799831452829e+00
1.079000000000008974e+01 2.386928608673125840e+00
1.081000000000008932e+01 2.360419773729188542e+00
1.083000000000008889e+01 2.342839260009572655e+00
1.085000000000008846e+01 2.326610928619956553e+00
1.087000000000008804e+01 2.334540899226143384e+00
1.089000000000008761e+01 2.258873819964090313e+00
1.091000000000008718e+01 2.282465234078209892e+00
1.093000000000008676e+01 2.232868273289734251e+00
1.095000000000008633e+01 2.214914828838352445e+00
1.097000000000008590e+01 2.163955492400744696e+00
1.099000000000008548e+01 2.079512512793315171e+00
1.101000000000008505e+01 2.074135155815746145e+00
1.103000000000008463e+01 2.041088963129846778e+00
1.105000000000008420e+01 2.060305077465504286e+00
1.107000000000008377e+01 2.004221581592987356e+00
1.109000000000008335e+01 1.980273831697855424e+00
1.111000000000008292e+01 1.957730604552030629e+00
1.113000000000008249e+01 1.932487339008561511e+00
1.115000000000008207e+01 1.905297156725636709e+00
1.117000000000008164e+01 1.861909088290463421e+00
1.119000000000008122e+01 1.843656180648967302e+00
1.121000000000008079e+01 1.811150791068501187e+00
1.123000000000008036e+01 1.809853348203510626e+00
1.125000000000007994e+01 1.763539504511995260e+00
1.127000000000007951e+01 1.754563065887868589e+00
1.129000000000007908e+01 1.728808345619929909e+00
1.131000000000007866e+01 1.707918077021829184e+00
1.133000000000007823e+01 1.715774466787806984e+00
1.135000000000007780e+01 1.702980280821511760e+00
1.137000000000007738e+01 1.606500447066356640e+00
1.139000000000007695e+01 1.618017858789509544e+00
1.141000000000007653e+01 1.601380962918109052e+00
1.143000000000007610e+01 1.558458401972651730e+00
1.145000000000007567e+01 1.533379818482129897e+00
1.147000000000007525e+01 1.573385309190139081e+00
1.149000000000007482e+01 1.546228789628962375e+00
1.151000000000007439e+01 1.487125630289953815e+00
1.153000000000007397e+01 1.537844817224846894e+00
1.155000000000007354e+01 1.505229736853850753e+00
1.157000000000007311e+01 1.459786466331189914e+00
1.159000000000007269e+01 1.469293199246282322e+00
1.161000000000007226e+01 1.432992520134349190e+00
1.163000000000007184e+01 1.392526032729166197e+00
1.165000000000007141e+01 1.401284230047941115e+00
1.167000000000007098e+01 1.409871266004544044e+00
1.169000000000007056e+01 1.413550271939275849e+00
1.171000000000007013e+01 1.342325870074869254e+00
1.173000000000006970e+01 1.400961032547432428e+00
1.175000000000006928e+01 1.362478093941432045e+00
1.177000000000006885e+01 1.344616648810522674e+00
1.179000000000006843e+01 1.347135633288560674e+00
1.181000000000006800e+01 1.331369218787973763e+00
1.183000000000006757e+01 1.329364508844188775e+00
1.185000000000006715e+01 1.309821260359511630e+00
1.187000000000006672e+01 1.295046752588515204e+00
1.189000000000006629e+01 1.342143060150648992e+00
1.191000000000006587e+01 1.297641804118058850e+00
1.193000000000006544e+01 1.309496722984749617e+00
1.195000000000006501e+01 1.280323044566001434e+00
1.197000000000006459e+01 1.267031982520759215e+00
1.199000000000006416e+01 1.273331723254849335e+00
1.201000000000006374e+01 1.282554511650355611e+00
1.203000000000006331e+01 1.269368015540063510e+00
1.205000000000006288e+01 1.254833444557616584e+00
1.207000000000006246e+01 1.256803062005967364e+00
1.209000000000006203e+01 1.294994375624286542e+00
1.211000000000006160e+01 1.249948654252582170e+00
1.213000000000006118e+01 1.271475579777638476e+00
1.215000000000006075e+01 1.255097873480047976e+00
1.217000000000006033e+01 1.275104224415228638e+00
1.219000000000005990e+01 1.273281714327360703e+00
1.221000000000005947e+01 1.241122092697421575e+00
1.223000000000005905e+01 1.262175407894756685e+00
1.225000000000005862e+01 1.291954808819792744e+00
1.227000000000005819e+01 1.251057430007271210e+00
1.229000000000005777e+01 1.272687710935097360e+00
1.231000000000005734e+01 1.266123664119348735e+00
1.233000000000005691e+01 1.246471860514440921e+00
1.235000000000005649e+01 1.265092349391555349e+00
1.237000000000005606e+01 1.237081489228263997e+00
1.239000000000005564e+01 1.261549144988193261e+00
1.241000000000005521e+01 1.262175819865975157e+00
1.243000000000005478e+01 1.257939882625466632e+00
1.245000000000005436e+01 1.272706179103124224e+00
1.247000000000005393e+01 1.264730707176076052e+00
1.249000000000005350e+01 1.268972677684833572e+00
1.251000000000005308e+01 1.244363796148749923e+00
1.253000000000005265e+01 1.258149105257674538e+00
1.255000000000005222e+01 1.285894222383634489e+00
1.257000000000005180e+01 1.260611124141640893e+00
1.259000000000005137e+01 1.253512251426468938e+00
1.261000000000005095e+01 1.274964270449420844e+00
1.263000000000005052e+01 1.275777480123582386e+00
1.265000000000005009e+01 1.256277919103874208e+00
1.267000000000004967e+01 1.267018631470551382e+00
1.269000000000004924e+01 1.286468312024911409e+00
1.271000000000004881e+01 1.250594471644649097e+00
1.273000000000004839e+01 1.291598687282885072e+00
1.275000000000004796e+01 1.263173299074104916e+00
1.277000000000004754e+01 1.242644835757624744e+00
1.279000000000004711e+01 1.224658133892075229e+00
1.281000000000004668e+01 1.271811190229040989e+00
1.283000000000004626e+01 1.272325917846417243e+00
1.285000000000004583e+01 1.254119023573569525e+00
1.287000000000004540e+01 1.228633387815601719e+00
1.289000000000004498e+01 1.279355576588828702e+00
1.291000000000004455e+01 1.270824782472119274e+00
1.293000000000004412e+01 1.254590100598945268e+00
1.295000000000004370e+01 1.247222273734252429e+00
1.297000000000004327e+01 1.223100873827419166e+00
1.299000000000004285e+01 1.252925562772266410e+00
1.301000000000004242e+01 1.243313383690974661e+00
1.303000000000004199e+01 1.231077628477224906e+00
1.305000000000004157e+01 1.236902559180065975e+00
1.307000000000004114e+01 1.228815917545223790e+00
1.309000000000004071e+01 1.247037828434621298e+00
1.311000000000004029e+01 1.229653850086187328e+00
1.313000000000003986e+01 1.211213293024029358e+00
1.315000000000003944e+01 1.221256600760572963e+00
1.317000000000003901e+01 1.232739690972800561e+00
1.319000000000003858e+01 1.187377603033487494e+00
1.321000000000003816e+01 1.189683362987967730e+00
1.323000000000003773e+01 1.209122121637587144e+00
1.325000000000003730e+01 1.172466242039276629e+00
1.327000000000003688e+01 1.158209875557771440e+00
1.329000000000003645e+01 1.164307540759433879e+00
1.331000000000003602e+01 1.151735403878849873e+00
1.333000000000003560e+01 1.197155793182415495e+00
1.335000000000003517e+01 1.178944439965954993e+00
1.337000000000003475e+01 1.157758220656340375e+00
1.339000000000003432e+01 1.183019803818856186e+00
1.341000000000003389e+01 1.132536849101393850e+00
1.343000000000003347e+01 1.125424128614469499e+00
1.345000000000003304e+01 1.124977751832906936e+00
1.347000000000003261e+01 1.112956736938156332e+00
1.349000000000003219e+01 1.101658265775124157e+00
1.351000000000003176e+01 1.081560426904911720e+00
1.353000000000003133e+01 1.094437561149248284e+00
1.355000000000003091e+01 1.067753206914529018e+00
1.357000000000003048e+01 1.104586867905509751e+00
1.359000000000003006e+01 1.057725359284197530e+00
1.361000000000002963e+01 1.053516460747185191e+00
1.363000000000002920e+01 1.047314745844773354e+00
1.365000000000002878e+01 1.004495033140847760e+00
1.367000000000002835e+01 1.020928945610429794e+00
1.369000000000002792e+01 1.029225941243662845e+00
1.371000000000002750e+01 1.013754550752577810e+00
1.373000000000002707e+01 9.928032609388458551e-01
1.375000000000002665e+01 9.752765818959221455e-01
1.377000000000002622e+01 9.664311402377030458e-01
1.379000000000002579e+01 9.358407618249732218e-01
1.381000000000002537e+01 9.598039320477597114e-01
1.383000000000002494e+01 9.454520743290598661e-01
1.385000000000002451e+01 9.215720473264650270e-01
1.387000000000002409e+01 9.234719587120523432e-01
1.389000000000002366e+01 9.290417174161991198e-01
1.391000000000002323e+01 8.832714069696031567e-01
1.393000000000002281e+01 8.725218098752833829e-01
1.395000000000002238e+01 8.720881386769976373e-01
1.397000000000002196e+01 8.949295884156838188e-01
1.399000000000002153e+01 8.757611875979759430e-01
1.401000000000002110e+01 8.454698143460590565e-01
1.403000000000002068e+01 8.422421004597006045e-01
1.405000000000002025e+01 8.491823965679434760e-01
1.407000000000001982e+01 8.341433386473385836e-01
1.409000000000001940e+01 8.080355580373751456e-01
1.411000000000001897e+01 8.204615422658628754e-01
1.413000000000001855e+01 7.926133621817331720e-01
1.415000000000001812e+01 7.930263466239838577e-01
1.417000000000001769e+01 7.572003311912905987e-01
1.419000000000001727e+01 7.609051897410827880e-01
1.421000000000001684e+01 7.485468206764896992e-01
1.423000000000001641e+01 7.375006315439250892e-01
1.425000000000001599e+01 7.366190484499844926e-01
1.427000000000001556e+01 7.304739797562838088e-01
1.429000000000001513e+01 7.129011331696151199e-01
1.431000000000001471e+01 7.078459560854892807e-01
1.433000000000001428e+01 6.746590563755057168e-01
1.435000000000001386e+01 6.581658431242781715e-01
1.437000000000001343e+01 6.361599949214518102e-01
1.439000000000001300e+01 6.283416454517916083e-01
1.441000000000001258e+01 6.009832555223287853e-01
1.443000000000001215e+01 5.798619765861373621e-01
1.445000000000001172e+01 5.263249287001696697e-01
1.447000000000001130e+01 4.751206042227500981e-01
1.449000000000001087e+01 4.578947359875860101e-01
1.451000000000001044e+01 3.637815425292956206e-01
1.453000000000001002e+01 3.299188672797433997e-01
1.455000000000000959e+01 2.715333165063739673e-01
1.457000000000000917e+01 2.487046967010960452e-01
1.459000000000000874e+01 1.931354401708264557e-01
1.461000000000000831e+01 9.666525798874600617e-02
1.463000000000000789e+01 4.974890714751575155e-02
1.465000000000000746e+01 1.386461954836064672e-02
1.467000000000000703e+01 2.794512282958528434e-03
1.469000000000000661e+01 2.782116888837325632e-03
1.471000000000000618e+01 0.000000000000000000e+00
1.473000000000000576e+01 0.000000000000000000e+00
1.475000000000000533e+01 0.000000000000000000e+00
1.477000000000000490e+01 0.000000000000000000e+00
1.479000000000000448e+01 0.000000000000000000e+00
1.481000000000000405e+01 0.000000000000000000e+00
1.483000000000000362e+01 0.000000000000000000e+00
1.485000000000000320e+01 0.000000000000000000e+00
1.487000000000000277e+01 0.000000000000000000e+00
1.489000000000000234e+01 0.000000000000000000e+00
1.491000000000000192e+01 0.000000000000000000e+00
1.493000000000000149e+01 0.000000000000000000e+00
1.495000000000000107e+01 0.000000000000000000e+00
1.497000000000000064e+01 0.000000000000000000e+00
1.499000000000000021e+01 0.000000000000000000e+00
