# Redshift		Merger Rate Density [Gpc^-3yr^-1]
1.000000000031931770e-02 1.493058836414470214e+01
3.000000000031888964e-02 1.542230549246650995e+01
5.000000000031846331e-02 1.566549041649552265e+01
7.000000000031804392e-02 1.602182931673094046e+01
9.000000000031761760e-02 1.628361469190882360e+01
1.100000000003171913e-01 1.677950695616515375e+01
1.300000000003167511e-01 1.710546850535283525e+01
1.500000000003163247e-01 1.763565541848094043e+01
1.700000000003158984e-01 1.794531760259853925e+01
1.900000000003154721e-01 1.857439925359384247e+01
2.100000000003150458e-01 1.876551052862657087e+01
2.300000000003146194e-01 1.896798951741712003e+01
2.500000000003141931e-01 1.949095913538091907e+01
2.700000000003137668e-01 1.955026392878458452e+01
2.900000000003133405e-01 1.971656233032990713e+01
3.100000000003129141e-01 1.997606457775520639e+01
3.300000000003124878e-01 2.044220764272000324e+01
3.500000000003120615e-01 2.074922159834108015e+01
3.700000000003116352e-01 2.088583851530064450e+01
3.900000000003112088e-01 2.113023393030069386e+01
4.100000000003107825e-01 2.157954733355265731e+01
4.300000000003103562e-01 2.218327032237645824e+01
4.500000000003099299e-01 2.220384572209098195e+01
4.700000000003095035e-01 2.256335856665686990e+01
4.900000000003090772e-01 2.275658864026002703e+01
5.100000000003086509e-01 2.291909189333452090e+01
5.300000000003082246e-01 2.335533804529274704e+01
5.500000000003077982e-01 2.352612466225663113e+01
5.700000000003073719e-01 2.368673602624267360e+01
5.900000000003069456e-01 2.404804087806507695e+01
6.100000000003065193e-01 2.432248989330837219e+01
6.300000000003060929e-01 2.442140210016573931e+01
6.500000000003056666e-01 2.444437832041503711e+01
6.700000000003052403e-01 2.464924005308757060e+01
6.900000000003048140e-01 2.492598701445988141e+01
7.100000000003043876e-01 2.499580678964339953e+01
7.300000000003039613e-01 2.528565421158583959e+01
7.500000000003035350e-01 2.527185714061875288e+01
7.700000000003031086e-01 2.595209629493017189e+01
7.900000000003026823e-01 2.613721430383886712e+01
8.100000000003022560e-01 2.693575957142063260e+01
8.300000000003018297e-01 2.657227294111145355e+01
8.500000000003014033e-01 2.722635776522926321e+01
8.700000000003009770e-01 2.748072997986210808e+01
8.900000000003005507e-01 2.779291614983388570e+01
9.100000000003001244e-01 2.814622329155531233e+01
9.300000000002996980e-01 2.848933727837358276e+01
9.500000000002992717e-01 2.860408534003466841e+01
9.700000000002988454e-01 2.866811050848648179e+01
9.900000000002984191e-01 2.904860349736534175e+01
1.010000000000297993e+00 2.927589509605895302e+01
1.030000000000297566e+00 2.964318522758328456e+01
1.050000000000297140e+00 2.987898502468846829e+01
1.070000000000296714e+00 2.971293666881391715e+01
1.090000000000296287e+00 3.047359398206186398e+01
1.110000000000295861e+00 3.050648193856129708e+01
1.130000000000295435e+00 3.060249625917904837e+01
1.150000000000295008e+00 3.042778749820877948e+01
1.170000000000294582e+00 3.118002399867422625e+01
1.190000000000294156e+00 3.083016613004326700e+01
1.210000000000293729e+00 3.113781670139617930e+01
1.230000000000293303e+00 3.135819953112828529e+01
1.250000000000292877e+00 3.152738987814065297e+01
1.270000000000292451e+00 3.205771767420916518e+01
1.290000000000292024e+00 3.209047206101620731e+01
1.310000000000291598e+00 3.215152575436415106e+01
1.330000000000291172e+00 3.263659111078932540e+01
1.350000000000290745e+00 3.258188923842853768e+01
1.370000000000290319e+00 3.320471426413291027e+01
1.390000000000289893e+00 3.309863171086759337e+01
1.410000000000289466e+00 3.336116090608083340e+01
1.430000000000289040e+00 3.344157300918363518e+01
1.450000000000288614e+00 3.358299038619885835e+01
1.470000000000288187e+00 3.350480400643809986e+01
1.490000000000287761e+00 3.389716547426085924e+01
1.510000000000287335e+00 3.378803621180637862e+01
1.530000000000286908e+00 3.446995208585279613e+01
1.550000000000286482e+00 3.400426983506638123e+01
1.570000000000286056e+00 3.417950562297015438e+01
1.590000000000285629e+00 3.465464954211731907e+01
1.610000000000285203e+00 3.434886923507069412e+01
1.630000000000284777e+00 3.438144831462427931e+01
1.650000000000284350e+00 3.458771794169069835e+01
1.670000000000283924e+00 3.464269990585532355e+01
1.690000000000283498e+00 3.488163241497741751e+01
1.710000000000283071e+00 3.461665081818456002e+01
1.730000000000282645e+00 3.467662336652193034e+01
1.750000000000282219e+00 3.533553653330467625e+01
1.770000000000281792e+00 3.497830177285744213e+01
1.790000000000281366e+00 3.480264752332644207e+01
1.810000000000280940e+00 3.511179540830853085e+01
1.830000000000280513e+00 3.502872013232417459e+01
1.850000000000280087e+00 3.544350222362871961e+01
1.870000000000279661e+00 3.506897984745796037e+01
1.890000000000279234e+00 3.512688813828007284e+01
1.910000000000278808e+00 3.510648238923538855e+01
1.930000000000278382e+00 3.546654323252236907e+01
1.950000000000277955e+00 3.511679032546039281e+01
1.970000000000277529e+00 3.506838585540712216e+01
1.990000000000277103e+00 3.507995306863551122e+01
2.010000000000276899e+00 3.545553952068199521e+01
2.030000000000276472e+00 3.487538554399257862e+01
2.050000000000276046e+00 3.496913144860806710e+01
2.070000000000275620e+00 3.561189476900196382e+01
2.090000000000275193e+00 3.494135210774333444e+01
2.110000000000274767e+00 3.536163731790108500e+01
2.130000000000274341e+00 3.502875904225558656e+01
2.150000000000273914e+00 3.488504097750613653e+01
2.170000000000273488e+00 3.522068637038294270e+01
2.190000000000273062e+00 3.508701708553067533e+01
2.210000000000272635e+00 3.489206654242033778e+01
2.230000000000272209e+00 3.524700476822375350e+01
2.250000000000271783e+00 3.530718213211738998e+01
2.270000000000271356e+00 3.510796413674071204e+01
2.290000000000270930e+00 3.482821422929789890e+01
2.310000000000270504e+00 3.538815537686452473e+01
2.330000000000270077e+00 3.495529490728024058e+01
2.350000000000269651e+00 3.503591085469860644e+01
2.370000000000269225e+00 3.522595907350820710e+01
2.390000000000268798e+00 3.456131387521650566e+01
2.410000000000268372e+00 3.468387961387619356e+01
2.430000000000267946e+00 3.480689772870761090e+01
2.450000000000267519e+00 3.484488716464251468e+01
2.470000000000267093e+00 3.477250441051677399e+01
2.490000000000266667e+00 3.489013293101400137e+01
2.510000000000266240e+00 3.420266760742899947e+01
2.530000000000265814e+00 3.454641898789543575e+01
2.550000000000265388e+00 3.441747164241898815e+01
2.570000000000264961e+00 3.421480351845643497e+01
2.590000000000264535e+00 3.425699923970984173e+01
2.610000000000264109e+00 3.434231462360146736e+01
2.630000000000263682e+00 3.390062807173143256e+01
2.650000000000263256e+00 3.404439064224310130e+01
2.670000000000262830e+00 3.411149743071732132e+01
2.690000000000262403e+00 3.411320051360930705e+01
2.710000000000261977e+00 3.389768727210666555e+01
2.730000000000261551e+00 3.363524711061915440e+01
2.750000000000261124e+00 3.391200326471054183e+01
2.770000000000260698e+00 3.350481852251880355e+01
2.790000000000260272e+00 3.361848755550452950e+01
2.810000000000259845e+00 3.365338852840919515e+01
2.830000000000259419e+00 3.365561738769521583e+01
2.850000000000258993e+00 3.319744762472959110e+01
2.870000000000258567e+00 3.293117392150467282e+01
2.890000000000258140e+00 3.319398629877454709e+01
2.910000000000257714e+00 3.323954203974089694e+01
2.930000000000257288e+00 3.263569229227073265e+01
2.950000000000256861e+00 3.266618230834708214e+01
2.970000000000256435e+00 3.286561794161053029e+01
2.990000000000256009e+00 3.279526632359951321e+01
3.010000000000255582e+00 3.221274785687967324e+01
3.030000000000255156e+00 3.223948821165346601e+01
3.050000000000254730e+00 3.226361069751228428e+01
3.070000000000254303e+00 3.206040783895450375e+01
3.090000000000253877e+00 3.184473129610805486e+01
3.110000000000253451e+00 3.196474560218730332e+01
3.130000000000253024e+00 3.159573080006806123e+01
3.150000000000252598e+00 3.195951554874365641e+01
3.170000000000252172e+00 3.151761456504650027e+01
3.190000000000251745e+00 3.141157001186511621e+01
3.210000000000251319e+00 3.120556864472394665e+01
3.230000000000250893e+00 3.108479191742629411e+01
3.250000000000250466e+00 3.132154201571545116e+01
3.270000000000250040e+00 3.082279634940709911e+01
3.290000000000249614e+00 3.094763592292937560e+01
3.310000000000249187e+00 3.073950128507641466e+01
3.330000000000248761e+00 3.085758053384312660e+01
3.350000000000248335e+00 3.022865243756141140e+01
3.370000000000247908e+00 3.049587965846563975e+01
3.390000000000247482e+00 3.034826487942559226e+01
3.410000000000247056e+00 3.002631808610083652e+01
3.430000000000246629e+00 3.006955039187868195e+01
3.450000000000246203e+00 3.013049124481733188e+01
3.470000000000245777e+00 2.963278456354517942e+01
3.490000000000245350e+00 2.978793884192050356e+01
3.510000000000244924e+00 2.962496086551780650e+01
3.530000000000244498e+00 2.945584798253057102e+01
3.550000000000244071e+00 2.933053034605291387e+01
3.570000000000243645e+00 2.919508581212583564e+01
3.590000000000243219e+00 2.943382331134706931e+01
3.610000000000242792e+00 2.898049059403680516e+01
3.630000000000242366e+00 2.874482731826265791e+01
3.650000000000241940e+00 2.875281791037483003e+01
3.670000000000241513e+00 2.890106614188275813e+01
3.690000000000241087e+00 2.850648211399797916e+01
3.710000000000240661e+00 2.859743990918405387e+01
3.730000000000240234e+00 2.831458332002661038e+01
3.750000000000239808e+00 2.846514849238104361e+01
3.770000000000239382e+00 2.798209900385052507e+01
3.790000000000238956e+00 2.825460336718200338e+01
3.810000000000238529e+00 2.794539666514160814e+01
3.830000000000238103e+00 2.804955166048801019e+01
3.850000000000237677e+00 2.778235933035632499e+01
3.870000000000237250e+00 2.795249056784358999e+01
3.890000000000236824e+00 2.751946304685451494e+01
3.910000000000236398e+00 2.760259161235152092e+01
3.930000000000235971e+00 2.772911458672944462e+01
3.950000000000235545e+00 2.734395874585935005e+01
3.970000000000235119e+00 2.742246015336388965e+01
3.990000000000234692e+00 2.734339823867849262e+01
4.010000000000234266e+00 2.729653650981547486e+01
4.030000000000233840e+00 2.706062562616095590e+01
4.050000000000233413e+00 2.736000926718622495e+01
4.070000000000232987e+00 2.708965971057656219e+01
4.090000000000232561e+00 2.710334747736007799e+01
4.110000000000232134e+00 2.686204822952829474e+01
4.130000000000231708e+00 2.704290769663993999e+01
4.150000000000231282e+00 2.700278831224080633e+01
4.170000000000230855e+00 2.706164771486565712e+01
4.190000000000230429e+00 2.701637433383721287e+01
4.210000000000230003e+00 2.701365076226733919e+01
4.230000000000229576e+00 2.691669493065426622e+01
4.250000000000229150e+00 2.704308654673161527e+01
4.270000000000228724e+00 2.712420368704521678e+01
4.290000000000228297e+00 2.718442863742438220e+01
4.310000000000227871e+00 2.702458208792256755e+01
4.330000000000227445e+00 2.734831329454105031e+01
4.350000000000227018e+00 2.732986832941945110e+01
4.370000000000226592e+00 2.737738939655566028e+01
4.390000000000226166e+00 2.762174285333514590e+01
4.410000000000225739e+00 2.742556601926703408e+01
4.430000000000225313e+00 2.783612284715306373e+01
4.450000000000224887e+00 2.779860714925455412e+01
4.470000000000224460e+00 2.804372220440729535e+01
4.490000000000224034e+00 2.815006823350856635e+01
4.510000000000223608e+00 2.833272699818269302e+01
4.530000000000223181e+00 2.867425089336191490e+01
4.550000000000222755e+00 2.865567492982849984e+01
4.570000000000222329e+00 2.915417848247392385e+01
4.590000000000221902e+00 2.935214375707062118e+01
4.610000000000221476e+00 2.951500450550349086e+01
4.630000000000221050e+00 2.994553333826517161e+01
4.650000000000220624e+00 3.007762228968576323e+01
4.670000000000220197e+00 3.029774699173925967e+01
4.690000000000219771e+00 3.048789316367051327e+01
4.710000000000219345e+00 3.102886189305950992e+01
4.730000000000218918e+00 3.123567021945464717e+01
4.750000000000218492e+00 3.147630551863312931e+01
4.770000000000218066e+00 3.202502465785673280e+01
4.790000000000217639e+00 3.234711745106648806e+01
4.810000000000217213e+00 3.265988237210461875e+01
4.830000000000216787e+00 3.286149963048978151e+01
4.850000000000216360e+00 3.335340199500949865e+01
4.870000000000215934e+00 3.398085901894814498e+01
4.890000000000215508e+00 3.422922957604065175e+01
4.910000000000215081e+00 3.450820567415688345e+01
4.930000000000214655e+00 3.498381542200900896e+01
4.950000000000214229e+00 3.548042126162207666e+01
4.970000000000213802e+00 3.605216478028981442e+01
4.990000000000213376e+00 3.668214789275343435e+01
5.010000000000212950e+00 3.694175535714452252e+01
5.030000000000212523e+00 3.731207672403158426e+01
5.050000000000212097e+00 3.802697683859589972e+01
5.070000000000211671e+00 3.861766526459580717e+01
5.090000000000211244e+00 3.893850183711963808e+01
5.110000000000210818e+00 3.950931921820663462e+01
5.130000000000210392e+00 4.005257877988341164e+01
5.150000000000209965e+00 4.048569395987393449e+01
5.170000000000209539e+00 4.109326850492239913e+01
5.190000000000209113e+00 4.173046949740333389e+01
5.210000000000208686e+00 4.221911251624796790e+01
5.230000000000208260e+00 4.263162850224703249e+01
5.250000000000207834e+00 4.320733707318252925e+01
5.270000000000207407e+00 4.360646061122420036e+01
5.290000000000206981e+00 4.415512661699933261e+01
5.310000000000206555e+00 4.490945964834983073e+01
5.330000000000206128e+00 4.514532024544678279e+01
5.350000000000205702e+00 4.571268136626591172e+01
5.370000000000205276e+00 4.627514020232797520e+01
5.390000000000204849e+00 4.689178127100575466e+01
5.410000000000204423e+00 4.705616806410016295e+01
5.430000000000203997e+00 4.795901635325736123e+01
5.450000000000203570e+00 4.806670704563511975e+01
5.470000000000203144e+00 4.849526610253631276e+01
5.490000000000202718e+00 4.909662400287424333e+01
5.510000000000202292e+00 4.957167097856671489e+01
5.530000000000201865e+00 4.976438413321111653e+01
5.550000000000201439e+00 5.030989097257376130e+01
5.570000000000201013e+00 5.088167744467870079e+01
5.590000000000200586e+00 5.109064589328897910e+01
5.610000000000200160e+00 5.149110164148259372e+01
5.630000000000199734e+00 5.164659382273330834e+01
5.650000000000199307e+00 5.193509380211116166e+01
5.670000000000198881e+00 5.241149428836970259e+01
5.690000000000198455e+00 5.256585436116764498e+01
5.710000000000198028e+00 5.314276930222661832e+01
5.730000000000197602e+00 5.315554851989382712e+01
5.750000000000197176e+00 5.344106790727791179e+01
5.770000000000196749e+00 5.388557473361643702e+01
5.790000000000196323e+00 5.424778742276796351e+01
5.810000000000195897e+00 5.463931296885289157e+01
5.830000000000195470e+00 5.469762517659256673e+01
5.850000000000195044e+00 5.533211084215358255e+01
5.870000000000194618e+00 5.522370661666815295e+01
5.890000000000194191e+00 5.517873309960801009e+01
5.910000000000193765e+00 5.509705544742564598e+01
5.930000000000193339e+00 5.498782808195450400e+01
5.950000000000192912e+00 5.499597862380451119e+01
5.970000000000192486e+00 5.474841068293542889e+01
5.990000000000192060e+00 5.460270854901402515e+01
6.010000000000191633e+00 5.486590816860753961e+01
6.030000000000191207e+00 5.462369159604484992e+01
6.050000000000190781e+00 5.445580448054806766e+01
6.070000000000190354e+00 5.456957463533817076e+01
6.090000000000189928e+00 5.411425822131994323e+01
6.110000000000189502e+00 5.400244289017739874e+01
6.130000000000189075e+00 5.340648276492322566e+01
6.150000000000188649e+00 5.307330784833863646e+01
6.170000000000188223e+00 5.307142804879077147e+01
6.190000000000187796e+00 5.263920570617219852e+01
6.210000000000187370e+00 5.260495299808015801e+01
6.230000000000186944e+00 5.212517540803538907e+01
6.250000000000186517e+00 5.156536024938755958e+01
6.270000000000186091e+00 5.141343614616240387e+01
6.290000000000185665e+00 5.082450598379266182e+01
6.310000000000185238e+00 5.068156049506020366e+01
6.330000000000184812e+00 5.009220921211942823e+01
6.350000000000184386e+00 4.980461175821212549e+01
6.370000000000183960e+00 4.918536517024974586e+01
6.390000000000183533e+00 4.898649014426232640e+01
6.410000000000183107e+00 4.869455210344212048e+01
6.430000000000182681e+00 4.817482464548201904e+01
6.450000000000182254e+00 4.773904376054757392e+01
6.470000000000181828e+00 4.737010958473973687e+01
6.490000000000181402e+00 4.683927846883699431e+01
6.510000000000180975e+00 4.651844412719875521e+01
6.530000000000180549e+00 4.597274699878025928e+01
6.550000000000180123e+00 4.532173058924025355e+01
6.570000000000179696e+00 4.504761237566004439e+01
6.590000000000179270e+00 4.438648660120008316e+01
6.610000000000178844e+00 4.358138666192877508e+01
6.630000000000178417e+00 4.336732118233794608e+01
6.650000000000177991e+00 4.258563014978019368e+01
6.670000000000177565e+00 4.216469583288871092e+01
6.690000000000177138e+00 4.163995083117580265e+01
6.710000000000176712e+00 4.088283564625348276e+01
6.730000000000176286e+00 4.048493405603151274e+01
6.750000000000175859e+00 3.997312623612345561e+01
6.770000000000175433e+00 3.953715525512050277e+01
6.790000000000175007e+00 3.895985316172090762e+01
6.810000000000174580e+00 3.812089388686565172e+01
6.830000000000174154e+00 3.781771725560452069e+01
6.850000000000173728e+00 3.721355752540512185e+01
6.870000000000173301e+00 3.647885409960804992e+01
6.890000000000172875e+00 3.575404080499427550e+01
6.910000000000172449e+00 3.540552089035877259e+01
6.930000000000172022e+00 3.469066423856084924e+01
6.950000000000171596e+00 3.397950987868383521e+01
6.970000000000171170e+00 3.359477152326930138e+01
6.990000000000170743e+00 3.293759984090104354e+01
7.010000000000170317e+00 3.245431297064749998e+01
7.030000000000169891e+00 3.192630503376420137e+01
7.050000000000169464e+00 3.132702796027976788e+01
7.070000000000169038e+00 3.094808735057290505e+01
7.090000000000168612e+00 3.007651168370884776e+01
7.110000000000168185e+00 2.973339805334286368e+01
7.130000000000167759e+00 2.927299974169682528e+01
7.150000000000167333e+00 2.884739380123117414e+01
7.170000000000166906e+00 2.829119658143584104e+01
7.190000000000166480e+00 2.778603231710629018e+01
7.210000000000166054e+00 2.726247551503136535e+01
7.230000000000165628e+00 2.694169353326337557e+01
7.250000000000165201e+00 2.632102806387419136e+01
7.270000000000164775e+00 2.614473020767612610e+01
7.290000000000164349e+00 2.549000685076780215e+01
7.310000000000163922e+00 2.495112732092773911e+01
7.330000000000163496e+00 2.479865086747103575e+01
7.350000000000163070e+00 2.425641446382264022e+01
7.370000000000162643e+00 2.379812679235644879e+01
7.390000000000162217e+00 2.356590398726474689e+01
7.410000000000161791e+00 2.317789776374027610e+01
7.430000000000161364e+00 2.268572505927502547e+01
7.450000000000160938e+00 2.255040484581679650e+01
7.470000000000160512e+00 2.226716146386653961e+01
7.490000000000160085e+00 2.170514862004864653e+01
7.510000000000159659e+00 2.157609114777802972e+01
7.530000000000159233e+00 2.119375408528657800e+01
7.550000000000158806e+00 2.087461325203979001e+01
7.570000000000158380e+00 2.054342017389450348e+01
7.590000000000157954e+00 2.020642185080188113e+01
7.610000000000157527e+00 1.993279591984308752e+01
7.630000000000157101e+00 1.962847721537782064e+01
7.650000000000156675e+00 1.926249576738562297e+01
7.670000000000156248e+00 1.895418671545997213e+01
7.690000000000155822e+00 1.868477273918995962e+01
7.710000000000155396e+00 1.854686634336768236e+01
7.730000000000154969e+00 1.811338631476231598e+01
7.750000000000154543e+00 1.794149284436531744e+01
7.770000000000154117e+00 1.765688494645491957e+01
7.790000000000153690e+00 1.749144466626532335e+01
7.810000000000153264e+00 1.738771101436369548e+01
7.830000000000152838e+00 1.696424368220132095e+01
7.850000000000152411e+00 1.696307354771769837e+01
7.870000000000151985e+00 1.660003644827879654e+01
7.890000000000151559e+00 1.631553654868388392e+01
7.910000000000151132e+00 1.614249841728591406e+01
7.930000000000150706e+00 1.596804278791284482e+01
7.950000000000150280e+00 1.581085768010314752e+01
7.970000000000149853e+00 1.565953289500238377e+01
7.990000000000149427e+00 1.547459976903457246e+01
8.010000000000149001e+00 1.526541812167788592e+01
8.030000000000148574e+00 1.500470727895001311e+01
8.050000000000148148e+00 1.493520177078148237e+01
8.070000000000147722e+00 1.469121093870877637e+01
8.090000000000147296e+00 1.454706200727264331e+01
8.110000000000146869e+00 1.440761961887385567e+01
8.130000000000146443e+00 1.422821872194937853e+01
8.150000000000146017e+00 1.411270797170849534e+01
8.170000000000145590e+00 1.393825767598513465e+01
8.190000000000145164e+00 1.368116593874509412e+01
8.210000000000144738e+00 1.359779848077570996e+01
8.230000000000144311e+00 1.344091382151812653e+01
8.250000000000143885e+00 1.325702904875992161e+01
8.270000000000143459e+00 1.315564263402781897e+01
8.290000000000143032e+00 1.301629695974903633e+01
8.310000000000142606e+00 1.278697572123115478e+01
8.330000000000142180e+00 1.265501470253017580e+01
8.350000000000141753e+00 1.260634999112894583e+01
8.370000000000141327e+00 1.236022477289657395e+01
8.390000000000140901e+00 1.222158907545469297e+01
8.410000000000140474e+00 1.209920902025300471e+01
8.430000000000140048e+00 1.193613311319468728e+01
8.450000000000139622e+00 1.176407195164886943e+01
8.470000000000139195e+00 1.164968730569986732e+01
8.490000000000138769e+00 1.147525321970556433e+01
8.510000000000138343e+00 1.127770540288306123e+01
8.530000000000137916e+00 1.117488252373395952e+01
8.550000000000137490e+00 1.095422532462999676e+01
8.570000000000137064e+00 1.089801581920772122e+01
8.590000000000136637e+00 1.071012588738644844e+01
8.610000000000136211e+00 1.058829158270546600e+01
8.630000000000135785e+00 1.038110781245324432e+01
8.650000000000135358e+00 1.027412601362653533e+01
8.670000000000134932e+00 1.013254935125295297e+01
8.690000000000134506e+00 1.002789065206145303e+01
8.710000000000134079e+00 9.882578768009979697e+00
8.730000000000133653e+00 9.707146272156405686e+00
8.750000000000133227e+00 9.573673232414211753e+00
8.770000000000132800e+00 9.491871062979949869e+00
8.790000000000132374e+00 9.342364378299793159e+00
8.810000000000131948e+00 9.223239227988335287e+00
8.830000000000131521e+00 9.035891667124595017e+00
8.850000000000131095e+00 8.932353057610146863e+00
8.870000000000130669e+00 8.811410472660440973e+00
8.890000000000130242e+00 8.670843476256616000e+00
8.910000000000129816e+00 8.562604989625361540e+00
8.930000000000129390e+00 8.419989449688049632e+00
8.950000000000128964e+00 8.338583130496363793e+00
8.970000000000128537e+00 8.141791594892476169e+00
8.990000000000128111e+00 8.083577420261546465e+00
9.010000000000127685e+00 7.928018713014677310e+00
9.030000000000127258e+00 7.809131541816491051e+00
9.050000000000126832e+00 7.702206725214090888e+00
9.070000000000126406e+00 7.583099964934271853e+00
9.090000000000125979e+00 7.446911916426656397e+00
9.110000000000125553e+00 7.373428284531299504e+00
9.130000000000125127e+00 7.254659176628249106e+00
9.150000000000124700e+00 7.167060360828213739e+00
9.170000000000124274e+00 7.008479046151976810e+00
9.190000000000123848e+00 6.970031774916612299e+00
9.210000000000123421e+00 6.799324261373389966e+00
9.230000000000122995e+00 6.763284353648199243e+00
9.250000000000122569e+00 6.628492574620530320e+00
9.270000000000122142e+00 6.536146862690869419e+00
9.290000000000121716e+00 6.450933563503170376e+00
9.310000000000121290e+00 6.363377548703643249e+00
9.330000000000120863e+00 6.276522228457888986e+00
9.350000000000120437e+00 6.199672911782347029e+00
9.370000000000120011e+00 6.136093634312007161e+00
9.390000000000119584e+00 6.015103244398118498e+00
9.410000000000119158e+00 5.958842398690911146e+00
9.430000000000118732e+00 5.904587621923559126e+00
9.450000000000118305e+00 5.802807077320859541e+00
9.470000000000117879e+00 5.730698527248134333e+00
9.490000000000117453e+00 5.645407070597324939e+00
9.510000000000117026e+00 5.595247860350658797e+00
9.530000000000116600e+00 5.496601094139500709e+00
9.550000000000116174e+00 5.428151538572074664e+00
9.570000000000115747e+00 5.364317291617534345e+00
9.590000000000115321e+00 5.311440391219385049e+00
9.610000000000114895e+00 5.207367080936996295e+00
9.630000000000114468e+00 5.215196250971369629e+00
9.650000000000114042e+00 5.088078264458522959e+00
9.670000000000113616e+00 5.065185166245728787e+00
9.690000000000113189e+00 4.987525837494326986e+00
9.710000000000112763e+00 4.933405547141405556e+00
9.730000000000112337e+00 4.866796039162830212e+00
9.750000000000111910e+00 4.822797573551996564e+00
9.770000000000111484e+00 4.766307173259109575e+00
9.790000000000111058e+00 4.760302534946211139e+00
9.810000000000110632e+00 4.667925456531133221e+00
9.830000000000110205e+00 4.646550952048447591e+00
9.850000000000109779e+00 4.594217295382107658e+00
9.870000000000109353e+00 4.539475016903798732e+00
9.890000000000108926e+00 4.503676234283734203e+00
9.910000000000108500e+00 4.461388677264651825e+00
9.930000000000108074e+00 4.441711895012009137e+00
9.950000000000107647e+00 4.427940908727913794e+00
9.970000000000107221e+00 4.384971854832725668e+00
9.990000000000106795e+00 4.332821135447622041e+00
1.001000000000010637e+01 4.309660095740428076e+00
1.003000000000010594e+01 4.314619586199654577e+00
1.005000000000010552e+01 4.257852241434480156e+00
1.007000000000010509e+01 4.196555778749574195e+00
1.009000000000010466e+01 4.225919636125790468e+00
1.011000000000010424e+01 4.188592254598717091e+00
1.013000000000010381e+01 4.171103043434820634e+00
1.015000000000010338e+01 4.134311307156337989e+00
1.017000000000010296e+01 4.110223994358968014e+00
1.019000000000010253e+01 4.095091249069092498e+00
1.021000000000010210e+01 4.063652774414294733e+00
1.023000000000010168e+01 4.060764168780916172e+00
1.025000000000010125e+01 4.062061930492741446e+00
1.027000000000010083e+01 4.021647811341455103e+00
1.029000000000010040e+01 3.996187340829252754e+00
1.031000000000009997e+01 3.974215523158002750e+00
1.033000000000009955e+01 3.979429675773655806e+00
1.035000000000009912e+01 3.951679185483164769e+00
1.037000000000009869e+01 3.950176489772355026e+00
1.039000000000009827e+01 3.919120661297739172e+00
1.041000000000009784e+01 3.890980873940012685e+00
1.043000000000009742e+01 3.875898918815725569e+00
1.045000000000009699e+01 3.875947201075478521e+00
1.047000000000009656e+01 3.857686338656818315e+00
1.049000000000009614e+01 3.837999773245554636e+00
1.051000000000009571e+01 3.809332241792916296e+00
1.053000000000009528e+01 3.815549896803162699e+00
1.055000000000009486e+01 3.777482930363786462e+00
1.057000000000009443e+01 3.743624369095284621e+00
1.059000000000009400e+01 3.746411875621027843e+00
1.061000000000009358e+01 3.723880268871965438e+00
1.063000000000009315e+01 3.703603638945351939e+00
1.065000000000009273e+01 3.682128858302153862e+00
1.067000000000009230e+01 3.655543860774417730e+00
1.069000000000009187e+01 3.629439798893687730e+00
1.071000000000009145e+01 3.613173868160738156e+00
1.073000000000009102e+01 3.583635612370456691e+00
1.075000000000009059e+01 3.543501221878168739e+00
1.077000000000009017e+01 3.533054528879987277e+00
1.079000000000008974e+01 3.500000531423237415e+00
1.081000000000008932e+01 3.489002280335237849e+00
1.083000000000008889e+01 3.418484843893369707e+00
1.085000000000008846e+01 3.421057140128146212e+00
1.087000000000008804e+01 3.398493444537440844e+00
1.089000000000008761e+01 3.357336456687774362e+00
1.091000000000008718e+01 3.334566571046788219e+00
1.093000000000008676e+01 3.306057304245122008e+00
1.095000000000008633e+01 3.259837935137590126e+00
1.097000000000008590e+01 3.228019265169531415e+00
1.099000000000008548e+01 3.215354634350142238e+00
1.101000000000008505e+01 3.149442511109945109e+00
1.103000000000008463e+01 3.113115201444060620e+00
1.105000000000008420e+01 3.090356553013185792e+00
1.107000000000008377e+01 3.044973556908710854e+00
1.109000000000008335e+01 3.009683688485190522e+00
1.111000000000008292e+01 2.959733812251241769e+00
1.113000000000008249e+01 2.928861915448732312e+00
1.115000000000008207e+01 2.874761090624133875e+00
1.117000000000008164e+01 2.843963887124707046e+00
1.119000000000008122e+01 2.807832715127578371e+00
1.121000000000008079e+01 2.770008553481886793e+00
1.123000000000008036e+01 2.717077087283025438e+00
1.125000000000007994e+01 2.695088924893123128e+00
1.127000000000007951e+01 2.646534155548656120e+00
1.129000000000007908e+01 2.611011817069152308e+00
1.131000000000007866e+01 2.570277042168234161e+00
1.133000000000007823e+01 2.547433777016009149e+00
1.135000000000007780e+01 2.477788233650942473e+00
1.137000000000007738e+01 2.462163317574186827e+00
1.139000000000007695e+01 2.416029216884050701e+00
1.141000000000007653e+01 2.397073548414171196e+00
1.143000000000007610e+01 2.339965752674039834e+00
1.145000000000007567e+01 2.313247864846765367e+00
1.147000000000007525e+01 2.282802007753895523e+00
1.149000000000007482e+01 2.247912007122946143e+00
1.151000000000007439e+01 2.192689048498629667e+00
1.153000000000007397e+01 2.178592609973167171e+00
1.155000000000007354e+01 2.139081726796525196e+00
1.157000000000007311e+01 2.128238838308771363e+00
1.159000000000007269e+01 2.077864390666848138e+00
1.161000000000007226e+01 2.038029685065586349e+00
1.163000000000007184e+01 2.012896883369216461e+00
1.165000000000007141e+01 2.007946999530078713e+00
1.167000000000007098e+01 1.954765237954101620e+00
1.169000000000007056e+01 1.931856488681957362e+00
1.171000000000007013e+01 1.915900451888391087e+00
1.173000000000006970e+01 1.890087252778204441e+00
1.175000000000006928e+01 1.860780114784547079e+00
1.177000000000006885e+01 1.848942823798948032e+00
1.179000000000006843e+01 1.817289967764866621e+00
1.181000000000006800e+01 1.782834279424824642e+00
1.183000000000006757e+01 1.786546059578861589e+00
1.185000000000006715e+01 1.737278526406194290e+00
1.187000000000006672e+01 1.753970085803266299e+00
1.189000000000006629e+01 1.712404628040556265e+00
1.191000000000006587e+01 1.692029192248554637e+00
1.193000000000006544e+01 1.697924841770269921e+00
1.195000000000006501e+01 1.668403079702627689e+00
1.197000000000006459e+01 1.636790608360668253e+00
1.199000000000006416e+01 1.624890791248765121e+00
1.201000000000006374e+01 1.616403961853561055e+00
1.203000000000006331e+01 1.615149576645764418e+00
1.205000000000006288e+01 1.598740262131135736e+00
1.207000000000006246e+01 1.569772548218039798e+00
1.209000000000006203e+01 1.571354666830496738e+00
1.211000000000006160e+01 1.538713906981661550e+00
1.213000000000006118e+01 1.547911941270565528e+00
1.215000000000006075e+01 1.520337189389807664e+00
1.217000000000006033e+01 1.501856495293516724e+00
1.219000000000005990e+01 1.507266309799835557e+00
1.221000000000005947e+01 1.485403421335748098e+00
1.223000000000005905e+01 1.464735833468621573e+00
1.225000000000005862e+01 1.455344930845839713e+00
1.227000000000005819e+01 1.460282646173610699e+00
1.229000000000005777e+01 1.438728229395523472e+00
1.231000000000005734e+01 1.424355556551426538e+00
1.233000000000005691e+01 1.403583483394497566e+00
1.235000000000005649e+01 1.388662801970179217e+00
1.237000000000005606e+01 1.400398766728735422e+00
1.239000000000005564e+01 1.378197893677672869e+00
1.241000000000005521e+01 1.353284405748713226e+00
1.243000000000005478e+01 1.366118215457405416e+00
1.245000000000005436e+01 1.336245166649327132e+00
1.247000000000005393e+01 1.337652571773748855e+00
1.249000000000005350e+01 1.333613000305297502e+00
1.251000000000005308e+01 1.296996953739833591e+00
1.253000000000005265e+01 1.298192878736260214e+00
1.255000000000005222e+01 1.295016726789977923e+00
1.257000000000005180e+01 1.277682543048850317e+00
1.259000000000005137e+01 1.258698733566893546e+00
1.261000000000005095e+01 1.265687942624024620e+00
1.263000000000005052e+01 1.236616788378783749e+00
1.265000000000005009e+01 1.235072879114760935e+00
1.267000000000004967e+01 1.217600640925679212e+00
1.269000000000004924e+01 1.208205218634974321e+00
1.271000000000004881e+01 1.198873733375467987e+00
1.273000000000004839e+01 1.189013818297556702e+00
1.275000000000004796e+01 1.179392680925339221e+00
1.277000000000004754e+01 1.167412162725240288e+00
1.279000000000004711e+01 1.153529688871071768e+00
1.281000000000004668e+01 1.167472123851416299e+00
1.283000000000004626e+01 1.149488784242783668e+00
1.285000000000004583e+01 1.125921590788429238e+00
1.287000000000004540e+01 1.119844108890874601e+00
1.289000000000004498e+01 1.114919481613841912e+00
1.291000000000004455e+01 1.080519769359323590e+00
1.293000000000004412e+01 1.092862001711317532e+00
1.295000000000004370e+01 1.067958676365951876e+00
1.297000000000004327e+01 1.077995255044803979e+00
1.299000000000004285e+01 1.062682285843060459e+00
1.301000000000004242e+01 1.044911683332680585e+00
1.303000000000004199e+01 1.035739556452625942e+00
1.305000000000004157e+01 1.035053433513225096e+00
1.307000000000004114e+01 1.014347206164678106e+00
1.309000000000004071e+01 9.989865887043509751e-01
1.311000000000004029e+01 1.005261296998040565e+00
1.313000000000003986e+01 9.966054580945596930e-01
1.315000000000003944e+01 9.838185941477393115e-01
1.317000000000003901e+01 9.726733546112874551e-01
1.319000000000003858e+01 9.712386658241051185e-01
1.321000000000003816e+01 9.445832877378653736e-01
1.323000000000003773e+01 9.334477603089741393e-01
1.325000000000003730e+01 9.392733623757357764e-01
1.327000000000003688e+01 9.224165271133060173e-01
1.329000000000003645e+01 9.109328385456124666e-01
1.331000000000003602e+01 9.027866317937812690e-01
1.333000000000003560e+01 8.897182962302719877e-01
1.335000000000003517e+01 8.805059299764045333e-01
1.337000000000003475e+01 8.594005546334743117e-01
1.339000000000003432e+01 8.634501998035063464e-01
1.341000000000003389e+01 8.482308303883487888e-01
1.343000000000003347e+01 8.436721550724066709e-01
1.345000000000003304e+01 8.293851522934110321e-01
1.347000000000003261e+01 8.065597630283291020e-01
1.349000000000003219e+01 8.078054812266517448e-01
1.351000000000003176e+01 8.060066676554835663e-01
1.353000000000003133e+01 7.913997775609975527e-01
1.355000000000003091e+01 7.691913407514220369e-01
1.357000000000003048e+01 7.703012775459604500e-01
1.359000000000003006e+01 7.613843959313620902e-01
1.361000000000002963e+01 7.429162309073458204e-01
1.363000000000002920e+01 7.363570338954782413e-01
1.365000000000002878e+01 7.361839745890100817e-01
1.367000000000002835e+01 7.223118872314903127e-01
1.369000000000002792e+01 7.174572856967160739e-01
1.371000000000002750e+01 6.957769382209182396e-01
1.373000000000002707e+01 6.885160295306281819e-01
1.375000000000002665e+01 6.715127000671800017e-01
1.377000000000002622e+01 6.657019226266943646e-01
1.379000000000002579e+01 6.557546477446601907e-01
1.381000000000002537e+01 6.489716934754830024e-01
1.383000000000002494e+01 6.403498256785982168e-01
1.385000000000002451e+01 6.347865910384949961e-01
1.387000000000002409e+01 6.250064069179840365e-01
1.389000000000002366e+01 6.218149825259288166e-01
1.391000000000002323e+01 6.055302338538727236e-01
1.393000000000002281e+01 6.012369906976524625e-01
1.395000000000002238e+01 5.975310878153137217e-01
1.397000000000002196e+01 5.795034407839028123e-01
1.399000000000002153e+01 5.712571219365309982e-01
1.401000000000002110e+01 5.604923640114264360e-01
1.403000000000002068e+01 5.523604063394945696e-01
1.405000000000002025e+01 5.458415275823619295e-01
1.407000000000001982e+01 5.319676753440008010e-01
1.409000000000001940e+01 5.287517732298061546e-01
1.411000000000001897e+01 5.179207257087551364e-01
1.413000000000001855e+01 5.084640740643435741e-01
1.415000000000001812e+01 5.007400688815470957e-01
1.417000000000001769e+01 4.920088646053188963e-01
1.419000000000001727e+01 4.816855139333952596e-01
1.421000000000001684e+01 4.741293173627266766e-01
1.423000000000001641e+01 4.667065475652559803e-01
1.425000000000001599e+01 4.577785509182164536e-01
1.427000000000001556e+01 4.518993149640535556e-01
1.429000000000001513e+01 4.455972897115582643e-01
1.431000000000001471e+01 4.346623035454133532e-01
1.433000000000001428e+01 4.378012305985243824e-01
1.435000000000001386e+01 4.260211179897611111e-01
1.437000000000001343e+01 4.183334247952725238e-01
1.439000000000001300e+01 4.147717071226376118e-01
1.441000000000001258e+01 4.033781823268293709e-01
1.443000000000001215e+01 3.890939699983110289e-01
1.445000000000001172e+01 3.757612713912511504e-01
1.447000000000001130e+01 3.538145263581761735e-01
1.449000000000001087e+01 3.354293866980883609e-01
1.451000000000001044e+01 3.077695725710861696e-01
1.453000000000001002e+01 2.552814431134008410e-01
1.455000000000000959e+01 1.999745274792526506e-01
1.457000000000000917e+01 1.669140344202576509e-01
1.459000000000000874e+01 1.401972518367180787e-01
1.461000000000000831e+01 1.162710270638624838e-01
1.463000000000000789e+01 8.746631546265987156e-02
1.465000000000000746e+01 4.784108371051433439e-02
1.467000000000000703e+01 1.101406892582786415e-02
1.469000000000000661e+01 5.522518335852696263e-04
1.471000000000000618e+01 2.594711942706731818e-10
1.473000000000000576e+01 1.436150145938313541e-10
1.475000000000000533e+01 0.000000000000000000e+00
1.477000000000000490e+01 0.000000000000000000e+00
1.479000000000000448e+01 0.000000000000000000e+00
1.481000000000000405e+01 0.000000000000000000e+00
1.483000000000000362e+01 0.000000000000000000e+00
1.485000000000000320e+01 0.000000000000000000e+00
1.487000000000000277e+01 0.000000000000000000e+00
1.489000000000000234e+01 0.000000000000000000e+00
1.491000000000000192e+01 0.000000000000000000e+00
1.493000000000000149e+01 0.000000000000000000e+00
1.495000000000000107e+01 0.000000000000000000e+00
1.497000000000000064e+01 0.000000000000000000e+00
1.499000000000000021e+01 0.000000000000000000e+00
