# Redshift		Merger Rate Density [Gpc^-3yr^-1]
1.000000000031931770e-02 4.842245071240485643e+00
3.000000000031888964e-02 5.397291796037940514e+00
5.000000000031846331e-02 5.478121517505860183e+00
7.000000000031804392e-02 5.861082082274342575e+00
9.000000000031761760e-02 6.384005996398201432e+00
1.100000000003171913e-01 6.598336663493138410e+00
1.300000000003167511e-01 7.096719738136274991e+00
1.500000000003163247e-01 7.046170068940679876e+00
1.700000000003158984e-01 7.313018757818048776e+00
1.900000000003154721e-01 6.817452393720470738e+00
2.100000000003150458e-01 6.713772194406177007e+00
2.300000000003146194e-01 7.132043978360238512e+00
2.500000000003141931e-01 7.284838608827544526e+00
2.700000000003137668e-01 7.575718192392567829e+00
2.900000000003133405e-01 7.590936073378331095e+00
3.100000000003129141e-01 7.647011104173015994e+00
3.300000000003124878e-01 7.952428577324804237e+00
3.500000000003120615e-01 8.011458687760653063e+00
3.700000000003116352e-01 7.777641031127279447e+00
3.900000000003112088e-01 8.255016211208420884e+00
4.100000000003107825e-01 7.633028002518876143e+00
4.300000000003103562e-01 7.766881113338131470e+00
4.500000000003099299e-01 8.186198103047685137e+00
4.700000000003095035e-01 7.998778292932421152e+00
4.900000000003090772e-01 8.418651562872906169e+00
5.100000000003086509e-01 8.982555506255179623e+00
5.300000000003082246e-01 9.067864239953868477e+00
5.500000000003077982e-01 9.708969379220226514e+00
5.700000000003073719e-01 9.819686964619435798e+00
5.900000000003069456e-01 9.798657968059030665e+00
6.100000000003065193e-01 1.009954288750586926e+01
6.300000000003060929e-01 1.045638405527872727e+01
6.500000000003056666e-01 1.050437567512082637e+01
6.700000000003052403e-01 1.037112305720750705e+01
6.900000000003048140e-01 1.086411649931957690e+01
7.100000000003043876e-01 1.035870507311375377e+01
7.300000000003039613e-01 1.076397012191364055e+01
7.500000000003035350e-01 1.064671201645141707e+01
7.700000000003031086e-01 1.102892911234016005e+01
7.900000000003026823e-01 1.112024111639155599e+01
8.100000000003022560e-01 1.131554190976184948e+01
8.300000000003018297e-01 1.148862228337618419e+01
8.500000000003014033e-01 1.131028360948893230e+01
8.700000000003009770e-01 1.192101687634622742e+01
8.900000000003005507e-01 1.217981769296977923e+01
9.100000000003001244e-01 1.202026646695390788e+01
9.300000000002996980e-01 1.213513462067091098e+01
9.500000000002992717e-01 1.299122089543578795e+01
9.700000000002988454e-01 1.255244094774794839e+01
9.900000000002984191e-01 1.294532348550236200e+01
1.010000000000297993e+00 1.321924954648873651e+01
1.030000000000297566e+00 1.292767720945381527e+01
1.050000000000297140e+00 1.324602583896961150e+01
1.070000000000296714e+00 1.334515182547819023e+01
1.090000000000296287e+00 1.376236786661548450e+01
1.110000000000295861e+00 1.395463768660977699e+01
1.130000000000295435e+00 1.373661683434897895e+01
1.150000000000295008e+00 1.404586632588097039e+01
1.170000000000294582e+00 1.446895422224552874e+01
1.190000000000294156e+00 1.437824038175223862e+01
1.210000000000293729e+00 1.442949045730014745e+01
1.230000000000293303e+00 1.470731184625183907e+01
1.250000000000292877e+00 1.503265988950218635e+01
1.270000000000292451e+00 1.470215745580707889e+01
1.290000000000292024e+00 1.551916896660194922e+01
1.310000000000291598e+00 1.511857469892613715e+01
1.330000000000291172e+00 1.595722406122552961e+01
1.350000000000290745e+00 1.560006149298411060e+01
1.370000000000290319e+00 1.656406873014109848e+01
1.390000000000289893e+00 1.632279756232267687e+01
1.410000000000289466e+00 1.649260504728758647e+01
1.430000000000289040e+00 1.683449226957477407e+01
1.450000000000288614e+00 1.699799895754332013e+01
1.470000000000288187e+00 1.817611649099506366e+01
1.490000000000287761e+00 1.749949731791013008e+01
1.510000000000287335e+00 1.819538411389259736e+01
1.530000000000286908e+00 1.903904527834126981e+01
1.550000000000286482e+00 1.874553082387271274e+01
1.570000000000286056e+00 1.950553749167901785e+01
1.590000000000285629e+00 1.888099537347061840e+01
1.610000000000285203e+00 1.976203637774823463e+01
1.630000000000284777e+00 2.020853416424505156e+01
1.650000000000284350e+00 2.010354653529495650e+01
1.670000000000283924e+00 2.014951742465137841e+01
1.690000000000283498e+00 2.182318891357432378e+01
1.710000000000283071e+00 2.052038522286098043e+01
1.730000000000282645e+00 2.065935654267546795e+01
1.750000000000282219e+00 2.133729200230057543e+01
1.770000000000281792e+00 2.110099306464601199e+01
1.790000000000281366e+00 2.172195238034573350e+01
1.810000000000280940e+00 2.169172769048440585e+01
1.830000000000280513e+00 2.106133312371774835e+01
1.850000000000280087e+00 2.162709094165075285e+01
1.870000000000279661e+00 2.148425117451055755e+01
1.890000000000279234e+00 2.193266145024020020e+01
1.910000000000278808e+00 2.122546353946972175e+01
1.930000000000278382e+00 2.234969208286100795e+01
1.950000000000277955e+00 2.166899803564031401e+01
1.970000000000277529e+00 2.172739148880081927e+01
1.990000000000277103e+00 2.236996381346352436e+01
2.010000000000276899e+00 2.240844593786811245e+01
2.030000000000276472e+00 2.205871565207263529e+01
2.050000000000276046e+00 2.138980693388426602e+01
2.070000000000275620e+00 2.187886619901532370e+01
2.090000000000275193e+00 2.197022375918958659e+01
2.110000000000274767e+00 2.252029003246351735e+01
2.130000000000274341e+00 2.121701359612566407e+01
2.150000000000273914e+00 2.189110141531126530e+01
2.170000000000273488e+00 2.164743020951774355e+01
2.190000000000273062e+00 2.118618065016189789e+01
2.210000000000272635e+00 2.183592361900306145e+01
2.230000000000272209e+00 2.174186243770161298e+01
2.250000000000271783e+00 2.148244635485046317e+01
2.270000000000271356e+00 2.137531667614871367e+01
2.290000000000270930e+00 2.140269978087906821e+01
2.310000000000270504e+00 2.132893547625856101e+01
2.330000000000270077e+00 2.159782466615530794e+01
2.350000000000269651e+00 2.101504573769407003e+01
2.370000000000269225e+00 2.115323853039703650e+01
2.390000000000268798e+00 2.123988040527051879e+01
2.410000000000268372e+00 2.195704388684146480e+01
2.430000000000267946e+00 2.083953323646068512e+01
2.450000000000267519e+00 2.146119099991715018e+01
2.470000000000267093e+00 2.111593968600897497e+01
2.490000000000266667e+00 2.200847516551493399e+01
2.510000000000266240e+00 2.118063789999601099e+01
2.530000000000265814e+00 2.120153686873666032e+01
2.550000000000265388e+00 2.166383129980982503e+01
2.570000000000264961e+00 2.150877146233422721e+01
2.590000000000264535e+00 2.128688187192192061e+01
2.610000000000264109e+00 2.134089855830988824e+01
2.630000000000263682e+00 2.156620225405443492e+01
2.650000000000263256e+00 2.105738305317997217e+01
2.670000000000262830e+00 2.200727258154807231e+01
2.690000000000262403e+00 2.099486292238326257e+01
2.710000000000261977e+00 2.112810972426158429e+01
2.730000000000261551e+00 2.165498183647196839e+01
2.750000000000261124e+00 2.115118733269707008e+01
2.770000000000260698e+00 2.072006474885484195e+01
2.790000000000260272e+00 2.096844534588441888e+01
2.810000000000259845e+00 2.114307215207353607e+01
2.830000000000259419e+00 2.112471710720733853e+01
2.850000000000258993e+00 2.065134186446104181e+01
2.870000000000258567e+00 2.087890145759788041e+01
2.890000000000258140e+00 2.119747602901308525e+01
2.910000000000257714e+00 2.082044147050041616e+01
2.930000000000257288e+00 2.024302450494099048e+01
2.950000000000256861e+00 2.096912167354738443e+01
2.970000000000256435e+00 2.063846313793845866e+01
2.990000000000256009e+00 2.020533840519101432e+01
3.010000000000255582e+00 2.047760411684568282e+01
3.030000000000255156e+00 2.081829333693486817e+01
3.050000000000254730e+00 2.032134475273672436e+01
3.070000000000254303e+00 2.013691013488211112e+01
3.090000000000253877e+00 2.050115951008667636e+01
3.110000000000253451e+00 1.931955524690129877e+01
3.130000000000253024e+00 2.019834485347537267e+01
3.150000000000252598e+00 2.083205097254957394e+01
3.170000000000252172e+00 1.940742124182689210e+01
3.190000000000251745e+00 1.973288271049672460e+01
3.210000000000251319e+00 1.958745906230410583e+01
3.230000000000250893e+00 1.916990496656806897e+01
3.250000000000250466e+00 1.949760864274287542e+01
3.270000000000250040e+00 1.947728534925439803e+01
3.290000000000249614e+00 1.895520991741067363e+01
3.310000000000249187e+00 1.902966882162539264e+01
3.330000000000248761e+00 1.907185469819025769e+01
3.350000000000248335e+00 1.893628705586182903e+01
3.370000000000247908e+00 1.878626765906894391e+01
3.390000000000247482e+00 1.883434140701251991e+01
3.410000000000247056e+00 1.850853887392907993e+01
3.430000000000246629e+00 1.858783473164071154e+01
3.450000000000246203e+00 1.846265998475942283e+01
3.470000000000245777e+00 1.862321798534048156e+01
3.490000000000245350e+00 1.834573066556465193e+01
3.510000000000244924e+00 1.831643174548144160e+01
3.530000000000244498e+00 1.859886934939893877e+01
3.550000000000244071e+00 1.832873864276561804e+01
3.570000000000243645e+00 1.785415419449934404e+01
3.590000000000243219e+00 1.793622279080513238e+01
3.610000000000242792e+00 1.819429123148652039e+01
3.630000000000242366e+00 1.822289415235989551e+01
3.650000000000241940e+00 1.779058298665281868e+01
3.670000000000241513e+00 1.811567364002718605e+01
3.690000000000241087e+00 1.790241940111116037e+01
3.710000000000240661e+00 1.815056614743510721e+01
3.730000000000240234e+00 1.768454883141517442e+01
3.750000000000239808e+00 1.751187386936504709e+01
3.770000000000239382e+00 1.748316229824661505e+01
3.790000000000238956e+00 1.768538891758277032e+01
3.810000000000238529e+00 1.725428717037888759e+01
3.830000000000238103e+00 1.766604438247891196e+01
3.850000000000237677e+00 1.800915353330866253e+01
3.870000000000237250e+00 1.723055017669909361e+01
3.890000000000236824e+00 1.716188770949143816e+01
3.910000000000236398e+00 1.736733798464239698e+01
3.930000000000235971e+00 1.732012753761922852e+01
3.950000000000235545e+00 1.707432050813442004e+01
3.970000000000235119e+00 1.724750676472526578e+01
3.990000000000234692e+00 1.717258675056024231e+01
4.010000000000234266e+00 1.712035249053320030e+01
4.030000000000233840e+00 1.739850272949180265e+01
4.050000000000233413e+00 1.691415085717570932e+01
4.070000000000232987e+00 1.677881366698597532e+01
4.090000000000232561e+00 1.702828680511392534e+01
4.110000000000232134e+00 1.706638251700864117e+01
4.130000000000231708e+00 1.699133964959514032e+01
4.150000000000231282e+00 1.692042639831279871e+01
4.170000000000230855e+00 1.677842024900920137e+01
4.190000000000230429e+00 1.675485195671594241e+01
4.210000000000230003e+00 1.725752909461199991e+01
4.230000000000229576e+00 1.642495075098410950e+01
4.250000000000229150e+00 1.691342241588514383e+01
4.270000000000228724e+00 1.694999346293016629e+01
4.290000000000228297e+00 1.655261046999576990e+01
4.310000000000227871e+00 1.663695751356620889e+01
4.330000000000227445e+00 1.675556979112597134e+01
4.350000000000227018e+00 1.659372995556692842e+01
4.370000000000226592e+00 1.646227505033573735e+01
4.390000000000226166e+00 1.700130443987808704e+01
4.410000000000225739e+00 1.664490264999411195e+01
4.430000000000225313e+00 1.632467026005893374e+01
4.450000000000224887e+00 1.686982030315080294e+01
4.470000000000224460e+00 1.638828631043338646e+01
4.490000000000224034e+00 1.662249448724707790e+01
4.510000000000223608e+00 1.641740819213190505e+01
4.530000000000223181e+00 1.656522618179625184e+01
4.550000000000222755e+00 1.682338580843430265e+01
4.570000000000222329e+00 1.676937405773169942e+01
4.590000000000221902e+00 1.670637152276303539e+01
4.610000000000221476e+00 1.635740439846190952e+01
4.630000000000221050e+00 1.687117903243080264e+01
4.650000000000220624e+00 1.664907109810411256e+01
4.670000000000220197e+00 1.682019816674098323e+01
4.690000000000219771e+00 1.658755565693628853e+01
4.710000000000219345e+00 1.674502696322119988e+01
4.730000000000218918e+00 1.672518489511834971e+01
4.750000000000218492e+00 1.676243903082828268e+01
4.770000000000218066e+00 1.728983483968595181e+01
4.790000000000217639e+00 1.722817627916625227e+01
4.810000000000217213e+00 1.707188525787602984e+01
4.830000000000216787e+00 1.735370516309165723e+01
4.850000000000216360e+00 1.749086052590449114e+01
4.870000000000215934e+00 1.718734118426928603e+01
4.890000000000215508e+00 1.730415535587398068e+01
4.910000000000215081e+00 1.757097786213763868e+01
4.930000000000214655e+00 1.793215578523019005e+01
4.950000000000214229e+00 1.767737669814401258e+01
4.970000000000213802e+00 1.781847501032298098e+01
4.990000000000213376e+00 1.788040294147528186e+01
5.010000000000212950e+00 1.792542390199283631e+01
5.030000000000212523e+00 1.819620360667918746e+01
5.050000000000212097e+00 1.820296221408053583e+01
5.070000000000211671e+00 1.837238422146098671e+01
5.090000000000211244e+00 1.835443489427850849e+01
5.110000000000210818e+00 1.836024216458580938e+01
5.130000000000210392e+00 1.898541690851060793e+01
5.150000000000209965e+00 1.879453383213142814e+01
5.170000000000209539e+00 1.895711729974294713e+01
5.190000000000209113e+00 1.889135481837405095e+01
5.210000000000208686e+00 1.907048073303546687e+01
5.230000000000208260e+00 1.927604974801751325e+01
5.250000000000207834e+00 1.925256204623497780e+01
5.270000000000207407e+00 1.961081763140547807e+01
5.290000000000206981e+00 1.954274254876176897e+01
5.310000000000206555e+00 1.989113313358432222e+01
5.330000000000206128e+00 1.975539578816352915e+01
5.350000000000205702e+00 1.972741361353637046e+01
5.370000000000205276e+00 1.986091274317828947e+01
5.390000000000204849e+00 1.985911918625418338e+01
5.410000000000204423e+00 2.046197707119766562e+01
5.430000000000203997e+00 2.005508335095291983e+01
5.450000000000203570e+00 2.052129570707576534e+01
5.470000000000203144e+00 2.024897851687198269e+01
5.490000000000202718e+00 2.037201269931555458e+01
5.510000000000202292e+00 2.046952312756536330e+01
5.530000000000201865e+00 2.065376049829446359e+01
5.550000000000201439e+00 2.067349937267566418e+01
5.570000000000201013e+00 2.064597197254061456e+01
5.590000000000200586e+00 2.088507274951228965e+01
5.610000000000200160e+00 2.101120116438195495e+01
5.630000000000199734e+00 2.099188052395260584e+01
5.650000000000199307e+00 2.098243485481754789e+01
5.670000000000198881e+00 2.087877958104903087e+01
5.690000000000198455e+00 2.103074005400611668e+01
5.710000000000198028e+00 2.138023503365170086e+01
5.730000000000197602e+00 2.113043037196311502e+01
5.750000000000197176e+00 2.122120809134901265e+01
5.770000000000196749e+00 2.131040563198577686e+01
5.790000000000196323e+00 2.138328943878016020e+01
5.810000000000195897e+00 2.153909993202075768e+01
5.830000000000195470e+00 2.159523526661313753e+01
5.850000000000195044e+00 2.165255344905345325e+01
5.870000000000194618e+00 2.148155910415425751e+01
5.890000000000194191e+00 2.183882471059473218e+01
5.910000000000193765e+00 2.143917036357287031e+01
5.930000000000193339e+00 2.125455466399747806e+01
5.950000000000192912e+00 2.164510091134923542e+01
5.970000000000192486e+00 2.149416563396114910e+01
5.990000000000192060e+00 2.130677498416247673e+01
6.010000000000191633e+00 2.139137854164544095e+01
6.030000000000191207e+00 2.139722717589596712e+01
6.050000000000190781e+00 2.100890012156756015e+01
6.070000000000190354e+00 2.086716085568120604e+01
6.090000000000189928e+00 2.127111483707320971e+01
6.110000000000189502e+00 2.105581725408889326e+01
6.130000000000189075e+00 2.102140365499225894e+01
6.150000000000188649e+00 2.102486120848676521e+01
6.170000000000188223e+00 2.072922570083877147e+01
6.190000000000187796e+00 2.087895133016833071e+01
6.210000000000187370e+00 2.066031303690860454e+01
6.230000000000186944e+00 2.027825559729153326e+01
6.250000000000186517e+00 2.058335883781593978e+01
6.270000000000186091e+00 2.010227509899418763e+01
6.290000000000185665e+00 2.054268649544998127e+01
6.310000000000185238e+00 2.032372943354382855e+01
6.330000000000184812e+00 2.002257677731423868e+01
6.350000000000184386e+00 2.001378965668792631e+01
6.370000000000183960e+00 1.995896116642858331e+01
6.390000000000183533e+00 1.972079766526892897e+01
6.410000000000183107e+00 1.968623484584906080e+01
6.430000000000182681e+00 1.959166276342267565e+01
6.450000000000182254e+00 1.958449229217233878e+01
6.470000000000181828e+00 1.920141522977479553e+01
6.490000000000181402e+00 1.945127931313598779e+01
6.510000000000180975e+00 1.928561107071082148e+01
6.530000000000180549e+00 1.880423765943458747e+01
6.550000000000180123e+00 1.854674485000715123e+01
6.570000000000179696e+00 1.857166832292023528e+01
6.590000000000179270e+00 1.899585342585914560e+01
6.610000000000178844e+00 1.822810403750263575e+01
6.630000000000178417e+00 1.814284778146922505e+01
6.650000000000177991e+00 1.847270986710422491e+01
6.670000000000177565e+00 1.806902558406197912e+01
6.690000000000177138e+00 1.785483472793284676e+01
6.710000000000176712e+00 1.753988132972389380e+01
6.730000000000176286e+00 1.768586944427354268e+01
6.750000000000175859e+00 1.743601094580547795e+01
6.770000000000175433e+00 1.727553936188433781e+01
6.790000000000175007e+00 1.710703673521921431e+01
6.810000000000174580e+00 1.706088101022814030e+01
6.830000000000174154e+00 1.680057952105125452e+01
6.850000000000173728e+00 1.660108096743456940e+01
6.870000000000173301e+00 1.670101609076917981e+01
6.890000000000172875e+00 1.632885252242691720e+01
6.910000000000172449e+00 1.599201446362295975e+01
6.930000000000172022e+00 1.587902453750347753e+01
6.950000000000171596e+00 1.576966020868972329e+01
6.970000000000171170e+00 1.609286595343031934e+01
6.990000000000170743e+00 1.545992458495665112e+01
7.010000000000170317e+00 1.536262755739864971e+01
7.030000000000169891e+00 1.479910395166063175e+01
7.050000000000169464e+00 1.519574868462972717e+01
7.070000000000169038e+00 1.493293456433013056e+01
7.090000000000168612e+00 1.489211884647115802e+01
7.110000000000168185e+00 1.439887104183246613e+01
7.130000000000167759e+00 1.425661290423053806e+01
7.150000000000167333e+00 1.435427984301683324e+01
7.170000000000166906e+00 1.419725555235728898e+01
7.190000000000166480e+00 1.377322883541399356e+01
7.210000000000166054e+00 1.399182867773624750e+01
7.230000000000165628e+00 1.361885481542189247e+01
7.250000000000165201e+00 1.343536384305470577e+01
7.270000000000164775e+00 1.344892073420955647e+01
7.290000000000164349e+00 1.313482939434308250e+01
7.310000000000163922e+00 1.289947335851617005e+01
7.330000000000163496e+00 1.290146784058866025e+01
7.350000000000163070e+00 1.277805554190751991e+01
7.370000000000162643e+00 1.254765123815174910e+01
7.390000000000162217e+00 1.241240889132368252e+01
7.410000000000161791e+00 1.257933096792855387e+01
7.430000000000161364e+00 1.208825836075837401e+01
7.450000000000160938e+00 1.218698581862727970e+01
7.470000000000160512e+00 1.194505050956506409e+01
7.490000000000160085e+00 1.201824499183909545e+01
7.510000000000159659e+00 1.146737233178697046e+01
7.530000000000159233e+00 1.167043967762791823e+01
7.550000000000158806e+00 1.147797751557401469e+01
7.570000000000158380e+00 1.149069209884700626e+01
7.590000000000157954e+00 1.107308290519726945e+01
7.610000000000157527e+00 1.101262153566178448e+01
7.630000000000157101e+00 1.085448878727344635e+01
7.650000000000156675e+00 1.072394574662902222e+01
7.670000000000156248e+00 1.081388265395550796e+01
7.690000000000155822e+00 1.056153215722475380e+01
7.710000000000155396e+00 1.044853236376579275e+01
7.730000000000154969e+00 1.018786121855804438e+01
7.750000000000154543e+00 1.034782887219163250e+01
7.770000000000154117e+00 1.007882483443824029e+01
7.790000000000153690e+00 9.929296893972455962e+00
7.810000000000153264e+00 9.817140643817086954e+00
7.830000000000152838e+00 9.890210845563164099e+00
7.850000000000152411e+00 9.756210416311379419e+00
7.870000000000151985e+00 9.555601076628198243e+00
7.890000000000151559e+00 9.423107071857483419e+00
7.910000000000151132e+00 9.423374377840707083e+00
7.930000000000150706e+00 9.343417515490521907e+00
7.950000000000150280e+00 9.195558230922275200e+00
7.970000000000149853e+00 9.178747928183280891e+00
7.990000000000149427e+00 9.066126161634949554e+00
8.010000000000149001e+00 8.933464652816994089e+00
8.030000000000148574e+00 8.982436287471690761e+00
8.050000000000148148e+00 8.716214705863636780e+00
8.070000000000147722e+00 8.804754179080006793e+00
8.090000000000147296e+00 8.790093710579057529e+00
8.110000000000146869e+00 8.628168411347107991e+00
8.130000000000146443e+00 8.574350799075153517e+00
8.150000000000146017e+00 8.424722410456014998e+00
8.170000000000145590e+00 8.403401063845537422e+00
8.190000000000145164e+00 8.443595364964320282e+00
8.210000000000144738e+00 8.346494182562160802e+00
8.230000000000144311e+00 8.177686279805731928e+00
8.250000000000143885e+00 8.201255230183543077e+00
8.270000000000143459e+00 8.064529958669163889e+00
8.290000000000143032e+00 8.109531788794607010e+00
8.310000000000142606e+00 7.986302819804336650e+00
8.330000000000142180e+00 7.966933131165217397e+00
8.350000000000141753e+00 7.872926398736794340e+00
8.370000000000141327e+00 7.763823892459477349e+00
8.390000000000140901e+00 7.740473912733306427e+00
8.410000000000140474e+00 7.756590864968257115e+00
8.430000000000140048e+00 7.763512504014970617e+00
8.450000000000139622e+00 7.502570377985039229e+00
8.470000000000139195e+00 7.597143467448023380e+00
8.490000000000138769e+00 7.457652585199348039e+00
8.510000000000138343e+00 7.335473400715117442e+00
8.530000000000137916e+00 7.290059090860819602e+00
8.550000000000137490e+00 7.295290916954709104e+00
8.570000000000137064e+00 7.196450557245274382e+00
8.590000000000136637e+00 7.103098390809753582e+00
8.610000000000136211e+00 7.064698708540539052e+00
8.630000000000135785e+00 7.007363993033695948e+00
8.650000000000135358e+00 7.030014569260305990e+00
8.670000000000134932e+00 6.920457293285022793e+00
8.690000000000134506e+00 6.882245356620068755e+00
8.710000000000134079e+00 6.793070286533899882e+00
8.730000000000133653e+00 6.824911307105193004e+00
8.750000000000133227e+00 6.789318343166844016e+00
8.770000000000132800e+00 6.614754624477804157e+00
8.790000000000132374e+00 6.503193097209628348e+00
8.810000000000131948e+00 6.486104264665242702e+00
8.830000000000131521e+00 6.614395082656757019e+00
8.850000000000131095e+00 6.349582177907966418e+00
8.870000000000130669e+00 6.408529165229588820e+00
8.890000000000130242e+00 6.279424756100056904e+00
8.910000000000129816e+00 6.232766509706316072e+00
8.930000000000129390e+00 6.188770947535013889e+00
8.950000000000128964e+00 6.150894302863225249e+00
8.970000000000128537e+00 6.193704804472606185e+00
8.990000000000128111e+00 5.986285727290663772e+00
9.010000000000127685e+00 5.979950100417820380e+00
9.030000000000127258e+00 5.878451252148891193e+00
9.050000000000126832e+00 5.947447890695181094e+00
9.070000000000126406e+00 5.829141341055528613e+00
9.090000000000125979e+00 5.818395989949181057e+00
9.110000000000125553e+00 5.760533303260476856e+00
9.130000000000125127e+00 5.689947897518919717e+00
9.150000000000124700e+00 5.638016663997087008e+00
9.170000000000124274e+00 5.628869334704782013e+00
9.190000000000123848e+00 5.585658837854396097e+00
9.210000000000123421e+00 5.479018238241442518e+00
9.230000000000122995e+00 5.483930600006931222e+00
9.250000000000122569e+00 5.520977135078014797e+00
9.270000000000122142e+00 5.353651743549405317e+00
9.290000000000121716e+00 5.328105118262286943e+00
9.310000000000121290e+00 5.227228321178316151e+00
9.330000000000120863e+00 5.285980463710898469e+00
9.350000000000120437e+00 5.259503830179869333e+00
9.370000000000120011e+00 5.130261653530598487e+00
9.390000000000119584e+00 5.175559943594277179e+00
9.410000000000119158e+00 5.195976274008831552e+00
9.430000000000118732e+00 4.991114139483933343e+00
9.450000000000118305e+00 5.026227468413980048e+00
9.470000000000117879e+00 4.999604112782245480e+00
9.490000000000117453e+00 4.888416119289494155e+00
9.510000000000117026e+00 4.872171650617738159e+00
9.530000000000116600e+00 4.898738609053833848e+00
9.550000000000116174e+00 4.789325860297574344e+00
9.570000000000115747e+00 4.709416356486239685e+00
9.590000000000115321e+00 4.726746553874610512e+00
9.610000000000114895e+00 4.704723843951533979e+00
9.630000000000114468e+00 4.672971363173091142e+00
9.650000000000114042e+00 4.595340464883618026e+00
9.670000000000113616e+00 4.554314781604746898e+00
9.690000000000113189e+00 4.564594492934437753e+00
9.710000000000112763e+00 4.453074311956781273e+00
9.730000000000112337e+00 4.458294162419049300e+00
9.750000000000111910e+00 4.429348809932702302e+00
9.770000000000111484e+00 4.330910970442020336e+00
9.790000000000111058e+00 4.397464274443990462e+00
9.810000000000110632e+00 4.356509388533024385e+00
9.830000000000110205e+00 4.280204060672454958e+00
9.850000000000109779e+00 4.264862403482929665e+00
9.870000000000109353e+00 4.217137064895037035e+00
9.890000000000108926e+00 4.183132066216412426e+00
9.910000000000108500e+00 4.148535882036358480e+00
9.930000000000108074e+00 4.107306847978966502e+00
9.950000000000107647e+00 4.060888164732671335e+00
9.970000000000107221e+00 4.018002596236184942e+00
9.990000000000106795e+00 4.005125389865392904e+00
1.001000000000010637e+01 3.992910362552344328e+00
1.003000000000010594e+01 3.934165371113680365e+00
1.005000000000010552e+01 3.878929031770645075e+00
1.007000000000010509e+01 3.919114427895506125e+00
1.009000000000010466e+01 3.858833552410407375e+00
1.011000000000010424e+01 3.829521216887181723e+00
1.013000000000010381e+01 3.828815981440011118e+00
1.015000000000010338e+01 3.783837599168803134e+00
1.017000000000010296e+01 3.767759905319512992e+00
1.019000000000010253e+01 3.705913459517482522e+00
1.021000000000010210e+01 3.685523702901960075e+00
1.023000000000010168e+01 3.699589674738934519e+00
1.025000000000010125e+01 3.670246987471123212e+00
1.027000000000010083e+01 3.590557472174380038e+00
1.029000000000010040e+01 3.590027224686211049e+00
1.031000000000009997e+01 3.591020711949638677e+00
1.033000000000009955e+01 3.536305024684088583e+00
1.035000000000009912e+01 3.516880058700965428e+00
1.037000000000009869e+01 3.550585473088637034e+00
1.039000000000009827e+01 3.446608918809255684e+00
1.041000000000009784e+01 3.454451139123311698e+00
1.043000000000009742e+01 3.452265512752770604e+00
1.045000000000009699e+01 3.457668661532474985e+00
1.047000000000009656e+01 3.369988053717142051e+00
1.049000000000009614e+01 3.417982029750507689e+00
1.051000000000009571e+01 3.361141403768824532e+00
1.053000000000009528e+01 3.292154465168375843e+00
1.055000000000009486e+01 3.280070565717722708e+00
1.057000000000009443e+01 3.236163760974225756e+00
1.059000000000009400e+01 3.295963222778629298e+00
1.061000000000009358e+01 3.211563236475669658e+00
1.063000000000009315e+01 3.160187084533686352e+00
1.065000000000009273e+01 3.196086566034660681e+00
1.067000000000009230e+01 3.141422169593978797e+00
1.069000000000009187e+01 3.163135790817903636e+00
1.071000000000009145e+01 3.132274024065559992e+00
1.073000000000009102e+01 3.095554145133541102e+00
1.075000000000009059e+01 3.037380160126722739e+00
1.077000000000009017e+01 3.039263910330312513e+00
1.079000000000008974e+01 3.010772767745316436e+00
1.081000000000008932e+01 2.989580985405534186e+00
1.083000000000008889e+01 2.987967677555397383e+00
1.085000000000008846e+01 2.912081431544948362e+00
1.087000000000008804e+01 2.940394954088333179e+00
1.089000000000008761e+01 2.874685011742795115e+00
1.091000000000008718e+01 2.861470127721457590e+00
1.093000000000008676e+01 2.842839002354013989e+00
1.095000000000008633e+01 2.796067621776114009e+00
1.097000000000008590e+01 2.831682571454812170e+00
1.099000000000008548e+01 2.756298395060174045e+00
1.101000000000008505e+01 2.741890312527877516e+00
1.103000000000008463e+01 2.664343924517428963e+00
1.105000000000008420e+01 2.736061886809628696e+00
1.107000000000008377e+01 2.640338124535734909e+00
1.109000000000008335e+01 2.634866576790448889e+00
1.111000000000008292e+01 2.621854446854166909e+00
1.113000000000008249e+01 2.551726097195186949e+00
1.115000000000008207e+01 2.520948233591515208e+00
1.117000000000008164e+01 2.555770953923386379e+00
1.119000000000008122e+01 2.476399750218999607e+00
1.121000000000008079e+01 2.425094755285066128e+00
1.123000000000008036e+01 2.421510906234527472e+00
1.125000000000007994e+01 2.404033452595403464e+00
1.127000000000007951e+01 2.372038892164781920e+00
1.129000000000007908e+01 2.342156472714772342e+00
1.131000000000007866e+01 2.348935434905931707e+00
1.133000000000007823e+01 2.288780882862080812e+00
1.135000000000007780e+01 2.240448306849689430e+00
1.137000000000007738e+01 2.181036439551846673e+00
1.139000000000007695e+01 2.210082943228447228e+00
1.141000000000007653e+01 2.147908003747471373e+00
1.143000000000007610e+01 2.124359486237404226e+00
1.145000000000007567e+01 2.154950776168486737e+00
1.147000000000007525e+01 2.050955626740318394e+00
1.149000000000007482e+01 2.066695727009196570e+00
1.151000000000007439e+01 2.005980851265199760e+00
1.153000000000007397e+01 2.000202079094462793e+00
1.155000000000007354e+01 1.995367147226667637e+00
1.157000000000007311e+01 1.948341678868813931e+00
1.159000000000007269e+01 1.919491286511575634e+00
1.161000000000007226e+01 1.863797234175055051e+00
1.163000000000007184e+01 1.906111613882482736e+00
1.165000000000007141e+01 1.811546712020315475e+00
1.167000000000007098e+01 1.799340398867765645e+00
1.169000000000007056e+01 1.784292335103974336e+00
1.171000000000007013e+01 1.800408251999839448e+00
1.173000000000006970e+01 1.747773976213051084e+00
1.175000000000006928e+01 1.723825953992212501e+00
1.177000000000006885e+01 1.718576625410209280e+00
1.179000000000006843e+01 1.685126649247588482e+00
1.181000000000006800e+01 1.683440247997754824e+00
1.183000000000006757e+01 1.643786139378994982e+00
1.185000000000006715e+01 1.597254215189498394e+00
1.187000000000006672e+01 1.621913233833560009e+00
1.189000000000006629e+01 1.571075030359855740e+00
1.191000000000006587e+01 1.551462283144762644e+00
1.193000000000006544e+01 1.575449018594398787e+00
1.195000000000006501e+01 1.537170633285905419e+00
1.197000000000006459e+01 1.552302111224032499e+00
1.199000000000006416e+01 1.465842263436760939e+00
1.201000000000006374e+01 1.497575152029536394e+00
1.203000000000006331e+01 1.458547210183204212e+00
1.205000000000006288e+01 1.430269027940059612e+00
1.207000000000006246e+01 1.422037950374996251e+00
1.209000000000006203e+01 1.413146049271198246e+00
1.211000000000006160e+01 1.394354743146009490e+00
1.213000000000006118e+01 1.361443298847008654e+00
1.215000000000006075e+01 1.342487793793908368e+00
1.217000000000006033e+01 1.364710128581679394e+00
1.219000000000005990e+01 1.311420981004616459e+00
1.221000000000005947e+01 1.337295374252913449e+00
1.223000000000005905e+01 1.315528637865760020e+00
1.225000000000005862e+01 1.301893231478219004e+00
1.227000000000005819e+01 1.263750873238187467e+00
1.229000000000005777e+01 1.276078025508970093e+00
1.231000000000005734e+01 1.258134745867370397e+00
1.233000000000005691e+01 1.230889667204324578e+00
1.235000000000005649e+01 1.231180526429263900e+00
1.237000000000005606e+01 1.218858125773892853e+00
1.239000000000005564e+01 1.180198841021384837e+00
1.241000000000005521e+01 1.197592291294007349e+00
1.243000000000005478e+01 1.155328088797258568e+00
1.245000000000005436e+01 1.139529951905859706e+00
1.247000000000005393e+01 1.171916899517258859e+00
1.249000000000005350e+01 1.110225424203088229e+00
1.251000000000005308e+01 1.154456876465710602e+00
1.253000000000005265e+01 1.134522219671263432e+00
1.255000000000005222e+01 1.098984826823331984e+00
1.257000000000005180e+01 1.065311736483926408e+00
1.259000000000005137e+01 1.075487974623750231e+00
1.261000000000005095e+01 1.085962121548331716e+00
1.263000000000005052e+01 1.044014113291223289e+00
1.265000000000005009e+01 1.050347466154353482e+00
1.267000000000004967e+01 1.034229985612443281e+00
1.269000000000004924e+01 1.021285633293198103e+00
1.271000000000004881e+01 1.018030889652784543e+00
1.273000000000004839e+01 9.775716258040072493e-01
1.275000000000004796e+01 9.573276932504732883e-01
1.277000000000004754e+01 9.547629177730609928e-01
1.279000000000004711e+01 1.003134405669271922e+00
1.281000000000004668e+01 9.641505742392345590e-01
1.283000000000004626e+01 9.383910109077525652e-01
1.285000000000004583e+01 9.256988123871846552e-01
1.287000000000004540e+01 9.258870479143770371e-01
1.289000000000004498e+01 9.025894645218931478e-01
1.291000000000004455e+01 9.002962154315620191e-01
1.293000000000004412e+01 8.723460412719896695e-01
1.295000000000004370e+01 9.036907774524243209e-01
1.297000000000004327e+01 8.521979122360391345e-01
1.299000000000004285e+01 8.430313780425998660e-01
1.301000000000004242e+01 8.622297230454999406e-01
1.303000000000004199e+01 8.444378172597690746e-01
1.305000000000004157e+01 8.337501123424425620e-01
1.307000000000004114e+01 8.231022338898361657e-01
1.309000000000004071e+01 8.358308768208047024e-01
1.311000000000004029e+01 8.269443586285188941e-01
1.313000000000003986e+01 8.091759821110429129e-01
1.315000000000003944e+01 7.867769131660663495e-01
1.317000000000003901e+01 8.071544804790402594e-01
1.319000000000003858e+01 8.002202893379866122e-01
1.321000000000003816e+01 7.573791031043597410e-01
1.323000000000003773e+01 7.555632743193364531e-01
1.325000000000003730e+01 7.846805778775807205e-01
1.327000000000003688e+01 7.323841163526202402e-01
1.329000000000003645e+01 7.206032391985655039e-01
1.331000000000003602e+01 7.540029911839153387e-01
1.333000000000003560e+01 7.430795059708170669e-01
1.335000000000003517e+01 7.614892800182100352e-01
1.337000000000003475e+01 7.149712259817276871e-01
1.339000000000003432e+01 7.102153731321009245e-01
1.341000000000003389e+01 7.194142839930089961e-01
1.343000000000003347e+01 6.925946840901094914e-01
1.345000000000003304e+01 7.086314010051036894e-01
1.347000000000003261e+01 6.948031494423011489e-01
1.349000000000003219e+01 6.942091820706052241e-01
1.351000000000003176e+01 6.615109093521651662e-01
1.353000000000003133e+01 6.542075899251126314e-01
1.355000000000003091e+01 6.373392655426157738e-01
1.357000000000003048e+01 6.098361647324147539e-01
1.359000000000003006e+01 6.374766409059190453e-01
1.361000000000002963e+01 6.407715705766933167e-01
1.363000000000002920e+01 6.105369787346333066e-01
1.365000000000002878e+01 6.098448801851978907e-01
1.367000000000002835e+01 6.036491742456586707e-01
1.369000000000002792e+01 5.903041877327354081e-01
1.371000000000002750e+01 5.926104351406511483e-01
1.373000000000002707e+01 5.422251112893525793e-01
1.375000000000002665e+01 5.838434481332116510e-01
1.377000000000002622e+01 5.701272803462361649e-01
1.379000000000002579e+01 5.612869803847621020e-01
1.381000000000002537e+01 5.328907648784513285e-01
1.383000000000002494e+01 5.137072611442500270e-01
1.385000000000002451e+01 5.271386429905450255e-01
1.387000000000002409e+01 5.229498044763105646e-01
1.389000000000002366e+01 5.167558866679443641e-01
1.391000000000002323e+01 5.042444035239803668e-01
1.393000000000002281e+01 4.876778449247156089e-01
1.395000000000002238e+01 4.814021544716506895e-01
1.397000000000002196e+01 4.881223634327976901e-01
1.399000000000002153e+01 4.734136288984390761e-01
1.401000000000002110e+01 4.515901543069041901e-01
1.403000000000002068e+01 4.692714895684337861e-01
1.405000000000002025e+01 4.547680302291290944e-01
1.407000000000001982e+01 4.487830284544077064e-01
1.409000000000001940e+01 4.539989487194561191e-01
1.411000000000001897e+01 4.462703031405919618e-01
1.413000000000001855e+01 4.393294868121274122e-01
1.415000000000001812e+01 4.156227485835508606e-01
1.417000000000001769e+01 4.172444195694806623e-01
1.419000000000001727e+01 4.095485311594349032e-01
1.421000000000001684e+01 3.929843265714732525e-01
1.423000000000001641e+01 3.847467575321616429e-01
1.425000000000001599e+01 3.794208454884045456e-01
1.427000000000001556e+01 3.672492576764184169e-01
1.429000000000001513e+01 3.545623869086660940e-01
1.431000000000001471e+01 3.506741951648228994e-01
1.433000000000001428e+01 3.332769295163173773e-01
1.435000000000001386e+01 3.320293542695593736e-01
1.437000000000001343e+01 3.222678818178818516e-01
1.439000000000001300e+01 3.043090844852103238e-01
1.441000000000001258e+01 3.173518563373965984e-01
1.443000000000001215e+01 3.071417130922035055e-01
1.445000000000001172e+01 3.140125725179923055e-01
1.447000000000001130e+01 2.743856956762636412e-01
1.449000000000001087e+01 2.817765732081926600e-01
1.451000000000001044e+01 2.455124127386066057e-01
1.453000000000001002e+01 2.279185012431899360e-01
1.455000000000000959e+01 1.834117666138348479e-01
1.457000000000000917e+01 1.364076437918246565e-01
1.459000000000000874e+01 1.252100507988966049e-01
1.461000000000000831e+01 8.634283833461418867e-02
1.463000000000000789e+01 6.399798037410975304e-02
1.465000000000000746e+01 2.800813724444342276e-02
1.467000000000000703e+01 1.962726393486861551e-02
1.469000000000000661e+01 1.125718016978145657e-02
1.471000000000000618e+01 1.122835132537268292e-02
1.473000000000000576e+01 2.821352139428320079e-03
1.475000000000000533e+01 2.808803348301001663e-03
1.477000000000000490e+01 0.000000000000000000e+00
1.479000000000000448e+01 0.000000000000000000e+00
1.481000000000000405e+01 0.000000000000000000e+00
1.483000000000000362e+01 0.000000000000000000e+00
1.485000000000000320e+01 0.000000000000000000e+00
1.487000000000000277e+01 0.000000000000000000e+00
1.489000000000000234e+01 0.000000000000000000e+00
1.491000000000000192e+01 0.000000000000000000e+00
1.493000000000000149e+01 0.000000000000000000e+00
1.495000000000000107e+01 0.000000000000000000e+00
1.497000000000000064e+01 0.000000000000000000e+00
1.499000000000000021e+01 0.000000000000000000e+00
