# Redshift		Merger Rate Density [Gpc^-3yr^-1]
1.000000000031931770e-02 1.057739723198453063e+01
3.000000000031888964e-02 1.051171654959494006e+01
5.000000000031846331e-02 1.045480046213428693e+01
7.000000000031804392e-02 1.107321088315888424e+01
9.000000000031761760e-02 1.115980964218418592e+01
1.100000000003171913e-01 1.126664402698565048e+01
1.300000000003167511e-01 1.113207760958741765e+01
1.500000000003163247e-01 1.138149678879844906e+01
1.700000000003158984e-01 1.207787760043309611e+01
1.900000000003154721e-01 1.214445580290285598e+01
2.100000000003150458e-01 1.171895034588137641e+01
2.300000000003146194e-01 1.223956930628603246e+01
2.500000000003141931e-01 1.290866803355692838e+01
2.700000000003137668e-01 1.266012597390140293e+01
2.900000000003133405e-01 1.293222254857096587e+01
3.100000000003129141e-01 1.307529530243723492e+01
3.300000000003124878e-01 1.288651361658109629e+01
3.500000000003120615e-01 1.359980364306657918e+01
3.700000000003116352e-01 1.427644098498176106e+01
3.900000000003112088e-01 1.371725235413538968e+01
4.100000000003107825e-01 1.424064237809939826e+01
4.300000000003103562e-01 1.473783460914026655e+01
4.500000000003099299e-01 1.510157304714648063e+01
4.700000000003095035e-01 1.526332767149921743e+01
4.900000000003090772e-01 1.522241623793981624e+01
5.100000000003086509e-01 1.640515008336020131e+01
5.300000000003082246e-01 1.590975687164758945e+01
5.500000000003077982e-01 1.636447643535709418e+01
5.700000000003073719e-01 1.716385226104496198e+01
5.900000000003069456e-01 1.670080818005139278e+01
6.100000000003065193e-01 1.748076712621605111e+01
6.300000000003060929e-01 1.758871738207495383e+01
6.500000000003056666e-01 1.817155954713090082e+01
6.700000000003052403e-01 1.734707787506790666e+01
6.900000000003048140e-01 1.777377958548538572e+01
7.100000000003043876e-01 1.794955842309127192e+01
7.300000000003039613e-01 1.833946559247148400e+01
7.500000000003035350e-01 1.907561935733563629e+01
7.700000000003031086e-01 1.901919420742330757e+01
7.900000000003026823e-01 1.999991332891486806e+01
8.100000000003022560e-01 1.987407755335143733e+01
8.300000000003018297e-01 2.019733564125594683e+01
8.500000000003014033e-01 2.096850596228298613e+01
8.700000000003009770e-01 2.062575858351080527e+01
8.900000000003005507e-01 2.097704323265022808e+01
9.100000000003001244e-01 2.148127328837975725e+01
9.300000000002996980e-01 2.145955396751664424e+01
9.500000000002992717e-01 2.101603280339959312e+01
9.700000000002988454e-01 2.202758322976731975e+01
9.900000000002984191e-01 2.156748479009791808e+01
1.010000000000297993e+00 2.199914773778576560e+01
1.030000000000297566e+00 2.292676132420184487e+01
1.050000000000297140e+00 2.180441856435333747e+01
1.070000000000296714e+00 2.216181923431592793e+01
1.090000000000296287e+00 2.215101155712521575e+01
1.110000000000295861e+00 2.261583341388596224e+01
1.130000000000295435e+00 2.250280178620704064e+01
1.150000000000295008e+00 2.311580561771121012e+01
1.170000000000294582e+00 2.253619531514574348e+01
1.190000000000294156e+00 2.300482692774783899e+01
1.210000000000293729e+00 2.235058710652812763e+01
1.230000000000293303e+00 2.283592484134336686e+01
1.250000000000292877e+00 2.275415645928926978e+01
1.270000000000292451e+00 2.266885239421335285e+01
1.290000000000292024e+00 2.215759463658951134e+01
1.310000000000291598e+00 2.298975670771606161e+01
1.330000000000291172e+00 2.236841947800094843e+01
1.350000000000290745e+00 2.233157046598192963e+01
1.370000000000290319e+00 2.288711291417231664e+01
1.390000000000289893e+00 2.290200730352667691e+01
1.410000000000289466e+00 2.300815502118989286e+01
1.430000000000289040e+00 2.265904894372706124e+01
1.450000000000288614e+00 2.227170788358562348e+01
1.470000000000288187e+00 2.284148909013287820e+01
1.490000000000287761e+00 2.321143269479195581e+01
1.510000000000287335e+00 2.215326923146279015e+01
1.530000000000286908e+00 2.241234910759222743e+01
1.550000000000286482e+00 2.150483597822553961e+01
1.570000000000286056e+00 2.252515867484193990e+01
1.590000000000285629e+00 2.179614355262671310e+01
1.610000000000285203e+00 2.205935742759385931e+01
1.630000000000284777e+00 2.231831110675267738e+01
1.650000000000284350e+00 2.177237835403722599e+01
1.670000000000283924e+00 2.269313897718649642e+01
1.690000000000283498e+00 2.201951967253576470e+01
1.710000000000283071e+00 2.211283596503954030e+01
1.730000000000282645e+00 2.214277686784200228e+01
1.750000000000282219e+00 2.263370341038977074e+01
1.770000000000281792e+00 2.213402748789820507e+01
1.790000000000281366e+00 2.146518451244740433e+01
1.810000000000280940e+00 2.253315228614619770e+01
1.830000000000280513e+00 2.167415222635967709e+01
1.850000000000280087e+00 2.166109230466269508e+01
1.870000000000279661e+00 2.194043946532996969e+01
1.890000000000279234e+00 2.155272350207485843e+01
1.910000000000278808e+00 2.159195400978715895e+01
1.930000000000278382e+00 2.140388185846040869e+01
1.950000000000277955e+00 2.190011368450288032e+01
1.970000000000277529e+00 2.152821610434702038e+01
1.990000000000277103e+00 2.218824595084355877e+01
2.010000000000276899e+00 2.151735114909533308e+01
2.030000000000276472e+00 2.146565811573919902e+01
2.050000000000276046e+00 2.192653682877970667e+01
2.070000000000275620e+00 2.192785410315022077e+01
2.090000000000275193e+00 2.169113069954541473e+01
2.110000000000274767e+00 2.132741360698650368e+01
2.130000000000274341e+00 2.146603290951760457e+01
2.150000000000273914e+00 2.163077242425159596e+01
2.170000000000273488e+00 2.158358170146507149e+01
2.190000000000273062e+00 2.127811479019185370e+01
2.210000000000272635e+00 2.152271524594312879e+01
2.230000000000272209e+00 2.117318210215477237e+01
2.250000000000271783e+00 2.125473259537027459e+01
2.270000000000271356e+00 2.106445984277940298e+01
2.290000000000270930e+00 2.093578346522355460e+01
2.310000000000270504e+00 2.114916422157513765e+01
2.330000000000270077e+00 2.084486228652959028e+01
2.350000000000269651e+00 2.053106578110229208e+01
2.370000000000269225e+00 2.112479965493890788e+01
2.390000000000268798e+00 2.079603290005718819e+01
2.410000000000268372e+00 2.051019674496001244e+01
2.430000000000267946e+00 2.095326343855000317e+01
2.450000000000267519e+00 2.046946738265061327e+01
2.470000000000267093e+00 2.068577885028909691e+01
2.490000000000266667e+00 2.021548549935165440e+01
2.510000000000266240e+00 2.078637033472849893e+01
2.530000000000265814e+00 2.063923185378058278e+01
2.550000000000265388e+00 2.033058689485426740e+01
2.570000000000264961e+00 2.033289548249207002e+01
2.590000000000264535e+00 2.062125908102062510e+01
2.610000000000264109e+00 2.000046919541906121e+01
2.630000000000263682e+00 2.003326568822207321e+01
2.650000000000263256e+00 2.099897670260458327e+01
2.670000000000262830e+00 1.970209276858169645e+01
2.690000000000262403e+00 2.026889564244508080e+01
2.710000000000261977e+00 2.004709909452226668e+01
2.730000000000261551e+00 1.972605283147408173e+01
2.750000000000261124e+00 2.040065858611220051e+01
2.770000000000260698e+00 1.993013492155502675e+01
2.790000000000260272e+00 1.978807464546697403e+01
2.810000000000259845e+00 1.966201853858421345e+01
2.830000000000259419e+00 2.006060855664630083e+01
2.850000000000258993e+00 1.978904235179605564e+01
2.870000000000258567e+00 2.002310760262322020e+01
2.890000000000258140e+00 1.954913435620276374e+01
2.910000000000257714e+00 1.930924338938146789e+01
2.930000000000257288e+00 1.995649889547998868e+01
2.950000000000256861e+00 1.949993346684419393e+01
2.970000000000256435e+00 1.943552540457435285e+01
2.990000000000256009e+00 1.974772849297172783e+01
3.010000000000255582e+00 1.899147276249423655e+01
3.030000000000255156e+00 1.942783064499936074e+01
3.050000000000254730e+00 1.900844395702758050e+01
3.070000000000254303e+00 1.933211618552304145e+01
3.090000000000253877e+00 1.941474367693696479e+01
3.110000000000253451e+00 1.911584784852259489e+01
3.130000000000253024e+00 1.904827092926275256e+01
3.150000000000252598e+00 1.930283303611776091e+01
3.170000000000252172e+00 1.897194239292976903e+01
3.190000000000251745e+00 1.925268502621245759e+01
3.210000000000251319e+00 1.889650362084278257e+01
3.230000000000250893e+00 1.914126699436191359e+01
3.250000000000250466e+00 1.887383395708473799e+01
3.270000000000250040e+00 1.883373006608345079e+01
3.290000000000249614e+00 1.903147824575081160e+01
3.310000000000249187e+00 1.860612088653011043e+01
3.330000000000248761e+00 1.867278367916911108e+01
3.350000000000248335e+00 1.929917246346590076e+01
3.370000000000247908e+00 1.856075893956431244e+01
3.390000000000247482e+00 1.863855934773231127e+01
3.410000000000247056e+00 1.857429873455984293e+01
3.430000000000246629e+00 1.794599259940957836e+01
3.450000000000246203e+00 1.895325666473914694e+01
3.470000000000245777e+00 1.833313027066950696e+01
3.490000000000245350e+00 1.879237963284289492e+01
3.510000000000244924e+00 1.807434632291022680e+01
3.530000000000244498e+00 1.812777789473475565e+01
3.550000000000244071e+00 1.816290632509557312e+01
3.570000000000243645e+00 1.809455664590233681e+01
3.590000000000243219e+00 1.766277505874506559e+01
3.610000000000242792e+00 1.788837482308857929e+01
3.630000000000242366e+00 1.752770392464051952e+01
3.650000000000241940e+00 1.767136356884805792e+01
3.670000000000241513e+00 1.749611566497110715e+01
3.690000000000241087e+00 1.728754792928144113e+01
3.710000000000240661e+00 1.769231364072609480e+01
3.730000000000240234e+00 1.736716060269226958e+01
3.750000000000239808e+00 1.721358252437626035e+01
3.770000000000239382e+00 1.706761497686381546e+01
3.790000000000238956e+00 1.700825807870685580e+01
3.810000000000238529e+00 1.690295477859631390e+01
3.830000000000238103e+00 1.685789429392489325e+01
3.850000000000237677e+00 1.669823396335729626e+01
3.870000000000237250e+00 1.689008759707849805e+01
3.890000000000236824e+00 1.653692996270062565e+01
3.910000000000236398e+00 1.653698955794557435e+01
3.930000000000235971e+00 1.650040707720556554e+01
3.950000000000235545e+00 1.689857384020689679e+01
3.970000000000235119e+00 1.619168378006282083e+01
3.990000000000234692e+00 1.629334381414297539e+01
4.010000000000234266e+00 1.574910461707254328e+01
4.030000000000233840e+00 1.658738624220261570e+01
4.050000000000233413e+00 1.582311108710941205e+01
4.070000000000232987e+00 1.574160301428346820e+01
4.090000000000232561e+00 1.639898006373577033e+01
4.110000000000232134e+00 1.541562487702615947e+01
4.130000000000231708e+00 1.565300155041200902e+01
4.150000000000231282e+00 1.569777883899959292e+01
4.170000000000230855e+00 1.559748176952723142e+01
4.190000000000230429e+00 1.551408877517348550e+01
4.210000000000230003e+00 1.542451195549792864e+01
4.230000000000229576e+00 1.496530045218917593e+01
4.250000000000229150e+00 1.519452549838137756e+01
4.270000000000228724e+00 1.505418611338328461e+01
4.290000000000228297e+00 1.484989204026136633e+01
4.310000000000227871e+00 1.532678371373080495e+01
4.330000000000227445e+00 1.487238089200422131e+01
4.350000000000227018e+00 1.468543409212593431e+01
4.370000000000226592e+00 1.461575022532480794e+01
4.390000000000226166e+00 1.478597647973087348e+01
4.410000000000225739e+00 1.461381774295613489e+01
4.430000000000225313e+00 1.465061030475469295e+01
4.450000000000224887e+00 1.478422049829829277e+01
4.470000000000224460e+00 1.439536558872588579e+01
4.490000000000224034e+00 1.443811131556908833e+01
4.510000000000223608e+00 1.424892251092816764e+01
4.530000000000223181e+00 1.403397828797947966e+01
4.550000000000222755e+00 1.421408117197170284e+01
4.570000000000222329e+00 1.429277573206973173e+01
4.590000000000221902e+00 1.387846855889281450e+01
4.610000000000221476e+00 1.396456266232256382e+01
4.630000000000221050e+00 1.390902240205376295e+01
4.650000000000220624e+00 1.396810547880965636e+01
4.670000000000220197e+00 1.433837618874414943e+01
4.690000000000219771e+00 1.388451939987619355e+01
4.710000000000219345e+00 1.380924303045957480e+01
4.730000000000218918e+00 1.388431033007513626e+01
4.750000000000218492e+00 1.374103221271483122e+01
4.770000000000218066e+00 1.386810443945915594e+01
4.790000000000217639e+00 1.392517388861189609e+01
4.810000000000217213e+00 1.400442704197960708e+01
4.830000000000216787e+00 1.359649093369157136e+01
4.850000000000216360e+00 1.353074510069328262e+01
4.870000000000215934e+00 1.404816290581446658e+01
4.890000000000215508e+00 1.361847870566085739e+01
4.910000000000215081e+00 1.348239087437919892e+01
4.930000000000214655e+00 1.406833336196360129e+01
4.950000000000214229e+00 1.336222466006598353e+01
4.970000000000213802e+00 1.385768445204674215e+01
4.990000000000213376e+00 1.362961597373608136e+01
5.010000000000212950e+00 1.350938187902721310e+01
5.030000000000212523e+00 1.357135611057621105e+01
5.050000000000212097e+00 1.332317485786060374e+01
5.070000000000211671e+00 1.344889342581486069e+01
5.090000000000211244e+00 1.321522695141120707e+01
5.110000000000210818e+00 1.342933882302683735e+01
5.130000000000210392e+00 1.328739976521808863e+01
5.150000000000209965e+00 1.301910894137723673e+01
5.170000000000209539e+00 1.334764530319380960e+01
5.190000000000209113e+00 1.298083194083162262e+01
5.210000000000208686e+00 1.296070528700720992e+01
5.230000000000208260e+00 1.287596368844991268e+01
5.250000000000207834e+00 1.275498843195058818e+01
5.270000000000207407e+00 1.258579494543749888e+01
5.290000000000206981e+00 1.302507615582110923e+01
5.310000000000206555e+00 1.245297442228803675e+01
5.330000000000206128e+00 1.234594687284516290e+01
5.350000000000205702e+00 1.252796193567924554e+01
5.370000000000205276e+00 1.220741441690834783e+01
5.390000000000204849e+00 1.255284965781064699e+01
5.410000000000204423e+00 1.196629877160182076e+01
5.430000000000203997e+00 1.240454181869957218e+01
5.450000000000203570e+00 1.205344251627485441e+01
5.470000000000203144e+00 1.148706009841085596e+01
5.490000000000202718e+00 1.212907100389015191e+01
5.510000000000202292e+00 1.195296448314983984e+01
5.530000000000201865e+00 1.208275968517089183e+01
5.550000000000201439e+00 1.135800409192393268e+01
5.570000000000201013e+00 1.175995169222428238e+01
5.590000000000200586e+00 1.178419053152339835e+01
5.610000000000200160e+00 1.115861864722560881e+01
5.630000000000199734e+00 1.139981486090839802e+01
5.650000000000199307e+00 1.116128610511838204e+01
5.670000000000198881e+00 1.147556000631267459e+01
5.690000000000198455e+00 1.111110982865798569e+01
5.710000000000198028e+00 1.108101292026916163e+01
5.730000000000197602e+00 1.115598522946272553e+01
5.750000000000197176e+00 1.087891949977281314e+01
5.770000000000196749e+00 1.086338177949428818e+01
5.790000000000196323e+00 1.082162185825628242e+01
5.810000000000195897e+00 1.070448014188805175e+01
5.830000000000195470e+00 1.067303457852983684e+01
5.850000000000195044e+00 1.076170448152958947e+01
5.870000000000194618e+00 1.061167555582009392e+01
5.890000000000194191e+00 1.076250912165405360e+01
5.910000000000193765e+00 1.038069404212738789e+01
5.930000000000193339e+00 1.063400570561421254e+01
5.950000000000192912e+00 1.035817716628141127e+01
5.970000000000192486e+00 1.054498977864188092e+01
5.990000000000192060e+00 1.050062066877153555e+01
6.010000000000191633e+00 1.046134908715270839e+01
6.030000000000191207e+00 1.056457671137446397e+01
6.050000000000190781e+00 1.032395523286423611e+01
6.070000000000190354e+00 1.042737664554611143e+01
6.090000000000189928e+00 1.024112299273027205e+01
6.110000000000189502e+00 1.058735223356858235e+01
6.130000000000189075e+00 1.032456087353878793e+01
6.150000000000188649e+00 1.039704901443218787e+01
6.170000000000188223e+00 1.055062873039538829e+01
6.190000000000187796e+00 1.034359138279860346e+01
6.210000000000187370e+00 1.042415751800839452e+01
6.230000000000186944e+00 1.052935123665571737e+01
6.250000000000186517e+00 1.053478435909383393e+01
6.270000000000186091e+00 1.062237230900346852e+01
6.290000000000185665e+00 1.035789033208043186e+01
6.310000000000185238e+00 1.036121880986195087e+01
6.330000000000184812e+00 1.068106376097174781e+01
6.350000000000184386e+00 1.065948212440156517e+01
6.370000000000183960e+00 1.051945401907933864e+01
6.390000000000183533e+00 1.069403643111434299e+01
6.410000000000183107e+00 1.084991403557132550e+01
6.430000000000182681e+00 1.048136723917776791e+01
6.450000000000182254e+00 1.087397743057166544e+01
6.470000000000181828e+00 1.087839349159343705e+01
6.490000000000181402e+00 1.089557982081579546e+01
6.510000000000180975e+00 1.072729318929928688e+01
6.530000000000180549e+00 1.105898327421422600e+01
6.550000000000180123e+00 1.050795191988544097e+01
6.570000000000179696e+00 1.101266550692260360e+01
6.590000000000179270e+00 1.101435245072327973e+01
6.610000000000178844e+00 1.105482269430236641e+01
6.630000000000178417e+00 1.082629049097067941e+01
6.650000000000177991e+00 1.102397311598191898e+01
6.670000000000177565e+00 1.103922430381796715e+01
6.690000000000177138e+00 1.115362286487994936e+01
6.710000000000176712e+00 1.104746775982378537e+01
6.730000000000176286e+00 1.097485977548795333e+01
6.750000000000175859e+00 1.120571803908884689e+01
6.770000000000175433e+00 1.092338727334879245e+01
6.790000000000175007e+00 1.132762396509677494e+01
6.810000000000174580e+00 1.109292699336691435e+01
6.830000000000174154e+00 1.072119300755350402e+01
6.850000000000173728e+00 1.098204926842078244e+01
6.870000000000173301e+00 1.090099079662103776e+01
6.890000000000172875e+00 1.094019768007526316e+01
6.910000000000172449e+00 1.095220057343741438e+01
6.930000000000172022e+00 1.070660462674691082e+01
6.950000000000171596e+00 1.082881736179302301e+01
6.970000000000171170e+00 1.079593873672316384e+01
6.990000000000170743e+00 1.057918855036063377e+01
7.010000000000170317e+00 1.066664056948722461e+01
7.030000000000169891e+00 1.085687928353601528e+01
7.050000000000169464e+00 1.041480757230173992e+01
7.070000000000169038e+00 1.049978159646265752e+01
7.090000000000168612e+00 1.041279150144911902e+01
7.110000000000168185e+00 1.052014863873998074e+01
7.130000000000167759e+00 1.051115134367372050e+01
7.150000000000167333e+00 1.000351668312260323e+01
7.170000000000166906e+00 1.034950375629082231e+01
7.190000000000166480e+00 1.003726146808288178e+01
7.210000000000166054e+00 9.973831866033394888e+00
7.230000000000165628e+00 1.000933047152820698e+01
7.250000000000165201e+00 9.886548315366447071e+00
7.270000000000164775e+00 9.792738214573644129e+00
7.290000000000164349e+00 9.623101422382388748e+00
7.310000000000163922e+00 9.794119554538664119e+00
7.330000000000163496e+00 9.691595999587624632e+00
7.350000000000163070e+00 9.595604936186294509e+00
7.370000000000162643e+00 9.450584407385210994e+00
7.390000000000162217e+00 9.322780862147581615e+00
7.410000000000161791e+00 9.253198060150578996e+00
7.430000000000161364e+00 9.374466232452586922e+00
7.450000000000160938e+00 9.443072012326137354e+00
7.470000000000160512e+00 9.172006395128731171e+00
7.490000000000160085e+00 9.106550136614867341e+00
7.510000000000159659e+00 9.124022393368225181e+00
7.530000000000159233e+00 9.097551667390346708e+00
7.550000000000158806e+00 9.008438199365421895e+00
7.570000000000158380e+00 8.866582631166577855e+00
7.590000000000157954e+00 8.887957745578097146e+00
7.610000000000157527e+00 8.824817362422029632e+00
7.630000000000157101e+00 8.806530590680759829e+00
7.650000000000156675e+00 8.795296478075576019e+00
7.670000000000156248e+00 8.763953516943898236e+00
7.690000000000155822e+00 8.511855410146898393e+00
7.710000000000155396e+00 8.889214007742067380e+00
7.730000000000154969e+00 8.529001319109376311e+00
7.750000000000154543e+00 8.686602089863493248e+00
7.770000000000154117e+00 8.741925395187557513e+00
7.790000000000153690e+00 8.605541243325896872e+00
7.810000000000153264e+00 8.697908916565417314e+00
7.830000000000152838e+00 8.587264319900040022e+00
7.850000000000152411e+00 8.576844385280024241e+00
7.870000000000151985e+00 8.597129131913060718e+00
7.890000000000151559e+00 8.607322653107765120e+00
7.910000000000151132e+00 8.477879623801991116e+00
7.930000000000150706e+00 8.668665253838168994e+00
7.950000000000150280e+00 8.471805124432545853e+00
7.970000000000149853e+00 8.459002886507477115e+00
7.990000000000149427e+00 8.656235729979186999e+00
8.010000000000149001e+00 8.530695074838677172e+00
8.030000000000148574e+00 8.664716255227215669e+00
8.050000000000148148e+00 8.502315311853875457e+00
8.070000000000147722e+00 8.524674956743277576e+00
8.090000000000147296e+00 8.519297462980158997e+00
8.110000000000146869e+00 8.529608049044430373e+00
8.130000000000146443e+00 8.508692968376964316e+00
8.150000000000146017e+00 8.600059650158813795e+00
8.170000000000145590e+00 8.627782898376217702e+00
8.190000000000145164e+00 8.561464377569025785e+00
8.210000000000144738e+00 8.441314347523656281e+00
8.230000000000144311e+00 8.498656870651153383e+00
8.250000000000143885e+00 8.428871634421032155e+00
8.270000000000143459e+00 8.508004658695243805e+00
8.290000000000143032e+00 8.530909578481535860e+00
8.310000000000142606e+00 8.485955802049678809e+00
8.330000000000142180e+00 8.506744669097484390e+00
8.350000000000141753e+00 8.436619971590111788e+00
8.370000000000141327e+00 8.504974818057053909e+00
8.390000000000140901e+00 8.309084746326423243e+00
8.410000000000140474e+00 8.308701645240905265e+00
8.430000000000140048e+00 8.373509558270065156e+00
8.450000000000139622e+00 8.328144577440475871e+00
8.470000000000139195e+00 8.299247842250972340e+00
8.490000000000138769e+00 8.344471013052372044e+00
8.510000000000138343e+00 8.273377199634747825e+00
8.530000000000137916e+00 8.120959361036282687e+00
8.550000000000137490e+00 8.072152601552025075e+00
8.570000000000137064e+00 8.042335679785706404e+00
8.590000000000136637e+00 8.219695385884335792e+00
8.610000000000136211e+00 8.019425402677951453e+00
8.630000000000135785e+00 7.970456204348739249e+00
8.650000000000135358e+00 7.996653896764666314e+00
8.670000000000134932e+00 7.888242768810432182e+00
8.690000000000134506e+00 7.882447374971897958e+00
8.710000000000134079e+00 7.799171787467548356e+00
8.730000000000133653e+00 7.769755429690476056e+00
8.750000000000133227e+00 7.776049225130771347e+00
8.770000000000132800e+00 7.628127029564391037e+00
8.790000000000132374e+00 7.580691405136665395e+00
8.810000000000131948e+00 7.551486468549427400e+00
8.830000000000131521e+00 7.505788041647742936e+00
8.850000000000131095e+00 7.542788675383324204e+00
8.870000000000130669e+00 7.463670423607579707e+00
8.890000000000130242e+00 7.370703785827980248e+00
8.910000000000129816e+00 7.432595029640256534e+00
8.930000000000129390e+00 7.273989747615678070e+00
8.950000000000128964e+00 7.201208058844356330e+00
8.970000000000128537e+00 7.204385861615414832e+00
8.990000000000128111e+00 7.171168018053059257e+00
9.010000000000127685e+00 7.083342443767215002e+00
9.030000000000127258e+00 7.115056787342775912e+00
9.050000000000126832e+00 6.969161635097366414e+00
9.070000000000126406e+00 6.999944247303765188e+00
9.090000000000125979e+00 6.876106225212813783e+00
9.110000000000125553e+00 6.907360740205327865e+00
9.130000000000125127e+00 6.760908787615452553e+00
9.150000000000124700e+00 6.756161964581388624e+00
9.170000000000124274e+00 6.827131324785757904e+00
9.190000000000123848e+00 6.702126902803775543e+00
9.210000000000123421e+00 6.710274898812837563e+00
9.230000000000122995e+00 6.666742757504779959e+00
9.250000000000122569e+00 6.540020849127296643e+00
9.270000000000122142e+00 6.573976217559190260e+00
9.290000000000121716e+00 6.482368288624082098e+00
9.310000000000121290e+00 6.440178397605275329e+00
9.330000000000120863e+00 6.446429774200821861e+00
9.350000000000120437e+00 6.405534971696290825e+00
9.370000000000120011e+00 6.310263340792575448e+00
9.390000000000119584e+00 6.314624471186368382e+00
9.410000000000119158e+00 6.294919930445868950e+00
9.430000000000118732e+00 6.251912456820998720e+00
9.450000000000118305e+00 6.087393818042004412e+00
9.470000000000117879e+00 6.153635628604037677e+00
9.490000000000117453e+00 6.053268425838324696e+00
9.510000000000117026e+00 6.139636024628560840e+00
9.530000000000116600e+00 5.985573667850948354e+00
9.550000000000116174e+00 5.950541833482421161e+00
9.570000000000115747e+00 5.940890087700671174e+00
9.590000000000115321e+00 5.963913250922097120e+00
9.610000000000114895e+00 5.901035343787924603e+00
9.630000000000114468e+00 5.742086663806830416e+00
9.650000000000114042e+00 5.848675972906326237e+00
9.670000000000113616e+00 5.696485067386815260e+00
9.690000000000113189e+00 5.748966427597684614e+00
9.710000000000112763e+00 5.614504027277478215e+00
9.730000000000112337e+00 5.606789631913712491e+00
9.750000000000111910e+00 5.577138266759358309e+00
9.770000000000111484e+00 5.626228105653768630e+00
9.790000000000111058e+00 5.505050681389382028e+00
9.810000000000110632e+00 5.420348394747083631e+00
9.830000000000110205e+00 5.316551725733640765e+00
9.850000000000109779e+00 5.453625171150500606e+00
9.870000000000109353e+00 5.355376627406702283e+00
9.890000000000108926e+00 5.257786177512593362e+00
9.910000000000108500e+00 5.238225774176741290e+00
9.930000000000108074e+00 5.258487789657777967e+00
9.950000000000107647e+00 5.192061671729839567e+00
9.970000000000107221e+00 5.129150287828607269e+00
9.990000000000106795e+00 5.087478465811114958e+00
1.001000000000010637e+01 5.101117406965304468e+00
1.003000000000010594e+01 5.101710901104366869e+00
1.005000000000010552e+01 4.976411236456438125e+00
1.007000000000010509e+01 4.969261592233317870e+00
1.009000000000010466e+01 4.889822949322710777e+00
1.011000000000010424e+01 4.938029710714056719e+00
1.013000000000010381e+01 4.813422472940751540e+00
1.015000000000010338e+01 4.788453937220556789e+00
1.017000000000010296e+01 4.750240334018291932e+00
1.019000000000010253e+01 4.788969297190086571e+00
1.021000000000010210e+01 4.652500458719663001e+00
1.023000000000010168e+01 4.734744902362495012e+00
1.025000000000010125e+01 4.623823111165540567e+00
1.027000000000010083e+01 4.634718841626082053e+00
1.029000000000010040e+01 4.598124823360413949e+00
1.031000000000009997e+01 4.589420010692546015e+00
1.033000000000009955e+01 4.458713365930791817e+00
1.035000000000009912e+01 4.470947926370977044e+00
1.037000000000009869e+01 4.488726730517593744e+00
1.039000000000009827e+01 4.403008514179033384e+00
1.041000000000009784e+01 4.393470884382346675e+00
1.043000000000009742e+01 4.328460026855763587e+00
1.045000000000009699e+01 4.315991647205113857e+00
1.047000000000009656e+01 4.308154891719912172e+00
1.049000000000009614e+01 4.345613624806786923e+00
1.051000000000009571e+01 4.235742195521504883e+00
1.053000000000009528e+01 4.164024654848109464e+00
1.055000000000009486e+01 4.149866072788316984e+00
1.057000000000009443e+01 4.074648148072954612e+00
1.059000000000009400e+01 4.068139835972083063e+00
1.061000000000009358e+01 4.080449096982873947e+00
1.063000000000009315e+01 4.044470921702042254e+00
1.065000000000009273e+01 4.021871732829715995e+00
1.067000000000009230e+01 3.933253653529269478e+00
1.069000000000009187e+01 3.895789088772923403e+00
1.071000000000009145e+01 3.849660716278484163e+00
1.073000000000009102e+01 3.874943962055220403e+00
1.075000000000009059e+01 3.796335610423289708e+00
1.077000000000009017e+01 3.760567763053341839e+00
1.079000000000008974e+01 3.723696083959238567e+00
1.081000000000008932e+01 3.748331489150022122e+00
1.083000000000008889e+01 3.731905897125474159e+00
1.085000000000008846e+01 3.618119030502922051e+00
1.087000000000008804e+01 3.630097972985773858e+00
1.089000000000008761e+01 3.532240169012858200e+00
1.091000000000008718e+01 3.562200905889306934e+00
1.093000000000008676e+01 3.511052464792739247e+00
1.095000000000008633e+01 3.461431733398962152e+00
1.097000000000008590e+01 3.527660031978220534e+00
1.099000000000008548e+01 3.381656675528964318e+00
1.101000000000008505e+01 3.404313237894458499e+00
1.103000000000008463e+01 3.363406249584036001e+00
1.105000000000008420e+01 3.301613921356307380e+00
1.107000000000008377e+01 3.364133738337792501e+00
1.109000000000008335e+01 3.307898563210618814e+00
1.111000000000008292e+01 3.237604284304687496e+00
1.113000000000008249e+01 3.218882888863236147e+00
1.115000000000008207e+01 3.200736383478624436e+00
1.117000000000008164e+01 3.139362744670419314e+00
1.119000000000008122e+01 3.183447302499974096e+00
1.121000000000008079e+01 3.137078512864086566e+00
1.123000000000008036e+01 3.035791879039685615e+00
1.125000000000007994e+01 3.054083680715106386e+00
1.127000000000007951e+01 3.089207787434955943e+00
1.129000000000007908e+01 3.024634075635861841e+00
1.131000000000007866e+01 2.985283638383218197e+00
1.133000000000007823e+01 2.983510752187728432e+00
1.135000000000007780e+01 3.007267834833234676e+00
1.137000000000007738e+01 2.903599034154446645e+00
1.139000000000007695e+01 2.888983061705129085e+00
1.141000000000007653e+01 2.958506191896376425e+00
1.143000000000007610e+01 2.830256254188691312e+00
1.145000000000007567e+01 2.857676503382805766e+00
1.147000000000007525e+01 2.779894112083280966e+00
1.149000000000007482e+01 2.804640838397438607e+00
1.151000000000007439e+01 2.760332083157980954e+00
1.153000000000007397e+01 2.767479662918067351e+00
1.155000000000007354e+01 2.706543466107732776e+00
1.157000000000007311e+01 2.763619487727265955e+00
1.159000000000007269e+01 2.718249373555429838e+00
1.161000000000007226e+01 2.682010291486494946e+00
1.163000000000007184e+01 2.706709306473280119e+00
1.165000000000007141e+01 2.593593230239237268e+00
1.167000000000007098e+01 2.635465154324896364e+00
1.169000000000007056e+01 2.683190303742040594e+00
1.171000000000007013e+01 2.568504758441624070e+00
1.173000000000006970e+01 2.557108449932054661e+00
1.175000000000006928e+01 2.522546685512435438e+00
1.177000000000006885e+01 2.564896377280970086e+00
1.179000000000006843e+01 2.559001340918457768e+00
1.181000000000006800e+01 2.483060040976793115e+00
1.183000000000006757e+01 2.485266520948115954e+00
1.185000000000006715e+01 2.482677431844886318e+00
1.187000000000006672e+01 2.448324172822144984e+00
1.189000000000006629e+01 2.422904168888263321e+00
1.191000000000006587e+01 2.441072089685938362e+00
1.193000000000006544e+01 2.423984712487169180e+00
1.195000000000006501e+01 2.384212723242163712e+00
1.197000000000006459e+01 2.351098606094379928e+00
1.199000000000006416e+01 2.378609837191466347e+00
1.201000000000006374e+01 2.366361002394233193e+00
1.203000000000006331e+01 2.282536664307441843e+00
1.205000000000006288e+01 2.344897961849833123e+00
1.207000000000006246e+01 2.279189421456972120e+00
1.209000000000006203e+01 2.296609238912877604e+00
1.211000000000006160e+01 2.286850269165901839e+00
1.213000000000006118e+01 2.222066229802339699e+00
1.215000000000006075e+01 2.217996508036066849e+00
1.217000000000006033e+01 2.251456625636922393e+00
1.219000000000005990e+01 2.270059103179859150e+00
1.221000000000005947e+01 2.179922333108375021e+00
1.223000000000005905e+01 2.172278059682363427e+00
1.225000000000005862e+01 2.166610093431943440e+00
1.227000000000005819e+01 2.160752789233393312e+00
1.229000000000005777e+01 2.120958281707211679e+00
1.231000000000005734e+01 2.165003624244455693e+00
1.233000000000005691e+01 2.129544831621181356e+00
1.235000000000005649e+01 2.088269294530443076e+00
1.237000000000005606e+01 2.126030238499326153e+00
1.239000000000005564e+01 2.056100819753064357e+00
1.241000000000005521e+01 2.045530996742068286e+00
1.243000000000005478e+01 2.036613482073500681e+00
1.245000000000005436e+01 2.059063654699933021e+00
1.247000000000005393e+01 2.031838078979639750e+00
1.249000000000005350e+01 2.026751145880328231e+00
1.251000000000005308e+01 1.991169398468347840e+00
1.253000000000005265e+01 1.973208074726301442e+00
1.255000000000005222e+01 2.019953225457867596e+00
1.257000000000005180e+01 1.984343596300235824e+00
1.259000000000005137e+01 1.952828463155028116e+00
1.261000000000005095e+01 1.888609078687604637e+00
1.263000000000005052e+01 1.947478924224488095e+00
1.265000000000005009e+01 1.854934847867976355e+00
1.267000000000004967e+01 1.888284640231806533e+00
1.269000000000004924e+01 1.928374382411107035e+00
1.271000000000004881e+01 1.867787366045818409e+00
1.273000000000004839e+01 1.896846898499828571e+00
1.275000000000004796e+01 1.858616956190696223e+00
1.277000000000004754e+01 1.829350401125415804e+00
1.279000000000004711e+01 1.869426945769971260e+00
1.281000000000004668e+01 1.863554053523022391e+00
1.283000000000004626e+01 1.768128249724111312e+00
1.285000000000004583e+01 1.738371943941656061e+00
1.287000000000004540e+01 1.771774442210777067e+00
1.289000000000004498e+01 1.844419118645914679e+00
1.291000000000004455e+01 1.771970739577034104e+00
1.293000000000004412e+01 1.826737150940492160e+00
1.295000000000004370e+01 1.712202244792463190e+00
1.297000000000004327e+01 1.752254125299087528e+00
1.299000000000004285e+01 1.721942555918051454e+00
1.301000000000004242e+01 1.668095407680521891e+00
1.303000000000004199e+01 1.696372229177523394e+00
1.305000000000004157e+01 1.687470439298879743e+00
1.307000000000004114e+01 1.695411269033022084e+00
1.309000000000004071e+01 1.635835958121498290e+00
1.311000000000004029e+01 1.617921429960748281e+00
1.313000000000003986e+01 1.627979591847122709e+00
1.315000000000003944e+01 1.618257485765001391e+00
1.317000000000003901e+01 1.634430192868062459e+00
1.319000000000003858e+01 1.580839328914956488e+00
1.321000000000003816e+01 1.598256205727970336e+00
1.323000000000003773e+01 1.550517821580269517e+00
1.325000000000003730e+01 1.568161688945393983e+00
1.327000000000003688e+01 1.518070471931366461e+00
1.329000000000003645e+01 1.519629702823196427e+00
1.331000000000003602e+01 1.504416412593873931e+00
1.333000000000003560e+01 1.508860717768617743e+00
1.335000000000003517e+01 1.510191593329003990e+00
1.337000000000003475e+01 1.485990982696589136e+00
1.339000000000003432e+01 1.449515794626161647e+00
1.341000000000003389e+01 1.454064075594997840e+00
1.343000000000003347e+01 1.436490364944653431e+00
1.345000000000003304e+01 1.406634675249001099e+00
1.347000000000003261e+01 1.352653174330706642e+00
1.349000000000003219e+01 1.441740109223797139e+00
1.351000000000003176e+01 1.402752413402385434e+00
1.353000000000003133e+01 1.378831127638968423e+00
1.355000000000003091e+01 1.341021015628797830e+00
1.357000000000003048e+01 1.324326441402302823e+00
1.359000000000003006e+01 1.303189561245013284e+00
1.361000000000002963e+01 1.317521366782740566e+00
1.363000000000002920e+01 1.270122564672102383e+00
1.365000000000002878e+01 1.263510078496166589e+00
1.367000000000002835e+01 1.257056097211569412e+00
1.369000000000002792e+01 1.234358791838560787e+00
1.371000000000002750e+01 1.245385146644249375e+00
1.373000000000002707e+01 1.250803831615246331e+00
1.375000000000002665e+01 1.224718315787062695e+00
1.377000000000002622e+01 1.178324263132900507e+00
1.379000000000002579e+01 1.157737627475296183e+00
1.381000000000002537e+01 1.139032749398045663e+00
1.383000000000002494e+01 1.126689389405608033e+00
1.385000000000002451e+01 1.114466057148207678e+00
1.387000000000002409e+01 1.102716461586224828e+00
1.389000000000002366e+01 1.098748669602630734e+00
1.391000000000002323e+01 1.067532894071907101e+00
1.393000000000002281e+01 1.081836613617140230e+00
1.395000000000002238e+01 9.746119634741884363e-01
1.397000000000002196e+01 9.719757767120588143e-01
1.399000000000002153e+01 9.702736785195721358e-01
1.401000000000002110e+01 9.517275212914115823e-01
1.403000000000002068e+01 9.329967608256648504e-01
1.405000000000002025e+01 9.268574358548795633e-01
1.407000000000001982e+01 9.176904134645644806e-01
1.409000000000001940e+01 9.273066990770825191e-01
1.411000000000001897e+01 8.993285624997465755e-01
1.413000000000001855e+01 8.603660328277691338e-01
1.415000000000001812e+01 8.342254116768786920e-01
1.417000000000001769e+01 8.318172880295765514e-01
1.419000000000001727e+01 7.861289832352242879e-01
1.421000000000001684e+01 7.512903902591882010e-01
1.423000000000001641e+01 7.054066100668052730e-01
1.425000000000001599e+01 6.796230980051309878e-01
1.427000000000001556e+01 6.635982131892443903e-01
1.429000000000001513e+01 6.353221087541284229e-01
1.431000000000001471e+01 5.656904741014699978e-01
1.433000000000001428e+01 5.303780601336037792e-01
1.435000000000001386e+01 4.846392559928535126e-01
1.437000000000001343e+01 4.249984934885030485e-01
1.439000000000001300e+01 3.853193022707622206e-01
1.441000000000001258e+01 3.441373591517378761e-01
1.443000000000001215e+01 2.737117869738993625e-01
1.445000000000001172e+01 2.163848868763436073e-01
1.447000000000001130e+01 1.704171495924244883e-01
1.449000000000001087e+01 1.293946739294143389e-01
1.451000000000001044e+01 9.639842183182333046e-02
1.453000000000001002e+01 6.914897153834168031e-02
1.455000000000000959e+01 5.259843055133424372e-02
1.457000000000000917e+01 3.596775935372829858e-02
1.459000000000000874e+01 2.222278832966344611e-02
1.461000000000000831e+01 1.394667292261220388e-02
1.463000000000000789e+01 1.115019623220055850e-02
1.465000000000000746e+01 5.613955767161233311e-03
1.467000000000000703e+01 5.589023625377467080e-03
1.469000000000000661e+01 5.564233058767912438e-03
1.471000000000000618e+01 0.000000000000000000e+00
1.473000000000000576e+01 0.000000000000000000e+00
1.475000000000000533e+01 0.000000000000000000e+00
1.477000000000000490e+01 0.000000000000000000e+00
1.479000000000000448e+01 0.000000000000000000e+00
1.481000000000000405e+01 0.000000000000000000e+00
1.483000000000000362e+01 0.000000000000000000e+00
1.485000000000000320e+01 0.000000000000000000e+00
1.487000000000000277e+01 0.000000000000000000e+00
1.489000000000000234e+01 0.000000000000000000e+00
1.491000000000000192e+01 0.000000000000000000e+00
1.493000000000000149e+01 0.000000000000000000e+00
1.495000000000000107e+01 0.000000000000000000e+00
1.497000000000000064e+01 0.000000000000000000e+00
1.499000000000000021e+01 0.000000000000000000e+00
