# Redshift		Merger Rate Density [Gpc^-3yr^-1]
1.000000000031931770e-02 1.485013269772240996e+01
3.000000000031888964e-02 1.520866607417881866e+01
5.000000000031846331e-02 1.549692886054224594e+01
7.000000000031804392e-02 1.553898473496498234e+01
9.000000000031761760e-02 1.565730476350985079e+01
1.100000000003171913e-01 1.570070172256676955e+01
1.300000000003167511e-01 1.588332981562349033e+01
1.500000000003163247e-01 1.604349829539860295e+01
1.700000000003158984e-01 1.598587636851673999e+01
1.900000000003154721e-01 1.660706288157978605e+01
2.100000000003150458e-01 1.719261526772115545e+01
2.300000000003146194e-01 1.761822779141575168e+01
2.500000000003141931e-01 1.817310994623787579e+01
2.700000000003137668e-01 1.846735298271611114e+01
2.900000000003133405e-01 1.861915777564101049e+01
3.100000000003129141e-01 1.869087654531912790e+01
3.300000000003124878e-01 1.883070027025886262e+01
3.500000000003120615e-01 1.893343271691651708e+01
3.700000000003116352e-01 1.903941329655654968e+01
3.900000000003112088e-01 1.924256939966109314e+01
4.100000000003107825e-01 1.953422534533275368e+01
4.300000000003103562e-01 1.977543586889276739e+01
4.500000000003099299e-01 2.006932038261055240e+01
4.700000000003095035e-01 2.066145418458572536e+01
4.900000000003090772e-01 2.129103020357307585e+01
5.100000000003086509e-01 2.127367754291535462e+01
5.300000000003082246e-01 2.236406554818569958e+01
5.500000000003077982e-01 2.206887281855416560e+01
5.700000000003073719e-01 2.276767004575452447e+01
5.900000000003069456e-01 2.273450202163288125e+01
6.100000000003065193e-01 2.410159822139509345e+01
6.300000000003060929e-01 2.512207916884349856e+01
6.500000000003056666e-01 2.458513805330837698e+01
6.700000000003052403e-01 2.631078787760732141e+01
6.900000000003048140e-01 2.666902936932971002e+01
7.100000000003043876e-01 2.668680499506967152e+01
7.300000000003039613e-01 2.673085237758310129e+01
7.500000000003035350e-01 2.643442199173340867e+01
7.700000000003031086e-01 2.763693971945950523e+01
7.900000000003026823e-01 2.765323565755042878e+01
8.100000000003022560e-01 2.721080372907096034e+01
8.300000000003018297e-01 2.872021882530771109e+01
8.500000000003014033e-01 2.918666190229639312e+01
8.700000000003009770e-01 2.925730114346018240e+01
8.900000000003005507e-01 3.002163393500720545e+01
9.100000000003001244e-01 3.022024856626065059e+01
9.300000000002996980e-01 2.983122547631493049e+01
9.500000000002992717e-01 3.064453604604655723e+01
9.700000000002988454e-01 3.040129933535395068e+01
9.900000000002984191e-01 3.019063662112715463e+01
1.010000000000297993e+00 3.064219916973196689e+01
1.030000000000297566e+00 3.084329390109583002e+01
1.050000000000297140e+00 3.150190640821135091e+01
1.070000000000296714e+00 3.084472801877986825e+01
1.090000000000296287e+00 3.220830144381048399e+01
1.110000000000295861e+00 3.173361589216127854e+01
1.130000000000295435e+00 3.139219588832152752e+01
1.150000000000295008e+00 3.218780279028916880e+01
1.170000000000294582e+00 3.164029660722994564e+01
1.190000000000294156e+00 3.156957563456813176e+01
1.210000000000293729e+00 3.273679532888874633e+01
1.230000000000293303e+00 3.169617075993161137e+01
1.250000000000292877e+00 3.360913854650932819e+01
1.270000000000292451e+00 3.322797514076393810e+01
1.290000000000292024e+00 3.356247860281170148e+01
1.310000000000291598e+00 3.349618372255864784e+01
1.330000000000291172e+00 3.491179736903081476e+01
1.350000000000290745e+00 3.460383501816271945e+01
1.370000000000290319e+00 3.473294882638482761e+01
1.390000000000289893e+00 3.538557318577834110e+01
1.410000000000289466e+00 3.528120665190099459e+01
1.430000000000289040e+00 3.524119344287240807e+01
1.450000000000288614e+00 3.543054718667345782e+01
1.470000000000288187e+00 3.485628139870462405e+01
1.490000000000287761e+00 3.515565489745915073e+01
1.510000000000287335e+00 3.492413335345787573e+01
1.530000000000286908e+00 3.566246231712437975e+01
1.550000000000286482e+00 3.468746945295691120e+01
1.570000000000286056e+00 3.609857521284386905e+01
1.590000000000285629e+00 3.592159049755279199e+01
1.610000000000285203e+00 3.553656025605409496e+01
1.630000000000284777e+00 3.557122693957264659e+01
1.650000000000284350e+00 3.559383583865259482e+01
1.670000000000283924e+00 3.478821713369215729e+01
1.690000000000283498e+00 3.598664491946626498e+01
1.710000000000283071e+00 3.477464148578440017e+01
1.730000000000282645e+00 3.591324374483910731e+01
1.750000000000282219e+00 3.556128092995566448e+01
1.770000000000281792e+00 3.479175648114006236e+01
1.790000000000281366e+00 3.545865155785823930e+01
1.810000000000280940e+00 3.552159940646516390e+01
1.830000000000280513e+00 3.462949333015763642e+01
1.850000000000280087e+00 3.495042455642881407e+01
1.870000000000279661e+00 3.564640683523357723e+01
1.890000000000279234e+00 3.529980929750333729e+01
1.910000000000278808e+00 3.432898247011650739e+01
1.930000000000278382e+00 3.534873161975242795e+01
1.950000000000277955e+00 3.503370327687380126e+01
1.970000000000277529e+00 3.495354335944417556e+01
1.990000000000277103e+00 3.409971409437084588e+01
2.010000000000276899e+00 3.465443417871991727e+01
2.030000000000276472e+00 3.405742468717038207e+01
2.050000000000276046e+00 3.348567657984909118e+01
2.070000000000275620e+00 3.410662420386339022e+01
2.090000000000275193e+00 3.394652298207388696e+01
2.110000000000274767e+00 3.359685133850138783e+01
2.130000000000274341e+00 3.465195442824032313e+01
2.150000000000273914e+00 3.295762627050245186e+01
2.170000000000273488e+00 3.376355728336150008e+01
2.190000000000273062e+00 3.335260915948167337e+01
2.210000000000272635e+00 3.326179543088898072e+01
2.230000000000272209e+00 3.297128405970084231e+01
2.250000000000271783e+00 3.319128237566546602e+01
2.270000000000271356e+00 3.316399683217235861e+01
2.290000000000270930e+00 3.294831939575250601e+01
2.310000000000270504e+00 3.299283455425184997e+01
2.330000000000270077e+00 3.328840581828098522e+01
2.350000000000269651e+00 3.329746039810008540e+01
2.370000000000269225e+00 3.321980649290563292e+01
2.390000000000268798e+00 3.262005436882721199e+01
2.410000000000268372e+00 3.402557135773347596e+01
2.430000000000267946e+00 3.268277282097192682e+01
2.450000000000267519e+00 3.276113016907187614e+01
2.470000000000267093e+00 3.310139831462936399e+01
2.490000000000266667e+00 3.352506610831527922e+01
2.510000000000266240e+00 3.302943768766147770e+01
2.530000000000265814e+00 3.333438434108371240e+01
2.550000000000265388e+00 3.310421818683553852e+01
2.570000000000264961e+00 3.231297271859622100e+01
2.590000000000264535e+00 3.326531390985213932e+01
2.610000000000264109e+00 3.330910202380571405e+01
2.630000000000263682e+00 3.295675074621772893e+01
2.650000000000263256e+00 3.259051689768637772e+01
2.670000000000262830e+00 3.311476652670302201e+01
2.690000000000262403e+00 3.272264666740223760e+01
2.710000000000261977e+00 3.308430445298649403e+01
2.730000000000261551e+00 3.257322750612647155e+01
2.750000000000261124e+00 3.229003958356251047e+01
2.770000000000260698e+00 3.253737309062832139e+01
2.790000000000260272e+00 3.345362077344859841e+01
2.810000000000259845e+00 3.208805606158195900e+01
2.830000000000259419e+00 3.261407340329321869e+01
2.850000000000258993e+00 3.257921229030707622e+01
2.870000000000258567e+00 3.223345456380295815e+01
2.890000000000258140e+00 3.238561007400027592e+01
2.910000000000257714e+00 3.213503802813516330e+01
2.930000000000257288e+00 3.258083786750585631e+01
2.950000000000256861e+00 3.235468700416939924e+01
2.970000000000256435e+00 3.242129364645867895e+01
2.990000000000256009e+00 3.237741895450863439e+01
3.010000000000255582e+00 3.254392752011197842e+01
3.030000000000255156e+00 3.141509041868987850e+01
3.050000000000254730e+00 3.318827797658919110e+01
3.070000000000254303e+00 3.210492292637525225e+01
3.090000000000253877e+00 3.165226769347298941e+01
3.110000000000253451e+00 3.215115646723096177e+01
3.130000000000253024e+00 3.185266191306970285e+01
3.150000000000252598e+00 3.152274834001742931e+01
3.170000000000252172e+00 3.144665447995077656e+01
3.190000000000251745e+00 3.271369099630913979e+01
3.210000000000251319e+00 3.149071882092021468e+01
3.230000000000250893e+00 3.083560059704540990e+01
3.250000000000250466e+00 3.189727295943685803e+01
3.270000000000250040e+00 3.133181244307112223e+01
3.290000000000249614e+00 3.131644765383860829e+01
3.310000000000249187e+00 3.166607198599437467e+01
3.330000000000248761e+00 3.089280068058556594e+01
3.350000000000248335e+00 3.152913451170509163e+01
3.370000000000247908e+00 3.071377760664107726e+01
3.390000000000247482e+00 3.105415960585978041e+01
3.410000000000247056e+00 3.062678392104885816e+01
3.430000000000246629e+00 3.055944988940243690e+01
3.450000000000246203e+00 3.005654954533096301e+01
3.470000000000245777e+00 3.056319120964179703e+01
3.490000000000245350e+00 3.051501083347989152e+01
3.510000000000244924e+00 3.007995650727350068e+01
3.530000000000244498e+00 2.980298745195539922e+01
3.550000000000244071e+00 2.964019935318058785e+01
3.570000000000243645e+00 2.988933060066983671e+01
3.590000000000243219e+00 2.924042182086465402e+01
3.610000000000242792e+00 2.953589679179877336e+01
3.630000000000242366e+00 2.937753185474511852e+01
3.650000000000241940e+00 2.915726476622718266e+01
3.670000000000241513e+00 2.882543257235584022e+01
3.690000000000241087e+00 2.861643144013054751e+01
3.710000000000240661e+00 2.835290507488732814e+01
3.730000000000240234e+00 2.877166753431993840e+01
3.750000000000239808e+00 2.846123634554729165e+01
3.770000000000239382e+00 2.813069226491421304e+01
3.790000000000238956e+00 2.825108121216284829e+01
3.810000000000238529e+00 2.786611233515457897e+01
3.830000000000238103e+00 2.802464447833235894e+01
3.850000000000237677e+00 2.771907648010689940e+01
3.870000000000237250e+00 2.767604286992883900e+01
3.890000000000236824e+00 2.761297035168310643e+01
3.910000000000236398e+00 2.810292782793538890e+01
3.930000000000235971e+00 2.731842924486489466e+01
3.950000000000235545e+00 2.748557859269623904e+01
3.970000000000235119e+00 2.802223792518144307e+01
3.990000000000234692e+00 2.722667565110809917e+01
4.010000000000234266e+00 2.721178061622141797e+01
4.030000000000233840e+00 2.751146540230705639e+01
4.050000000000233413e+00 2.741408305094099873e+01
4.070000000000232987e+00 2.685766193420601056e+01
4.090000000000232561e+00 2.795896713848570769e+01
4.110000000000232134e+00 2.720335968796079840e+01
4.130000000000231708e+00 2.734067650336914213e+01
4.150000000000231282e+00 2.756906173484413358e+01
4.170000000000230855e+00 2.738863773502247412e+01
4.190000000000230429e+00 2.729580239038055112e+01
4.210000000000230003e+00 2.763648562087590577e+01
4.230000000000229576e+00 2.691225033218183071e+01
4.250000000000229150e+00 2.788708881559246677e+01
4.270000000000228724e+00 2.756861132610851683e+01
4.290000000000228297e+00 2.755930822885365927e+01
4.310000000000227871e+00 2.787332596219987835e+01
4.330000000000227445e+00 2.774728910989486508e+01
4.350000000000227018e+00 2.784371952105412618e+01
4.370000000000226592e+00 2.842963537748278213e+01
4.390000000000226166e+00 2.833752966986520505e+01
4.410000000000225739e+00 2.862604579257076765e+01
4.430000000000225313e+00 2.872549972834220355e+01
4.450000000000224887e+00 2.898642300133243666e+01
4.470000000000224460e+00 2.889014567752278850e+01
4.490000000000224034e+00 2.902591745133147683e+01
4.510000000000223608e+00 2.974536669726635907e+01
4.530000000000223181e+00 2.940798120071642074e+01
4.550000000000222755e+00 3.011753960189596313e+01
4.570000000000222329e+00 3.007725055705019201e+01
4.590000000000221902e+00 3.045718977973393393e+01
4.610000000000221476e+00 3.139281078986730833e+01
4.630000000000221050e+00 3.130735600763413373e+01
4.650000000000220624e+00 3.173965433333073349e+01
4.670000000000220197e+00 3.182077381829375540e+01
4.690000000000219771e+00 3.221124902871910223e+01
4.710000000000219345e+00 3.270556778196640835e+01
4.730000000000218918e+00 3.315272082472943538e+01
4.750000000000218492e+00 3.338775258321267358e+01
4.770000000000218066e+00 3.348428773664913649e+01
4.790000000000217639e+00 3.457219623332544955e+01
4.810000000000217213e+00 3.479208166857674911e+01
4.830000000000216787e+00 3.550691250568068114e+01
4.850000000000216360e+00 3.575817052656487505e+01
4.870000000000215934e+00 3.594696374993007026e+01
4.890000000000215508e+00 3.676190414175486865e+01
4.910000000000215081e+00 3.729562003329648689e+01
4.930000000000214655e+00 3.804089168148641420e+01
4.950000000000214229e+00 3.835433299654806660e+01
4.970000000000213802e+00 3.856959034998269686e+01
4.990000000000213376e+00 3.942411772108025758e+01
5.010000000000212950e+00 4.030835796968484885e+01
5.030000000000212523e+00 4.052887672159663879e+01
5.050000000000212097e+00 4.149377406922798883e+01
5.070000000000211671e+00 4.164992859488796029e+01
5.090000000000211244e+00 4.222748433955227654e+01
5.110000000000210818e+00 4.309699333832514867e+01
5.130000000000210392e+00 4.326812868071587559e+01
5.150000000000209965e+00 4.459194381749792058e+01
5.170000000000209539e+00 4.509098151911855723e+01
5.190000000000209113e+00 4.567347714788490975e+01
5.210000000000208686e+00 4.658993909576286541e+01
5.230000000000208260e+00 4.692061212243677204e+01
5.250000000000207834e+00 4.763809945747843244e+01
5.270000000000207407e+00 4.820743259750686605e+01
5.290000000000206981e+00 4.889030489088199971e+01
5.310000000000206555e+00 4.931460549843870211e+01
5.330000000000206128e+00 5.029347091638084066e+01
5.350000000000205702e+00 5.029710469320964705e+01
5.370000000000205276e+00 5.180469189503602223e+01
5.390000000000204849e+00 5.181084225487235528e+01
5.410000000000204423e+00 5.251071879705413892e+01
5.430000000000203997e+00 5.280108632102833610e+01
5.450000000000203570e+00 5.373424405947880445e+01
5.470000000000203144e+00 5.435964110739487865e+01
5.490000000000202718e+00 5.481258539953587672e+01
5.510000000000202292e+00 5.535958604316598297e+01
5.530000000000201865e+00 5.588372348684475099e+01
5.550000000000201439e+00 5.637199037591351214e+01
5.570000000000201013e+00 5.638489274871179191e+01
5.590000000000200586e+00 5.750822289056756631e+01
5.610000000000200160e+00 5.758386950032672758e+01
5.630000000000199734e+00 5.826450532612813760e+01
5.650000000000199307e+00 5.887856644734146983e+01
5.670000000000198881e+00 5.892882745735704475e+01
5.690000000000198455e+00 5.941430246605384724e+01
5.710000000000198028e+00 5.991018942977530060e+01
5.730000000000197602e+00 6.013598807255903722e+01
5.750000000000197176e+00 6.056122865555870050e+01
5.770000000000196749e+00 6.076723870275587558e+01
5.790000000000196323e+00 6.138447049246498466e+01
5.810000000000195897e+00 6.217185478003440835e+01
5.830000000000195470e+00 6.182205220248820154e+01
5.850000000000195044e+00 6.244310027650528383e+01
5.870000000000194618e+00 6.292436125865037866e+01
5.890000000000194191e+00 6.267887141676105500e+01
5.910000000000193765e+00 6.236466874821361017e+01
5.930000000000193339e+00 6.252250176831146433e+01
5.950000000000192912e+00 6.251224849464423272e+01
5.970000000000192486e+00 6.205353152396977379e+01
5.990000000000192060e+00 6.246705419697597250e+01
6.010000000000191633e+00 6.192501412200320487e+01
6.030000000000191207e+00 6.178390639716128874e+01
6.050000000000190781e+00 6.167806058645633271e+01
6.070000000000190354e+00 6.201186444245487905e+01
6.090000000000189928e+00 6.201619864538413651e+01
6.110000000000189502e+00 6.210828899550416793e+01
6.130000000000189075e+00 6.120611039687298671e+01
6.150000000000188649e+00 6.068509604252790268e+01
6.170000000000188223e+00 6.098720492318349784e+01
6.190000000000187796e+00 6.063938807257596153e+01
6.210000000000187370e+00 6.008847519410256410e+01
6.230000000000186944e+00 5.966031334541765574e+01
6.250000000000186517e+00 5.917403161415941071e+01
6.270000000000186091e+00 5.907546411777013162e+01
6.290000000000185665e+00 5.876507186919094039e+01
6.310000000000185238e+00 5.764552734389444311e+01
6.330000000000184812e+00 5.788275507013009502e+01
6.350000000000184386e+00 5.759746273901644287e+01
6.370000000000183960e+00 5.679520439088845052e+01
6.390000000000183533e+00 5.681455708030161844e+01
6.410000000000183107e+00 5.615593965489824058e+01
6.430000000000182681e+00 5.566997320043257957e+01
6.450000000000182254e+00 5.542480536681713943e+01
6.470000000000181828e+00 5.463280328225051363e+01
6.490000000000181402e+00 5.407141134943412197e+01
6.510000000000180975e+00 5.382487611894180901e+01
6.530000000000180549e+00 5.307345243332360951e+01
6.550000000000180123e+00 5.300063617556549644e+01
6.570000000000179696e+00 5.239912945342263129e+01
6.590000000000179270e+00 5.150412626499558399e+01
6.610000000000178844e+00 5.085162051066038202e+01
6.630000000000178417e+00 5.030436388360979549e+01
6.650000000000177991e+00 4.943215874578751112e+01
6.670000000000177565e+00 4.929055167299864593e+01
6.690000000000177138e+00 4.844561635961679258e+01
6.710000000000176712e+00 4.802826615853635417e+01
6.730000000000176286e+00 4.728667474137688487e+01
6.750000000000175859e+00 4.632312553337553140e+01
6.770000000000175433e+00 4.611618078930403186e+01
6.790000000000175007e+00 4.572841581370188635e+01
6.810000000000174580e+00 4.462957001548450364e+01
6.830000000000174154e+00 4.373966574396127527e+01
6.850000000000173728e+00 4.341813655432537189e+01
6.870000000000173301e+00 4.312928292582689949e+01
6.890000000000172875e+00 4.205012160442846891e+01
6.910000000000172449e+00 4.119624035257177752e+01
6.930000000000172022e+00 4.026797049562184583e+01
6.950000000000171596e+00 3.997742731192924026e+01
6.970000000000171170e+00 3.939079901817870422e+01
6.990000000000170743e+00 3.845645530356776476e+01
7.010000000000170317e+00 3.823779080843101497e+01
7.030000000000169891e+00 3.716798053560874138e+01
7.050000000000169464e+00 3.651935151957728465e+01
7.070000000000169038e+00 3.588136189548890087e+01
7.090000000000168612e+00 3.524790217141778470e+01
7.110000000000168185e+00 3.476953880292337828e+01
7.130000000000167759e+00 3.438827298012414957e+01
7.150000000000167333e+00 3.355633042727971116e+01
7.170000000000166906e+00 3.324088288869685925e+01
7.190000000000166480e+00 3.220738458345986999e+01
7.210000000000166054e+00 3.162541501700101421e+01
7.230000000000165628e+00 3.139287430951880964e+01
7.250000000000165201e+00 3.063107551892644764e+01
7.270000000000164775e+00 2.974722746825390018e+01
7.290000000000164349e+00 2.939715823821342866e+01
7.310000000000163922e+00 2.890969104859516392e+01
7.330000000000163496e+00 2.853790065124859510e+01
7.350000000000163070e+00 2.818920839937985789e+01
7.370000000000162643e+00 2.756236285956006427e+01
7.390000000000162217e+00 2.716151638451700023e+01
7.410000000000161791e+00 2.651737290471916708e+01
7.430000000000161364e+00 2.568756386345217280e+01
7.450000000000160938e+00 2.521921601318370065e+01
7.470000000000160512e+00 2.491593532823274515e+01
7.490000000000160085e+00 2.466969341621820178e+01
7.510000000000159659e+00 2.398929280556689037e+01
7.530000000000159233e+00 2.400902101394155608e+01
7.550000000000158806e+00 2.348436894687754162e+01
7.570000000000158380e+00 2.260042503421961868e+01
7.590000000000157954e+00 2.250194445573311697e+01
7.610000000000157527e+00 2.183253354845222560e+01
7.630000000000157101e+00 2.156883585004628046e+01
7.650000000000156675e+00 2.107234641844719647e+01
7.670000000000156248e+00 2.059788202174524940e+01
7.690000000000155822e+00 2.031760471832336279e+01
7.710000000000155396e+00 2.008564111789553763e+01
7.730000000000154969e+00 1.969465159009976318e+01
7.750000000000154543e+00 1.918260771973599432e+01
7.770000000000154117e+00 1.859488492126155279e+01
7.790000000000153690e+00 1.849488296786127961e+01
7.810000000000153264e+00 1.828107459697944037e+01
7.830000000000152838e+00 1.792486151645832848e+01
7.850000000000152411e+00 1.752278092020907252e+01
7.870000000000151985e+00 1.727308381842041385e+01
7.890000000000151559e+00 1.685209238381687769e+01
7.910000000000151132e+00 1.643251330897425433e+01
7.930000000000150706e+00 1.608876558251144218e+01
7.950000000000150280e+00 1.586277062746850142e+01
7.970000000000149853e+00 1.565339092665617216e+01
7.990000000000149427e+00 1.545275454980556873e+01
8.010000000000149001e+00 1.509142916208658747e+01
8.030000000000148574e+00 1.469845318928577882e+01
8.050000000000148148e+00 1.450800241489802467e+01
8.070000000000147722e+00 1.431569540548897201e+01
8.090000000000147296e+00 1.403796948091327934e+01
8.110000000000146869e+00 1.375258357646014318e+01
8.130000000000146443e+00 1.341318634115956066e+01
8.150000000000146017e+00 1.302879590522952391e+01
8.170000000000145590e+00 1.299394588350430624e+01
8.190000000000145164e+00 1.268408585097375685e+01
8.210000000000144738e+00 1.262547116910644718e+01
8.230000000000144311e+00 1.243608705052742813e+01
8.250000000000143885e+00 1.199423376863371793e+01
8.270000000000143459e+00 1.170590836335838958e+01
8.290000000000143032e+00 1.142266611742289761e+01
8.310000000000142606e+00 1.124355184724914558e+01
8.330000000000142180e+00 1.107931795445179191e+01
8.350000000000141753e+00 1.091049651696072509e+01
8.370000000000141327e+00 1.061114877186126471e+01
8.390000000000140901e+00 1.040537780735041729e+01
8.410000000000140474e+00 1.023474312423627275e+01
8.430000000000140048e+00 1.000317724006827724e+01
8.450000000000139622e+00 9.807592919436542545e+00
8.470000000000139195e+00 9.459617434729237218e+00
8.490000000000138769e+00 9.417422364294068871e+00
8.510000000000138343e+00 9.231740462859709950e+00
8.530000000000137916e+00 8.979993343295650021e+00
8.550000000000137490e+00 8.808453699447177598e+00
8.570000000000137064e+00 8.616421053212260261e+00
8.590000000000136637e+00 8.474964536372555202e+00
8.610000000000136211e+00 8.195471525881616870e+00
8.630000000000135785e+00 8.014285567119781462e+00
8.650000000000135358e+00 7.786391011913790017e+00
8.670000000000134932e+00 7.685901968141541474e+00
8.690000000000134506e+00 7.586070035083121610e+00
8.710000000000134079e+00 7.373573253302111219e+00
8.730000000000133653e+00 7.173314732346385725e+00
8.750000000000133227e+00 7.021404077168772240e+00
8.770000000000132800e+00 6.977979391287193245e+00
8.790000000000132374e+00 6.798647078443143421e+00
8.810000000000131948e+00 6.595082940968752361e+00
8.830000000000131521e+00 6.470608291787533162e+00
8.850000000000131095e+00 6.292790559170381215e+00
8.870000000000130669e+00 6.171323618313372172e+00
8.890000000000130242e+00 5.973414561793408240e+00
8.910000000000129816e+00 5.908840544322403687e+00
8.930000000000129390e+00 5.781741008688632277e+00
8.950000000000128964e+00 5.648451560393509929e+00
8.970000000000128537e+00 5.523666217592571925e+00
8.990000000000128111e+00 5.353510626947363349e+00
9.010000000000127685e+00 5.272141418228670773e+00
9.030000000000127258e+00 5.139461385953151940e+00
9.050000000000126832e+00 5.144659721329241542e+00
9.070000000000126406e+00 4.938029567889029359e+00
9.090000000000125979e+00 4.866324001985543823e+00
9.110000000000125553e+00 4.703990234973744577e+00
9.130000000000125127e+00 4.665815483076827697e+00
9.150000000000124700e+00 4.551867275089120035e+00
9.170000000000124274e+00 4.455432804587146300e+00
9.190000000000123848e+00 4.278913485925076365e+00
9.210000000000123421e+00 4.224085015198522974e+00
9.230000000000122995e+00 4.169679701431761032e+00
9.250000000000122569e+00 4.112162413573317465e+00
9.270000000000122142e+00 4.000076995585348349e+00
9.290000000000121716e+00 3.907413059057833760e+00
9.310000000000121290e+00 3.906758058873716077e+00
9.330000000000120863e+00 3.753929696767089652e+00
9.350000000000120437e+00 3.757595886168914490e+00
9.370000000000120011e+00 3.684229242891496892e+00
9.390000000000119584e+00 3.562428112292268967e+00
9.410000000000119158e+00 3.504846139373379188e+00
9.430000000000118732e+00 3.491464104741540897e+00
9.450000000000118305e+00 3.458170321970831740e+00
9.470000000000117879e+00 3.346210338791214767e+00
9.490000000000117453e+00 3.290191463188538279e+00
9.510000000000117026e+00 3.254223752133618586e+00
9.530000000000116600e+00 3.197123872436161029e+00
9.550000000000116174e+00 3.179465571023754489e+00
9.570000000000115747e+00 3.057960681404355174e+00
9.590000000000115321e+00 3.081200742362267597e+00
9.610000000000114895e+00 3.025954790979243025e+00
9.630000000000114468e+00 3.021991000436211827e+00
9.650000000000114042e+00 2.920962424657845169e+00
9.670000000000113616e+00 2.895643407267878722e+00
9.690000000000113189e+00 2.853752641304020177e+00
9.710000000000112763e+00 2.829097210633349846e+00
9.730000000000112337e+00 2.793607716336342861e+00
9.750000000000111910e+00 2.766169939000844291e+00
9.770000000000111484e+00 2.706694601953546275e+00
9.790000000000111058e+00 2.706977068504015982e+00
9.810000000000110632e+00 2.691115762357946917e+00
9.830000000000110205e+00 2.639493781778995185e+00
9.850000000000109779e+00 2.561514319932092665e+00
9.870000000000109353e+00 2.601082550413017724e+00
9.890000000000108926e+00 2.531524671850164054e+00
9.910000000000108500e+00 2.545721873270049507e+00
9.930000000000108074e+00 2.504728204545996650e+00
9.950000000000107647e+00 2.503056830464306604e+00
9.970000000000107221e+00 2.468678443646887377e+00
9.990000000000106795e+00 2.514389274308103328e+00
1.001000000000010637e+01 2.426963137929034175e+00
1.003000000000010594e+01 2.443806072422280096e+00
1.005000000000010552e+01 2.379280029691679843e+00
1.007000000000010509e+01 2.388365900055514857e+00
1.009000000000010466e+01 2.370363457264829332e+00
1.011000000000010424e+01 2.379024656910509350e+00
1.013000000000010381e+01 2.365546206843923915e+00
1.015000000000010338e+01 2.357696942964976561e+00
1.017000000000010296e+01 2.321973775405813623e+00
1.019000000000010253e+01 2.329407633391483490e+00
1.021000000000010210e+01 2.361289400365226498e+00
1.023000000000010168e+01 2.326481455319997949e+00
1.025000000000010125e+01 2.285244353853944421e+00
1.027000000000010083e+01 2.337427815420285437e+00
1.029000000000010040e+01 2.282061517591416511e+00
1.031000000000009997e+01 2.303752752213459765e+00
1.033000000000009955e+01 2.237099667657521440e+00
1.035000000000009912e+01 2.266963363861095093e+00
1.037000000000009869e+01 2.275070178548623367e+00
1.039000000000009827e+01 2.296928967961680002e+00
1.041000000000009784e+01 2.296072759778447825e+00
1.043000000000009742e+01 2.242626606250393895e+00
1.045000000000009699e+01 2.209281996128540815e+00
1.047000000000009656e+01 2.245308465510445828e+00
1.049000000000009614e+01 2.262872135112501404e+00
1.051000000000009571e+01 2.232213294169678619e+00
1.053000000000009528e+01 2.229126309356606495e+00
1.055000000000009486e+01 2.173354437163454111e+00
1.057000000000009443e+01 2.193016066941459119e+00
1.059000000000009400e+01 2.199106749712941511e+00
1.061000000000009358e+01 2.165594088815580243e+00
1.063000000000009315e+01 2.181187456067172459e+00
1.065000000000009273e+01 2.110319732848616958e+00
1.067000000000009230e+01 2.171960694675075132e+00
1.069000000000009187e+01 2.095033403731998423e+00
1.071000000000009145e+01 2.126555509952608780e+00
1.073000000000009102e+01 2.101249056624731715e+00
1.075000000000009059e+01 2.086965241322310760e+00
1.077000000000009017e+01 2.084293135776255301e+00
1.079000000000008974e+01 2.056725806755741015e+00
1.081000000000008932e+01 2.015402422542108773e+00
1.083000000000008889e+01 2.050300582291814777e+00
1.085000000000008846e+01 2.030912148742334722e+00
1.087000000000008804e+01 1.979854415390023714e+00
1.089000000000008761e+01 1.966964252534513014e+00
1.091000000000008718e+01 1.981778688893821139e+00
1.093000000000008676e+01 1.934132650155637956e+00
1.095000000000008633e+01 1.905545324143020247e+00
1.097000000000008590e+01 1.898381026561837492e+00
1.099000000000008548e+01 1.873650074579082947e+00
1.101000000000008505e+01 1.826127418058738794e+00
1.103000000000008463e+01 1.827229245516752920e+00
1.105000000000008420e+01 1.814262611694473115e+00
1.107000000000008377e+01 1.733293489906661655e+00
1.109000000000008335e+01 1.748642885214100717e+00
1.111000000000008292e+01 1.681667808364611716e+00
1.113000000000008249e+01 1.666689318685866450e+00
1.115000000000008207e+01 1.671861290233921826e+00
1.117000000000008164e+01 1.629020535955616467e+00
1.119000000000008122e+01 1.566272701199737716e+00
1.121000000000008079e+01 1.554581470734765380e+00
1.123000000000008036e+01 1.514585502337153278e+00
1.125000000000007994e+01 1.472295403988196805e+00
1.127000000000007951e+01 1.436572731542782977e+00
1.129000000000007908e+01 1.426790619302678476e+00
1.131000000000007866e+01 1.385250219552751405e+00
1.133000000000007823e+01 1.356331475114066931e+00
1.135000000000007780e+01 1.329934901739300068e+00
1.137000000000007738e+01 1.304575076855934324e+00
1.139000000000007695e+01 1.292798626384803473e+00
1.141000000000007653e+01 1.254867890420769072e+00
1.143000000000007610e+01 1.228371804365257391e+00
1.145000000000007567e+01 1.174464354661557630e+00
1.147000000000007525e+01 1.156342679741552582e+00
1.149000000000007482e+01 1.152015621203467788e+00
1.151000000000007439e+01 1.156747987745419204e+00
1.153000000000007397e+01 1.078476484020476134e+00
1.155000000000007354e+01 1.044641181462294233e+00
1.157000000000007311e+01 1.053548642935047130e+00
1.159000000000007269e+01 1.008064455650658164e+00
1.161000000000007226e+01 9.878388833677361758e-01
1.163000000000007184e+01 9.724645145842560900e-01
1.165000000000007141e+01 9.256649825728306968e-01
1.167000000000007098e+01 9.093664837364692222e-01
1.169000000000007056e+01 9.033430524725680755e-01
1.171000000000007013e+01 9.053141689225229216e-01
1.173000000000006970e+01 8.409506257023857678e-01
1.175000000000006928e+01 8.297544141016683916e-01
1.177000000000006885e+01 8.246397562377860702e-01
1.179000000000006843e+01 8.033146960166537287e-01
1.181000000000006800e+01 7.886876584621637098e-01
1.183000000000006757e+01 7.780562533807963144e-01
1.185000000000006715e+01 7.532944918137315371e-01
1.187000000000006672e+01 7.491630443331503963e-01
1.189000000000006629e+01 7.175460179440175112e-01
1.191000000000006587e+01 7.105440241878150376e-01
1.193000000000006544e+01 6.887768853087830045e-01
1.195000000000006501e+01 6.817487039106857605e-01
1.197000000000006459e+01 6.690359400365240017e-01
1.199000000000006416e+01 6.650293482606303153e-01
1.201000000000006374e+01 6.549841448158821855e-01
1.203000000000006331e+01 6.465959664313923883e-01
1.205000000000006288e+01 6.066626137922649376e-01
1.207000000000006246e+01 6.179137205523900223e-01
1.209000000000006203e+01 6.269597959896223704e-01
1.211000000000006160e+01 5.979815122629716928e-01
1.213000000000006118e+01 6.103401653896436407e-01
1.215000000000006075e+01 5.955042212048808903e-01
1.217000000000006033e+01 5.835577890826182390e-01
1.219000000000005990e+01 5.662668700949761158e-01
1.221000000000005947e+01 5.678210319336617351e-01
1.223000000000005905e+01 5.787648485061926973e-01
1.225000000000005862e+01 5.624569252847719802e-01
1.227000000000005819e+01 5.151273692311485464e-01
1.229000000000005777e+01 5.354438688374029143e-01
1.231000000000005734e+01 5.403666845466426061e-01
1.233000000000005691e+01 4.971338717089120451e-01
1.235000000000005649e+01 5.222914921099748309e-01
1.237000000000005606e+01 4.972628342640865728e-01
1.239000000000005564e+01 5.242523842558995950e-01
1.241000000000005521e+01 4.905397179849875222e-01
1.243000000000005478e+01 4.934261931070579865e-01
1.245000000000005436e+01 5.096887618378376228e-01
1.247000000000005393e+01 4.891277182751917474e-01
1.249000000000005350e+01 4.979930235351822110e-01
1.251000000000005308e+01 4.954244159060282593e-01
1.253000000000005265e+01 4.760595790149587669e-01
1.255000000000005222e+01 5.081186222190198221e-01
1.257000000000005180e+01 4.717311905510982450e-01
1.259000000000005137e+01 4.796671725053621160e-01
1.261000000000005095e+01 4.951367929196718864e-01
1.263000000000005052e+01 4.740478785990501209e-01
1.265000000000005009e+01 4.830798488812874658e-01
1.267000000000004967e+01 4.615014704292902392e-01
1.269000000000004924e+01 4.564573760915509038e-01
1.271000000000004881e+01 4.578043720702532626e-01
1.273000000000004839e+01 4.533128233486020120e-01
1.275000000000004796e+01 4.717633663229242602e-01
1.277000000000004754e+01 4.676020416106592137e-01
1.279000000000004711e+01 4.546511217844069197e-01
1.281000000000004668e+01 4.387602080681379246e-01
1.283000000000004626e+01 4.372260907226789284e-01
1.285000000000004583e+01 4.580389956303425048e-01
1.287000000000004540e+01 4.436117505158664320e-01
1.289000000000004498e+01 4.284508751446121644e-01
1.291000000000004455e+01 4.441752512030335276e-01
1.293000000000004412e+01 4.212946255071114976e-01
1.295000000000004370e+01 4.283765406583185942e-01
1.297000000000004327e+01 4.176546169361848304e-01
1.299000000000004285e+01 4.199312124118850242e-01
1.301000000000004242e+01 4.351476507946098193e-01
1.303000000000004199e+01 4.195590833732704694e-01
1.305000000000004157e+01 4.268743905668993532e-01
1.307000000000004114e+01 3.987347550872527568e-01
1.309000000000004071e+01 3.970121545397669593e-01
1.311000000000004029e+01 4.063940774988099025e-01
1.313000000000003986e+01 4.026533349102222048e-01
1.315000000000003944e+01 4.050922642729113399e-01
1.317000000000003901e+01 3.922454586877545668e-01
1.319000000000003858e+01 3.851786131352177844e-01
1.321000000000003816e+01 3.889356450849380531e-01
1.323000000000003773e+01 3.769752188814682325e-01
1.325000000000003730e+01 3.906195415699164619e-01
1.327000000000003688e+01 3.794394717490007229e-01
1.329000000000003645e+01 3.696315421299281034e-01
1.331000000000003602e+01 3.805643020116996067e-01
1.333000000000003560e+01 3.593594682965304266e-01
1.335000000000003517e+01 3.686087050889490513e-01
1.337000000000003475e+01 3.583767006601175087e-01
1.339000000000003432e+01 3.692315727892344634e-01
1.341000000000003389e+01 3.529910446520697076e-01
1.343000000000003347e+01 3.574549984906552069e-01
1.345000000000003304e+01 3.429573143416411174e-01
1.347000000000003261e+01 3.438733718743352541e-01
1.349000000000003219e+01 3.602020139959338230e-01
1.351000000000003176e+01 3.474671008352730461e-01
1.353000000000003133e+01 3.351535544832117131e-01
1.355000000000003091e+01 3.411582956756949447e-01
1.357000000000003048e+01 3.264866243788806521e-01
1.359000000000003006e+01 3.305333783478996423e-01
1.361000000000002963e+01 3.199300081145088903e-01
1.363000000000002920e+01 3.286801717112324273e-01
1.365000000000002878e+01 3.174634862492122789e-01
1.367000000000002835e+01 3.242465818693147650e-01
1.369000000000002792e+01 3.110827864593358472e-01
1.371000000000002750e+01 3.178257245595347280e-01
1.373000000000002707e+01 3.223388795675574681e-01
1.375000000000002665e+01 3.095992785571274886e-01
1.377000000000002622e+01 2.840626909659739185e-01
1.379000000000002579e+01 2.910318026162547200e-01
1.381000000000002537e+01 2.952537224425874629e-01
1.383000000000002494e+01 2.938815519946205157e-01
1.385000000000002451e+01 3.043341660425087358e-01
1.387000000000002409e+01 2.810133943125448508e-01
1.389000000000002366e+01 2.858589665543795344e-01
1.391000000000002323e+01 2.791914775014039396e-01
1.393000000000002281e+01 2.799467191307676295e-01
1.395000000000002238e+01 2.783578881869711585e-01
1.397000000000002196e+01 2.744642160468990233e-01
1.399000000000002153e+01 2.826097995977525645e-01
1.401000000000002110e+01 2.708581715628398667e-01
1.403000000000002068e+01 2.692410501726734129e-01
1.405000000000002025e+01 2.645340854605159886e-01
1.407000000000001982e+01 2.806712492991710328e-01
1.409000000000001940e+01 2.685574291233757127e-01
1.411000000000001897e+01 2.578680112011885184e-01
1.413000000000001855e+01 2.570155069504352352e-01
1.415000000000001812e+01 2.521505032922982115e-01
1.417000000000001769e+01 2.573578592319613612e-01
1.419000000000001727e+01 2.416147747008500490e-01
1.421000000000001684e+01 2.461020356146181864e-01
1.423000000000001641e+01 2.562975711634065679e-01
1.425000000000001599e+01 2.352213089886440456e-01
1.427000000000001556e+01 2.433478844148709297e-01
1.429000000000001513e+01 2.249674359936945367e-01
1.431000000000001471e+01 2.392555372066218766e-01
1.433000000000001428e+01 2.317034700469431663e-01
1.435000000000001386e+01 2.365772942133936574e-01
1.437000000000001343e+01 2.352089675876633257e-01
1.439000000000001300e+01 2.371216966254515168e-01
1.441000000000001258e+01 2.220760513318340845e-01
1.443000000000001215e+01 2.099235249181609642e-01
1.445000000000001172e+01 2.144640375437311675e-01
1.447000000000001130e+01 2.024445606739984360e-01
1.449000000000001087e+01 1.798204513345332822e-01
1.451000000000001044e+01 1.849551805677480398e-01
1.453000000000001002e+01 1.675022368003922513e-01
1.455000000000000959e+01 1.531338633877314392e-01
1.457000000000000917e+01 1.473948291115593501e-01
1.459000000000000874e+01 1.165372817236161179e-01
1.461000000000000831e+01 9.689817655780896821e-02
1.463000000000000789e+01 6.640932580189096157e-02
1.465000000000000746e+01 2.220004130673964432e-02
1.467000000000000703e+01 1.109302078147678984e-02
1.469000000000000661e+01 0.000000000000000000e+00
1.471000000000000618e+01 0.000000000000000000e+00
1.473000000000000576e+01 0.000000000000000000e+00
1.475000000000000533e+01 0.000000000000000000e+00
1.477000000000000490e+01 0.000000000000000000e+00
1.479000000000000448e+01 0.000000000000000000e+00
1.481000000000000405e+01 0.000000000000000000e+00
1.483000000000000362e+01 0.000000000000000000e+00
1.485000000000000320e+01 0.000000000000000000e+00
1.487000000000000277e+01 0.000000000000000000e+00
1.489000000000000234e+01 0.000000000000000000e+00
1.491000000000000192e+01 0.000000000000000000e+00
1.493000000000000149e+01 0.000000000000000000e+00
1.495000000000000107e+01 0.000000000000000000e+00
1.497000000000000064e+01 0.000000000000000000e+00
1.499000000000000021e+01 0.000000000000000000e+00
