# Redshift		Merger Rate Density [Gpc^-3yr^-1]
1.000000000031931770e-02 2.807150309663119181e+00
3.000000000031888964e-02 3.004714722860950094e+00
5.000000000031846331e-02 3.187561847003677062e+00
7.000000000031804392e-02 3.321218016365178993e+00
9.000000000031761760e-02 3.325535822608332470e+00
1.100000000003171913e-01 3.324954027995527195e+00
1.300000000003167511e-01 3.244049842710140297e+00
1.500000000003163247e-01 3.512238140326322977e+00
1.700000000003158984e-01 3.463901719661667489e+00
1.900000000003154721e-01 3.563721755783570977e+00
2.100000000003150458e-01 3.896017991581185225e+00
2.300000000003146194e-01 4.161077721174459398e+00
2.500000000003141931e-01 4.212735136495082244e+00
2.700000000003137668e-01 4.391446331892373323e+00
2.900000000003133405e-01 4.510466916659528813e+00
3.100000000003129141e-01 4.367137898451079359e+00
3.300000000003124878e-01 4.308038184665273107e+00
3.500000000003120615e-01 4.019830510011856539e+00
3.700000000003116352e-01 4.429615075547506997e+00
3.900000000003112088e-01 4.422258287250303788e+00
4.100000000003107825e-01 4.567442416669043048e+00
4.300000000003103562e-01 4.470815312202842229e+00
4.500000000003099299e-01 4.708375053807413835e+00
4.700000000003095035e-01 4.535361797369204417e+00
4.900000000003090772e-01 4.747469977246092654e+00
5.100000000003086509e-01 4.738501152339473776e+00
5.300000000003082246e-01 4.892261650304051024e+00
5.500000000003077982e-01 4.812302349452012962e+00
5.700000000003073719e-01 4.934021968270117853e+00
5.900000000003069456e-01 5.195471429014030917e+00
6.100000000003065193e-01 5.304533034791598212e+00
6.300000000003060929e-01 5.200950074927961353e+00
6.500000000003056666e-01 5.010261816576372595e+00
6.700000000003052403e-01 5.320224582680164183e+00
6.900000000003048140e-01 4.963143590832469698e+00
7.100000000003043876e-01 4.810628941512717915e+00
7.300000000003039613e-01 4.962966826936632714e+00
7.500000000003035350e-01 4.766407694110977644e+00
7.700000000003031086e-01 4.577711116403256675e+00
7.900000000003026823e-01 5.055657329633771013e+00
8.100000000003022560e-01 4.650994055895345092e+00
8.300000000003018297e-01 5.077141283994318854e+00
8.500000000003014033e-01 5.088145229650002932e+00
8.700000000003009770e-01 5.338323235997258998e+00
8.900000000003005507e-01 5.323506181125783776e+00
9.100000000003001244e-01 5.195869595404615460e+00
9.300000000002996980e-01 5.411784047393541464e+00
9.500000000002992717e-01 5.487666199547065915e+00
9.700000000002988454e-01 5.364541207790988864e+00
9.900000000002984191e-01 5.492296803885413858e+00
1.010000000000297993e+00 5.563920316750021300e+00
1.030000000000297566e+00 5.653466750697854870e+00
1.050000000000297140e+00 5.853351723387770100e+00
1.070000000000296714e+00 5.676454040130322731e+00
1.090000000000296287e+00 5.990202334538093254e+00
1.110000000000295861e+00 6.012126599758128798e+00
1.130000000000295435e+00 5.996074613759728500e+00
1.150000000000295008e+00 6.167929099214000566e+00
1.170000000000294582e+00 6.259999305574498685e+00
1.190000000000294156e+00 6.458022894988697082e+00
1.210000000000293729e+00 6.754936850649315261e+00
1.230000000000293303e+00 6.340061511862529642e+00
1.250000000000292877e+00 6.648050978416767620e+00
1.270000000000292451e+00 6.439724882129427286e+00
1.290000000000292024e+00 6.980810982139709076e+00
1.310000000000291598e+00 6.795830769243504044e+00
1.330000000000291172e+00 6.637489921101053625e+00
1.350000000000290745e+00 6.824496661584118051e+00
1.370000000000290319e+00 7.202915713831937516e+00
1.390000000000289893e+00 7.099223557956400477e+00
1.410000000000289466e+00 7.009339931194282336e+00
1.430000000000289040e+00 7.337187611166132939e+00
1.450000000000288614e+00 7.223621792726095947e+00
1.470000000000288187e+00 7.342680695507901589e+00
1.490000000000287761e+00 7.338612118659376016e+00
1.510000000000287335e+00 7.465862869616922914e+00
1.530000000000286908e+00 7.319653610118463050e+00
1.550000000000286482e+00 7.480104906513351359e+00
1.570000000000286056e+00 7.725333102923372053e+00
1.590000000000285629e+00 7.877380324317490690e+00
1.610000000000285203e+00 7.903539923256973410e+00
1.630000000000284777e+00 7.666235574403165387e+00
1.650000000000284350e+00 7.741912491849206823e+00
1.670000000000283924e+00 8.184280525688546248e+00
1.690000000000283498e+00 7.436465370102056660e+00
1.710000000000283071e+00 8.337435490741897937e+00
1.730000000000282645e+00 7.923567104477622358e+00
1.750000000000282219e+00 7.927484837515080152e+00
1.770000000000281792e+00 8.096839208235996566e+00
1.790000000000281366e+00 8.216654858319182964e+00
1.810000000000280940e+00 7.830768017353224586e+00
1.830000000000280513e+00 8.195944186655740538e+00
1.850000000000280087e+00 8.000363955210227473e+00
1.870000000000279661e+00 8.444906517664712453e+00
1.890000000000279234e+00 7.691217967287228063e+00
1.910000000000278808e+00 8.105961118923447728e+00
1.930000000000278382e+00 8.271464810689309388e+00
1.950000000000277955e+00 8.044015397034032233e+00
1.970000000000277529e+00 8.031627359504701857e+00
1.990000000000277103e+00 8.763762045596472205e+00
2.010000000000276899e+00 8.060726986232362279e+00
2.030000000000276472e+00 8.386422305242977160e+00
2.050000000000276046e+00 8.610439827880160379e+00
2.070000000000275620e+00 8.317294648883935437e+00
2.090000000000275193e+00 8.422225409451453260e+00
2.110000000000274767e+00 8.782054546019137931e+00
2.130000000000274341e+00 8.498369882938357378e+00
2.150000000000273914e+00 8.737585120174614417e+00
2.170000000000273488e+00 8.771794191508236693e+00
2.190000000000273062e+00 8.551246005675023909e+00
2.210000000000272635e+00 9.116054797064506943e+00
2.230000000000272209e+00 8.756256642052278494e+00
2.250000000000271783e+00 8.796884232218944888e+00
2.270000000000271356e+00 8.962536807915723713e+00
2.290000000000270930e+00 9.000675287653937318e+00
2.310000000000270504e+00 9.080694616389463292e+00
2.330000000000270077e+00 9.180319899373206027e+00
2.350000000000269651e+00 9.074357854313849003e+00
2.370000000000269225e+00 9.175272097005805705e+00
2.390000000000268798e+00 9.467329336813342877e+00
2.410000000000268372e+00 9.483012341316797489e+00
2.430000000000267946e+00 9.449301146083305625e+00
2.450000000000267519e+00 9.713125864928494835e+00
2.470000000000267093e+00 9.562224537927399126e+00
2.490000000000266667e+00 9.610403361379239229e+00
2.510000000000266240e+00 9.892403292995581410e+00
2.530000000000265814e+00 9.842338541283485398e+00
2.550000000000265388e+00 9.747524768875940993e+00
2.570000000000264961e+00 9.985552345164329324e+00
2.590000000000264535e+00 9.938051708555963870e+00
2.610000000000264109e+00 1.004835492254500373e+01
2.630000000000263682e+00 9.859366687485033864e+00
2.650000000000263256e+00 1.022614563928801168e+01
2.670000000000262830e+00 1.026818751131084184e+01
2.690000000000262403e+00 1.066028866769839922e+01
2.710000000000261977e+00 9.999671175494581732e+00
2.730000000000261551e+00 1.030062385406644765e+01
2.750000000000261124e+00 1.014578932909074283e+01
2.770000000000260698e+00 1.041116776815244904e+01
2.790000000000260272e+00 9.978299255370389531e+00
2.810000000000259845e+00 1.049101180109431120e+01
2.830000000000259419e+00 1.057225185230126030e+01
2.850000000000258993e+00 1.030045218918438188e+01
2.870000000000258567e+00 1.043601973703255759e+01
2.890000000000258140e+00 1.050592402398352654e+01
2.910000000000257714e+00 1.032736928300493240e+01
2.930000000000257288e+00 1.048485569698655517e+01
2.950000000000256861e+00 1.039172518191332095e+01
2.970000000000256435e+00 1.076565734473485669e+01
2.990000000000256009e+00 1.087631635982405420e+01
3.010000000000255582e+00 1.038731491505627247e+01
3.030000000000255156e+00 1.084223966449540555e+01
3.050000000000254730e+00 1.073192015757520856e+01
3.070000000000254303e+00 1.124758945829286461e+01
3.090000000000253877e+00 1.067924133919728291e+01
3.110000000000253451e+00 1.089613451035768854e+01
3.130000000000253024e+00 1.087347688732372930e+01
3.150000000000252598e+00 1.064691264413470151e+01
3.170000000000252172e+00 1.117453433554417330e+01
3.190000000000251745e+00 1.101886846860719693e+01
3.210000000000251319e+00 1.110342487750365059e+01
3.230000000000250893e+00 1.119522879409743688e+01
3.250000000000250466e+00 1.120854301449719159e+01
3.270000000000250040e+00 1.112904758436777186e+01
3.290000000000249614e+00 1.115311199975873535e+01
3.310000000000249187e+00 1.114219592248108626e+01
3.330000000000248761e+00 1.102678582402561069e+01
3.350000000000248335e+00 1.110728071409939410e+01
3.370000000000247908e+00 1.151294505352121611e+01
3.390000000000247482e+00 1.137373098683254469e+01
3.410000000000247056e+00 1.133807817378282756e+01
3.430000000000246629e+00 1.145263140833035642e+01
3.450000000000246203e+00 1.130938059295453080e+01
3.470000000000245777e+00 1.118872324293185905e+01
3.490000000000245350e+00 1.132789967175856916e+01
3.510000000000244924e+00 1.147625088571173535e+01
3.530000000000244498e+00 1.141378637127899509e+01
3.550000000000244071e+00 1.141715784154741087e+01
3.570000000000243645e+00 1.183570135515935995e+01
3.590000000000243219e+00 1.142843908330903169e+01
3.610000000000242792e+00 1.161313755272071191e+01
3.630000000000242366e+00 1.148968146394146750e+01
3.650000000000241940e+00 1.147211546551950434e+01
3.670000000000241513e+00 1.195029176941360127e+01
3.690000000000241087e+00 1.173163254089872609e+01
3.710000000000240661e+00 1.176048108297468175e+01
3.730000000000240234e+00 1.152749748348139924e+01
3.750000000000239808e+00 1.153923823750323940e+01
3.770000000000239382e+00 1.179531620269128922e+01
3.790000000000238956e+00 1.164103462976840397e+01
3.810000000000238529e+00 1.158476046845023433e+01
3.830000000000238103e+00 1.201834273604675829e+01
3.850000000000237677e+00 1.151566232856698768e+01
3.870000000000237250e+00 1.183381932362536659e+01
3.890000000000236824e+00 1.160840228711657218e+01
3.910000000000236398e+00 1.166877603156011567e+01
3.930000000000235971e+00 1.162396276421728381e+01
3.950000000000235545e+00 1.173387769421330518e+01
3.970000000000235119e+00 1.151002233564169508e+01
3.990000000000234692e+00 1.182214355487961654e+01
4.010000000000234266e+00 1.169417654543176788e+01
4.030000000000233840e+00 1.128758711807571480e+01
4.050000000000233413e+00 1.179104894369206846e+01
4.070000000000232987e+00 1.163560630190757728e+01
4.090000000000232561e+00 1.130555516580635533e+01
4.110000000000232134e+00 1.149390808695673094e+01
4.130000000000231708e+00 1.148708547009554870e+01
4.150000000000231282e+00 1.153378154729217187e+01
4.170000000000230855e+00 1.137892045311485312e+01
4.190000000000230429e+00 1.111035737702067472e+01
4.210000000000230003e+00 1.126488024122245690e+01
4.230000000000229576e+00 1.110946409175136829e+01
4.250000000000229150e+00 1.118962676801764822e+01
4.270000000000228724e+00 1.132419605935292140e+01
4.290000000000228297e+00 1.087970066160319327e+01
4.310000000000227871e+00 1.093561874601896733e+01
4.330000000000227445e+00 1.116158823677287693e+01
4.350000000000227018e+00 1.084898207996377195e+01
4.370000000000226592e+00 1.101757998170249842e+01
4.390000000000226166e+00 1.100046798014375860e+01
4.410000000000225739e+00 1.102134536878434368e+01
4.430000000000225313e+00 1.048808034231641173e+01
4.450000000000224887e+00 1.055918997652442215e+01
4.470000000000224460e+00 1.095288084668348283e+01
4.490000000000224034e+00 1.061635799289928883e+01
4.510000000000223608e+00 1.047028837071760776e+01
4.530000000000223181e+00 1.050462560503491183e+01
4.550000000000222755e+00 1.051057685563366917e+01
4.570000000000222329e+00 1.065582371993133926e+01
4.590000000000221902e+00 1.013196480341141203e+01
4.610000000000221476e+00 1.036105385886642516e+01
4.630000000000221050e+00 1.014037681475584307e+01
4.650000000000220624e+00 1.001683957312621764e+01
4.670000000000220197e+00 1.013515919336709814e+01
4.690000000000219771e+00 1.016525230945606495e+01
4.710000000000219345e+00 9.860294674933360426e+00
4.730000000000218918e+00 9.858270604572792806e+00
4.750000000000218492e+00 9.901582214665573645e+00
4.770000000000218066e+00 9.789935755058298383e+00
4.790000000000217639e+00 9.725047100353862106e+00
4.810000000000217213e+00 9.622776841284560234e+00
4.830000000000216787e+00 9.709318988653384608e+00
4.850000000000216360e+00 9.635880565092527661e+00
4.870000000000215934e+00 9.584282634627705022e+00
4.890000000000215508e+00 9.524333258045469819e+00
4.910000000000215081e+00 9.342967670633226973e+00
4.930000000000214655e+00 9.192938586020918734e+00
4.950000000000214229e+00 9.217514419393644687e+00
4.970000000000213802e+00 9.322993349735199331e+00
4.990000000000213376e+00 9.010745050479023632e+00
5.010000000000212950e+00 9.289075981771865997e+00
5.030000000000212523e+00 9.249710332862935758e+00
5.050000000000212097e+00 9.055129473199118095e+00
5.070000000000211671e+00 8.733525613545692678e+00
5.090000000000211244e+00 8.895373389128415909e+00
5.110000000000210818e+00 8.925628352453127690e+00
5.130000000000210392e+00 8.806461109078790983e+00
5.150000000000209965e+00 8.530370778455923286e+00
5.170000000000209539e+00 8.790532174389975140e+00
5.190000000000209113e+00 8.647311025252241379e+00
5.210000000000208686e+00 8.689428750320731254e+00
5.230000000000208260e+00 8.671310429180842050e+00
5.250000000000207834e+00 8.218850805899078793e+00
5.270000000000207407e+00 8.204260083842537910e+00
5.290000000000206981e+00 8.476749236565600754e+00
5.310000000000206555e+00 8.424714005151137997e+00
5.330000000000206128e+00 8.248559792330356188e+00
5.350000000000205702e+00 8.248566707632745576e+00
5.370000000000205276e+00 8.010573180858175490e+00
5.390000000000204849e+00 8.283139032455141049e+00
5.410000000000204423e+00 7.885054500793970966e+00
5.430000000000203997e+00 7.740454190304755677e+00
5.450000000000203570e+00 7.953074784305706579e+00
5.470000000000203144e+00 7.764649730934074512e+00
5.490000000000202718e+00 7.557453157066758465e+00
5.510000000000202292e+00 7.569423101580732727e+00
5.530000000000201865e+00 7.522190611799890902e+00
5.550000000000201439e+00 7.648851464834547365e+00
5.570000000000201013e+00 7.628610664572986089e+00
5.590000000000200586e+00 7.328335170019723677e+00
5.610000000000200160e+00 7.391102013694450079e+00
5.630000000000199734e+00 7.250958834915342877e+00
5.650000000000199307e+00 7.283588809617938864e+00
5.670000000000198881e+00 7.175354854771915925e+00
5.690000000000198455e+00 7.109150848519826482e+00
5.710000000000198028e+00 7.145436471377935916e+00
5.730000000000197602e+00 7.024567528435116337e+00
5.750000000000197176e+00 7.093204128417525567e+00
5.770000000000196749e+00 6.705497684860670660e+00
5.790000000000196323e+00 6.753774632400595834e+00
5.810000000000195897e+00 6.599470329754763220e+00
5.830000000000195470e+00 6.529264850921888907e+00
5.850000000000195044e+00 6.683694148249176514e+00
5.870000000000194618e+00 6.453058984062207237e+00
5.890000000000194191e+00 6.462330303298098322e+00
5.910000000000193765e+00 6.409356584409095170e+00
5.930000000000193339e+00 6.199552782740335388e+00
5.950000000000192912e+00 6.130130014237870739e+00
5.970000000000192486e+00 5.981002833087301518e+00
5.990000000000192060e+00 5.963665264891022666e+00
6.010000000000191633e+00 5.989784271086305623e+00
6.030000000000191207e+00 5.931965567354003710e+00
6.050000000000190781e+00 5.844746880529057442e+00
6.070000000000190354e+00 5.779682395654970328e+00
6.090000000000189928e+00 5.691046082958029828e+00
6.110000000000189502e+00 5.614252815404163321e+00
6.130000000000189075e+00 5.574617573167830464e+00
6.150000000000188649e+00 5.489831161799299863e+00
6.170000000000188223e+00 5.454127584566824005e+00
6.190000000000187796e+00 5.433523485002285547e+00
6.210000000000187370e+00 5.284695224760644905e+00
6.230000000000186944e+00 5.024517683571573912e+00
6.250000000000186517e+00 5.345196343163942210e+00
6.270000000000186091e+00 5.132995052106006817e+00
6.290000000000185665e+00 5.055632709146186343e+00
6.310000000000185238e+00 4.937371875509694696e+00
6.330000000000184812e+00 4.791409503651272495e+00
6.350000000000184386e+00 4.865675391278962536e+00
6.370000000000183960e+00 4.629983939784000135e+00
6.390000000000183533e+00 4.655281824307416549e+00
6.410000000000183107e+00 4.692871374037600241e+00
6.430000000000182681e+00 4.536737902103724629e+00
6.450000000000182254e+00 4.545753351936608233e+00
6.470000000000181828e+00 4.427334176908417795e+00
6.490000000000181402e+00 4.333438139321694749e+00
6.510000000000180975e+00 4.313053024780209910e+00
6.530000000000180549e+00 4.320014703305117720e+00
6.550000000000180123e+00 4.100996776103219332e+00
6.570000000000179696e+00 4.154513130645185903e+00
6.590000000000179270e+00 4.112271934926192252e+00
6.610000000000178844e+00 3.987725806130439921e+00
6.630000000000178417e+00 4.007690061776876256e+00
6.650000000000177991e+00 3.934117987697836938e+00
6.670000000000177565e+00 3.758268529183537598e+00
6.690000000000177138e+00 3.753220863876078894e+00
6.710000000000176712e+00 3.629579561964568324e+00
6.730000000000176286e+00 3.651793503369487492e+00
6.750000000000175859e+00 3.577503132806251873e+00
6.770000000000175433e+00 3.639433551670796074e+00
6.790000000000175007e+00 3.428942805915520253e+00
6.810000000000174580e+00 3.285985019299971999e+00
6.830000000000174154e+00 3.370632059533278824e+00
6.850000000000173728e+00 3.339953309151745042e+00
6.870000000000173301e+00 3.234242312916186357e+00
6.890000000000172875e+00 3.182361272723906342e+00
6.910000000000172449e+00 3.157284143431810186e+00
6.930000000000172022e+00 3.214953891124296081e+00
6.950000000000171596e+00 3.028359362004095168e+00
6.970000000000171170e+00 2.980580348765673016e+00
6.990000000000170743e+00 3.090229433700768080e+00
7.010000000000170317e+00 3.010564717914812505e+00
7.030000000000169891e+00 2.826096137878625569e+00
7.050000000000169464e+00 2.821571043009935220e+00
7.070000000000169038e+00 2.854527850144399359e+00
7.090000000000168612e+00 2.774245881960602400e+00
7.110000000000168185e+00 2.795887824266654942e+00
7.130000000000167759e+00 2.750526993144986942e+00
7.150000000000167333e+00 2.790798609147265630e+00
7.170000000000166906e+00 2.764334339313170297e+00
7.190000000000166480e+00 2.654661517967819684e+00
7.210000000000166054e+00 2.632616328794808780e+00
7.230000000000165628e+00 2.642710865367505768e+00
7.250000000000165201e+00 2.541989602627542144e+00
7.270000000000164775e+00 2.568084077649665620e+00
7.290000000000164349e+00 2.549392176906448704e+00
7.310000000000163922e+00 2.579341294607734092e+00
7.330000000000163496e+00 2.605649157678112893e+00
7.350000000000163070e+00 2.460932744799076755e+00
7.370000000000162643e+00 2.521532568724316636e+00
7.390000000000162217e+00 2.453836653179410909e+00
7.410000000000161791e+00 2.377068011329834363e+00
7.430000000000161364e+00 2.487069389525374596e+00
7.450000000000160938e+00 2.444388044493113643e+00
7.470000000000160512e+00 2.499400718227181795e+00
7.490000000000160085e+00 2.430341303812853848e+00
7.510000000000159659e+00 2.462262228097268579e+00
7.530000000000159233e+00 2.418204476313285500e+00
7.550000000000158806e+00 2.287317376203825248e+00
7.570000000000158380e+00 2.345567612725821149e+00
7.590000000000157954e+00 2.347422471344613903e+00
7.610000000000157527e+00 2.386244558258139303e+00
7.630000000000157101e+00 2.389572338471934287e+00
7.650000000000156675e+00 2.324241913792750580e+00
7.670000000000156248e+00 2.335988703446132853e+00
7.690000000000155822e+00 2.304635759064512790e+00
7.710000000000155396e+00 2.368529671471536702e+00
7.730000000000154969e+00 2.292870297142187930e+00
7.750000000000154543e+00 2.370105601081424762e+00
7.770000000000154117e+00 2.292552454597311939e+00
7.790000000000153690e+00 2.291374681986379169e+00
7.810000000000153264e+00 2.338622041890571435e+00
7.830000000000152838e+00 2.251982551330158344e+00
7.850000000000152411e+00 2.391043500787560561e+00
7.870000000000151985e+00 2.284298045766058216e+00
7.890000000000151559e+00 2.300857557087988337e+00
7.910000000000151132e+00 2.295293955404570596e+00
7.930000000000150706e+00 2.327435372061451346e+00
7.950000000000150280e+00 2.322691839183457674e+00
7.970000000000149853e+00 2.242620021471073866e+00
7.990000000000149427e+00 2.276913038645153264e+00
8.010000000000149001e+00 2.382250077055735105e+00
8.030000000000148574e+00 2.326859341916409640e+00
8.050000000000148148e+00 2.313977860839982803e+00
8.070000000000147722e+00 2.328565983418203089e+00
8.090000000000147296e+00 2.331930954176188564e+00
8.110000000000146869e+00 2.330829109122608322e+00
8.130000000000146443e+00 2.313142006161662323e+00
8.150000000000146017e+00 2.323961982779181756e+00
8.170000000000145590e+00 2.328874141285289578e+00
8.190000000000145164e+00 2.243877774438853390e+00
8.210000000000144738e+00 2.396877791467692198e+00
8.230000000000144311e+00 2.269258309691504660e+00
8.250000000000143885e+00 2.303304794110303089e+00
8.270000000000143459e+00 2.272065243193316153e+00
8.290000000000143032e+00 2.324507886757338770e+00
8.310000000000142606e+00 2.330268805162903689e+00
8.330000000000142180e+00 2.322127490425592189e+00
8.350000000000141753e+00 2.274873896756400171e+00
8.370000000000141327e+00 2.297299791939870772e+00
8.390000000000140901e+00 2.332662027894612411e+00
8.410000000000140474e+00 2.324119512453509895e+00
8.430000000000140048e+00 2.325530941304871480e+00
8.450000000000139622e+00 2.275218592167162601e+00
8.470000000000139195e+00 2.304053043985501592e+00
8.490000000000138769e+00 2.346785984541938319e+00
8.510000000000138343e+00 2.240260896797294343e+00
8.530000000000137916e+00 2.251782882878230474e+00
8.550000000000137490e+00 2.318848844949827459e+00
8.570000000000137064e+00 2.229141790495915654e+00
8.590000000000136637e+00 2.276885368400103360e+00
8.610000000000136211e+00 2.233160321607566168e+00
8.630000000000135785e+00 2.308867322403602262e+00
8.650000000000135358e+00 2.217965689160471765e+00
8.670000000000134932e+00 2.239770225067114762e+00
8.690000000000134506e+00 2.228195356822919138e+00
8.710000000000134079e+00 2.194934583850703724e+00
8.730000000000133653e+00 2.253746000522567794e+00
8.750000000000133227e+00 2.186901062786333227e+00
8.770000000000132800e+00 2.165440925393855576e+00
8.790000000000132374e+00 2.176874580515574475e+00
8.810000000000131948e+00 2.189108952871944513e+00
8.830000000000131521e+00 2.151427975902161727e+00
8.850000000000131095e+00 2.175898491737567664e+00
8.870000000000130669e+00 2.146618153217583647e+00
8.890000000000130242e+00 2.114926861479732079e+00
8.910000000000129816e+00 2.134226327699788595e+00
8.930000000000129390e+00 2.106315842511542691e+00
8.950000000000128964e+00 2.122355498535817730e+00
8.970000000000128537e+00 2.080408754166905183e+00
8.990000000000128111e+00 2.106587638693651954e+00
9.010000000000127685e+00 2.057485266978821059e+00
9.030000000000127258e+00 2.164292292852332711e+00
9.050000000000126832e+00 2.076911326580767714e+00
9.070000000000126406e+00 2.046053588819332969e+00
9.090000000000125979e+00 2.011512704776577287e+00
9.110000000000125553e+00 2.043455678450154078e+00
9.130000000000125127e+00 2.072838632161353001e+00
9.150000000000124700e+00 2.022142408404678626e+00
9.170000000000124274e+00 1.990431149585708326e+00
9.190000000000123848e+00 2.035895274483717099e+00
9.210000000000123421e+00 1.967289873959778390e+00
9.230000000000122995e+00 1.999705699918536972e+00
9.250000000000122569e+00 1.970746388473067379e+00
9.270000000000122142e+00 1.943657773396181065e+00
9.290000000000121716e+00 1.948219077977648928e+00
9.310000000000121290e+00 1.969058257261928624e+00
9.330000000000120863e+00 1.944306270110872870e+00
9.350000000000120437e+00 1.930279238262079033e+00
9.370000000000120011e+00 1.912725941273935915e+00
9.390000000000119584e+00 1.893385693419360694e+00
9.410000000000119158e+00 1.850675913718388133e+00
9.430000000000118732e+00 1.870170265930571007e+00
9.450000000000118305e+00 1.906264971710881273e+00
9.470000000000117879e+00 1.829022073158053985e+00
9.490000000000117453e+00 1.851220575069731922e+00
9.510000000000117026e+00 1.827737251054878609e+00
9.530000000000116600e+00 1.817415418095013946e+00
9.550000000000116174e+00 1.828258624980020786e+00
9.570000000000115747e+00 1.788496094851195650e+00
9.590000000000115321e+00 1.824155009410489914e+00
9.610000000000114895e+00 1.752646669083044673e+00
9.630000000000114468e+00 1.764416891614168481e+00
9.650000000000114042e+00 1.736606956557119830e+00
9.670000000000113616e+00 1.785287543672897881e+00
9.690000000000113189e+00 1.731633085680789996e+00
9.710000000000112763e+00 1.660304641851596985e+00
9.730000000000112337e+00 1.712587168250177871e+00
9.750000000000111910e+00 1.661589379496133612e+00
9.770000000000111484e+00 1.680561895897475289e+00
9.790000000000111058e+00 1.660229539833811163e+00
9.810000000000110632e+00 1.661308401867353179e+00
9.830000000000110205e+00 1.636667396473303615e+00
9.850000000000109779e+00 1.640752781258640214e+00
9.870000000000109353e+00 1.651971682976836497e+00
9.890000000000108926e+00 1.600732466434618306e+00
9.910000000000108500e+00 1.561358768422445475e+00
9.930000000000108074e+00 1.557253937085593787e+00
9.950000000000107647e+00 1.578856233136890275e+00
9.970000000000107221e+00 1.526602689028533133e+00
9.990000000000106795e+00 1.554002267793185732e+00
1.001000000000010637e+01 1.542641866988254895e+00
1.003000000000010594e+01 1.507006462668188052e+00
1.005000000000010552e+01 1.500544309166706780e+00
1.007000000000010509e+01 1.458857413543836801e+00
1.009000000000010466e+01 1.476528192656858751e+00
1.011000000000010424e+01 1.504655229264634020e+00
1.013000000000010381e+01 1.459573007510951870e+00
1.015000000000010338e+01 1.451144687523764132e+00
1.017000000000010296e+01 1.414654850849681011e+00
1.019000000000010253e+01 1.437498303166161895e+00
1.021000000000010210e+01 1.391997155008374287e+00
1.023000000000010168e+01 1.402728087881793151e+00
1.025000000000010125e+01 1.388341794866810197e+00
1.027000000000010083e+01 1.411624076433980690e+00
1.029000000000010040e+01 1.397047162094918082e+00
1.031000000000009997e+01 1.382705694989647460e+00
1.033000000000009955e+01 1.384499522364396551e+00
1.035000000000009912e+01 1.366333325492529394e+00
1.037000000000009869e+01 1.341510676155244663e+00
1.039000000000009827e+01 1.350436163039794968e+00
1.041000000000009784e+01 1.299945531174790281e+00
1.043000000000009742e+01 1.341658925700824012e+00
1.045000000000009699e+01 1.300993795500431149e+00
1.047000000000009656e+01 1.349615948269445642e+00
1.049000000000009614e+01 1.296577662730893366e+00
1.051000000000009571e+01 1.317409068694035623e+00
1.053000000000009528e+01 1.319774289455494465e+00
1.055000000000009486e+01 1.302670575209805781e+00
1.057000000000009443e+01 1.286797264846789357e+00
1.059000000000009400e+01 1.245557883211749539e+00
1.061000000000009358e+01 1.290084993198031160e+00
1.063000000000009315e+01 1.270414622971056451e+00
1.065000000000009273e+01 1.253219277250068542e+00
1.067000000000009230e+01 1.262058142201318844e+00
1.069000000000009187e+01 1.314595013091229392e+00
1.071000000000009145e+01 1.247134046379031025e+00
1.073000000000009102e+01 1.230392153481409956e+00
1.075000000000009059e+01 1.227523626598524320e+00
1.077000000000009017e+01 1.276499172367181023e+00
1.079000000000008974e+01 1.257649572049272413e+00
1.081000000000008932e+01 1.213593861771651294e+00
1.083000000000008889e+01 1.261971723112552901e+00
1.085000000000008846e+01 1.222481024263911475e+00
1.087000000000008804e+01 1.199715460044168847e+00
1.089000000000008761e+01 1.219316447726833674e+00
1.091000000000008718e+01 1.207266643052505195e+00
1.093000000000008676e+01 1.193852265929845835e+00
1.095000000000008633e+01 1.213289249453048502e+00
1.097000000000008590e+01 1.193262342536450138e+00
1.099000000000008548e+01 1.208642856280472078e+00
1.101000000000008505e+01 1.205222249138064194e+00
1.103000000000008463e+01 1.174460226115682460e+00
1.105000000000008420e+01 1.192166802282882632e+00
1.107000000000008377e+01 1.171482785956025952e+00
1.109000000000008335e+01 1.181572104455116401e+00
1.111000000000008292e+01 1.178338269326217214e+00
1.113000000000008249e+01 1.173915306356115629e+00
1.115000000000008207e+01 1.174957383503634656e+00
1.117000000000008164e+01 1.160659199985684564e+00
1.119000000000008122e+01 1.146319050260398376e+00
1.121000000000008079e+01 1.157346305550752019e+00
1.123000000000008036e+01 1.158207755746677670e+00
1.125000000000007994e+01 1.148842233684054248e+00
1.127000000000007951e+01 1.125448121744083263e+00
1.129000000000007908e+01 1.148771473156788181e+00
1.131000000000007866e+01 1.141462928297205748e+00
1.133000000000007823e+01 1.120093346063653295e+00
1.135000000000007780e+01 1.121876334273701703e+00
1.137000000000007738e+01 1.154063115098278747e+00
1.139000000000007695e+01 1.142949329579367790e+00
1.141000000000007653e+01 1.111048062645414225e+00
1.143000000000007610e+01 1.112980194739998652e+00
1.145000000000007567e+01 1.147512146845310221e+00
1.147000000000007525e+01 1.090699696803369312e+00
1.149000000000007482e+01 1.140984519510163331e+00
1.151000000000007439e+01 1.098450124046508103e+00
1.153000000000007397e+01 1.049639217642083011e+00
1.155000000000007354e+01 1.081402661508781948e+00
1.157000000000007311e+01 1.086629304608780489e+00
1.159000000000007269e+01 1.136431089472425215e+00
1.161000000000007226e+01 1.057971506220116265e+00
1.163000000000007184e+01 1.070810984741563887e+00
1.165000000000007141e+01 1.079002510705718842e+00
1.167000000000007098e+01 1.081773669404014315e+00
1.169000000000007056e+01 1.060065466374438659e+00
1.171000000000007013e+01 1.067522053181925834e+00
1.173000000000006970e+01 1.046939044799698904e+00
1.175000000000006928e+01 1.088670478908344341e+00
1.177000000000006885e+01 1.029113950220679419e+00
1.179000000000006843e+01 1.020641129639100919e+00
1.181000000000006800e+01 1.058463500066134211e+00
1.183000000000006757e+01 1.040848777128718261e+00
1.185000000000006715e+01 1.005053461389044944e+00
1.187000000000006672e+01 1.016120527293695508e+00
1.189000000000006629e+01 1.026983376685558502e+00
1.191000000000006587e+01 9.797753271403307762e-01
1.193000000000006544e+01 1.044051172454643073e+00
1.195000000000006501e+01 1.002087672563332532e+00
1.197000000000006459e+01 9.916271029435320683e-01
1.199000000000006416e+01 9.637147944360110463e-01
1.201000000000006374e+01 1.010969047133135401e+00
1.203000000000006331e+01 9.367027249553078194e-01
1.205000000000006288e+01 9.968506053791318378e-01
1.207000000000006246e+01 9.656924665888084736e-01
1.209000000000006203e+01 9.600551060860028629e-01
1.211000000000006160e+01 9.574650337191337179e-01
1.213000000000006118e+01 9.362122099751660764e-01
1.215000000000006075e+01 9.365484976726170530e-01
1.217000000000006033e+01 9.295183723946676135e-01
1.219000000000005990e+01 9.437312255752329238e-01
1.221000000000005947e+01 8.802080596007740843e-01
1.223000000000005905e+01 8.976129866260110779e-01
1.225000000000005862e+01 9.159623969693112544e-01
1.227000000000005819e+01 8.580934161739740551e-01
1.229000000000005777e+01 9.038054831777451170e-01
1.231000000000005734e+01 8.680516798953179514e-01
1.233000000000005691e+01 8.630233271546734475e-01
1.235000000000005649e+01 8.458815349691719554e-01
1.237000000000005606e+01 8.756954540439626511e-01
1.239000000000005564e+01 8.589051491939837524e-01
1.241000000000005521e+01 8.380002782966398112e-01
1.243000000000005478e+01 8.353633625905717563e-01
1.245000000000005436e+01 8.565384582574846473e-01
1.247000000000005393e+01 8.167362514593612399e-01
1.249000000000005350e+01 7.997440673422817614e-01
1.251000000000005308e+01 8.141497285433237918e-01
1.253000000000005265e+01 7.711856579314623206e-01
1.255000000000005222e+01 7.964025624128608927e-01
1.257000000000005180e+01 7.976132716448320892e-01
1.259000000000005137e+01 7.648836817057353965e-01
1.261000000000005095e+01 7.570548404096378858e-01
1.263000000000005052e+01 7.715913816528118252e-01
1.265000000000005009e+01 7.415367857247868733e-01
1.267000000000004967e+01 7.509628753287878045e-01
1.269000000000004924e+01 7.327130320055356139e-01
1.271000000000004881e+01 7.222455483411298616e-01
1.273000000000004839e+01 7.094324535579596969e-01
1.275000000000004796e+01 7.280471650908648673e-01
1.277000000000004754e+01 7.130847734352617762e-01
1.279000000000004711e+01 7.065970509119765541e-01
1.281000000000004668e+01 6.852023883842155438e-01
1.283000000000004626e+01 7.001840010835821415e-01
1.285000000000004583e+01 6.986327257774925803e-01
1.287000000000004540e+01 6.898546849717073215e-01
1.289000000000004498e+01 6.565037774428661432e-01
1.291000000000004455e+01 6.604909788633253065e-01
1.293000000000004412e+01 6.647621451014326110e-01
1.295000000000004370e+01 6.248686693062888153e-01
1.297000000000004327e+01 6.416787802021056697e-01
1.299000000000004285e+01 6.393364118552891107e-01
1.301000000000004242e+01 6.476074988772789753e-01
1.303000000000004199e+01 6.363761537641789978e-01
1.305000000000004157e+01 6.072798525971976336e-01
1.307000000000004114e+01 5.980733873819874535e-01
1.309000000000004071e+01 5.750552730328387652e-01
1.311000000000004029e+01 5.768371738902239310e-01
1.313000000000003986e+01 5.714002169216774174e-01
1.315000000000003944e+01 5.722140513019009500e-01
1.317000000000003901e+01 5.460570715482320203e-01
1.319000000000003858e+01 5.785336073101096099e-01
1.321000000000003816e+01 5.541608929680438278e-01
1.323000000000003773e+01 5.312278581574045866e-01
1.325000000000003730e+01 5.347817843873192700e-01
1.327000000000003688e+01 5.324642099166229103e-01
1.329000000000003645e+01 5.273161113418802781e-01
1.331000000000003602e+01 5.063096240411739668e-01
1.333000000000003560e+01 5.087054525963338181e-01
1.335000000000003517e+01 5.079074951557730477e-01
1.337000000000003475e+01 5.066682833275893971e-01
1.339000000000003432e+01 4.868231867696326542e-01
1.341000000000003389e+01 4.753535336397586297e-01
1.343000000000003347e+01 4.638693534940902530e-01
1.345000000000003304e+01 4.708795482016023271e-01
1.347000000000003261e+01 4.507702992116057739e-01
1.349000000000003219e+01 4.490950277053686879e-01
1.351000000000003176e+01 4.455911057425950283e-01
1.353000000000003133e+01 4.523762445744025640e-01
1.355000000000003091e+01 4.160544362186278655e-01
1.357000000000003048e+01 4.397006394952294728e-01
1.359000000000003006e+01 4.222574746010225866e-01
1.361000000000002963e+01 4.379077438987325488e-01
1.363000000000002920e+01 4.079796002059788429e-01
1.365000000000002878e+01 4.110156348304919161e-01
1.367000000000002835e+01 3.918614789020573030e-01
1.369000000000002792e+01 3.779886100341876554e-01
1.371000000000002750e+01 3.800052220132176806e-01
1.373000000000002707e+01 3.921697877804194432e-01
1.375000000000002665e+01 3.794379676702026583e-01
1.377000000000002622e+01 3.536362516990620430e-01
1.379000000000002579e+01 3.673252210289399966e-01
1.381000000000002537e+01 3.531731560852437446e-01
1.383000000000002494e+01 3.468976918540093157e-01
1.385000000000002451e+01 3.661937936424522477e-01
1.387000000000002409e+01 3.397693804584595578e-01
1.389000000000002366e+01 3.252289158060193142e-01
1.391000000000002323e+01 3.143565040397720001e-01
1.393000000000002281e+01 3.138237554878318125e-01
1.395000000000002238e+01 3.073293690480399798e-01
1.397000000000002196e+01 3.007505428177205675e-01
1.399000000000002153e+01 2.893831179469500414e-01
1.401000000000002110e+01 2.719183166511473515e-01
1.403000000000002068e+01 2.762162210533733453e-01
1.405000000000002025e+01 2.731129163192270726e-01
1.407000000000001982e+01 2.605747388176126722e-01
1.409000000000001940e+01 2.766519845616084994e-01
1.411000000000001897e+01 2.610210963704284182e-01
1.413000000000001855e+01 2.360192017371391948e-01
1.415000000000001812e+01 2.299201746868230756e-01
1.417000000000001769e+01 2.321284578202866267e-01
1.419000000000001727e+01 2.399416101600413964e-01
1.421000000000001684e+01 2.105929855840353859e-01
1.423000000000001641e+01 2.019648345525099364e-01
1.425000000000001599e+01 2.066980203655751913e-01
1.427000000000001556e+01 1.933654314974996291e-01
1.429000000000001513e+01 1.810697183620269268e-01
1.431000000000001471e+01 1.853598366100249473e-01
1.433000000000001428e+01 1.767568346260355583e-01
1.435000000000001386e+01 1.758968993193390506e-01
1.437000000000001343e+01 1.680087632100859263e-01
1.439000000000001300e+01 1.483461224689154867e-01
1.441000000000001258e+01 1.396777805809987227e-01
1.443000000000001215e+01 1.067603666560110187e-01
1.445000000000001172e+01 1.068582907014654498e-01
1.447000000000001130e+01 9.286395151763268685e-02
1.449000000000001087e+01 7.598581036790069687e-02
1.451000000000001044e+01 7.579576975140824013e-02
1.453000000000001002e+01 6.736318778587263578e-02
1.455000000000000959e+01 5.633187460643395567e-02
1.457000000000000917e+01 5.330678790227285496e-02
1.459000000000000874e+01 5.041778671357732139e-02
1.461000000000000831e+01 3.911813140791381427e-02
1.463000000000000789e+01 2.251580182300494393e-02
1.465000000000000746e+01 1.692891409630117167e-02
1.467000000000000703e+01 1.685362247647722092e-02
1.469000000000000661e+01 1.125679618562644944e-02
1.471000000000000618e+01 1.120676623453421145e-02
1.473000000000000576e+01 5.599781458570571128e-03
1.475000000000000533e+01 0.000000000000000000e+00
1.477000000000000490e+01 0.000000000000000000e+00
1.479000000000000448e+01 0.000000000000000000e+00
1.481000000000000405e+01 0.000000000000000000e+00
1.483000000000000362e+01 0.000000000000000000e+00
1.485000000000000320e+01 0.000000000000000000e+00
1.487000000000000277e+01 0.000000000000000000e+00
1.489000000000000234e+01 0.000000000000000000e+00
1.491000000000000192e+01 0.000000000000000000e+00
1.493000000000000149e+01 0.000000000000000000e+00
1.495000000000000107e+01 0.000000000000000000e+00
1.497000000000000064e+01 0.000000000000000000e+00
1.499000000000000021e+01 0.000000000000000000e+00
