# Redshift		Merger Rate Density [Gpc^-3yr^-1]
1.000000000031931770e-02 1.081500949619941210e+01
3.000000000031888964e-02 1.104391729797068322e+01
5.000000000031846331e-02 1.136681110303318754e+01
7.000000000031804392e-02 1.107990277048231142e+01
9.000000000031761760e-02 1.106200452689653702e+01
1.100000000003171913e-01 1.089430668203577390e+01
1.300000000003167511e-01 1.102101170840528255e+01
1.500000000003163247e-01 1.068910583683549831e+01
1.700000000003158984e-01 1.115193837655125897e+01
1.900000000003154721e-01 1.148295697455630915e+01
2.100000000003150458e-01 1.106669176225780049e+01
2.300000000003146194e-01 1.146372067147462737e+01
2.500000000003141931e-01 1.170260821159908993e+01
2.700000000003137668e-01 1.225884690440123137e+01
2.900000000003133405e-01 1.221654142414310229e+01
3.100000000003129141e-01 1.226128683567724131e+01
3.300000000003124878e-01 1.263006363268939403e+01
3.500000000003120615e-01 1.260106739213311400e+01
3.700000000003116352e-01 1.311877490719793826e+01
3.900000000003112088e-01 1.309598819449659501e+01
4.100000000003107825e-01 1.270602560526388203e+01
4.300000000003103562e-01 1.341111005515767829e+01
4.500000000003099299e-01 1.319742807136200824e+01
4.700000000003095035e-01 1.342272763976062322e+01
4.900000000003090772e-01 1.337059432030302020e+01
5.100000000003086509e-01 1.388716344283526460e+01
5.300000000003082246e-01 1.397379130314177154e+01
5.500000000003077982e-01 1.396767823058693914e+01
5.700000000003073719e-01 1.492582396777898701e+01
5.900000000003069456e-01 1.468257545961701283e+01
6.100000000003065193e-01 1.559102050438082721e+01
6.300000000003060929e-01 1.572024443299698504e+01
6.500000000003056666e-01 1.568143147963391648e+01
6.700000000003052403e-01 1.596483403881261864e+01
6.900000000003048140e-01 1.622144844547116449e+01
7.100000000003043876e-01 1.574801306325746353e+01
7.300000000003039613e-01 1.656334850131161218e+01
7.500000000003035350e-01 1.675142283073764204e+01
7.700000000003031086e-01 1.711892526006280235e+01
7.900000000003026823e-01 1.812606263324477140e+01
8.100000000003022560e-01 1.772201558155798651e+01
8.300000000003018297e-01 1.835441115633362230e+01
8.500000000003014033e-01 1.822724749839398584e+01
8.700000000003009770e-01 1.892368452595989581e+01
8.900000000003005507e-01 1.847110055317615362e+01
9.100000000003001244e-01 1.881703121464039441e+01
9.300000000002996980e-01 1.918709225407935293e+01
9.500000000002992717e-01 1.939113276714829226e+01
9.700000000002988454e-01 1.904801797310230782e+01
9.900000000002984191e-01 1.940717090299812142e+01
1.010000000000297993e+00 1.937368817809884547e+01
1.030000000000297566e+00 1.962522326980014498e+01
1.050000000000297140e+00 2.018395058739531578e+01
1.070000000000296714e+00 2.004247720965819468e+01
1.090000000000296287e+00 2.020607336406347088e+01
1.110000000000295861e+00 2.045474196539571565e+01
1.130000000000295435e+00 2.039217420639739231e+01
1.150000000000295008e+00 2.082202270950499923e+01
1.170000000000294582e+00 2.068571206622073788e+01
1.190000000000294156e+00 2.082728746566420241e+01
1.210000000000293729e+00 2.050221018320962685e+01
1.230000000000293303e+00 2.084928619161375352e+01
1.250000000000292877e+00 2.081989190449934313e+01
1.270000000000292451e+00 2.107458086629082672e+01
1.290000000000292024e+00 2.144567211199482770e+01
1.310000000000291598e+00 2.108482195309345641e+01
1.330000000000291172e+00 2.105781608824874240e+01
1.350000000000290745e+00 2.106368247976310570e+01
1.370000000000290319e+00 2.185305064801126562e+01
1.390000000000289893e+00 2.144230620913612029e+01
1.410000000000289466e+00 2.210623505229347074e+01
1.430000000000289040e+00 2.154121213927787792e+01
1.450000000000288614e+00 2.239094286670735556e+01
1.470000000000288187e+00 2.119593567960525959e+01
1.490000000000287761e+00 2.154496671282561238e+01
1.510000000000287335e+00 2.219732562670852616e+01
1.530000000000286908e+00 2.219234543350866673e+01
1.550000000000286482e+00 2.197446847905569811e+01
1.570000000000286056e+00 2.162069257570354708e+01
1.590000000000285629e+00 2.223908757210739040e+01
1.610000000000285203e+00 2.230368631827279913e+01
1.630000000000284777e+00 2.231517840042865686e+01
1.650000000000284350e+00 2.161252422226105452e+01
1.670000000000283924e+00 2.238628622980728977e+01
1.690000000000283498e+00 2.257560039524254236e+01
1.710000000000283071e+00 2.277941174959098447e+01
1.730000000000282645e+00 2.201465455039384622e+01
1.750000000000282219e+00 2.236152150119646009e+01
1.770000000000281792e+00 2.308471538224822694e+01
1.790000000000281366e+00 2.260076053063760781e+01
1.810000000000280940e+00 2.348341024033336311e+01
1.830000000000280513e+00 2.251199595934523501e+01
1.850000000000280087e+00 2.397088225576387899e+01
1.870000000000279661e+00 2.340868715318648796e+01
1.890000000000279234e+00 2.326139991681709063e+01
1.910000000000278808e+00 2.313648222157640788e+01
1.930000000000278382e+00 2.486368843626539871e+01
1.950000000000277955e+00 2.382277672998899476e+01
1.970000000000277529e+00 2.416442259338842646e+01
1.990000000000277103e+00 2.414965752379625386e+01
2.010000000000276899e+00 2.455181210169514472e+01
2.030000000000276472e+00 2.460967102978884569e+01
2.050000000000276046e+00 2.419045961975811565e+01
2.070000000000275620e+00 2.441320171707107178e+01
2.090000000000275193e+00 2.527285623141553117e+01
2.110000000000274767e+00 2.476600002828791602e+01
2.130000000000274341e+00 2.504331494823261295e+01
2.150000000000273914e+00 2.408474393883317077e+01
2.170000000000273488e+00 2.457119185390279270e+01
2.190000000000273062e+00 2.516310519171123516e+01
2.210000000000272635e+00 2.479293324923800057e+01
2.230000000000272209e+00 2.438966968779974209e+01
2.250000000000271783e+00 2.412036855392301504e+01
2.270000000000271356e+00 2.482776336027351149e+01
2.290000000000270930e+00 2.408596520699649801e+01
2.310000000000270504e+00 2.433240610480543609e+01
2.330000000000270077e+00 2.427322562585128907e+01
2.350000000000269651e+00 2.307762932684510915e+01
2.370000000000269225e+00 2.393713036905660729e+01
2.390000000000268798e+00 2.354995207548956770e+01
2.410000000000268372e+00 2.436785301694719763e+01
2.430000000000267946e+00 2.306867231897409454e+01
2.450000000000267519e+00 2.320272255224995561e+01
2.470000000000267093e+00 2.356336176251521408e+01
2.490000000000266667e+00 2.254138303951264533e+01
2.510000000000266240e+00 2.283384081139001509e+01
2.530000000000265814e+00 2.399099839349699792e+01
2.550000000000265388e+00 2.263018135349534532e+01
2.570000000000264961e+00 2.272732684822072713e+01
2.590000000000264535e+00 2.289498510585219293e+01
2.610000000000264109e+00 2.221557080552330987e+01
2.630000000000263682e+00 2.229491759137125584e+01
2.650000000000263256e+00 2.309194811558894145e+01
2.670000000000262830e+00 2.173177870866473427e+01
2.690000000000262403e+00 2.337664295888041366e+01
2.710000000000261977e+00 2.242355023510059908e+01
2.730000000000261551e+00 2.203110087261723038e+01
2.750000000000261124e+00 2.252286989662840355e+01
2.770000000000260698e+00 2.226065611578342640e+01
2.790000000000260272e+00 2.213690180035456478e+01
2.810000000000259845e+00 2.154159161708208714e+01
2.830000000000259419e+00 2.239269440863870386e+01
2.850000000000258993e+00 2.146838007644717905e+01
2.870000000000258567e+00 2.146540781800392850e+01
2.890000000000258140e+00 2.204564894349905657e+01
2.910000000000257714e+00 2.145729882158156698e+01
2.930000000000257288e+00 2.185718421926878463e+01
2.950000000000256861e+00 2.104333363661166345e+01
2.970000000000256435e+00 2.149321217435310061e+01
2.990000000000256009e+00 2.101706691990753129e+01
3.010000000000255582e+00 2.101206789129341956e+01
3.030000000000255156e+00 2.115976587422714061e+01
3.050000000000254730e+00 2.085959910697076580e+01
3.070000000000254303e+00 2.090137350501930769e+01
3.090000000000253877e+00 2.133981415934724524e+01
3.110000000000253451e+00 2.003658457361155243e+01
3.130000000000253024e+00 2.064593524867336782e+01
3.150000000000252598e+00 2.042792015442209319e+01
3.170000000000252172e+00 2.032353651334465283e+01
3.190000000000251745e+00 1.964475338781380742e+01
3.210000000000251319e+00 1.966253292668527664e+01
3.230000000000250893e+00 2.063396258183324861e+01
3.250000000000250466e+00 1.932656173122742160e+01
3.270000000000250040e+00 1.948207083233090842e+01
3.290000000000249614e+00 1.919589365301023065e+01
3.310000000000249187e+00 1.909430116931221733e+01
3.330000000000248761e+00 1.940545896345157217e+01
3.350000000000248335e+00 1.890616826790659033e+01
3.370000000000247908e+00 1.853864868154882828e+01
3.390000000000247482e+00 1.855654785548261643e+01
3.410000000000247056e+00 1.887689631632539289e+01
3.430000000000246629e+00 1.802863860820198383e+01
3.450000000000246203e+00 1.820121659771891132e+01
3.470000000000245777e+00 1.796855474191571034e+01
3.490000000000245350e+00 1.844208691192050864e+01
3.510000000000244924e+00 1.769852872554326240e+01
3.530000000000244498e+00 1.757898022063636034e+01
3.550000000000244071e+00 1.762494940970430690e+01
3.570000000000243645e+00 1.743764981657847457e+01
3.590000000000243219e+00 1.736672171974589673e+01
3.610000000000242792e+00 1.706262045667256899e+01
3.630000000000242366e+00 1.715119701406612407e+01
3.650000000000241940e+00 1.672048547957147946e+01
3.670000000000241513e+00 1.671413424421916005e+01
3.690000000000241087e+00 1.637805333987608236e+01
3.710000000000240661e+00 1.651283903658781682e+01
3.730000000000240234e+00 1.630650276225744122e+01
3.750000000000239808e+00 1.637894615209158644e+01
3.770000000000239382e+00 1.582532974109935786e+01
3.790000000000238956e+00 1.585076762724328603e+01
3.810000000000238529e+00 1.558744608568810186e+01
3.830000000000238103e+00 1.544665557062413441e+01
3.850000000000237677e+00 1.567199724965960428e+01
3.870000000000237250e+00 1.527354518860004440e+01
3.890000000000236824e+00 1.529010158346450332e+01
3.910000000000236398e+00 1.500914182080755133e+01
3.930000000000235971e+00 1.476385255235640770e+01
3.950000000000235545e+00 1.505259920316532352e+01
3.970000000000235119e+00 1.491669402890957130e+01
3.990000000000234692e+00 1.430880289694781560e+01
4.010000000000234266e+00 1.471053754090956467e+01
4.030000000000233840e+00 1.431320585689645775e+01
4.050000000000233413e+00 1.421516477557257829e+01
4.070000000000232987e+00 1.409948628384425362e+01
4.090000000000232561e+00 1.408430199300262586e+01
4.110000000000232134e+00 1.361419198429915056e+01
4.130000000000231708e+00 1.369355490190466007e+01
4.150000000000231282e+00 1.324427260216893387e+01
4.170000000000230855e+00 1.352175566787434313e+01
4.190000000000230429e+00 1.330662585107547180e+01
4.210000000000230003e+00 1.309963374118327017e+01
4.230000000000229576e+00 1.250139378211892094e+01
4.250000000000229150e+00 1.287953249699375569e+01
4.270000000000228724e+00 1.241196723722936746e+01
4.290000000000228297e+00 1.234829305948673550e+01
4.310000000000227871e+00 1.238928705912480588e+01
4.330000000000227445e+00 1.224304938853730107e+01
4.350000000000227018e+00 1.186878962767557866e+01
4.370000000000226592e+00 1.149218667508996816e+01
4.390000000000226166e+00 1.155649655690102939e+01
4.410000000000225739e+00 1.126477086978666620e+01
4.430000000000225313e+00 1.129060873868236037e+01
4.450000000000224887e+00 1.109885993785359659e+01
4.470000000000224460e+00 1.064655131852312842e+01
4.490000000000224034e+00 1.064222563157438195e+01
4.510000000000223608e+00 1.030442103551311916e+01
4.530000000000223181e+00 9.995505645293864205e+00
4.550000000000222755e+00 1.031419763008058332e+01
4.570000000000222329e+00 9.780169209522540541e+00
4.590000000000221902e+00 9.856148071561792179e+00
4.610000000000221476e+00 9.611039175192562567e+00
4.630000000000221050e+00 9.352300307759726650e+00
4.650000000000220624e+00 9.237242890551559782e+00
4.670000000000220197e+00 8.803943383980040949e+00
4.690000000000219771e+00 8.964620182725964170e+00
4.710000000000219345e+00 8.837500298260112075e+00
4.730000000000218918e+00 8.496468665505428675e+00
4.750000000000218492e+00 8.166413614394850029e+00
4.770000000000218066e+00 8.094088556074565233e+00
4.790000000000217639e+00 7.663582303356271552e+00
4.810000000000217213e+00 7.538293855812452371e+00
4.830000000000216787e+00 7.729723302697238729e+00
4.850000000000216360e+00 7.507788771260361038e+00
4.870000000000215934e+00 7.269307265176877308e+00
4.890000000000215508e+00 7.106362250827013227e+00
4.910000000000215081e+00 6.834023627285219504e+00
4.930000000000214655e+00 6.625165556080092166e+00
4.950000000000214229e+00 6.466412521406812886e+00
4.970000000000213802e+00 6.294368218095087286e+00
4.990000000000213376e+00 6.153280955104182048e+00
5.010000000000212950e+00 6.154988365134818729e+00
5.030000000000212523e+00 5.861709854868170311e+00
5.050000000000212097e+00 5.703111602722536588e+00
5.070000000000211671e+00 5.663465255213056437e+00
5.090000000000211244e+00 5.255696363682100802e+00
5.110000000000210818e+00 5.384719591989648002e+00
5.130000000000210392e+00 5.135593596396094362e+00
5.150000000000209965e+00 4.961841691364868190e+00
5.170000000000209539e+00 4.878928052656157810e+00
5.190000000000209113e+00 4.847570646711687026e+00
5.210000000000208686e+00 4.561628040721198651e+00
5.230000000000208260e+00 4.497423327487302558e+00
5.250000000000207834e+00 4.222360827170591691e+00
5.270000000000207407e+00 4.121930386874029573e+00
5.290000000000206981e+00 4.124337705815320554e+00
5.310000000000206555e+00 4.006618195228132784e+00
5.330000000000206128e+00 3.766443106953837994e+00
5.350000000000205702e+00 3.816010729595356032e+00
5.370000000000205276e+00 3.612102846548521207e+00
5.390000000000204849e+00 3.614939523358283058e+00
5.410000000000204423e+00 3.428014326151222591e+00
5.430000000000203997e+00 3.258395620624735756e+00
5.450000000000203570e+00 3.168604266168140171e+00
5.470000000000203144e+00 3.203738657626059805e+00
5.490000000000202718e+00 3.046282272965746607e+00
5.510000000000202292e+00 2.968093910117400203e+00
5.530000000000201865e+00 2.809923443619545935e+00
5.550000000000201439e+00 2.982630135504793945e+00
5.570000000000201013e+00 2.705577943649888351e+00
5.590000000000200586e+00 2.649256546589055628e+00
5.610000000000200160e+00 2.592342773225974728e+00
5.630000000000199734e+00 2.554793891039317977e+00
5.650000000000199307e+00 2.429773193093845318e+00
5.670000000000198881e+00 2.465442726980076937e+00
5.690000000000198455e+00 2.315293706662701734e+00
5.710000000000198028e+00 2.351602478982956601e+00
5.730000000000197602e+00 2.182543109640615153e+00
5.750000000000197176e+00 2.212453166318725017e+00
5.770000000000196749e+00 2.090656839033758096e+00
5.790000000000196323e+00 2.085788558169360485e+00
5.810000000000195897e+00 2.114163891105566240e+00
5.830000000000195470e+00 1.999431604067128054e+00
5.850000000000195044e+00 1.909292138215368695e+00
5.870000000000194618e+00 2.021141820279082069e+00
5.890000000000194191e+00 1.768866904632464099e+00
5.910000000000193765e+00 1.930505641461599753e+00
5.930000000000193339e+00 1.852110454199088929e+00
5.950000000000192912e+00 1.761929707482308594e+00
5.970000000000192486e+00 1.708819177451658788e+00
5.990000000000192060e+00 1.743521378318404924e+00
6.010000000000191633e+00 1.733067459141034217e+00
6.030000000000191207e+00 1.626135454846525441e+00
6.050000000000190781e+00 1.729141099777867785e+00
6.070000000000190354e+00 1.603065558127155565e+00
6.090000000000189928e+00 1.561544152731504820e+00
6.110000000000189502e+00 1.565397448366169009e+00
6.130000000000189075e+00 1.583028382080957197e+00
6.150000000000188649e+00 1.556373745446409051e+00
6.170000000000188223e+00 1.521245783433931686e+00
6.190000000000187796e+00 1.528832673269277631e+00
6.210000000000187370e+00 1.456971937491631008e+00
6.230000000000186944e+00 1.561810346490667634e+00
6.250000000000186517e+00 1.486121784412003599e+00
6.270000000000186091e+00 1.466019744197649244e+00
6.290000000000185665e+00 1.493801107729017641e+00
6.310000000000185238e+00 1.489215512725146295e+00
6.330000000000184812e+00 1.521066860168577950e+00
6.350000000000184386e+00 1.415738101555784834e+00
6.370000000000183960e+00 1.468580884616700999e+00
6.390000000000183533e+00 1.505801729304444558e+00
6.410000000000183107e+00 1.444713423312107503e+00
6.430000000000182681e+00 1.418991136746744264e+00
6.450000000000182254e+00 1.416140249812030349e+00
6.470000000000181828e+00 1.521114445928088532e+00
6.490000000000181402e+00 1.407117799868147667e+00
6.510000000000180975e+00 1.325248152610521757e+00
6.530000000000180549e+00 1.475338633567545132e+00
6.550000000000180123e+00 1.429570942335956385e+00
6.570000000000179696e+00 1.330088230423266848e+00
6.590000000000179270e+00 1.434823008747954765e+00
6.610000000000178844e+00 1.330525233476938407e+00
6.630000000000178417e+00 1.346642681033350053e+00
6.650000000000177991e+00 1.351251974578140391e+00
6.670000000000177565e+00 1.303944552390528644e+00
6.690000000000177138e+00 1.391117530672017155e+00
6.710000000000176712e+00 1.315211058938181132e+00
6.730000000000176286e+00 1.290701329472052850e+00
6.750000000000175859e+00 1.327511045370522558e+00
6.770000000000175433e+00 1.291680553439149781e+00
6.790000000000175007e+00 1.323759015876982525e+00
6.810000000000174580e+00 1.268389262179454136e+00
6.830000000000174154e+00 1.317479853023996617e+00
6.850000000000173728e+00 1.295503375044876559e+00
6.870000000000173301e+00 1.291946805155574696e+00
6.890000000000172875e+00 1.280004001507868638e+00
6.910000000000172449e+00 1.287759660923454064e+00
6.930000000000172022e+00 1.216801900628492694e+00
6.950000000000171596e+00 1.281099831615034601e+00
6.970000000000171170e+00 1.302543238388906399e+00
6.990000000000170743e+00 1.203465373515448356e+00
7.010000000000170317e+00 1.218014985381059345e+00
7.030000000000169891e+00 1.240858632901920888e+00
7.050000000000169464e+00 1.146472684320936519e+00
7.070000000000169038e+00 1.227927772427481079e+00
7.090000000000168612e+00 1.324163842141283798e+00
7.110000000000168185e+00 1.227320315015529406e+00
7.130000000000167759e+00 1.184602993275602589e+00
7.150000000000167333e+00 1.160287385779796177e+00
7.170000000000166906e+00 1.168983611809894629e+00
7.190000000000166480e+00 1.103037870015517230e+00
7.210000000000166054e+00 1.133150565108161256e+00
7.230000000000165628e+00 1.151436443485525762e+00
7.250000000000165201e+00 1.100138630650545624e+00
7.270000000000164775e+00 1.155730643019234005e+00
7.290000000000164349e+00 1.111702389608354880e+00
7.310000000000163922e+00 1.116311593948033254e+00
7.330000000000163496e+00 1.105377736691538937e+00
7.350000000000163070e+00 1.091483472081042017e+00
7.370000000000162643e+00 1.032853441510653170e+00
7.390000000000162217e+00 1.075840332811864197e+00
7.410000000000161791e+00 1.037577061710326154e+00
7.430000000000161364e+00 1.048195541935659669e+00
7.450000000000160938e+00 1.031741484350075400e+00
7.470000000000160512e+00 1.046874260221261732e+00
7.490000000000160085e+00 1.063721802744273193e+00
7.510000000000159659e+00 1.018710755443080540e+00
7.530000000000159233e+00 1.034077961514347388e+00
7.550000000000158806e+00 1.064396699668860746e+00
7.570000000000158380e+00 1.069885440121033815e+00
7.590000000000157954e+00 9.751875057129781865e-01
7.610000000000157527e+00 1.061006488233759093e+00
7.630000000000157101e+00 1.031490606033899970e+00
7.650000000000156675e+00 1.047211305189137409e+00
7.670000000000156248e+00 1.005806022535141508e+00
7.690000000000155822e+00 1.023724988307597616e+00
7.710000000000155396e+00 1.031795008297682559e+00
7.730000000000154969e+00 1.044350689234019747e+00
7.750000000000154543e+00 1.001935534568749508e+00
7.770000000000154117e+00 1.046802366207088220e+00
7.790000000000153690e+00 1.067616593299073768e+00
7.810000000000153264e+00 1.022763407975901595e+00
7.830000000000152838e+00 1.044139740128778637e+00
7.850000000000152411e+00 1.050665861786123312e+00
7.870000000000151985e+00 1.091294662439183494e+00
7.890000000000151559e+00 1.068900100846840839e+00
7.910000000000151132e+00 1.051104343843291655e+00
7.930000000000150706e+00 1.045102409976465196e+00
7.950000000000150280e+00 1.063208972619776649e+00
7.970000000000149853e+00 1.082636472837089414e+00
7.990000000000149427e+00 1.105117853643238668e+00
8.010000000000149001e+00 1.105310834129575204e+00
8.030000000000148574e+00 1.086089022735009957e+00
8.050000000000148148e+00 1.154227193933381468e+00
8.070000000000147722e+00 1.099148068651641719e+00
8.090000000000147296e+00 1.104195792186513980e+00
8.110000000000146869e+00 1.094521426862157698e+00
8.130000000000146443e+00 1.194381181787784740e+00
8.150000000000146017e+00 1.124328412339072214e+00
8.170000000000145590e+00 1.119574752086415659e+00
8.190000000000145164e+00 1.159602668964571093e+00
8.210000000000144738e+00 1.175517822755947517e+00
8.230000000000144311e+00 1.090780425326544290e+00
8.250000000000143885e+00 1.147351333366837478e+00
8.270000000000143459e+00 1.151907382341802455e+00
8.290000000000143032e+00 1.186539981357597862e+00
8.310000000000142606e+00 1.110071022279905062e+00
8.330000000000142180e+00 1.108796865422565059e+00
8.350000000000141753e+00 1.159760588520358571e+00
8.370000000000141327e+00 1.118201918715558074e+00
8.390000000000140901e+00 1.175595691941096366e+00
8.410000000000140474e+00 1.140136934258822565e+00
8.430000000000140048e+00 1.148773748684870810e+00
8.450000000000139622e+00 1.163172972104047354e+00
8.470000000000139195e+00 1.157203546156734042e+00
8.490000000000138769e+00 1.199470113825803264e+00
8.510000000000138343e+00 1.106744005275093201e+00
8.530000000000137916e+00 1.153492202731238203e+00
8.550000000000137490e+00 1.108783993457866934e+00
8.570000000000137064e+00 1.125036280324397842e+00
8.590000000000136637e+00 1.162080106234465449e+00
8.610000000000136211e+00 1.134948024494461860e+00
8.630000000000135785e+00 1.120603276073887322e+00
8.650000000000135358e+00 1.124416747886547663e+00
8.670000000000134932e+00 1.091417077630405741e+00
8.690000000000134506e+00 1.133269669207273456e+00
8.710000000000134079e+00 1.117441960540147328e+00
8.730000000000133653e+00 1.103221868854511678e+00
8.750000000000133227e+00 1.117361089696869980e+00
8.770000000000132800e+00 1.045180914991491905e+00
8.790000000000132374e+00 1.094198864119954928e+00
8.810000000000131948e+00 1.087020887848455963e+00
8.830000000000131521e+00 1.100124945345910321e+00
8.850000000000131095e+00 1.068678920625687478e+00
8.870000000000130669e+00 1.054639738967682705e+00
8.890000000000130242e+00 1.080343341144383684e+00
8.910000000000129816e+00 1.054301712891029918e+00
8.930000000000129390e+00 1.020467624428896602e+00
8.950000000000128964e+00 1.057199512860311552e+00
8.970000000000128537e+00 1.052026105573217851e+00
8.990000000000128111e+00 1.031038789434957970e+00
9.010000000000127685e+00 1.021254669059076914e+00
9.030000000000127258e+00 9.900688656484751826e-01
9.050000000000126832e+00 1.012544757292120678e+00
9.070000000000126406e+00 1.005498205012527402e+00
9.090000000000125979e+00 9.823503403839101145e-01
9.110000000000125553e+00 9.748202628255188129e-01
9.130000000000125127e+00 1.006401089193952769e+00
9.150000000000124700e+00 9.636794319115875584e-01
9.170000000000124274e+00 9.727378551078205149e-01
9.190000000000123848e+00 9.880824409153085019e-01
9.210000000000123421e+00 9.548545520277045284e-01
9.230000000000122995e+00 9.712707098967569008e-01
9.250000000000122569e+00 9.420769863421298851e-01
9.270000000000122142e+00 9.741529101467231166e-01
9.290000000000121716e+00 9.146810657647034271e-01
9.310000000000121290e+00 9.365026059910994682e-01
9.330000000000120863e+00 9.290567701013052737e-01
9.350000000000120437e+00 9.134493597226310824e-01
9.370000000000120011e+00 9.140621014218366369e-01
9.390000000000119584e+00 9.401741759394294240e-01
9.410000000000119158e+00 8.929382061701264250e-01
9.430000000000118732e+00 9.106017976342600795e-01
9.450000000000118305e+00 9.002543146459727197e-01
9.470000000000117879e+00 9.023710025015636571e-01
9.490000000000117453e+00 9.088892141111233336e-01
9.510000000000117026e+00 8.878953157933769935e-01
9.530000000000116600e+00 9.125588357134086781e-01
9.550000000000116174e+00 8.836492263019664062e-01
9.570000000000115747e+00 8.985702284189693856e-01
9.590000000000115321e+00 9.120762892034417479e-01
9.610000000000114895e+00 8.991254943278927936e-01
9.630000000000114468e+00 8.803963548158570962e-01
9.650000000000114042e+00 8.779888004624766262e-01
9.670000000000113616e+00 8.802128668482652740e-01
9.690000000000113189e+00 9.006809588025072033e-01
9.710000000000112763e+00 8.726140906302357614e-01
9.730000000000112337e+00 8.748193383367405263e-01
9.750000000000111910e+00 8.935523379629205509e-01
9.770000000000111484e+00 8.677065092266228463e-01
9.790000000000111058e+00 8.987840595061197257e-01
9.810000000000110632e+00 8.671204583314631176e-01
9.830000000000110205e+00 9.236474030152537207e-01
9.850000000000109779e+00 8.656273506144460672e-01
9.870000000000109353e+00 9.005790885082900488e-01
9.890000000000108926e+00 8.967725815530537270e-01
9.910000000000108500e+00 9.213674467654270339e-01
9.930000000000108074e+00 8.536388051094849772e-01
9.950000000000107647e+00 8.987065907300250123e-01
9.970000000000107221e+00 8.661870925271433208e-01
9.990000000000106795e+00 9.040767363573893878e-01
1.001000000000010637e+01 9.183612796206199747e-01
1.003000000000010594e+01 8.944518512073624805e-01
1.005000000000010552e+01 8.967876837960111480e-01
1.007000000000010509e+01 9.063585774729617794e-01
1.009000000000010466e+01 9.257385409744884885e-01
1.011000000000010424e+01 9.324389428992250206e-01
1.013000000000010381e+01 9.002249737714147493e-01
1.015000000000010338e+01 9.287179043347358887e-01
1.017000000000010296e+01 9.230787213894650067e-01
1.019000000000010253e+01 9.019915628118262418e-01
1.021000000000010210e+01 9.332877650587416696e-01
1.023000000000010168e+01 9.018858682978360131e-01
1.025000000000010125e+01 9.282052358372249179e-01
1.027000000000010083e+01 9.625574874568572081e-01
1.029000000000010040e+01 9.368685002074660373e-01
1.031000000000009997e+01 9.036108013359229751e-01
1.033000000000009955e+01 9.191596824967120938e-01
1.035000000000009912e+01 9.332538456166495910e-01
1.037000000000009869e+01 9.547029144466462336e-01
1.039000000000009827e+01 9.392532443978742762e-01
1.041000000000009784e+01 9.244370653234590396e-01
1.043000000000009742e+01 9.308996605907055022e-01
1.045000000000009699e+01 9.528763622985784165e-01
1.047000000000009656e+01 9.134722112898876478e-01
1.049000000000009614e+01 9.351138628135834407e-01
1.051000000000009571e+01 9.651334957082615684e-01
1.053000000000009528e+01 9.304398403988570765e-01
1.055000000000009486e+01 9.143916502320365014e-01
1.057000000000009443e+01 9.272180364753899173e-01
1.059000000000009400e+01 9.081051551547250078e-01
1.061000000000009358e+01 9.390128801720676321e-01
1.063000000000009315e+01 9.133850017793194720e-01
1.065000000000009273e+01 9.059001737184012581e-01
1.067000000000009230e+01 9.062217868307673729e-01
1.069000000000009187e+01 9.215162000800858344e-01
1.071000000000009145e+01 8.959476550746597878e-01
1.073000000000009102e+01 8.651157020729529634e-01
1.075000000000009059e+01 8.727723018455604276e-01
1.077000000000009017e+01 8.733413051294920404e-01
1.079000000000008974e+01 8.589666128227045894e-01
1.081000000000008932e+01 8.648330818293852307e-01
1.083000000000008889e+01 8.666580290093384153e-01
1.085000000000008846e+01 8.387643909868971459e-01
1.087000000000008804e+01 8.357010388508799847e-01
1.089000000000008761e+01 8.153520010030894660e-01
1.091000000000008718e+01 8.212945049762506722e-01
1.093000000000008676e+01 8.108905537449122569e-01
1.095000000000008633e+01 8.369695486382601191e-01
1.097000000000008590e+01 7.871668468161281407e-01
1.099000000000008548e+01 7.927644011991148432e-01
1.101000000000008505e+01 7.530026046755079472e-01
1.103000000000008463e+01 7.466814214615346001e-01
1.105000000000008420e+01 7.650977595402287390e-01
1.107000000000008377e+01 7.361849967251301585e-01
1.109000000000008335e+01 7.369686280302033543e-01
1.111000000000008292e+01 7.154803284888477943e-01
1.113000000000008249e+01 7.129873609719820093e-01
1.115000000000008207e+01 6.854492867784978127e-01
1.117000000000008164e+01 6.923908258007039906e-01
1.119000000000008122e+01 6.615430708275573668e-01
1.121000000000008079e+01 6.511689904946287299e-01
1.123000000000008036e+01 6.704808710263013838e-01
1.125000000000007994e+01 6.301051633902537974e-01
1.127000000000007951e+01 6.510212698333235348e-01
1.129000000000007908e+01 6.199771444230643969e-01
1.131000000000007866e+01 6.212965303833390962e-01
1.133000000000007823e+01 6.204165322892229995e-01
1.135000000000007780e+01 6.231133945507639771e-01
1.137000000000007738e+01 5.964779556489957502e-01
1.139000000000007695e+01 5.613325555093384711e-01
1.141000000000007653e+01 5.490833865094968402e-01
1.143000000000007610e+01 5.594684895502556321e-01
1.145000000000007567e+01 5.402194114247211854e-01
1.147000000000007525e+01 5.532842506622241974e-01
1.149000000000007482e+01 5.319000028040929973e-01
1.151000000000007439e+01 5.087763385616294043e-01
1.153000000000007397e+01 5.354950312655661904e-01
1.155000000000007354e+01 5.148800567823171859e-01
1.157000000000007311e+01 5.140627865606830493e-01
1.159000000000007269e+01 4.961538766039306769e-01
1.161000000000007226e+01 4.978647923045303458e-01
1.163000000000007184e+01 4.795186798279400531e-01
1.165000000000007141e+01 4.644693867953265110e-01
1.167000000000007098e+01 5.038736066120395041e-01
1.169000000000007056e+01 4.715344557949232573e-01
1.171000000000007013e+01 4.786452535317924362e-01
1.173000000000006970e+01 4.938335667266715023e-01
1.175000000000006928e+01 4.875701407629242090e-01
1.177000000000006885e+01 4.584772553729518640e-01
1.179000000000006843e+01 4.753579808951444718e-01
1.181000000000006800e+01 4.555915882211784562e-01
1.183000000000006757e+01 4.527951948714817321e-01
1.185000000000006715e+01 4.599974833651050421e-01
1.187000000000006672e+01 4.494166374633882244e-01
1.189000000000006629e+01 4.634764656228975710e-01
1.191000000000006587e+01 4.394257235663862060e-01
1.193000000000006544e+01 4.649075854664218577e-01
1.195000000000006501e+01 4.576949563679952870e-01
1.197000000000006459e+01 4.704473545380137844e-01
1.199000000000006416e+01 4.484394024722178074e-01
1.201000000000006374e+01 4.823837676476847580e-01
1.203000000000006331e+01 4.512139174373658301e-01
1.205000000000006288e+01 4.587686734200893124e-01
1.207000000000006246e+01 4.847907226586353757e-01
1.209000000000006203e+01 4.805237060612868594e-01
1.211000000000006160e+01 4.970308886980096541e-01
1.213000000000006118e+01 4.704611884271149846e-01
1.215000000000006075e+01 4.797936954590654723e-01
1.217000000000006033e+01 4.971836365456190343e-01
1.219000000000005990e+01 5.085024860712187289e-01
1.221000000000005947e+01 4.841209599077848091e-01
1.223000000000005905e+01 5.070943228073769848e-01
1.225000000000005862e+01 5.181577575984247508e-01
1.227000000000005819e+01 5.139594005275656130e-01
1.229000000000005777e+01 5.387377612248743786e-01
1.231000000000005734e+01 5.275985445038822164e-01
1.233000000000005691e+01 5.217593531478702529e-01
1.235000000000005649e+01 5.396669594342812237e-01
1.237000000000005606e+01 5.434699572097480003e-01
1.239000000000005564e+01 5.500377712781118200e-01
1.241000000000005521e+01 5.670283668473294902e-01
1.243000000000005478e+01 5.440061400047253581e-01
1.245000000000005436e+01 5.642185442854263933e-01
1.247000000000005393e+01 5.739436453671000748e-01
1.249000000000005350e+01 5.803725212100139252e-01
1.251000000000005308e+01 5.696870909489254453e-01
1.253000000000005265e+01 6.013274138088540166e-01
1.255000000000005222e+01 6.127131233035721936e-01
1.257000000000005180e+01 5.856984444234497600e-01
1.259000000000005137e+01 6.120568565519387549e-01
1.261000000000005095e+01 6.059669640268361412e-01
1.263000000000005052e+01 6.100073699311207021e-01
1.265000000000005009e+01 6.195247613806863507e-01
1.267000000000004967e+01 6.432189312043566920e-01
1.269000000000004924e+01 6.280247866823960301e-01
1.271000000000004881e+01 6.188980077726226048e-01
1.273000000000004839e+01 6.513338021628769514e-01
1.275000000000004796e+01 6.309148704406076780e-01
1.277000000000004754e+01 6.186182334794054771e-01
1.279000000000004711e+01 6.363419222003666720e-01
1.281000000000004668e+01 6.423773898690033901e-01
1.283000000000004626e+01 6.495181823599669446e-01
1.285000000000004583e+01 6.223704209209924842e-01
1.287000000000004540e+01 6.451617186403960647e-01
1.289000000000004498e+01 6.598507039191029433e-01
1.291000000000004455e+01 6.471075556709244836e-01
1.293000000000004412e+01 6.715201117646347750e-01
1.295000000000004370e+01 6.654160676205659319e-01
1.297000000000004327e+01 6.396944040051451008e-01
1.299000000000004285e+01 6.537872836455639325e-01
1.301000000000004242e+01 6.406267682953427078e-01
1.303000000000004199e+01 6.462330196243396552e-01
1.305000000000004157e+01 6.502769378655306465e-01
1.307000000000004114e+01 6.593037794857471434e-01
1.309000000000004071e+01 6.510757524804269281e-01
1.311000000000004029e+01 6.355377893450487869e-01
1.313000000000003986e+01 6.370648617204597297e-01
1.315000000000003944e+01 6.585721729971574234e-01
1.317000000000003901e+01 6.415528560861933904e-01
1.319000000000003858e+01 6.287133831362231584e-01
1.321000000000003816e+01 6.405065736420688660e-01
1.323000000000003773e+01 6.464705722250413400e-01
1.325000000000003730e+01 6.205742657138032525e-01
1.327000000000003688e+01 6.277073469119571758e-01
1.329000000000003645e+01 6.126043760431389984e-01
1.331000000000003602e+01 6.119270485566412621e-01
1.333000000000003560e+01 6.300770764918522948e-01
1.335000000000003517e+01 6.133524835871546621e-01
1.337000000000003475e+01 6.083035690303791876e-01
1.339000000000003432e+01 6.222035930473659437e-01
1.341000000000003389e+01 5.935341583843877222e-01
1.343000000000003347e+01 5.818756138402906286e-01
1.345000000000003304e+01 6.112966054486099754e-01
1.347000000000003261e+01 5.971329303813837086e-01
1.349000000000003219e+01 5.761508474968681792e-01
1.351000000000003176e+01 5.771645321735627832e-01
1.353000000000003133e+01 5.868175256910851401e-01
1.355000000000003091e+01 5.798942259251727016e-01
1.357000000000003048e+01 5.891612769612880607e-01
1.359000000000003006e+01 5.619423407887980115e-01
1.361000000000002963e+01 5.460206130241136435e-01
1.363000000000002920e+01 5.453579954935525720e-01
1.365000000000002878e+01 5.260152855080590939e-01
1.367000000000002835e+01 5.394451174084643474e-01
1.369000000000002792e+01 5.531945931603983180e-01
1.371000000000002750e+01 5.521049563807947091e-01
1.373000000000002707e+01 5.290590346243416731e-01
1.375000000000002665e+01 5.193465674536367205e-01
1.377000000000002622e+01 4.946266725349062754e-01
1.379000000000002579e+01 4.835212903565782039e-01
1.381000000000002537e+01 5.214010511851228102e-01
1.383000000000002494e+01 5.052512586648644222e-01
1.385000000000002451e+01 4.843505311388864309e-01
1.387000000000002409e+01 4.950605890957462951e-01
1.389000000000002366e+01 5.037507949660324780e-01
1.391000000000002323e+01 4.559493937075017600e-01
1.393000000000002281e+01 4.498969253951753955e-01
1.395000000000002238e+01 4.744447731593833817e-01
1.397000000000002196e+01 4.775739762792505783e-01
1.399000000000002153e+01 4.656704841444248566e-01
1.401000000000002110e+01 4.525834731113019815e-01
1.403000000000002068e+01 4.494521844060461180e-01
1.405000000000002025e+01 4.618546370714186056e-01
1.407000000000001982e+01 4.194201710301258545e-01
1.409000000000001940e+01 4.331418676532872158e-01
1.411000000000001897e+01 4.186565120875588852e-01
1.413000000000001855e+01 4.246288656460697752e-01
1.415000000000001812e+01 4.139136442441981867e-01
1.417000000000001769e+01 4.106803127085405514e-01
1.419000000000001727e+01 4.105994965864852575e-01
1.421000000000001684e+01 3.943909806280787023e-01
1.423000000000001641e+01 3.817542781054465428e-01
1.425000000000001599e+01 3.860629461732579260e-01
1.427000000000001556e+01 3.864072321879976069e-01
1.429000000000001513e+01 3.565463338113482039e-01
1.431000000000001471e+01 3.639105608362501743e-01
1.433000000000001428e+01 3.621395811653801977e-01
1.435000000000001386e+01 3.468728638613506887e-01
1.437000000000001343e+01 3.256952612808356462e-01
1.439000000000001300e+01 3.444880594343238123e-01
1.441000000000001258e+01 3.314576985717165303e-01
1.443000000000001215e+01 3.138434846322906147e-01
1.445000000000001172e+01 3.045800626842075087e-01
1.447000000000001130e+01 2.810957312687102916e-01
1.449000000000001087e+01 3.047045704570786051e-01
1.451000000000001044e+01 2.731528222990356469e-01
1.453000000000001002e+01 2.611986774667934275e-01
1.455000000000000959e+01 2.383379405009725394e-01
1.457000000000000917e+01 2.210314141190824755e-01
1.459000000000000874e+01 1.709981158503121323e-01
1.461000000000000831e+01 8.827623959873316661e-02
1.463000000000000789e+01 4.139710455452942639e-02
1.465000000000000746e+01 8.293230922242539674e-03
1.467000000000000703e+01 0.000000000000000000e+00
1.469000000000000661e+01 0.000000000000000000e+00
1.471000000000000618e+01 0.000000000000000000e+00
1.473000000000000576e+01 0.000000000000000000e+00
1.475000000000000533e+01 0.000000000000000000e+00
1.477000000000000490e+01 0.000000000000000000e+00
1.479000000000000448e+01 0.000000000000000000e+00
1.481000000000000405e+01 0.000000000000000000e+00
1.483000000000000362e+01 0.000000000000000000e+00
1.485000000000000320e+01 0.000000000000000000e+00
1.487000000000000277e+01 0.000000000000000000e+00
1.489000000000000234e+01 0.000000000000000000e+00
1.491000000000000192e+01 0.000000000000000000e+00
1.493000000000000149e+01 0.000000000000000000e+00
1.495000000000000107e+01 0.000000000000000000e+00
1.497000000000000064e+01 0.000000000000000000e+00
1.499000000000000021e+01 0.000000000000000000e+00
