# Redshift		Merger Rate Density [Gpc^-3yr^-1]
1.000000000031931770e-02 4.137750485983214332e+01
3.000000000031888964e-02 4.168950188223811892e+01
5.000000000031846331e-02 4.314708388217641755e+01
7.000000000031804392e-02 4.261503144811324972e+01
9.000000000031761760e-02 4.278217592164835281e+01
1.100000000003171913e-01 4.348273992605238192e+01
1.300000000003167511e-01 4.390956629449291881e+01
1.500000000003163247e-01 4.504372231424442674e+01
1.700000000003158984e-01 4.553003665318758664e+01
1.900000000003154721e-01 4.541078500454780453e+01
2.100000000003150458e-01 4.586402948518678357e+01
2.300000000003146194e-01 4.678563656307721175e+01
2.500000000003141931e-01 4.808235432778625551e+01
2.700000000003137668e-01 4.906207508249959659e+01
2.900000000003133405e-01 4.973301102339642910e+01
3.100000000003129141e-01 5.051854367928579848e+01
3.300000000003124878e-01 5.140531984201722793e+01
3.500000000003120615e-01 5.222197380645518194e+01
3.700000000003116352e-01 5.227471841537363417e+01
3.900000000003112088e-01 5.246790884088007090e+01
4.100000000003107825e-01 5.392169507505232673e+01
4.300000000003103562e-01 5.417963813651159910e+01
4.500000000003099299e-01 5.529059887862888445e+01
4.700000000003095035e-01 5.523860036488922276e+01
4.900000000003090772e-01 5.683507605859806944e+01
5.100000000003086509e-01 5.603600444198054475e+01
5.300000000003082246e-01 5.779199018095658857e+01
5.500000000003077982e-01 5.786413623684951801e+01
5.700000000003073719e-01 5.878911128564551092e+01
5.900000000003069456e-01 5.955027467253545836e+01
6.100000000003065193e-01 6.034281313343283415e+01
6.300000000003060929e-01 6.132751777433024643e+01
6.500000000003056666e-01 6.112702018236230828e+01
6.700000000003052403e-01 6.133281134012595004e+01
6.900000000003048140e-01 6.245943055108241992e+01
7.100000000003043876e-01 6.260145973109815998e+01
7.300000000003039613e-01 6.296697304522685101e+01
7.500000000003035350e-01 6.288269880166064496e+01
7.700000000003031086e-01 6.310977538213573013e+01
7.900000000003026823e-01 6.415897996064754238e+01
8.100000000003022560e-01 6.490937070051870705e+01
8.300000000003018297e-01 6.526206893128725994e+01
8.500000000003014033e-01 6.421622163513906401e+01
8.700000000003009770e-01 6.538676941968770961e+01
8.900000000003005507e-01 6.569250380309863147e+01
9.100000000003001244e-01 6.653324946645066973e+01
9.300000000002996980e-01 6.624603898883157171e+01
9.500000000002992717e-01 6.589772422213870584e+01
9.700000000002988454e-01 6.599474208251437801e+01
9.900000000002984191e-01 6.779195044014933558e+01
1.010000000000297993e+00 6.817990917155475472e+01
1.030000000000297566e+00 6.667038266211442021e+01
1.050000000000297140e+00 6.875439961881151874e+01
1.070000000000296714e+00 6.886814365568166352e+01
1.090000000000296287e+00 6.761244346987678000e+01
1.110000000000295861e+00 6.899525069351649620e+01
1.130000000000295435e+00 6.912776491270388135e+01
1.150000000000295008e+00 6.806132909089215843e+01
1.170000000000294582e+00 6.858509270917575407e+01
1.190000000000294156e+00 6.944106837114117070e+01
1.210000000000293729e+00 6.862420394591306660e+01
1.230000000000293303e+00 6.822443937378371004e+01
1.250000000000292877e+00 6.849999058628469584e+01
1.270000000000292451e+00 6.884754098054821725e+01
1.290000000000292024e+00 6.999902660789028630e+01
1.310000000000291598e+00 6.793769663161232586e+01
1.330000000000291172e+00 6.919220002537785774e+01
1.350000000000290745e+00 6.805845922550093974e+01
1.370000000000290319e+00 6.937174455766155745e+01
1.390000000000289893e+00 6.991013702350365122e+01
1.410000000000289466e+00 6.843673422691018970e+01
1.430000000000289040e+00 6.804562161589448976e+01
1.450000000000288614e+00 6.789726013423805284e+01
1.470000000000288187e+00 6.682860477502815399e+01
1.490000000000287761e+00 6.863386460821996593e+01
1.510000000000287335e+00 6.699369659299659929e+01
1.530000000000286908e+00 6.601088060071258212e+01
1.550000000000286482e+00 6.698210148970063926e+01
1.570000000000286056e+00 6.643345866978340553e+01
1.590000000000285629e+00 6.647533303222922996e+01
1.610000000000285203e+00 6.585380382372532893e+01
1.630000000000284777e+00 6.682011902525356106e+01
1.650000000000284350e+00 6.360465688235210280e+01
1.670000000000283924e+00 6.549327238401170348e+01
1.690000000000283498e+00 6.413805839994442692e+01
1.710000000000283071e+00 6.410727244427660310e+01
1.730000000000282645e+00 6.420494193624378454e+01
1.750000000000282219e+00 6.367221111552784407e+01
1.770000000000281792e+00 6.325314920285845233e+01
1.790000000000281366e+00 6.230169540519904814e+01
1.810000000000280940e+00 6.211965299363075133e+01
1.830000000000280513e+00 6.219084580852559441e+01
1.850000000000280087e+00 6.120954938851447480e+01
1.870000000000279661e+00 6.107534364648419256e+01
1.890000000000279234e+00 6.206746274192051516e+01
1.910000000000278808e+00 6.067174504179808991e+01
1.930000000000278382e+00 5.993877322695688292e+01
1.950000000000277955e+00 6.061532381493644550e+01
1.970000000000277529e+00 5.951003726019136053e+01
1.990000000000277103e+00 5.989616298291664975e+01
2.010000000000276899e+00 5.942135946905204946e+01
2.030000000000276472e+00 5.813137617990006589e+01
2.050000000000276046e+00 5.820595384093824265e+01
2.070000000000275620e+00 5.726490494049263447e+01
2.090000000000275193e+00 5.736731393045683092e+01
2.110000000000274767e+00 5.627963232428310647e+01
2.130000000000274341e+00 5.652978089539805495e+01
2.150000000000273914e+00 5.655651051994194489e+01
2.170000000000273488e+00 5.456149667922461788e+01
2.190000000000273062e+00 5.482791527293559142e+01
2.210000000000272635e+00 5.541604367125493980e+01
2.230000000000272209e+00 5.346699658227272778e+01
2.250000000000271783e+00 5.381283551912005692e+01
2.270000000000271356e+00 5.235637802878799363e+01
2.290000000000270930e+00 5.275328516717776495e+01
2.310000000000270504e+00 5.137422084347053186e+01
2.330000000000270077e+00 5.094957473611583509e+01
2.350000000000269651e+00 5.071898597822142563e+01
2.370000000000269225e+00 4.997782619472114618e+01
2.390000000000268798e+00 4.996489912806749345e+01
2.410000000000268372e+00 4.954524301646240758e+01
2.430000000000267946e+00 4.773458264309189047e+01
2.450000000000267519e+00 4.788722081301211375e+01
2.470000000000267093e+00 4.861873914118449846e+01
2.490000000000266667e+00 4.751525743810124425e+01
2.510000000000266240e+00 4.540764046043115343e+01
2.530000000000265814e+00 4.603302166290155384e+01
2.550000000000265388e+00 4.564582066195294630e+01
2.570000000000264961e+00 4.597194696762703359e+01
2.590000000000264535e+00 4.487659004604488899e+01
2.610000000000264109e+00 4.383146268304225401e+01
2.630000000000263682e+00 4.362590904479157672e+01
2.650000000000263256e+00 4.329368967984260763e+01
2.670000000000262830e+00 4.233363650838349912e+01
2.690000000000262403e+00 4.324835241752228399e+01
2.710000000000261977e+00 4.155554101823797453e+01
2.730000000000261551e+00 4.134933458758568747e+01
2.750000000000261124e+00 4.148114658582710490e+01
2.770000000000260698e+00 4.135007439922691930e+01
2.790000000000260272e+00 4.081355721454729490e+01
2.810000000000259845e+00 3.967341313206657816e+01
2.830000000000259419e+00 3.960624192268576849e+01
2.850000000000258993e+00 3.946654956963406846e+01
2.870000000000258567e+00 3.887912927921438211e+01
2.890000000000258140e+00 3.923435021915862819e+01
2.910000000000257714e+00 3.790192487663964727e+01
2.930000000000257288e+00 3.825853512568669856e+01
2.950000000000256861e+00 3.793304069721812510e+01
2.970000000000256435e+00 3.784686207940767844e+01
2.990000000000256009e+00 3.757100930833362185e+01
3.010000000000255582e+00 3.677031098091270422e+01
3.030000000000255156e+00 3.719714394273891145e+01
3.050000000000254730e+00 3.663756879303640801e+01
3.070000000000254303e+00 3.658133490398250132e+01
3.090000000000253877e+00 3.628518401459919573e+01
3.110000000000253451e+00 3.546879392821607269e+01
3.130000000000253024e+00 3.530653940576805638e+01
3.150000000000252598e+00 3.543172711022331356e+01
3.170000000000252172e+00 3.489472241210052061e+01
3.190000000000251745e+00 3.415276107363785485e+01
3.210000000000251319e+00 3.448207930057647275e+01
3.230000000000250893e+00 3.448225912195351839e+01
3.250000000000250466e+00 3.267772551655957614e+01
3.270000000000250040e+00 3.359563549732398258e+01
3.290000000000249614e+00 3.300258692489025236e+01
3.310000000000249187e+00 3.310977736205733635e+01
3.330000000000248761e+00 3.238399497637524860e+01
3.350000000000248335e+00 3.252165817632778300e+01
3.370000000000247908e+00 3.211020733575397657e+01
3.390000000000247482e+00 3.138345414158403557e+01
3.410000000000247056e+00 3.164839876128192131e+01
3.430000000000246629e+00 3.108250017651785413e+01
3.450000000000246203e+00 3.148357104460894718e+01
3.470000000000245777e+00 3.034531240529088336e+01
3.490000000000245350e+00 3.074834372008456285e+01
3.510000000000244924e+00 3.057725632501260904e+01
3.530000000000244498e+00 3.064612596332130678e+01
3.550000000000244071e+00 2.943718408617288418e+01
3.570000000000243645e+00 2.945106967683189580e+01
3.590000000000243219e+00 2.914962708362997645e+01
3.610000000000242792e+00 2.889259896360814750e+01
3.630000000000242366e+00 2.902790925780070452e+01
3.650000000000241940e+00 2.857086534097993535e+01
3.670000000000241513e+00 2.823487409584321384e+01
3.690000000000241087e+00 2.794445838824414707e+01
3.710000000000240661e+00 2.755952356039250972e+01
3.730000000000240234e+00 2.754133548613137705e+01
3.750000000000239808e+00 2.739126287338868337e+01
3.770000000000239382e+00 2.765995048944341406e+01
3.790000000000238956e+00 2.645419895769880370e+01
3.810000000000238529e+00 2.650491113939471077e+01
3.830000000000238103e+00 2.647034617022810110e+01
3.850000000000237677e+00 2.601174961545617137e+01
3.870000000000237250e+00 2.599848193344283231e+01
3.890000000000236824e+00 2.608687000951028168e+01
3.910000000000236398e+00 2.582847698291742944e+01
3.930000000000235971e+00 2.522139305815134236e+01
3.950000000000235545e+00 2.563704455386764280e+01
3.970000000000235119e+00 2.528626878294999614e+01
3.990000000000234692e+00 2.494353988587416993e+01
4.010000000000234266e+00 2.461182758573890794e+01
4.030000000000233840e+00 2.474468228591761942e+01
4.050000000000233413e+00 2.480700959350264156e+01
4.070000000000232987e+00 2.449609544544122741e+01
4.090000000000232561e+00 2.497656233147561267e+01
4.110000000000232134e+00 2.404342789114250678e+01
4.130000000000231708e+00 2.447545287717921880e+01
4.150000000000231282e+00 2.447273555533254807e+01
4.170000000000230855e+00 2.443805981543818717e+01
4.190000000000230429e+00 2.433635187558146384e+01
4.210000000000230003e+00 2.422893646697881564e+01
4.230000000000229576e+00 2.391663483958884129e+01
4.250000000000229150e+00 2.437145926809998286e+01
4.270000000000228724e+00 2.365209828312609019e+01
4.290000000000228297e+00 2.421811836843102839e+01
4.310000000000227871e+00 2.455616214082616722e+01
4.330000000000227445e+00 2.357287556748889301e+01
4.350000000000227018e+00 2.387296379173405469e+01
4.370000000000226592e+00 2.391680562093555551e+01
4.390000000000226166e+00 2.405309936753010547e+01
4.410000000000225739e+00 2.345474830880682049e+01
4.430000000000225313e+00 2.428034255592247348e+01
4.450000000000224887e+00 2.365321554470149579e+01
4.470000000000224460e+00 2.364175092981701454e+01
4.490000000000224034e+00 2.425191206526395504e+01
4.510000000000223608e+00 2.336369249416970817e+01
4.530000000000223181e+00 2.328601744703074772e+01
4.550000000000222755e+00 2.402081868161632272e+01
4.570000000000222329e+00 2.388755499392827986e+01
4.590000000000221902e+00 2.290100820886709343e+01
4.610000000000221476e+00 2.363577431642229953e+01
4.630000000000221050e+00 2.334365946767712074e+01
4.650000000000220624e+00 2.356513101550718048e+01
4.670000000000220197e+00 2.322859794033243119e+01
4.690000000000219771e+00 2.323168747616534446e+01
4.710000000000219345e+00 2.273197251740933211e+01
4.730000000000218918e+00 2.347242261927369000e+01
4.750000000000218492e+00 2.291877105143107229e+01
4.770000000000218066e+00 2.264365251138124435e+01
4.790000000000217639e+00 2.314102150410332825e+01
4.810000000000217213e+00 2.262601345931888730e+01
4.830000000000216787e+00 2.247961804265887764e+01
4.850000000000216360e+00 2.270188654213258772e+01
4.870000000000215934e+00 2.223899370707113121e+01
4.890000000000215508e+00 2.174618934608409049e+01
4.910000000000215081e+00 2.207051937266579245e+01
4.930000000000214655e+00 2.162803650890689511e+01
4.950000000000214229e+00 2.180045338512655206e+01
4.970000000000213802e+00 2.138551107130309603e+01
4.990000000000213376e+00 2.133556911693849045e+01
5.010000000000212950e+00 2.145382575369801970e+01
5.030000000000212523e+00 2.112995583827614254e+01
5.050000000000212097e+00 2.095703927298821867e+01
5.070000000000211671e+00 2.069196520451062682e+01
5.090000000000211244e+00 2.037114305024245198e+01
5.110000000000210818e+00 2.045012874790016610e+01
5.130000000000210392e+00 1.964640914615173628e+01
5.150000000000209965e+00 2.035246435417213107e+01
5.170000000000209539e+00 1.964843481989985108e+01
5.190000000000209113e+00 1.947099291365338303e+01
5.210000000000208686e+00 1.958741632987836923e+01
5.230000000000208260e+00 1.911048141606491413e+01
5.250000000000207834e+00 1.892103945799958709e+01
5.270000000000207407e+00 1.897261462222285644e+01
5.290000000000206981e+00 1.868678854510866216e+01
5.310000000000206555e+00 1.872066928950556886e+01
5.330000000000206128e+00 1.813054703674431423e+01
5.350000000000205702e+00 1.817421261097195639e+01
5.370000000000205276e+00 1.791133887714531880e+01
5.390000000000204849e+00 1.776508773653303663e+01
5.410000000000204423e+00 1.739359865495926982e+01
5.430000000000203997e+00 1.771890417993912692e+01
5.450000000000203570e+00 1.748000918282426142e+01
5.470000000000203144e+00 1.701454260660647222e+01
5.490000000000202718e+00 1.720198793002490234e+01
5.510000000000202292e+00 1.727383245055613514e+01
5.530000000000201865e+00 1.697227361613679619e+01
5.550000000000201439e+00 1.628543754529169973e+01
5.570000000000201013e+00 1.729279396006594283e+01
5.590000000000200586e+00 1.638953523849857419e+01
5.610000000000200160e+00 1.626532456357616141e+01
5.630000000000199734e+00 1.625356008705840338e+01
5.650000000000199307e+00 1.646385232249549802e+01
5.670000000000198881e+00 1.616008084027889424e+01
5.690000000000198455e+00 1.629117343224730163e+01
5.710000000000198028e+00 1.599584950743827250e+01
5.730000000000197602e+00 1.606919445722392936e+01
5.750000000000197176e+00 1.563604701729197011e+01
5.770000000000196749e+00 1.608780851878333351e+01
5.790000000000196323e+00 1.615670845583206372e+01
5.810000000000195897e+00 1.579718423781821635e+01
5.830000000000195470e+00 1.564315377368268933e+01
5.850000000000195044e+00 1.607065468328590896e+01
5.870000000000194618e+00 1.588978510826572332e+01
5.890000000000194191e+00 1.560947487211658036e+01
5.910000000000193765e+00 1.546697427759679755e+01
5.930000000000193339e+00 1.612339605391932196e+01
5.950000000000192912e+00 1.578176089091828516e+01
5.970000000000192486e+00 1.538260177235174808e+01
5.990000000000192060e+00 1.567819454885073682e+01
6.010000000000191633e+00 1.598444369323411252e+01
6.030000000000191207e+00 1.580212002322888587e+01
6.050000000000190781e+00 1.554797654107954230e+01
6.070000000000190354e+00 1.593968969901770372e+01
6.090000000000189928e+00 1.542338618114848003e+01
6.110000000000189502e+00 1.576703109535892722e+01
6.130000000000189075e+00 1.571258399629838642e+01
6.150000000000188649e+00 1.568638333051398170e+01
6.170000000000188223e+00 1.583886365726946188e+01
6.190000000000187796e+00 1.534890181671656784e+01
6.210000000000187370e+00 1.581052418270553517e+01
6.230000000000186944e+00 1.551788193612396682e+01
6.250000000000186517e+00 1.547676972288996744e+01
6.270000000000186091e+00 1.555300027443870192e+01
6.290000000000185665e+00 1.534246922623235498e+01
6.310000000000185238e+00 1.534697415645014829e+01
6.330000000000184812e+00 1.531009114439727270e+01
6.350000000000184386e+00 1.532455862984184591e+01
6.370000000000183960e+00 1.497742835204285683e+01
6.390000000000183533e+00 1.534461836531698964e+01
6.410000000000183107e+00 1.523356191104470092e+01
6.430000000000182681e+00 1.499087100951605755e+01
6.450000000000182254e+00 1.490566001601644608e+01
6.470000000000181828e+00 1.476608178649099301e+01
6.490000000000181402e+00 1.507669070163946756e+01
6.510000000000180975e+00 1.448595736900141517e+01
6.530000000000180549e+00 1.495771485506324794e+01
6.550000000000180123e+00 1.452443734431630951e+01
6.570000000000179696e+00 1.452423429524812448e+01
6.590000000000179270e+00 1.406431317101041323e+01
6.610000000000178844e+00 1.440030583985748436e+01
6.630000000000178417e+00 1.398158667638534958e+01
6.650000000000177991e+00 1.405008169627290115e+01
6.670000000000177565e+00 1.406273952278638539e+01
6.690000000000177138e+00 1.376408347420419354e+01
6.710000000000176712e+00 1.372041899435574308e+01
6.730000000000176286e+00 1.357188671879148423e+01
6.750000000000175859e+00 1.354190707781160263e+01
6.770000000000175433e+00 1.340606187999003751e+01
6.790000000000175007e+00 1.322557686146000755e+01
6.810000000000174580e+00 1.306938018412103730e+01
6.830000000000174154e+00 1.300060721140076048e+01
6.850000000000173728e+00 1.264803199932634925e+01
6.870000000000173301e+00 1.291055008011681160e+01
6.890000000000172875e+00 1.247877649369650932e+01
6.910000000000172449e+00 1.265055562032135050e+01
6.930000000000172022e+00 1.217777771629987882e+01
6.950000000000171596e+00 1.226413499517054007e+01
6.970000000000171170e+00 1.234886096507941566e+01
6.990000000000170743e+00 1.211158134221249227e+01
7.010000000000170317e+00 1.176056950152248781e+01
7.030000000000169891e+00 1.191533437442566878e+01
7.050000000000169464e+00 1.172366498655217626e+01
7.070000000000169038e+00 1.171338076132630945e+01
7.090000000000168612e+00 1.164170728896997353e+01
7.110000000000168185e+00 1.157154994948029625e+01
7.130000000000167759e+00 1.146395481500879576e+01
7.150000000000167333e+00 1.131456842082951653e+01
7.170000000000166906e+00 1.150051759340263935e+01
7.190000000000166480e+00 1.114918509453578999e+01
7.210000000000166054e+00 1.124161366028129905e+01
7.230000000000165628e+00 1.113051313725116920e+01
7.250000000000165201e+00 1.121431500206612419e+01
7.270000000000164775e+00 1.097684231492082318e+01
7.290000000000164349e+00 1.090635715326406974e+01
7.310000000000163922e+00 1.126134806891231577e+01
7.330000000000163496e+00 1.110378688454189700e+01
7.350000000000163070e+00 1.091597256700273100e+01
7.370000000000162643e+00 1.123249361729328655e+01
7.390000000000162217e+00 1.084399466621055552e+01
7.410000000000161791e+00 1.092095227673676661e+01
7.430000000000161364e+00 1.093107366271847347e+01
7.450000000000160938e+00 1.089864989820931562e+01
7.470000000000160512e+00 1.089701521958097352e+01
7.490000000000160085e+00 1.110432835587887901e+01
7.510000000000159659e+00 1.090660423515788757e+01
7.530000000000159233e+00 1.097555697245412887e+01
7.550000000000158806e+00 1.091658066496479940e+01
7.570000000000158380e+00 1.083180266069187070e+01
7.590000000000157954e+00 1.095209021549941397e+01
7.610000000000157527e+00 1.086534010920677851e+01
7.630000000000157101e+00 1.099078706752471390e+01
7.650000000000156675e+00 1.095639686109458744e+01
7.670000000000156248e+00 1.088148110820983661e+01
7.690000000000155822e+00 1.068864882112507786e+01
7.710000000000155396e+00 1.107518851401127691e+01
7.730000000000154969e+00 1.076398522252289958e+01
7.750000000000154543e+00 1.085238659594325838e+01
7.770000000000154117e+00 1.086462490165939521e+01
7.790000000000153690e+00 1.092879178624240133e+01
7.810000000000153264e+00 1.067753791219237947e+01
7.830000000000152838e+00 1.081319688942585167e+01
7.850000000000152411e+00 1.079684251469080714e+01
7.870000000000151985e+00 1.071316757037993206e+01
7.890000000000151559e+00 1.070790074186694874e+01
7.910000000000151132e+00 1.056869619449248887e+01
7.930000000000150706e+00 1.067719111759729067e+01
7.950000000000150280e+00 1.070529024255684725e+01
7.970000000000149853e+00 1.058539255192885342e+01
7.990000000000149427e+00 1.059181457004762805e+01
8.010000000000149001e+00 1.035735612395044214e+01
8.030000000000148574e+00 1.050257335529380676e+01
8.050000000000148148e+00 1.027843340837575781e+01
8.070000000000147722e+00 1.022229260755616487e+01
8.090000000000147296e+00 1.032634083902242139e+01
8.110000000000146869e+00 1.024829369914403188e+01
8.130000000000146443e+00 1.021394184586296738e+01
8.150000000000146017e+00 1.022866768578966656e+01
8.170000000000145590e+00 9.897960623708812022e+00
8.190000000000145164e+00 9.960974155645129002e+00
8.210000000000144738e+00 9.970547501417874159e+00
8.230000000000144311e+00 9.973466006726031452e+00
8.250000000000143885e+00 9.734922312407896072e+00
8.270000000000143459e+00 9.886408711603669630e+00
8.290000000000143032e+00 9.637239002889394612e+00
8.310000000000142606e+00 9.609556136997577269e+00
8.330000000000142180e+00 9.722352984262144560e+00
8.350000000000141753e+00 9.669946649948114370e+00
8.370000000000141327e+00 9.533397984824702576e+00
8.390000000000140901e+00 9.372071810189936514e+00
8.410000000000140474e+00 9.332220814040457668e+00
8.430000000000140048e+00 9.438702505483723471e+00
8.450000000000139622e+00 9.167085407549748766e+00
8.470000000000139195e+00 9.258460558172865618e+00
8.490000000000138769e+00 9.152666263583434159e+00
8.510000000000138343e+00 9.176776903226070203e+00
8.530000000000137916e+00 9.014008591408689597e+00
8.550000000000137490e+00 8.833648740502168195e+00
8.570000000000137064e+00 8.949356653685391905e+00
8.590000000000136637e+00 8.928829261284777274e+00
8.610000000000136211e+00 8.903140927973176133e+00
8.630000000000135785e+00 8.769209448628846104e+00
8.650000000000135358e+00 8.702096837589493816e+00
8.670000000000134932e+00 8.594151106983058952e+00
8.690000000000134506e+00 8.634608508320432918e+00
8.710000000000134079e+00 8.498565930356770437e+00
8.730000000000133653e+00 8.592356040877618284e+00
8.750000000000133227e+00 8.369141618426727547e+00
8.770000000000132800e+00 8.412456018857589868e+00
8.790000000000132374e+00 8.344847807185317379e+00
8.810000000000131948e+00 8.328144905944128595e+00
8.830000000000131521e+00 8.260618063919409337e+00
8.850000000000131095e+00 8.240936270452158041e+00
8.870000000000130669e+00 8.087100530447573377e+00
8.890000000000130242e+00 8.153496381276465144e+00
8.910000000000129816e+00 8.054217644022473976e+00
8.930000000000129390e+00 8.091562664481896761e+00
8.950000000000128964e+00 8.124743265242562629e+00
8.970000000000128537e+00 7.882657948432151507e+00
8.990000000000128111e+00 7.971694410806966502e+00
9.010000000000127685e+00 7.878895694792937832e+00
9.030000000000127258e+00 7.784234263743926796e+00
9.050000000000126832e+00 7.817627798416068252e+00
9.070000000000126406e+00 7.802573889528513718e+00
9.090000000000125979e+00 7.726727060136696856e+00
9.110000000000125553e+00 7.684754710672408784e+00
9.130000000000125127e+00 7.692254975958535468e+00
9.150000000000124700e+00 7.579870555036242408e+00
9.170000000000124274e+00 7.600135712018657230e+00
9.190000000000123848e+00 7.529719348477116547e+00
9.210000000000123421e+00 7.463993553855005736e+00
9.230000000000122995e+00 7.474860474475960359e+00
9.250000000000122569e+00 7.552975775529741753e+00
9.270000000000122142e+00 7.349599537383459946e+00
9.290000000000121716e+00 7.366524483202549156e+00
9.310000000000121290e+00 7.305374081071136949e+00
9.330000000000120863e+00 7.303355681774261754e+00
9.350000000000120437e+00 7.328041972206571053e+00
9.370000000000120011e+00 7.125590367317345297e+00
9.390000000000119584e+00 7.114480779100817998e+00
9.410000000000119158e+00 7.163729582733535217e+00
9.430000000000118732e+00 7.130191664779882643e+00
9.450000000000118305e+00 7.074750124319753475e+00
9.470000000000117879e+00 6.942907442068609214e+00
9.490000000000117453e+00 7.073397483599846325e+00
9.510000000000117026e+00 6.901270736210260992e+00
9.530000000000116600e+00 6.933323383319225819e+00
9.550000000000116174e+00 6.950925201521812369e+00
9.570000000000115747e+00 6.862304614791883139e+00
9.590000000000115321e+00 6.702109536392584666e+00
9.610000000000114895e+00 6.785627471071367545e+00
9.630000000000114468e+00 6.793402691471058574e+00
9.650000000000114042e+00 6.751213553804407574e+00
9.670000000000113616e+00 6.655225239252375857e+00
9.690000000000113189e+00 6.625737112133364803e+00
9.710000000000112763e+00 6.641664271739068148e+00
9.730000000000112337e+00 6.534441847938237125e+00
9.750000000000111910e+00 6.415577892339360488e+00
9.770000000000111484e+00 6.542752093608096509e+00
9.790000000000111058e+00 6.463686565986862753e+00
9.810000000000110632e+00 6.495199402304303149e+00
9.830000000000110205e+00 6.338498699275419312e+00
9.850000000000109779e+00 6.322034805777272837e+00
9.870000000000109353e+00 6.262250278233460143e+00
9.890000000000108926e+00 6.274593559280114086e+00
9.910000000000108500e+00 6.256362290130773829e+00
9.930000000000108074e+00 6.039361617683119299e+00
9.950000000000107647e+00 6.166290205348675002e+00
9.970000000000107221e+00 6.131563909039229543e+00
9.990000000000106795e+00 6.021199501730452042e+00
1.001000000000010637e+01 6.029646197613192982e+00
1.003000000000010594e+01 5.907856533488528683e+00
1.005000000000010552e+01 5.939697021593192794e+00
1.007000000000010509e+01 5.929542679533583716e+00
1.009000000000010466e+01 5.795417492723034414e+00
1.011000000000010424e+01 5.739249511554898042e+00
1.013000000000010381e+01 5.700836832947331345e+00
1.015000000000010338e+01 5.650131812295168032e+00
1.017000000000010296e+01 5.709477036277470496e+00
1.019000000000010253e+01 5.604446791654587479e+00
1.021000000000010210e+01 5.540974484358224039e+00
1.023000000000010168e+01 5.526004051141205409e+00
1.025000000000010125e+01 5.418771073060043797e+00
1.027000000000010083e+01 5.370785242432139839e+00
1.029000000000010040e+01 5.355778434412918010e+00
1.031000000000009997e+01 5.225635868802113393e+00
1.033000000000009955e+01 5.256158773479868707e+00
1.035000000000009912e+01 5.176349348435049791e+00
1.037000000000009869e+01 5.218864680117194510e+00
1.039000000000009827e+01 5.022710360934883767e+00
1.041000000000009784e+01 5.108165753669108966e+00
1.043000000000009742e+01 5.041619991375410947e+00
1.045000000000009699e+01 4.941882503248388403e+00
1.047000000000009656e+01 4.884157290652908046e+00
1.049000000000009614e+01 4.984024913236655863e+00
1.051000000000009571e+01 4.792944574467004948e+00
1.053000000000009528e+01 4.805660339909912260e+00
1.055000000000009486e+01 4.768154675343613036e+00
1.057000000000009443e+01 4.689640087679379121e+00
1.059000000000009400e+01 4.703113960039441821e+00
1.061000000000009358e+01 4.640834559968016748e+00
1.063000000000009315e+01 4.660488769976106838e+00
1.065000000000009273e+01 4.594086925382121045e+00
1.067000000000009230e+01 4.624263497037798487e+00
1.069000000000009187e+01 4.467057291947880593e+00
1.071000000000009145e+01 4.448634505182259780e+00
1.073000000000009102e+01 4.465665983789413040e+00
1.075000000000009059e+01 4.458480250056982896e+00
1.077000000000009017e+01 4.368049353602371454e+00
1.079000000000008974e+01 4.408900881146755601e+00
1.081000000000008932e+01 4.350070723203545597e+00
1.083000000000008889e+01 4.327522087787762928e+00
1.085000000000008846e+01 4.285337652668822273e+00
1.087000000000008804e+01 4.348256569518229142e+00
1.089000000000008761e+01 4.271528647311741089e+00
1.091000000000008718e+01 4.236547841322923169e+00
1.093000000000008676e+01 4.260409819556703503e+00
1.095000000000008633e+01 4.255560920142427150e+00
1.097000000000008590e+01 4.206453330707072169e+00
1.099000000000008548e+01 4.193723239895036592e+00
1.101000000000008505e+01 4.112677293605079498e+00
1.103000000000008463e+01 4.117490803762113849e+00
1.105000000000008420e+01 4.100222346947433039e+00
1.107000000000008377e+01 4.115420258391660369e+00
1.109000000000008335e+01 4.161076897061795066e+00
1.111000000000008292e+01 4.014730678959957721e+00
1.113000000000008249e+01 4.013393711656753737e+00
1.115000000000008207e+01 4.038166658660330199e+00
1.117000000000008164e+01 4.027840189529511505e+00
1.119000000000008122e+01 4.058929615837955751e+00
1.121000000000008079e+01 3.957671281816810716e+00
1.123000000000008036e+01 3.949165327613159970e+00
1.125000000000007994e+01 3.961912350232244417e+00
1.127000000000007951e+01 3.873192192861715455e+00
1.129000000000007908e+01 3.918549100425506193e+00
1.131000000000007866e+01 3.918859787470011291e+00
1.133000000000007823e+01 3.880640681687188120e+00
1.135000000000007780e+01 3.837390596384327779e+00
1.137000000000007738e+01 3.751118453344419734e+00
1.139000000000007695e+01 3.799652024909597081e+00
1.141000000000007653e+01 3.848577980390247344e+00
1.143000000000007610e+01 3.743211715654175098e+00
1.145000000000007567e+01 3.735047576272100489e+00
1.147000000000007525e+01 3.636850949656051935e+00
1.149000000000007482e+01 3.609934172119376949e+00
1.151000000000007439e+01 3.621694919473628094e+00
1.153000000000007397e+01 3.714178616769444830e+00
1.155000000000007354e+01 3.551964571312944852e+00
1.157000000000007311e+01 3.479526762597299427e+00
1.159000000000007269e+01 3.530722427639092942e+00
1.161000000000007226e+01 3.511777190609476129e+00
1.163000000000007184e+01 3.531840202190455802e+00
1.165000000000007141e+01 3.453932958315460766e+00
1.167000000000007098e+01 3.433924196502006865e+00
1.169000000000007056e+01 3.387299807523102668e+00
1.171000000000007013e+01 3.324297029278311388e+00
1.173000000000006970e+01 3.377290775092837372e+00
1.175000000000006928e+01 3.271547036307195455e+00
1.177000000000006885e+01 3.322314615778075630e+00
1.179000000000006843e+01 3.302040110508457804e+00
1.181000000000006800e+01 3.216545345513482701e+00
1.183000000000006757e+01 3.219552623071868513e+00
1.185000000000006715e+01 3.197980492837715349e+00
1.187000000000006672e+01 3.174687627063889739e+00
1.189000000000006629e+01 3.159788511517366505e+00
1.191000000000006587e+01 3.103820011376372978e+00
1.193000000000006544e+01 3.079776985409295786e+00
1.195000000000006501e+01 3.036708734550916056e+00
1.197000000000006459e+01 3.099861915440834892e+00
1.199000000000006416e+01 3.043412605573284857e+00
1.201000000000006374e+01 3.065163754389358175e+00
1.203000000000006331e+01 2.975897898755470283e+00
1.205000000000006288e+01 2.943739406519954471e+00
1.207000000000006246e+01 2.955641771029434484e+00
1.209000000000006203e+01 2.920226911767575650e+00
1.211000000000006160e+01 2.947122208338466720e+00
1.213000000000006118e+01 2.956708986301361808e+00
1.215000000000006075e+01 2.910945825829065914e+00
1.217000000000006033e+01 2.907671315512340371e+00
1.219000000000005990e+01 2.884589954222313235e+00
1.221000000000005947e+01 2.848487606707508668e+00
1.223000000000005905e+01 2.845640732680804863e+00
1.225000000000005862e+01 2.880542318410749481e+00
1.227000000000005819e+01 2.807089977971173322e+00
1.229000000000005777e+01 2.813283367135031909e+00
1.231000000000005734e+01 2.814811473899450966e+00
1.233000000000005691e+01 2.814162792915615885e+00
1.235000000000005649e+01 2.762420826888859260e+00
1.237000000000005606e+01 2.756966944975711264e+00
1.239000000000005564e+01 2.749378027513399658e+00
1.241000000000005521e+01 2.710578172190571067e+00
1.243000000000005478e+01 2.764166834014095908e+00
1.245000000000005436e+01 2.751941712393526807e+00
1.247000000000005393e+01 2.703710223113567235e+00
1.249000000000005350e+01 2.734948220118913031e+00
1.251000000000005308e+01 2.668987144702982484e+00
1.253000000000005265e+01 2.667542000809975278e+00
1.255000000000005222e+01 2.663559237729381746e+00
1.257000000000005180e+01 2.655740219698841553e+00
1.259000000000005137e+01 2.649529059400002495e+00
1.261000000000005095e+01 2.586709113679918737e+00
1.263000000000005052e+01 2.547402965430974220e+00
1.265000000000005009e+01 2.592205322346521346e+00
1.267000000000004967e+01 2.547417390333537757e+00
1.269000000000004924e+01 2.585804504461960640e+00
1.271000000000004881e+01 2.480271250168933683e+00
1.273000000000004839e+01 2.525747619855663650e+00
1.275000000000004796e+01 2.583225907580834146e+00
1.277000000000004754e+01 2.495933525096405425e+00
1.279000000000004711e+01 2.437054453175459656e+00
1.281000000000004668e+01 2.491248877676046636e+00
1.283000000000004626e+01 2.433535332542123619e+00
1.285000000000004583e+01 2.400301985222667689e+00
1.287000000000004540e+01 2.353853742523700276e+00
1.289000000000004498e+01 2.405946216076429334e+00
1.291000000000004455e+01 2.421795098705815441e+00
1.293000000000004412e+01 2.384886984407480703e+00
1.295000000000004370e+01 2.306930726009221555e+00
1.297000000000004327e+01 2.314738036296569046e+00
1.299000000000004285e+01 2.315547558906666747e+00
1.301000000000004242e+01 2.299348062981349194e+00
1.303000000000004199e+01 2.224663131394830629e+00
1.305000000000004157e+01 2.326268866945012004e+00
1.307000000000004114e+01 2.200550768082138120e+00
1.309000000000004071e+01 2.194323014564932173e+00
1.311000000000004029e+01 2.194469247343895812e+00
1.313000000000003986e+01 2.151896554362295877e+00
1.315000000000003944e+01 2.128931042643491978e+00
1.317000000000003901e+01 2.119685455161877119e+00
1.319000000000003858e+01 2.126292944513233696e+00
1.321000000000003816e+01 2.082433169850080201e+00
1.323000000000003773e+01 2.046418707966211947e+00
1.325000000000003730e+01 2.057355519424078683e+00
1.327000000000003688e+01 2.043927514616544538e+00
1.329000000000003645e+01 1.996545981901747036e+00
1.331000000000003602e+01 2.000002468086600427e+00
1.333000000000003560e+01 1.959442005233017703e+00
1.335000000000003517e+01 1.974103784860612443e+00
1.337000000000003475e+01 1.931895610288844045e+00
1.339000000000003432e+01 1.888767897013967856e+00
1.341000000000003389e+01 1.892906113206104246e+00
1.343000000000003347e+01 1.829519995515244357e+00
1.345000000000003304e+01 1.848099352367231551e+00
1.347000000000003261e+01 1.808707925322646348e+00
1.349000000000003219e+01 1.833821013480203765e+00
1.351000000000003176e+01 1.790700056227598758e+00
1.353000000000003133e+01 1.748756769802773503e+00
1.355000000000003091e+01 1.693071041778936303e+00
1.357000000000003048e+01 1.679733459478996105e+00
1.359000000000003006e+01 1.680789294380580223e+00
1.361000000000002963e+01 1.654787693571973417e+00
1.363000000000002920e+01 1.599371770663948977e+00
1.365000000000002878e+01 1.566577337591597896e+00
1.367000000000002835e+01 1.509886926085817427e+00
1.369000000000002792e+01 1.470864223989639230e+00
1.371000000000002750e+01 1.442843515260249676e+00
1.373000000000002707e+01 1.456055100593325768e+00
1.375000000000002665e+01 1.401364319785107115e+00
1.377000000000002622e+01 1.306353475885133619e+00
1.379000000000002579e+01 1.329564843120513151e+00
1.381000000000002537e+01 1.285407965013432241e+00
1.383000000000002494e+01 1.225189563910508816e+00
1.385000000000002451e+01 1.207726096966247109e+00
1.387000000000002409e+01 1.162201109664486642e+00
1.389000000000002366e+01 1.114289622007378577e+00
1.391000000000002323e+01 1.101235844858305279e+00
1.393000000000002281e+01 1.080758995314134996e+00
1.395000000000002238e+01 1.001534214652882726e+00
1.397000000000002196e+01 9.867153582010015356e-01
1.399000000000002153e+01 9.594048934606398404e-01
1.401000000000002110e+01 9.049101465669506794e-01
1.403000000000002068e+01 9.393434669234000944e-01
1.405000000000002025e+01 9.152012050999772663e-01
1.407000000000001982e+01 8.869581700899713539e-01
1.409000000000001940e+01 8.830392672880919003e-01
1.411000000000001897e+01 8.694934326097785160e-01
1.413000000000001855e+01 8.372215035221081125e-01
1.415000000000001812e+01 7.887753383219269221e-01
1.417000000000001769e+01 7.480969573123874561e-01
1.419000000000001727e+01 7.071248135044614358e-01
1.421000000000001684e+01 7.073625421608532582e-01
1.423000000000001641e+01 6.673036141855513970e-01
1.425000000000001599e+01 6.246435495656629255e-01
1.427000000000001556e+01 6.177576026690176914e-01
1.429000000000001513e+01 5.757334310446711179e-01
1.431000000000001471e+01 5.663301815762175062e-01
1.433000000000001428e+01 5.327643561597772415e-01
1.435000000000001386e+01 4.767319804837152897e-01
1.437000000000001343e+01 4.622584494439648806e-01
1.439000000000001300e+01 4.166141967765856213e-01
1.441000000000001258e+01 3.807519200292248107e-01
1.443000000000001215e+01 3.576530694286828016e-01
1.445000000000001172e+01 3.298702366171565314e-01
1.447000000000001130e+01 2.854769538615201108e-01
1.449000000000001087e+01 2.383861441110121104e-01
1.451000000000001044e+01 2.050308310204283224e-01
1.453000000000001002e+01 1.907526716208791662e-01
1.455000000000000959e+01 1.627423974761135483e-01
1.457000000000000917e+01 1.321034503411943617e-01
1.459000000000000874e+01 4.446617537675288945e-02
1.461000000000000831e+01 3.066059951348720086e-02
1.463000000000000789e+01 2.505540760741900921e-02
1.465000000000000746e+01 1.952095360095666698e-02
1.467000000000000703e+01 8.341021665964466411e-03
1.469000000000000661e+01 2.782116529383955785e-03
1.471000000000000618e+01 0.000000000000000000e+00
1.473000000000000576e+01 0.000000000000000000e+00
1.475000000000000533e+01 0.000000000000000000e+00
1.477000000000000490e+01 0.000000000000000000e+00
1.479000000000000448e+01 0.000000000000000000e+00
1.481000000000000405e+01 0.000000000000000000e+00
1.483000000000000362e+01 0.000000000000000000e+00
1.485000000000000320e+01 0.000000000000000000e+00
1.487000000000000277e+01 0.000000000000000000e+00
1.489000000000000234e+01 0.000000000000000000e+00
1.491000000000000192e+01 0.000000000000000000e+00
1.493000000000000149e+01 0.000000000000000000e+00
1.495000000000000107e+01 0.000000000000000000e+00
1.497000000000000064e+01 0.000000000000000000e+00
1.499000000000000021e+01 0.000000000000000000e+00
