# Redshift		Merger Rate Density [Gpc^-3yr^-1]
1.000000000031931770e-02 2.491777134286748563e+01
3.000000000031888964e-02 2.528307475415974537e+01
5.000000000031846331e-02 2.571780329925157815e+01
7.000000000031804392e-02 2.517984836863680087e+01
9.000000000031761760e-02 2.525232371682879418e+01
1.100000000003171913e-01 2.583129603992449219e+01
1.300000000003167511e-01 2.591997912423833128e+01
1.500000000003163247e-01 2.613159019216113776e+01
1.700000000003158984e-01 2.688263612477654263e+01
1.900000000003154721e-01 2.753364141088135497e+01
2.100000000003150458e-01 2.729343405611803774e+01
2.300000000003146194e-01 2.824164998243866265e+01
2.500000000003141931e-01 2.927876898983238974e+01
2.700000000003137668e-01 2.944260987481438008e+01
2.900000000003133405e-01 3.013591854483309973e+01
3.100000000003129141e-01 3.068322687092446799e+01
3.300000000003124878e-01 3.122303683609757385e+01
3.500000000003120615e-01 3.229589113901288044e+01
3.700000000003116352e-01 3.190568142756432124e+01
3.900000000003112088e-01 3.211817468458406921e+01
4.100000000003107825e-01 3.225015268377514843e+01
4.300000000003103562e-01 3.292814895725951629e+01
4.500000000003099299e-01 3.270372072894120663e+01
4.700000000003095035e-01 3.430941483463126218e+01
4.900000000003090772e-01 3.379979863088036041e+01
5.100000000003086509e-01 3.517890983281388628e+01
5.300000000003082246e-01 3.542376400709243711e+01
5.500000000003077982e-01 3.541563101076395270e+01
5.700000000003073719e-01 3.683037353702585648e+01
5.900000000003069456e-01 3.601651393909187959e+01
6.100000000003065193e-01 3.700979918774461197e+01
6.300000000003060929e-01 3.740691727330984406e+01
6.500000000003056666e-01 3.719927352597247960e+01
6.700000000003052403e-01 3.767161077277287262e+01
6.900000000003048140e-01 3.764500274090480758e+01
7.100000000003043876e-01 3.770277910038017666e+01
7.300000000003039613e-01 3.788165522289622089e+01
7.500000000003035350e-01 3.839903573610424559e+01
7.700000000003031086e-01 3.961327191253752034e+01
7.900000000003026823e-01 3.973954186942589928e+01
8.100000000003022560e-01 4.098125647353123213e+01
8.300000000003018297e-01 4.130446466082157997e+01
8.500000000003014033e-01 4.208808435661673997e+01
8.700000000003009770e-01 4.295316113307669070e+01
8.900000000003005507e-01 4.240220433020586910e+01
9.100000000003001244e-01 4.339757515127209331e+01
9.300000000002996980e-01 4.320827983215063028e+01
9.500000000002992717e-01 4.340384700322133682e+01
9.700000000002988454e-01 4.361944723986758277e+01
9.900000000002984191e-01 4.324062978784448319e+01
1.010000000000297993e+00 4.382741908896583283e+01
1.030000000000297566e+00 4.322761327211974702e+01
1.050000000000297140e+00 4.414101753289182994e+01
1.070000000000296714e+00 4.346516224544988205e+01
1.090000000000296287e+00 4.422445271974808634e+01
1.110000000000295861e+00 4.392262405618600241e+01
1.130000000000295435e+00 4.528599053279336317e+01
1.150000000000295008e+00 4.374124378095151400e+01
1.170000000000294582e+00 4.549002492219516114e+01
1.190000000000294156e+00 4.516339822107632074e+01
1.210000000000293729e+00 4.539000104749549536e+01
1.230000000000293303e+00 4.521978246459485717e+01
1.250000000000292877e+00 4.580338658524977546e+01
1.270000000000292451e+00 4.622899270050302789e+01
1.290000000000292024e+00 4.543590788751684784e+01
1.310000000000291598e+00 4.627591404812876874e+01
1.330000000000291172e+00 4.707777073229263465e+01
1.350000000000290745e+00 4.590520419301259381e+01
1.370000000000290319e+00 4.702471350666353089e+01
1.390000000000289893e+00 4.669763845557444171e+01
1.410000000000289466e+00 4.720205777991296259e+01
1.430000000000289040e+00 4.702001399283685856e+01
1.450000000000288614e+00 4.689105951173260678e+01
1.470000000000288187e+00 4.809721788706718115e+01
1.490000000000287761e+00 4.758133047765447543e+01
1.510000000000287335e+00 4.700516307374650182e+01
1.530000000000286908e+00 4.791536480068447190e+01
1.550000000000286482e+00 4.667830012484402857e+01
1.570000000000286056e+00 4.757196012109147176e+01
1.590000000000285629e+00 4.704536827010765876e+01
1.610000000000285203e+00 4.702160424392977944e+01
1.630000000000284777e+00 4.655923453976618021e+01
1.650000000000284350e+00 4.739299774920672093e+01
1.670000000000283924e+00 4.607943573439548146e+01
1.690000000000283498e+00 4.692841111449430258e+01
1.710000000000283071e+00 4.677553186414622388e+01
1.730000000000282645e+00 4.656943758797435606e+01
1.750000000000282219e+00 4.677931962389830289e+01
1.770000000000281792e+00 4.679930102197472763e+01
1.790000000000281366e+00 4.645354316376921133e+01
1.810000000000280940e+00 4.635815212174341582e+01
1.830000000000280513e+00 4.664375613338947346e+01
1.850000000000280087e+00 4.748144923164922915e+01
1.870000000000279661e+00 4.547851976753084102e+01
1.890000000000279234e+00 4.624160655487187910e+01
1.910000000000278808e+00 4.490745933600226891e+01
1.930000000000278382e+00 4.612222342402686337e+01
1.950000000000277955e+00 4.545899778892850662e+01
1.970000000000277529e+00 4.529889920676340154e+01
1.990000000000277103e+00 4.512843579646644088e+01
2.010000000000276899e+00 4.589347771670829701e+01
2.030000000000276472e+00 4.503477121639161851e+01
2.050000000000276046e+00 4.430157225224304796e+01
2.070000000000275620e+00 4.509037192418212925e+01
2.090000000000275193e+00 4.504353320057977328e+01
2.110000000000274767e+00 4.400197868116959654e+01
2.130000000000274341e+00 4.499091298259244809e+01
2.150000000000273914e+00 4.441274734859170792e+01
2.170000000000273488e+00 4.364138744478558607e+01
2.190000000000273062e+00 4.397210039123987002e+01
2.210000000000272635e+00 4.399269034255722488e+01
2.230000000000272209e+00 4.359769864275701678e+01
2.250000000000271783e+00 4.348795079991441526e+01
2.270000000000271356e+00 4.211937852126466453e+01
2.290000000000270930e+00 4.237296289388147841e+01
2.310000000000270504e+00 4.309269078490213190e+01
2.330000000000270077e+00 4.126439590879357411e+01
2.350000000000269651e+00 4.218363701752146255e+01
2.370000000000269225e+00 4.134170411499445663e+01
2.390000000000268798e+00 4.144305317942686884e+01
2.410000000000268372e+00 4.037212033124605881e+01
2.430000000000267946e+00 4.145743520727079101e+01
2.450000000000267519e+00 4.133904570386347643e+01
2.470000000000267093e+00 4.017377405865241968e+01
2.490000000000266667e+00 4.096545509384335304e+01
2.510000000000266240e+00 3.947304963356811669e+01
2.530000000000265814e+00 4.095415494109072796e+01
2.550000000000265388e+00 4.027725324079337099e+01
2.570000000000264961e+00 4.051325375621892988e+01
2.590000000000264535e+00 3.970930508235296230e+01
2.610000000000264109e+00 3.976510271350498016e+01
2.630000000000263682e+00 4.011092340355833130e+01
2.650000000000263256e+00 3.995186676820994620e+01
2.670000000000262830e+00 3.838446345576148389e+01
2.690000000000262403e+00 4.026819856151804089e+01
2.710000000000261977e+00 3.907707414891085307e+01
2.730000000000261551e+00 3.935687652889080823e+01
2.750000000000261124e+00 3.914431146689008045e+01
2.770000000000260698e+00 3.883092341374386791e+01
2.790000000000260272e+00 3.957748670859996309e+01
2.810000000000259845e+00 3.895449752330468840e+01
2.830000000000259419e+00 3.885440334772135174e+01
2.850000000000258993e+00 3.887367833483062896e+01
2.870000000000258567e+00 3.878494476022328286e+01
2.890000000000258140e+00 3.888566109817909222e+01
2.910000000000257714e+00 3.863823027071696004e+01
2.930000000000257288e+00 3.914648176376046251e+01
2.950000000000256861e+00 3.787225784642491533e+01
2.970000000000256435e+00 3.878263597869014490e+01
2.990000000000256009e+00 3.863219467816099240e+01
3.010000000000255582e+00 3.894740204439084152e+01
3.030000000000255156e+00 3.771638847221513657e+01
3.050000000000254730e+00 3.794786886634476275e+01
3.070000000000254303e+00 3.823016561033792016e+01
3.090000000000253877e+00 3.808433194772474906e+01
3.110000000000253451e+00 3.774521321160924003e+01
3.130000000000253024e+00 3.814330898638186795e+01
3.150000000000252598e+00 3.751104881304332395e+01
3.170000000000252172e+00 3.830127708361193584e+01
3.190000000000251745e+00 3.741355288561935311e+01
3.210000000000251319e+00 3.732998507767650409e+01
3.230000000000250893e+00 3.759257577708508791e+01
3.250000000000250466e+00 3.747737107987222771e+01
3.270000000000250040e+00 3.777965427678872601e+01
3.290000000000249614e+00 3.750080525525382313e+01
3.310000000000249187e+00 3.749808999877393489e+01
3.330000000000248761e+00 3.733494533416708805e+01
3.350000000000248335e+00 3.748814006583984337e+01
3.370000000000247908e+00 3.713185308284266739e+01
3.390000000000247482e+00 3.803982928025807553e+01
3.410000000000247056e+00 3.719280317631936583e+01
3.430000000000246629e+00 3.711870102540056138e+01
3.450000000000246203e+00 3.792078255286530464e+01
3.470000000000245777e+00 3.728605110893299468e+01
3.490000000000245350e+00 3.795323786540277666e+01
3.510000000000244924e+00 3.771231855962020774e+01
3.530000000000244498e+00 3.754512741068288761e+01
3.550000000000244071e+00 3.772061433764709193e+01
3.570000000000243645e+00 3.825847931158415349e+01
3.590000000000243219e+00 3.842434025434270950e+01
3.610000000000242792e+00 3.818502655442090798e+01
3.630000000000242366e+00 3.819387892048649746e+01
3.650000000000241940e+00 3.825540418713703161e+01
3.670000000000241513e+00 3.873237762653841543e+01
3.690000000000241087e+00 3.822108634715404918e+01
3.710000000000240661e+00 3.956465681922527011e+01
3.730000000000240234e+00 3.919075245397149132e+01
3.750000000000239808e+00 3.906772632535036394e+01
3.770000000000239382e+00 3.921770187724619205e+01
3.790000000000238956e+00 3.985408279059501524e+01
3.810000000000238529e+00 3.973253146257710000e+01
3.830000000000238103e+00 4.002936605759443012e+01
3.850000000000237677e+00 4.039039084919316025e+01
3.870000000000237250e+00 4.016994712451870697e+01
3.890000000000236824e+00 4.106135324737748249e+01
3.910000000000236398e+00 4.089175319360735017e+01
3.930000000000235971e+00 4.128485078085896021e+01
3.950000000000235545e+00 4.128752944996377039e+01
3.970000000000235119e+00 4.129137636457071636e+01
3.990000000000234692e+00 4.217502129739064287e+01
4.010000000000234266e+00 4.222516556746211336e+01
4.030000000000233840e+00 4.220312011124538998e+01
4.050000000000233413e+00 4.255048935520050435e+01
4.070000000000232987e+00 4.269380462181700153e+01
4.090000000000232561e+00 4.288313424880529823e+01
4.110000000000232134e+00 4.408385276742663450e+01
4.130000000000231708e+00 4.301450420279869036e+01
4.150000000000231282e+00 4.386640305357373393e+01
4.170000000000230855e+00 4.419848476071190646e+01
4.190000000000230429e+00 4.461470798104588908e+01
4.210000000000230003e+00 4.455877112385149985e+01
4.230000000000229576e+00 4.446155071197159003e+01
4.250000000000229150e+00 4.552193208037027006e+01
4.270000000000228724e+00 4.504674255374282410e+01
4.290000000000228297e+00 4.572546771243498398e+01
4.310000000000227871e+00 4.637766891057760432e+01
4.330000000000227445e+00 4.578723248094647857e+01
4.350000000000227018e+00 4.625800891140580973e+01
4.370000000000226592e+00 4.680176811798103387e+01
4.390000000000226166e+00 4.719502531519538735e+01
4.410000000000225739e+00 4.650586283300587809e+01
4.430000000000225313e+00 4.763377937923944216e+01
4.450000000000224887e+00 4.732099875259937249e+01
4.470000000000224460e+00 4.800252686462611251e+01
4.490000000000224034e+00 4.820793171311044034e+01
4.510000000000223608e+00 4.759712935917480792e+01
4.530000000000223181e+00 4.822950930928142554e+01
4.550000000000222755e+00 4.844783090732941133e+01
4.570000000000222329e+00 4.778956923486317265e+01
4.590000000000221902e+00 4.762458468618545737e+01
4.610000000000221476e+00 4.763561011835987102e+01
4.630000000000221050e+00 4.805666881713963789e+01
4.650000000000220624e+00 4.764866086949470514e+01
4.670000000000220197e+00 4.772107664818437911e+01
4.690000000000219771e+00 4.831118960861675049e+01
4.710000000000219345e+00 4.759685698911474105e+01
4.730000000000218918e+00 4.809752415170043349e+01
4.750000000000218492e+00 4.793136814007925750e+01
4.770000000000218066e+00 4.742590801564687553e+01
4.790000000000217639e+00 4.821392135922192779e+01
4.810000000000217213e+00 4.828001620732310784e+01
4.830000000000216787e+00 4.840057922083789776e+01
4.850000000000216360e+00 4.762151349426690672e+01
4.870000000000215934e+00 4.837323216218697297e+01
4.890000000000215508e+00 4.706559115249216063e+01
4.910000000000215081e+00 4.709298550173357256e+01
4.930000000000214655e+00 4.730160911376397337e+01
4.950000000000214229e+00 4.742582110084305924e+01
4.970000000000213802e+00 4.688481126359260287e+01
4.990000000000213376e+00 4.682717998029169593e+01
5.010000000000212950e+00 4.634618253314190639e+01
5.030000000000212523e+00 4.672773098826294813e+01
5.050000000000212097e+00 4.613405377597946710e+01
5.070000000000211671e+00 4.634986983735718269e+01
5.090000000000211244e+00 4.617581343685233009e+01
5.110000000000210818e+00 4.554382613560718340e+01
5.130000000000210392e+00 4.518335761774584824e+01
5.150000000000209965e+00 4.464530470991744693e+01
5.170000000000209539e+00 4.521300385340200023e+01
5.190000000000209113e+00 4.459879166304825304e+01
5.210000000000208686e+00 4.387543315439977221e+01
5.230000000000208260e+00 4.381373098918300002e+01
5.250000000000207834e+00 4.332193151584512947e+01
5.270000000000207407e+00 4.384664091438961719e+01
5.290000000000206981e+00 4.308256896205374886e+01
5.310000000000206555e+00 4.252015079471090075e+01
5.330000000000206128e+00 4.226591477934140784e+01
5.350000000000205702e+00 4.155659789028347006e+01
5.370000000000205276e+00 4.151328808708058205e+01
5.390000000000204849e+00 4.155485646171086955e+01
5.410000000000204423e+00 4.060036852691750653e+01
5.430000000000203997e+00 4.089556495186295848e+01
5.450000000000203570e+00 4.027233792465531081e+01
5.470000000000203144e+00 3.912589785334444059e+01
5.490000000000202718e+00 3.934932491124584431e+01
5.510000000000202292e+00 3.874110079111882499e+01
5.530000000000201865e+00 3.807513276885395470e+01
5.550000000000201439e+00 3.772385160266119897e+01
5.570000000000201013e+00 3.775325807620445318e+01
5.590000000000200586e+00 3.693048141152735298e+01
5.610000000000200160e+00 3.604337683887906962e+01
5.630000000000199734e+00 3.608301390619020310e+01
5.650000000000199307e+00 3.552120091444295014e+01
5.670000000000198881e+00 3.491615307179153405e+01
5.690000000000198455e+00 3.404608266492370205e+01
5.710000000000198028e+00 3.432425839830887782e+01
5.730000000000197602e+00 3.303286702434716204e+01
5.750000000000197176e+00 3.282294480103398371e+01
5.770000000000196749e+00 3.245161928714627919e+01
5.790000000000196323e+00 3.162063935075719456e+01
5.810000000000195897e+00 3.074507515530649115e+01
5.830000000000195470e+00 3.054311220910597768e+01
5.850000000000195044e+00 2.972882206123845350e+01
5.870000000000194618e+00 2.944039847192622261e+01
5.890000000000194191e+00 2.870759986862379165e+01
5.910000000000193765e+00 2.790545750452943352e+01
5.930000000000193339e+00 2.786309905375807716e+01
5.950000000000192912e+00 2.712255047796296736e+01
5.970000000000192486e+00 2.664077223905684022e+01
5.990000000000192060e+00 2.613376537853660153e+01
6.010000000000191633e+00 2.523337436181488513e+01
6.030000000000191207e+00 2.462249040282671331e+01
6.050000000000190781e+00 2.456455328153717232e+01
6.070000000000190354e+00 2.352892444091406787e+01
6.090000000000189928e+00 2.321950441016931421e+01
6.110000000000189502e+00 2.256499254797370924e+01
6.130000000000189075e+00 2.215928543975356391e+01
6.150000000000188649e+00 2.176932989640896210e+01
6.170000000000188223e+00 2.105006678326865099e+01
6.190000000000187796e+00 2.044476580767362606e+01
6.210000000000187370e+00 1.998906350613784255e+01
6.230000000000186944e+00 1.959349588053732916e+01
6.250000000000186517e+00 1.917611208449675786e+01
6.270000000000186091e+00 1.859024925578090048e+01
6.290000000000185665e+00 1.818241621598555824e+01
6.310000000000185238e+00 1.746543471015290550e+01
6.330000000000184812e+00 1.685815004695011154e+01
6.350000000000184386e+00 1.632928184205325906e+01
6.370000000000183960e+00 1.606574571870584123e+01
6.390000000000183533e+00 1.551947360406240328e+01
6.410000000000183107e+00 1.508640521460273654e+01
6.430000000000182681e+00 1.459411567016196898e+01
6.450000000000182254e+00 1.419151696552518871e+01
6.470000000000181828e+00 1.372726099250436960e+01
6.490000000000181402e+00 1.328882687055248191e+01
6.510000000000180975e+00 1.284040633775624940e+01
6.530000000000180549e+00 1.270254932725122110e+01
6.550000000000180123e+00 1.214566735301097822e+01
6.570000000000179696e+00 1.186708931627579311e+01
6.590000000000179270e+00 1.150749143350913606e+01
6.610000000000178844e+00 1.086191491485143423e+01
6.630000000000178417e+00 1.060780139447252246e+01
6.650000000000177991e+00 1.058731552209508564e+01
6.670000000000177565e+00 9.872745135387443582e+00
6.690000000000177138e+00 9.676301639745526373e+00
6.710000000000176712e+00 9.389874817972232890e+00
6.730000000000176286e+00 9.062589086282716977e+00
6.750000000000175859e+00 8.736013019010194114e+00
6.770000000000175433e+00 8.501710160621358980e+00
6.790000000000175007e+00 8.263019022990510720e+00
6.810000000000174580e+00 7.924036477928262379e+00
6.830000000000174154e+00 7.729936053138716012e+00
6.850000000000173728e+00 7.388223346865370189e+00
6.870000000000173301e+00 7.149466185219566228e+00
6.890000000000172875e+00 6.970376178141728829e+00
6.910000000000172449e+00 6.720758778851767090e+00
6.930000000000172022e+00 6.509388694499088857e+00
6.950000000000171596e+00 6.471947066234148949e+00
6.970000000000171170e+00 6.078740224527175329e+00
6.990000000000170743e+00 5.958574214235226485e+00
7.010000000000170317e+00 5.851694121854197128e+00
7.030000000000169891e+00 5.795971462713194633e+00
7.050000000000169464e+00 5.397019599503097176e+00
7.070000000000169038e+00 5.257348872260346084e+00
7.090000000000168612e+00 5.217622056608451686e+00
7.110000000000168185e+00 5.233357662293039780e+00
7.130000000000167759e+00 4.901660272381009875e+00
7.150000000000167333e+00 4.690775286590582738e+00
7.170000000000166906e+00 4.612889341166031443e+00
7.190000000000166480e+00 4.517210264673328979e+00
7.210000000000166054e+00 4.403899895961458810e+00
7.230000000000165628e+00 4.304518254779964970e+00
7.250000000000165201e+00 4.242101152225323801e+00
7.270000000000164775e+00 4.004700832452629200e+00
7.290000000000164349e+00 3.968866990023903529e+00
7.310000000000163922e+00 4.000055346140032775e+00
7.330000000000163496e+00 3.929221006645542857e+00
7.350000000000163070e+00 3.783910673824381288e+00
7.370000000000162643e+00 3.697770866114137078e+00
7.390000000000162217e+00 3.670367548293158144e+00
7.410000000000161791e+00 3.470009956327081202e+00
7.430000000000161364e+00 3.503506760507803630e+00
7.450000000000160938e+00 3.500252573175808291e+00
7.470000000000160512e+00 3.417197259239866725e+00
7.490000000000160085e+00 3.430991807789427916e+00
7.510000000000159659e+00 3.389809918695685376e+00
7.530000000000159233e+00 3.292751450362219057e+00
7.550000000000158806e+00 3.251514648632622961e+00
7.570000000000158380e+00 3.111271094530037473e+00
7.590000000000157954e+00 3.215945115191133130e+00
7.610000000000157527e+00 3.093959572291890670e+00
7.630000000000157101e+00 3.099693782760603700e+00
7.650000000000156675e+00 3.098587802572364325e+00
7.670000000000156248e+00 3.051887059028367766e+00
7.690000000000155822e+00 2.975400481612082704e+00
7.710000000000155396e+00 3.046179661591022381e+00
7.730000000000154969e+00 2.866416849450325266e+00
7.750000000000154543e+00 2.897826355990011926e+00
7.770000000000154117e+00 2.867801580710907849e+00
7.790000000000153690e+00 2.883962379824670741e+00
7.810000000000153264e+00 2.913743365961331211e+00
7.830000000000152838e+00 2.912612701537718340e+00
7.850000000000152411e+00 2.786142485369672350e+00
7.870000000000151985e+00 2.731032999392715599e+00
7.890000000000151559e+00 2.839637913978473538e+00
7.910000000000151132e+00 2.770088546078254943e+00
7.930000000000150706e+00 2.768849095548322037e+00
7.950000000000150280e+00 2.725306923202788223e+00
7.970000000000149853e+00 2.619067727730797213e+00
7.990000000000149427e+00 2.692377617081802565e+00
8.010000000000149001e+00 2.678599805913482790e+00
8.030000000000148574e+00 2.627947422281374124e+00
8.050000000000148148e+00 2.599276041551926930e+00
8.070000000000147722e+00 2.577751637012827057e+00
8.090000000000147296e+00 2.542800981950541050e+00
8.110000000000146869e+00 2.586666973321665619e+00
8.130000000000146443e+00 2.525446278381653809e+00
8.150000000000146017e+00 2.560888976665597117e+00
8.170000000000145590e+00 2.469127254816589456e+00
8.190000000000145164e+00 2.489135473063504023e+00
8.210000000000144738e+00 2.434213446124890101e+00
8.230000000000144311e+00 2.425107048031216017e+00
8.250000000000143885e+00 2.447296387341597157e+00
8.270000000000143459e+00 2.429264756179009499e+00
8.290000000000143032e+00 2.409189572929267165e+00
8.310000000000142606e+00 2.394212355260572522e+00
8.330000000000142180e+00 2.397778011254675601e+00
8.350000000000141753e+00 2.373602457547626443e+00
8.370000000000141327e+00 2.378426384412478001e+00
8.390000000000140901e+00 2.296536367829957737e+00
8.410000000000140474e+00 2.330530191764343950e+00
8.430000000000140048e+00 2.346723900828987741e+00
8.450000000000139622e+00 2.299787159502714395e+00
8.470000000000139195e+00 2.308226180314769227e+00
8.490000000000138769e+00 2.291369745881102649e+00
8.510000000000138343e+00 2.253361891256882021e+00
8.530000000000137916e+00 2.222443429568250028e+00
8.550000000000137490e+00 2.293384718230513819e+00
8.570000000000137064e+00 2.199726284768207751e+00
8.590000000000136637e+00 2.213108423477336384e+00
8.610000000000136211e+00 2.232826731168505052e+00
8.630000000000135785e+00 2.194970711300448407e+00
8.650000000000135358e+00 2.211174096767392072e+00
8.670000000000134932e+00 2.147546328077937883e+00
8.690000000000134506e+00 2.191307886921233017e+00
8.710000000000134079e+00 2.147318944377030636e+00
8.730000000000133653e+00 2.143718524627088673e+00
8.750000000000133227e+00 2.124133917961824825e+00
8.770000000000132800e+00 2.139671797118479546e+00
8.790000000000132374e+00 2.118366148932203430e+00
8.810000000000131948e+00 2.172791227386294377e+00
8.830000000000131521e+00 2.136468295205767198e+00
8.850000000000131095e+00 2.105845595405215764e+00
8.870000000000130669e+00 2.044137610311731468e+00
8.890000000000130242e+00 2.143658843017643534e+00
8.910000000000129816e+00 2.096853717035821241e+00
8.930000000000129390e+00 2.115389325070440307e+00
8.950000000000128964e+00 2.096411730409399432e+00
8.970000000000128537e+00 2.124391150783727422e+00
8.990000000000128111e+00 2.062826323729106459e+00
9.010000000000127685e+00 2.090994532993641020e+00
9.030000000000127258e+00 2.097188011939405072e+00
9.050000000000126832e+00 2.116911346023373497e+00
9.070000000000126406e+00 2.128156778817980932e+00
9.090000000000125979e+00 2.049992063108873275e+00
9.110000000000125553e+00 2.081056981181091281e+00
9.130000000000125127e+00 2.064483323161916406e+00
9.150000000000124700e+00 2.075077885662912625e+00
9.170000000000124274e+00 2.086615283140441868e+00
9.190000000000123848e+00 2.091220606828409601e+00
9.210000000000123421e+00 2.070311010153612852e+00
9.230000000000122995e+00 2.085245531600678603e+00
9.250000000000122569e+00 2.076153721812167507e+00
9.270000000000122142e+00 2.075075123741194183e+00
9.290000000000121716e+00 2.091489736803359811e+00
9.310000000000121290e+00 2.053789195737971696e+00
9.330000000000120863e+00 2.062204187028052527e+00
9.350000000000120437e+00 2.084054953472529004e+00
9.370000000000120011e+00 2.089578306379443529e+00
9.390000000000119584e+00 2.016864835678663148e+00
9.410000000000119158e+00 2.097731458673992577e+00
9.430000000000118732e+00 2.080342490976290204e+00
9.450000000000118305e+00 2.011486273524300206e+00
9.470000000000117879e+00 2.059677619966932216e+00
9.490000000000117453e+00 2.049717566275909508e+00
9.510000000000117026e+00 2.048852706573667248e+00
9.530000000000116600e+00 2.024293874873323684e+00
9.550000000000116174e+00 2.013174024304625664e+00
9.570000000000115747e+00 2.065728581103500439e+00
9.590000000000115321e+00 2.032423060482516863e+00
9.610000000000114895e+00 2.018909450605950173e+00
9.630000000000114468e+00 1.997532610139824305e+00
9.650000000000114042e+00 2.056951721839110458e+00
9.670000000000113616e+00 1.980733493271952694e+00
9.690000000000113189e+00 1.983801059909253928e+00
9.710000000000112763e+00 2.005020552098831566e+00
9.730000000000112337e+00 1.967614791063085455e+00
9.750000000000111910e+00 1.959492578242827854e+00
9.770000000000111484e+00 1.947048166524276036e+00
9.790000000000111058e+00 1.923698458740634498e+00
9.810000000000110632e+00 1.956992894397987515e+00
9.830000000000110205e+00 1.928197737429111047e+00
9.850000000000109779e+00 1.969963274048719848e+00
9.870000000000109353e+00 1.895400164267227350e+00
9.890000000000108926e+00 1.901505626881403010e+00
9.910000000000108500e+00 1.925417014297769791e+00
9.930000000000108074e+00 1.877199618877714027e+00
9.950000000000107647e+00 1.908489132116133025e+00
9.970000000000107221e+00 1.874639349328491411e+00
9.990000000000106795e+00 1.868812192828311902e+00
1.001000000000010637e+01 1.863986646493979382e+00
1.003000000000010594e+01 1.881815045237393180e+00
1.005000000000010552e+01 1.847624722754359405e+00
1.007000000000010509e+01 1.832016387958693926e+00
1.009000000000010466e+01 1.860048134638360828e+00
1.011000000000010424e+01 1.769773766642643409e+00
1.013000000000010381e+01 1.826970301756162929e+00
1.015000000000010338e+01 1.816223747004444222e+00
1.017000000000010296e+01 1.814739946248896008e+00
1.019000000000010253e+01 1.783854507184183591e+00
1.021000000000010210e+01 1.775097547455343205e+00
1.023000000000010168e+01 1.823475460104256651e+00
1.025000000000010125e+01 1.788132259922216027e+00
1.027000000000010083e+01 1.756115590865802156e+00
1.029000000000010040e+01 1.796803490161763106e+00
1.031000000000009997e+01 1.776739579815940218e+00
1.033000000000009955e+01 1.753244885359209526e+00
1.035000000000009912e+01 1.788053054483937920e+00
1.037000000000009869e+01 1.763262989835600703e+00
1.039000000000009827e+01 1.694991189448414426e+00
1.041000000000009784e+01 1.778181278627644524e+00
1.043000000000009742e+01 1.738369760540253273e+00
1.045000000000009699e+01 1.745929341254719436e+00
1.047000000000009656e+01 1.751555262966941973e+00
1.049000000000009614e+01 1.783508250956840069e+00
1.051000000000009571e+01 1.747221637941109407e+00
1.053000000000009528e+01 1.731819318477325620e+00
1.055000000000009486e+01 1.728428023751649834e+00
1.057000000000009443e+01 1.681563379055608154e+00
1.059000000000009400e+01 1.779829281290565612e+00
1.061000000000009358e+01 1.711186423588768157e+00
1.063000000000009315e+01 1.754036211907944232e+00
1.065000000000009273e+01 1.719540160806711793e+00
1.067000000000009230e+01 1.758846339154116922e+00
1.069000000000009187e+01 1.694449206167513156e+00
1.071000000000009145e+01 1.687504887631250838e+00
1.073000000000009102e+01 1.730889736191272954e+00
1.075000000000009059e+01 1.706288996068892061e+00
1.077000000000009017e+01 1.713964124905555719e+00
1.079000000000008974e+01 1.711080520529312921e+00
1.081000000000008932e+01 1.674053383427322572e+00
1.083000000000008889e+01 1.737330099643915160e+00
1.085000000000008846e+01 1.707345968486829513e+00
1.087000000000008804e+01 1.698646794860596998e+00
1.089000000000008761e+01 1.716629661583620736e+00
1.091000000000008718e+01 1.687114252078689924e+00
1.093000000000008676e+01 1.704968576920502299e+00
1.095000000000008633e+01 1.696576118837904490e+00
1.097000000000008590e+01 1.709812149651536162e+00
1.099000000000008548e+01 1.707313005719776733e+00
1.101000000000008505e+01 1.637300738471751060e+00
1.103000000000008463e+01 1.675138016654799333e+00
1.105000000000008420e+01 1.665661329625598874e+00
1.107000000000008377e+01 1.686470748885938731e+00
1.109000000000008335e+01 1.702220878867096499e+00
1.111000000000008292e+01 1.636420896580375706e+00
1.113000000000008249e+01 1.659198323081477966e+00
1.115000000000008207e+01 1.691051144929047956e+00
1.117000000000008164e+01 1.647642753352997591e+00
1.119000000000008122e+01 1.682807652451040248e+00
1.121000000000008079e+01 1.633753696628666319e+00
1.123000000000008036e+01 1.634571085539011426e+00
1.125000000000007994e+01 1.653443117691206110e+00
1.127000000000007951e+01 1.631391359717452527e+00
1.129000000000007908e+01 1.680072783984675855e+00
1.131000000000007866e+01 1.639992741888495642e+00
1.133000000000007823e+01 1.655917058481153337e+00
1.135000000000007780e+01 1.596582610774920585e+00
1.137000000000007738e+01 1.609760869844711451e+00
1.139000000000007695e+01 1.621661804606737034e+00
1.141000000000007653e+01 1.634763138065972177e+00
1.143000000000007610e+01 1.574822084264004385e+00
1.145000000000007567e+01 1.584177300343803996e+00
1.147000000000007525e+01 1.604244759494277695e+00
1.149000000000007482e+01 1.559026804231708363e+00
1.151000000000007439e+01 1.585599763510527893e+00
1.153000000000007397e+01 1.575086555987352810e+00
1.155000000000007354e+01 1.577255751566019049e+00
1.157000000000007311e+01 1.549164737617493293e+00
1.159000000000007269e+01 1.561796848324549458e+00
1.161000000000007226e+01 1.515911461627890144e+00
1.163000000000007184e+01 1.511155837954623715e+00
1.165000000000007141e+01 1.499091692128859066e+00
1.167000000000007098e+01 1.521281923124252922e+00
1.169000000000007056e+01 1.522471442452818069e+00
1.171000000000007013e+01 1.506202771533283524e+00
1.173000000000006970e+01 1.500976874491882995e+00
1.175000000000006928e+01 1.453847550243053233e+00
1.177000000000006885e+01 1.506270481335912459e+00
1.179000000000006843e+01 1.509608979795994399e+00
1.181000000000006800e+01 1.430876609306303893e+00
1.183000000000006757e+01 1.458780899240640361e+00
1.185000000000006715e+01 1.468770440272546329e+00
1.187000000000006672e+01 1.441162008385584725e+00
1.189000000000006629e+01 1.453703677762494983e+00
1.191000000000006587e+01 1.410880199567588589e+00
1.193000000000006544e+01 1.442339806879200603e+00
1.195000000000006501e+01 1.417173982189892767e+00
1.197000000000006459e+01 1.401623982406945412e+00
1.199000000000006416e+01 1.449714317973699540e+00
1.201000000000006374e+01 1.430967901540396880e+00
1.203000000000006331e+01 1.413502294572077878e+00
1.205000000000006288e+01 1.380915215365533522e+00
1.207000000000006246e+01 1.411171502359205965e+00
1.209000000000006203e+01 1.387275788085332584e+00
1.211000000000006160e+01 1.399439386551724063e+00
1.213000000000006118e+01 1.385252718778282599e+00
1.215000000000006075e+01 1.369603552068651142e+00
1.217000000000006033e+01 1.418117492842162708e+00
1.219000000000005990e+01 1.425729807915686376e+00
1.221000000000005947e+01 1.362180537993208373e+00
1.223000000000005905e+01 1.356458301848497250e+00
1.225000000000005862e+01 1.376761432700934540e+00
1.227000000000005819e+01 1.338068282904662176e+00
1.229000000000005777e+01 1.334775168037458659e+00
1.231000000000005734e+01 1.369243563834622535e+00
1.233000000000005691e+01 1.343546604100117836e+00
1.235000000000005649e+01 1.327853903667426838e+00
1.237000000000005606e+01 1.367080692235554729e+00
1.239000000000005564e+01 1.311677916009438949e+00
1.241000000000005521e+01 1.311972493068767065e+00
1.243000000000005478e+01 1.331461615859651726e+00
1.245000000000005436e+01 1.327264311480104819e+00
1.247000000000005393e+01 1.278639069849656140e+00
1.249000000000005350e+01 1.306716068455131774e+00
1.251000000000005308e+01 1.268976930665156821e+00
1.253000000000005265e+01 1.277456958336400161e+00
1.255000000000005222e+01 1.273225764275401684e+00
1.257000000000005180e+01 1.272342187795888480e+00
1.259000000000005137e+01 1.229673503355584785e+00
1.261000000000005095e+01 1.245577399024542009e+00
1.263000000000005052e+01 1.248178300062633861e+00
1.265000000000005009e+01 1.237467268978053925e+00
1.267000000000004967e+01 1.254031182216211571e+00
1.269000000000004924e+01 1.221483400536036434e+00
1.271000000000004881e+01 1.210112982197520060e+00
1.273000000000004839e+01 1.204878427480762904e+00
1.275000000000004796e+01 1.201837577083402442e+00
1.277000000000004754e+01 1.176248207777437882e+00
1.279000000000004711e+01 1.188989211768235021e+00
1.281000000000004668e+01 1.197168936600516709e+00
1.283000000000004626e+01 1.148770925546830135e+00
1.285000000000004583e+01 1.131513764406236744e+00
1.287000000000004540e+01 1.153060088162541241e+00
1.289000000000004498e+01 1.157129550566425635e+00
1.291000000000004455e+01 1.107464214776736178e+00
1.293000000000004412e+01 1.128622589091290429e+00
1.295000000000004370e+01 1.090401451326659554e+00
1.297000000000004327e+01 1.152142920872132770e+00
1.299000000000004285e+01 1.093751491288168731e+00
1.301000000000004242e+01 1.090523972555712096e+00
1.303000000000004199e+01 1.037502344001616672e+00
1.305000000000004157e+01 1.077195803314235700e+00
1.307000000000004114e+01 1.034778378193651482e+00
1.309000000000004071e+01 1.054352579802237733e+00
1.311000000000004029e+01 1.003276359696805065e+00
1.313000000000003986e+01 1.013699921755393918e+00
1.315000000000003944e+01 1.005911606262409830e+00
1.317000000000003901e+01 9.851152363861029881e-01
1.319000000000003858e+01 9.722699492749480310e-01
1.321000000000003816e+01 9.966936984113065057e-01
1.323000000000003773e+01 9.333853972778650698e-01
1.325000000000003730e+01 9.274499540536033093e-01
1.327000000000003688e+01 8.857520380069151544e-01
1.329000000000003645e+01 9.237683901516464680e-01
1.331000000000003602e+01 9.331788884212501856e-01
1.333000000000003560e+01 9.122572687281390591e-01
1.335000000000003517e+01 9.218747458127376504e-01
1.337000000000003475e+01 8.865815442361181242e-01
1.339000000000003432e+01 8.648831169226122162e-01
1.341000000000003389e+01 8.452028724510028956e-01
1.343000000000003347e+01 8.359735108608730147e-01
1.345000000000003304e+01 8.356664125855511882e-01
1.347000000000003261e+01 8.289363706998444936e-01
1.349000000000003219e+01 8.290907752552197918e-01
1.351000000000003176e+01 7.921107176497638180e-01
1.353000000000003133e+01 7.872848909179316346e-01
1.355000000000003091e+01 7.485513744187645147e-01
1.357000000000003048e+01 7.307375972392650132e-01
1.359000000000003006e+01 7.432010902479634362e-01
1.361000000000002963e+01 7.267651838399861175e-01
1.363000000000002920e+01 7.187584235243321684e-01
1.365000000000002878e+01 6.714958460838142962e-01
1.367000000000002835e+01 6.641022671543592715e-01
1.369000000000002792e+01 6.804995579382226989e-01
1.371000000000002750e+01 6.625754536799937089e-01
1.373000000000002707e+01 6.588925124496101127e-01
1.375000000000002665e+01 6.253176681395259395e-01
1.377000000000002622e+01 6.255179695213738400e-01
1.379000000000002579e+01 6.008895621680129251e-01
1.381000000000002537e+01 5.876213519562762944e-01
1.383000000000002494e+01 5.823102406415920917e-01
1.385000000000002451e+01 5.482216329041288416e-01
1.387000000000002409e+01 5.544606841921864149e-01
1.389000000000002366e+01 5.351453184187523471e-01
1.391000000000002323e+01 5.421704303255153734e-01
1.393000000000002281e+01 5.342026827640519171e-01
1.395000000000002238e+01 4.842764519077382146e-01
1.397000000000002196e+01 4.689691010152591821e-01
1.399000000000002153e+01 4.541087179979599875e-01
1.401000000000002110e+01 4.222244007896877593e-01
1.403000000000002068e+01 4.439049612167008108e-01
1.405000000000002025e+01 4.281164202835643917e-01
1.407000000000001982e+01 4.146585478492549881e-01
1.409000000000001940e+01 3.888148746866414984e-01
1.411000000000001897e+01 3.875925845911596945e-01
1.413000000000001855e+01 3.888114275201769443e-01
1.415000000000001812e+01 3.487464904540968358e-01
1.417000000000001769e+01 3.104882671599352162e-01
1.419000000000001727e+01 2.971755489370688785e-01
1.421000000000001684e+01 2.910054119975404308e-01
1.423000000000001641e+01 2.738465104089462532e-01
1.425000000000001599e+01 2.454448751760686387e-01
1.427000000000001556e+01 2.553697871363166949e-01
1.429000000000001513e+01 2.382669866619451238e-01
1.431000000000001471e+01 2.168063748160241611e-01
1.433000000000001428e+01 2.002197171578334600e-01
1.435000000000001386e+01 1.935230437679351378e-01
1.437000000000001343e+01 1.743162361677267347e-01
1.439000000000001300e+01 1.549212899843389057e-01
1.441000000000001258e+01 1.383789098688331665e-01
1.443000000000001215e+01 1.324692735042910241e-01
1.445000000000001172e+01 1.050905048785303331e-01
1.447000000000001130e+01 9.945958333987293953e-02
1.449000000000001087e+01 8.304686028954533228e-02
1.451000000000001044e+01 7.452418179748232507e-02
1.453000000000001002e+01 5.512470045958718645e-02
1.455000000000000959e+01 3.608793316119539990e-02
1.457000000000000917e+01 2.228029170498233014e-02
1.459000000000000874e+01 1.674720838835374800e-02
1.461000000000000831e+01 1.122114252583210695e-02
1.463000000000000789e+01 1.396933154333583095e-02
1.465000000000000746e+01 8.356988126562304997e-03
1.467000000000000703e+01 5.567766739326602578e-03
1.469000000000000661e+01 2.782116529383957086e-03
1.471000000000000618e+01 0.000000000000000000e+00
1.473000000000000576e+01 0.000000000000000000e+00
1.475000000000000533e+01 0.000000000000000000e+00
1.477000000000000490e+01 0.000000000000000000e+00
1.479000000000000448e+01 0.000000000000000000e+00
1.481000000000000405e+01 0.000000000000000000e+00
1.483000000000000362e+01 0.000000000000000000e+00
1.485000000000000320e+01 0.000000000000000000e+00
1.487000000000000277e+01 0.000000000000000000e+00
1.489000000000000234e+01 0.000000000000000000e+00
1.491000000000000192e+01 0.000000000000000000e+00
1.493000000000000149e+01 0.000000000000000000e+00
1.495000000000000107e+01 0.000000000000000000e+00
1.497000000000000064e+01 0.000000000000000000e+00
1.499000000000000021e+01 0.000000000000000000e+00
