# Redshift		Merger Rate Density [Gpc^-3yr^-1]
1.000000000031931770e-02 2.099011574923938994e+01
3.000000000031888964e-02 2.085579865907315167e+01
5.000000000031846331e-02 2.129197410781176103e+01
7.000000000031804392e-02 2.073085737012643293e+01
9.000000000031761760e-02 2.065558325518966143e+01
1.100000000003171913e-01 2.091777999716795478e+01
1.300000000003167511e-01 2.141413359982835374e+01
1.500000000003163247e-01 2.166929470968726790e+01
1.700000000003158984e-01 2.229427630629116663e+01
1.900000000003154721e-01 2.284393922206873384e+01
2.100000000003150458e-01 2.284210261468680514e+01
2.300000000003146194e-01 2.343539132863570984e+01
2.500000000003141931e-01 2.419275899319430678e+01
2.700000000003137668e-01 2.439601544062481153e+01
2.900000000003133405e-01 2.488297694365077817e+01
3.100000000003129141e-01 2.502744848405672329e+01
3.300000000003124878e-01 2.568293458681269925e+01
3.500000000003120615e-01 2.643901648381007874e+01
3.700000000003116352e-01 2.606662778583566009e+01
3.900000000003112088e-01 2.652001002231651228e+01
4.100000000003107825e-01 2.653077516708439987e+01
4.300000000003103562e-01 2.732351519725540356e+01
4.500000000003099299e-01 2.715091570888426986e+01
4.700000000003095035e-01 2.824138705879916245e+01
4.900000000003090772e-01 2.818299687254372188e+01
5.100000000003086509e-01 2.914218646543772806e+01
5.300000000003082246e-01 2.913543295555338375e+01
5.500000000003077982e-01 2.925237887289411631e+01
5.700000000003073719e-01 3.013929528019622950e+01
5.900000000003069456e-01 2.958273020450903701e+01
6.100000000003065193e-01 3.048940314255055739e+01
6.300000000003060929e-01 3.067939525073659013e+01
6.500000000003056666e-01 3.103836530594332643e+01
6.700000000003052403e-01 3.112440491601324410e+01
6.900000000003048140e-01 3.108328977768126222e+01
7.100000000003043876e-01 3.112656641320660711e+01
7.300000000003039613e-01 3.140159412139859541e+01
7.500000000003035350e-01 3.177209243450692355e+01
7.700000000003031086e-01 3.270123355630355633e+01
7.900000000003026823e-01 3.294450648514881408e+01
8.100000000003022560e-01 3.373760848664197454e+01
8.300000000003018297e-01 3.407525801271064125e+01
8.500000000003014033e-01 3.481681693131376676e+01
8.700000000003009770e-01 3.602583489037140652e+01
8.900000000003005507e-01 3.516409564439409507e+01
9.100000000003001244e-01 3.630934999011302011e+01
9.300000000002996980e-01 3.602762090864292333e+01
9.500000000002992717e-01 3.627912386581777326e+01
9.700000000002988454e-01 3.666184912824378728e+01
9.900000000002984191e-01 3.609986294517633354e+01
1.010000000000297993e+00 3.656467392970580477e+01
1.030000000000297566e+00 3.616525412552103091e+01
1.050000000000297140e+00 3.680433761777588586e+01
1.070000000000296714e+00 3.675819490206377793e+01
1.090000000000296287e+00 3.729988480160338327e+01
1.110000000000295861e+00 3.719709445941665393e+01
1.130000000000295435e+00 3.866942279637186175e+01
1.150000000000295008e+00 3.677544689286063573e+01
1.170000000000294582e+00 3.923420351174522835e+01
1.190000000000294156e+00 3.873466925053410392e+01
1.210000000000293729e+00 3.884112122078956020e+01
1.230000000000293303e+00 3.857440228064825050e+01
1.250000000000292877e+00 3.987574923230113200e+01
1.270000000000292451e+00 3.987738958790615840e+01
1.290000000000292024e+00 3.901908781565887097e+01
1.310000000000291598e+00 4.019427649957378179e+01
1.330000000000291172e+00 4.053750396749565255e+01
1.350000000000290745e+00 3.953125830257532414e+01
1.370000000000290319e+00 4.080443306636848178e+01
1.390000000000289893e+00 4.034272717964341126e+01
1.410000000000289466e+00 4.086701183052576170e+01
1.430000000000289040e+00 4.070271666025083590e+01
1.450000000000288614e+00 4.070351309993986177e+01
1.470000000000288187e+00 4.156756277931265231e+01
1.490000000000287761e+00 4.108415192434400609e+01
1.510000000000287335e+00 4.045135102469782851e+01
1.530000000000286908e+00 4.115679894647998083e+01
1.550000000000286482e+00 4.024579056473010752e+01
1.570000000000286056e+00 4.067807348832462822e+01
1.590000000000285629e+00 4.038453880124619388e+01
1.610000000000285203e+00 4.021647226121372398e+01
1.630000000000284777e+00 4.001145055923265659e+01
1.650000000000284350e+00 4.058212987572378694e+01
1.670000000000283924e+00 3.939543371780342795e+01
1.690000000000283498e+00 3.971205527554243986e+01
1.710000000000283071e+00 4.012536473310250784e+01
1.730000000000282645e+00 3.985592813219182062e+01
1.750000000000282219e+00 3.979492420377199835e+01
1.770000000000281792e+00 4.002708751586836655e+01
1.790000000000281366e+00 3.938089888258778615e+01
1.810000000000280940e+00 3.958783472530331693e+01
1.830000000000280513e+00 3.982855769609778207e+01
1.850000000000280087e+00 4.032784454749748448e+01
1.870000000000279661e+00 3.865400696208237719e+01
1.890000000000279234e+00 3.967906643704422009e+01
1.910000000000278808e+00 3.809963815661209452e+01
1.930000000000278382e+00 3.910735144909639871e+01
1.950000000000277955e+00 3.860843623047373541e+01
1.970000000000277529e+00 3.863660742892387390e+01
1.990000000000277103e+00 3.793733354679753944e+01
2.010000000000276899e+00 3.916362618579825039e+01
2.030000000000276472e+00 3.796989549800260733e+01
2.050000000000276046e+00 3.737881805768437005e+01
2.070000000000275620e+00 3.829335180477256984e+01
2.090000000000275193e+00 3.784308220613688434e+01
2.110000000000274767e+00 3.679050137990947178e+01
2.130000000000274341e+00 3.770492297004539495e+01
2.150000000000273914e+00 3.759482659518386782e+01
2.170000000000273488e+00 3.621653084609744866e+01
2.190000000000273062e+00 3.702946453463609799e+01
2.210000000000272635e+00 3.684139754818269807e+01
2.230000000000272209e+00 3.651047997563218672e+01
2.250000000000271783e+00 3.628947283340396979e+01
2.270000000000271356e+00 3.476517226792623916e+01
2.290000000000270930e+00 3.541548442151451326e+01
2.310000000000270504e+00 3.605795621653673066e+01
2.330000000000270077e+00 3.446880160275171789e+01
2.350000000000269651e+00 3.511387759228153271e+01
2.370000000000269225e+00 3.421418897992145247e+01
2.390000000000268798e+00 3.449612098166721097e+01
2.410000000000268372e+00 3.335786981935446960e+01
2.430000000000267946e+00 3.462813284788998658e+01
2.450000000000267519e+00 3.460193916473180309e+01
2.470000000000267093e+00 3.328543501265726690e+01
2.490000000000266667e+00 3.390982308127059497e+01
2.510000000000266240e+00 3.265236252664364969e+01
2.530000000000265814e+00 3.365904569492497700e+01
2.550000000000265388e+00 3.354067277872981379e+01
2.570000000000264961e+00 3.353473443553929201e+01
2.590000000000264535e+00 3.289922034723869615e+01
2.610000000000264109e+00 3.285215687865149192e+01
2.630000000000263682e+00 3.326457279668773026e+01
2.650000000000263256e+00 3.293231509055559769e+01
2.670000000000262830e+00 3.203768726910426778e+01
2.690000000000262403e+00 3.291913351654626041e+01
2.710000000000261977e+00 3.252518719312129036e+01
2.730000000000261551e+00 3.274504127825713340e+01
2.750000000000261124e+00 3.221737930514979809e+01
2.770000000000260698e+00 3.202089679341013095e+01
2.790000000000260272e+00 3.287000751644276164e+01
2.810000000000259845e+00 3.220760735852177703e+01
2.830000000000259419e+00 3.235962922356638671e+01
2.850000000000258993e+00 3.206144001056341608e+01
2.870000000000258567e+00 3.240890797305734594e+01
2.890000000000258140e+00 3.222653133278942050e+01
2.910000000000257714e+00 3.205546983503973735e+01
2.930000000000257288e+00 3.257861892164051199e+01
2.950000000000256861e+00 3.158432574085117395e+01
2.970000000000256435e+00 3.217669156842823242e+01
2.990000000000256009e+00 3.211133387474804124e+01
3.010000000000255582e+00 3.294601876743638513e+01
3.030000000000255156e+00 3.125915299699759942e+01
3.050000000000254730e+00 3.196794583943153256e+01
3.070000000000254303e+00 3.177570527918134502e+01
3.090000000000253877e+00 3.224029738338717266e+01
3.110000000000253451e+00 3.190547143573864375e+01
3.130000000000253024e+00 3.217057744847385692e+01
3.150000000000252598e+00 3.160674284511395271e+01
3.170000000000252172e+00 3.244924535331362137e+01
3.190000000000251745e+00 3.180460530368778294e+01
3.210000000000251319e+00 3.162483944915320677e+01
3.230000000000250893e+00 3.199884152121077818e+01
3.250000000000250466e+00 3.194537931607783321e+01
3.270000000000250040e+00 3.236955328821336053e+01
3.290000000000249614e+00 3.222544428781847614e+01
3.310000000000249187e+00 3.224696454894736775e+01
3.330000000000248761e+00 3.210996233995228977e+01
3.350000000000248335e+00 3.209400486662581642e+01
3.370000000000247908e+00 3.238344126687961477e+01
3.390000000000247482e+00 3.295301226289630847e+01
3.410000000000247056e+00 3.226624274858900776e+01
3.430000000000246629e+00 3.243335154943238763e+01
3.450000000000246203e+00 3.320763576514413984e+01
3.470000000000245777e+00 3.259948130748418293e+01
3.490000000000245350e+00 3.316626689897141489e+01
3.510000000000244924e+00 3.301325038743151907e+01
3.530000000000244498e+00 3.301228121376593805e+01
3.550000000000244071e+00 3.349695578810982255e+01
3.570000000000243645e+00 3.366394511739718354e+01
3.590000000000243219e+00 3.408983993185731975e+01
3.610000000000242792e+00 3.394060438065527308e+01
3.630000000000242366e+00 3.397388424957738806e+01
3.650000000000241940e+00 3.401364750263720538e+01
3.670000000000241513e+00 3.460065317432333387e+01
3.690000000000241087e+00 3.411348829529969606e+01
3.710000000000240661e+00 3.535098554702478424e+01
3.730000000000240234e+00 3.486468783006777272e+01
3.750000000000239808e+00 3.521059016881556403e+01
3.770000000000239382e+00 3.529264017921966712e+01
3.790000000000238956e+00 3.580489503328725220e+01
3.810000000000238529e+00 3.584464494817162006e+01
3.830000000000238103e+00 3.610645297806095044e+01
3.850000000000237677e+00 3.626659355069276103e+01
3.870000000000237250e+00 3.641065923280571326e+01
3.890000000000236824e+00 3.729251329422346117e+01
3.910000000000236398e+00 3.710140821120678822e+01
3.930000000000235971e+00 3.746614295146871854e+01
3.950000000000235545e+00 3.737776421616042200e+01
3.970000000000235119e+00 3.736969636857400445e+01
3.990000000000234692e+00 3.831403620378596742e+01
4.010000000000234266e+00 3.844157015590081272e+01
4.030000000000233840e+00 3.840331667899923218e+01
4.050000000000233413e+00 3.862667180158489799e+01
4.070000000000232987e+00 3.896353075283882816e+01
4.090000000000232561e+00 3.867360792430272198e+01
4.110000000000232134e+00 4.028338007411174004e+01
4.130000000000231708e+00 3.923850692892117564e+01
4.150000000000231282e+00 3.978129516366877283e+01
4.170000000000230855e+00 4.040329490071004415e+01
4.190000000000230429e+00 4.050743946710117882e+01
4.210000000000230003e+00 4.085339474671324211e+01
4.230000000000229576e+00 4.061619606942277017e+01
4.250000000000229150e+00 4.137559238837691566e+01
4.270000000000228724e+00 4.116195502560245245e+01
4.290000000000228297e+00 4.173515086835912768e+01
4.310000000000227871e+00 4.239936540687664746e+01
4.330000000000227445e+00 4.175926930677309912e+01
4.350000000000227018e+00 4.216282724588852915e+01
4.370000000000226592e+00 4.287148507828736399e+01
4.390000000000226166e+00 4.316372398359927587e+01
4.410000000000225739e+00 4.238079007355371886e+01
4.430000000000225313e+00 4.351652660097924041e+01
4.450000000000224887e+00 4.325707202834670539e+01
4.470000000000224460e+00 4.376523800953169996e+01
4.490000000000224034e+00 4.407113915595292752e+01
4.510000000000223608e+00 4.341239937965799101e+01
4.530000000000223181e+00 4.411799648202502055e+01
4.550000000000222755e+00 4.409587598265531483e+01
4.570000000000222329e+00 4.351129280352357398e+01
4.590000000000221902e+00 4.336806947437663950e+01
4.610000000000221476e+00 4.336429249955901355e+01
4.630000000000221050e+00 4.376179556841830021e+01
4.650000000000220624e+00 4.342074265556535551e+01
4.670000000000220197e+00 4.346586760906560443e+01
4.690000000000219771e+00 4.399042842307023449e+01
4.710000000000219345e+00 4.324721382225294519e+01
4.730000000000218918e+00 4.371381075025967533e+01
4.750000000000218492e+00 4.357286441042587910e+01
4.770000000000218066e+00 4.309809311120181974e+01
4.790000000000217639e+00 4.391325904012887804e+01
4.810000000000217213e+00 4.388192624402871900e+01
4.830000000000216787e+00 4.399272653440083047e+01
4.850000000000216360e+00 4.330722848850254536e+01
4.870000000000215934e+00 4.397798173099197783e+01
4.890000000000215508e+00 4.283509672157891401e+01
4.910000000000215081e+00 4.253615814198318645e+01
4.930000000000214655e+00 4.303401916794564386e+01
4.950000000000214229e+00 4.293730217395678750e+01
4.970000000000213802e+00 4.259905489647222510e+01
4.990000000000213376e+00 4.242626327460643409e+01
5.010000000000212950e+00 4.196983796465440975e+01
5.030000000000212523e+00 4.245015163224346821e+01
5.050000000000212097e+00 4.178024457994484919e+01
5.070000000000211671e+00 4.199055305216366918e+01
5.090000000000211244e+00 4.192383608905269909e+01
5.110000000000210818e+00 4.114515830034889632e+01
5.130000000000210392e+00 4.070263846374021455e+01
5.150000000000209965e+00 4.049799333557770353e+01
5.170000000000209539e+00 4.066051848438191030e+01
5.190000000000209113e+00 4.025842394185011131e+01
5.210000000000208686e+00 3.965933672444564451e+01
5.230000000000208260e+00 3.967419833120818140e+01
5.250000000000207834e+00 3.912431970094689859e+01
5.270000000000207407e+00 3.952804404816486539e+01
5.290000000000206981e+00 3.877763314718352916e+01
5.310000000000206555e+00 3.836970711732926276e+01
5.330000000000206128e+00 3.795246644016821591e+01
5.350000000000205702e+00 3.743733210210176310e+01
5.370000000000205276e+00 3.730711547019910057e+01
5.390000000000204849e+00 3.736810489049036477e+01
5.410000000000204423e+00 3.631117348167343550e+01
5.430000000000203997e+00 3.678250622485623467e+01
5.450000000000203570e+00 3.618656305680617180e+01
5.470000000000203144e+00 3.518404935392020150e+01
5.490000000000202718e+00 3.536352795675500005e+01
5.510000000000202292e+00 3.479889477832821854e+01
5.530000000000201865e+00 3.421131862435557025e+01
5.550000000000201439e+00 3.367042314247925106e+01
5.570000000000201013e+00 3.390272400853679358e+01
5.590000000000200586e+00 3.317787531636059839e+01
5.610000000000200160e+00 3.209792894607049618e+01
5.630000000000199734e+00 3.241259334584324847e+01
5.650000000000199307e+00 3.170362989514060104e+01
5.670000000000198881e+00 3.132920766072434304e+01
5.690000000000198455e+00 3.021125385428262433e+01
5.710000000000198028e+00 3.070656417335443678e+01
5.730000000000197602e+00 2.946626237335773268e+01
5.750000000000197176e+00 2.931766886899470492e+01
5.770000000000196749e+00 2.894272297276745576e+01
5.790000000000196323e+00 2.795972006238230279e+01
5.810000000000195897e+00 2.743707966702639567e+01
5.830000000000195470e+00 2.721132650520246798e+01
5.850000000000195044e+00 2.638771670904497313e+01
5.870000000000194618e+00 2.608742332401104846e+01
5.890000000000194191e+00 2.563731856532783482e+01
5.910000000000193765e+00 2.479594697837547912e+01
5.930000000000193339e+00 2.487125733099971114e+01
5.950000000000192912e+00 2.399526988125107962e+01
5.970000000000192486e+00 2.351598270995930662e+01
5.990000000000192060e+00 2.302466277418228913e+01
6.010000000000191633e+00 2.246796762780533641e+01
6.030000000000191207e+00 2.179795548043024667e+01
6.050000000000190781e+00 2.177630264555108752e+01
6.070000000000190354e+00 2.085237456958602564e+01
6.090000000000189928e+00 2.068807239758919891e+01
6.110000000000189502e+00 1.990028818898239038e+01
6.130000000000189075e+00 1.958811683377401636e+01
6.150000000000188649e+00 1.927993059178663060e+01
6.170000000000188223e+00 1.865562475243576301e+01
6.190000000000187796e+00 1.804556133672497609e+01
6.210000000000187370e+00 1.768061598913253718e+01
6.230000000000186944e+00 1.732580881743458434e+01
6.250000000000186517e+00 1.698614507481508795e+01
6.270000000000186091e+00 1.649512332352492550e+01
6.290000000000185665e+00 1.612455130381225388e+01
6.310000000000185238e+00 1.544197205720956667e+01
6.330000000000184812e+00 1.490279976447278543e+01
6.350000000000184386e+00 1.433972182523318750e+01
6.370000000000183960e+00 1.423036054656094329e+01
6.390000000000183533e+00 1.374502715002329545e+01
6.410000000000183107e+00 1.339642168237139153e+01
6.430000000000182681e+00 1.293950575281643900e+01
6.450000000000182254e+00 1.241398908191758998e+01
6.470000000000181828e+00 1.218012116122373989e+01
6.490000000000181402e+00 1.171754730747405482e+01
6.510000000000180975e+00 1.135504784473807582e+01
6.530000000000180549e+00 1.121658710452549101e+01
6.550000000000180123e+00 1.072260585890864171e+01
6.570000000000179696e+00 1.059271278029359920e+01
6.590000000000179270e+00 1.024756024605126470e+01
6.610000000000178844e+00 9.643886560983769840e+00
6.630000000000178417e+00 9.414123868114648630e+00
6.650000000000177991e+00 9.417363219182561807e+00
6.670000000000177565e+00 8.746124135612621586e+00
6.690000000000177138e+00 8.593511430576226573e+00
6.710000000000176712e+00 8.370136342928550022e+00
6.730000000000176286e+00 8.061327645839128309e+00
6.750000000000175859e+00 7.708730938030796231e+00
6.770000000000175433e+00 7.552323914235516078e+00
6.790000000000175007e+00 7.367624218448554529e+00
6.810000000000174580e+00 7.111522594720058876e+00
6.830000000000174154e+00 6.881396011111251099e+00
6.850000000000173728e+00 6.553709228519362995e+00
6.870000000000173301e+00 6.412196900419741219e+00
6.890000000000172875e+00 6.268833142949167048e+00
6.910000000000172449e+00 6.020844627049218190e+00
6.930000000000172022e+00 5.845959315655685273e+00
6.950000000000171596e+00 5.819732407343824576e+00
6.970000000000171170e+00 5.458825913986214751e+00
6.990000000000170743e+00 5.300596650539062260e+00
7.010000000000170317e+00 5.292898976012632595e+00
7.030000000000169891e+00 5.227073016487810975e+00
7.050000000000169464e+00 4.859223957991144260e+00
7.070000000000169038e+00 4.710510271380883296e+00
7.090000000000168612e+00 4.734436067415117577e+00
7.110000000000168185e+00 4.696001683539159366e+00
7.130000000000167759e+00 4.458475208777794130e+00
7.150000000000167333e+00 4.225251139205603579e+00
7.170000000000166906e+00 4.188454813317973091e+00
7.190000000000166480e+00 4.112611740722259768e+00
7.210000000000166054e+00 3.993358861055458231e+00
7.230000000000165628e+00 3.911541996197493098e+00
7.250000000000165201e+00 3.863632695233406800e+00
7.270000000000164775e+00 3.647360406958185308e+00
7.290000000000164349e+00 3.606124409017099186e+00
7.310000000000163922e+00 3.627679550528434493e+00
7.330000000000163496e+00 3.592746550788183502e+00
7.350000000000163070e+00 3.455110497370318612e+00
7.370000000000162643e+00 3.397844716975415569e+00
7.390000000000162217e+00 3.306164279445413801e+00
7.410000000000161791e+00 3.173920085800427948e+00
7.430000000000161364e+00 3.201789507847459415e+00
7.450000000000160938e+00 3.208414204509299594e+00
7.470000000000160512e+00 3.139555682376435009e+00
7.490000000000160085e+00 3.148721510755001951e+00
7.510000000000159659e+00 3.130203915223046529e+00
7.530000000000159233e+00 2.987441833177269856e+00
7.550000000000158806e+00 2.994841654124899222e+00
7.570000000000158380e+00 2.865793746069377868e+00
7.590000000000157954e+00 2.933751562422707071e+00
7.610000000000157527e+00 2.840493441151299425e+00
7.630000000000157101e+00 2.838650653027631865e+00
7.650000000000156675e+00 2.846737437017880623e+00
7.670000000000156248e+00 2.800179387458335611e+00
7.690000000000155822e+00 2.741665557086772509e+00
7.710000000000155396e+00 2.809779445115797802e+00
7.730000000000154969e+00 2.644089967607083924e+00
7.750000000000154543e+00 2.684806000366020129e+00
7.770000000000154117e+00 2.638989936921864121e+00
7.790000000000153690e+00 2.656519363340586803e+00
7.810000000000153264e+00 2.697347835038879538e+00
7.830000000000152838e+00 2.700990914451121494e+00
7.850000000000152411e+00 2.571918881445343974e+00
7.870000000000151985e+00 2.522298407637329376e+00
7.890000000000151559e+00 2.579054396944552963e+00
7.910000000000151132e+00 2.558100113774192774e+00
7.930000000000150706e+00 2.564183934207066251e+00
7.950000000000150280e+00 2.525591747278123744e+00
7.970000000000149853e+00 2.421138605219885331e+00
7.990000000000149427e+00 2.486601187958108028e+00
8.010000000000149001e+00 2.488326469627351933e+00
8.030000000000148574e+00 2.441974594673604226e+00
8.050000000000148148e+00 2.411129189235751813e+00
8.070000000000147722e+00 2.390854133115479119e+00
8.090000000000147296e+00 2.355690418776406947e+00
8.110000000000146869e+00 2.386297097580105220e+00
8.130000000000146443e+00 2.340549758026990279e+00
8.150000000000146017e+00 2.367277434672356851e+00
8.170000000000145590e+00 2.291316514874043531e+00
8.190000000000145164e+00 2.321284310976971188e+00
8.210000000000144738e+00 2.258699919398459599e+00
8.230000000000144311e+00 2.239908892540012353e+00
8.250000000000143885e+00 2.281775452476791699e+00
8.270000000000143459e+00 2.272589830857572046e+00
8.290000000000143032e+00 2.246519446321877833e+00
8.310000000000142606e+00 2.222825629490030153e+00
8.330000000000142180e+00 2.236075363639606461e+00
8.350000000000141753e+00 2.219469077622234554e+00
8.370000000000141327e+00 2.208166546269529462e+00
8.390000000000140901e+00 2.145918976646474352e+00
8.410000000000140474e+00 2.193337151453111034e+00
8.430000000000140048e+00 2.187240430371417244e+00
8.450000000000139622e+00 2.167554064573503414e+00
8.470000000000139195e+00 2.163000707997817074e+00
8.490000000000138769e+00 2.156692083276003924e+00
8.510000000000138343e+00 2.122977196045596759e+00
8.530000000000137916e+00 2.091032223125366407e+00
8.550000000000137490e+00 2.152635095589679359e+00
8.570000000000137064e+00 2.072517886875573812e+00
8.590000000000136637e+00 2.085353987044757496e+00
8.610000000000136211e+00 2.117774884535540192e+00
8.630000000000135785e+00 2.061711990912967529e+00
8.650000000000135358e+00 2.097797045655650283e+00
8.670000000000134932e+00 2.033493203414101558e+00
8.690000000000134506e+00 2.091421880350417428e+00
8.710000000000134079e+00 2.040123573722089301e+00
8.730000000000133653e+00 2.044949501936155212e+00
8.750000000000133227e+00 2.026633285090617242e+00
8.770000000000132800e+00 2.038635999125916420e+00
8.790000000000132374e+00 2.021428904203627752e+00
8.810000000000131948e+00 2.083589660752871442e+00
8.830000000000131521e+00 2.042145368332201727e+00
8.850000000000131095e+00 2.014690688543708141e+00
8.870000000000130669e+00 1.955707219442611056e+00
8.890000000000130242e+00 2.057485770864822872e+00
8.910000000000129816e+00 2.013601077966236996e+00
8.930000000000129390e+00 2.031999737594740729e+00
8.950000000000128964e+00 2.014040048484230017e+00
8.970000000000128537e+00 2.054257793390701803e+00
8.990000000000128111e+00 1.988470406108352462e+00
9.010000000000127685e+00 2.020700379092629007e+00
9.030000000000127258e+00 2.025895045708112185e+00
9.050000000000126832e+00 2.052196796042011773e+00
9.070000000000126406e+00 2.059151989690697349e+00
9.090000000000125979e+00 1.988707208481426791e+00
9.110000000000125553e+00 2.016179010104824254e+00
9.130000000000125127e+00 1.998735269293429262e+00
9.150000000000124700e+00 2.010760716356990496e+00
9.170000000000124274e+00 2.031175276992017498e+00
9.190000000000123848e+00 2.027761892681658740e+00
9.210000000000123421e+00 2.010396133240306860e+00
9.230000000000122995e+00 2.033683814302770454e+00
9.250000000000122569e+00 2.011385384770786544e+00
9.270000000000122142e+00 2.025451362350425111e+00
9.290000000000121716e+00 2.034818128199529230e+00
9.310000000000121290e+00 2.002512223841446559e+00
9.330000000000120863e+00 2.013116386193951612e+00
9.350000000000120437e+00 2.029891248400812032e+00
9.370000000000120011e+00 2.040778666429870380e+00
9.390000000000119584e+00 1.973463269396583231e+00
9.410000000000119158e+00 2.043140889060901966e+00
9.430000000000118732e+00 2.035726978941760468e+00
9.450000000000118305e+00 1.970406752370957637e+00
9.470000000000117879e+00 2.012595758519811984e+00
9.490000000000117453e+00 2.010179872717830385e+00
9.510000000000117026e+00 2.001990670919889581e+00
9.530000000000116600e+00 1.986013867852717274e+00
9.550000000000116174e+00 1.975507243438086480e+00
9.570000000000115747e+00 2.020816298984981607e+00
9.590000000000115321e+00 1.987877349055326981e+00
9.610000000000114895e+00 1.978345459629501146e+00
9.630000000000114468e+00 1.957267606686515560e+00
9.650000000000114042e+00 2.017582715330070275e+00
9.670000000000113616e+00 1.942788001549262455e+00
9.690000000000113189e+00 1.945691480066879642e+00
9.710000000000112763e+00 1.971473808020592244e+00
9.730000000000112337e+00 1.931515331169755045e+00
9.750000000000111910e+00 1.928062135215166784e+00
9.770000000000111484e+00 1.911338834939956266e+00
9.790000000000111058e+00 1.879535459111983942e+00
9.810000000000110632e+00 1.927158678339683240e+00
9.830000000000110205e+00 1.895668143808013184e+00
9.850000000000109779e+00 1.936397477348206220e+00
9.870000000000109353e+00 1.867302507577052850e+00
9.890000000000108926e+00 1.870638836981586062e+00
9.910000000000108500e+00 1.898349197720268666e+00
9.930000000000108074e+00 1.842803240264691889e+00
9.950000000000107647e+00 1.882441181216167436e+00
9.970000000000107221e+00 1.848347878269148259e+00
9.990000000000106795e+00 1.841202871372439764e+00
1.001000000000010637e+01 1.833681161286971451e+00
1.003000000000010594e+01 1.847515863850085038e+00
1.005000000000010552e+01 1.822855089906418424e+00
1.007000000000010509e+01 1.809093885012792224e+00
1.009000000000010466e+01 1.831007241134005481e+00
1.011000000000010424e+01 1.747901752436480383e+00
1.013000000000010381e+01 1.804111743170489390e+00
1.015000000000010338e+01 1.790503154550774800e+00
1.017000000000010296e+01 1.790049683986332463e+00
1.019000000000010253e+01 1.762901240966470384e+00
1.021000000000010210e+01 1.755493736850581188e+00
1.023000000000010168e+01 1.803672151239791521e+00
1.025000000000010125e+01 1.765840864497405960e+00
1.027000000000010083e+01 1.737496521976666708e+00
1.029000000000010040e+01 1.779339355299412784e+00
1.031000000000009997e+01 1.759608044780120562e+00
1.033000000000009955e+01 1.732729074839344241e+00
1.035000000000009912e+01 1.771942061195221463e+00
1.037000000000009869e+01 1.747161344629936552e+00
1.039000000000009827e+01 1.671594293359268235e+00
1.041000000000009784e+01 1.762676919727042435e+00
1.043000000000009742e+01 1.721114931909478507e+00
1.045000000000009699e+01 1.732010913144568010e+00
1.047000000000009656e+01 1.735403075321677591e+00
1.049000000000009614e+01 1.768225335762428019e+00
1.051000000000009571e+01 1.734451307526646335e+00
1.053000000000009528e+01 1.719548911215235787e+00
1.055000000000009486e+01 1.714516065261729505e+00
1.057000000000009443e+01 1.670041765262631595e+00
1.059000000000009400e+01 1.768530534745492711e+00
1.061000000000009358e+01 1.698783622602046073e+00
1.063000000000009315e+01 1.743510861892393349e+00
1.065000000000009273e+01 1.709240473280032591e+00
1.067000000000009230e+01 1.748885392377272252e+00
1.069000000000009187e+01 1.683651033931191199e+00
1.071000000000009145e+01 1.678155733621530921e+00
1.073000000000009102e+01 1.721772613800399032e+00
1.075000000000009059e+01 1.691572536125321768e+00
1.077000000000009017e+01 1.704634133980530653e+00
1.079000000000008974e+01 1.702843506117253325e+00
1.081000000000008932e+01 1.664611501252916126e+00
1.083000000000008889e+01 1.729146125214823693e+00
1.085000000000008846e+01 1.699969744228330137e+00
1.087000000000008804e+01 1.691478552152759773e+00
1.089000000000008761e+01 1.709675650104330646e+00
1.091000000000008718e+01 1.680012521228051225e+00
1.093000000000008676e+01 1.698453984952145390e+00
1.095000000000008633e+01 1.690255530769413594e+00
1.097000000000008590e+01 1.703448076692597457e+00
1.099000000000008548e+01 1.701400135826169890e+00
1.101000000000008505e+01 1.631574441093470496e+00
1.103000000000008463e+01 1.669437385764804604e+00
1.105000000000008420e+01 1.660314923741498694e+00
1.107000000000008377e+01 1.681300463741344453e+00
1.109000000000008335e+01 1.692853952397701311e+00
1.111000000000008292e+01 1.631649069006308128e+00
1.113000000000008249e+01 1.654580809857711499e+00
1.115000000000008207e+01 1.686731404055492378e+00
1.117000000000008164e+01 1.643432719970306488e+00
1.119000000000008122e+01 1.678716091474519834e+00
1.121000000000008079e+01 1.629937319724023226e+00
1.123000000000008036e+01 1.630876958640826935e+00
1.125000000000007994e+01 1.649937939534210862e+00
1.127000000000007951e+01 1.628035375333366064e+00
1.129000000000007908e+01 1.676863394465506252e+00
1.131000000000007866e+01 1.636911022038684660e+00
1.133000000000007823e+01 1.652994742416033391e+00
1.135000000000007780e+01 1.593798047723094413e+00
1.137000000000007738e+01 1.607102077891737091e+00
1.139000000000007695e+01 1.619144740956073747e+00
1.141000000000007653e+01 1.630162131959457028e+00
1.143000000000007610e+01 1.572662842951672024e+00
1.145000000000007567e+01 1.582157321726829213e+00
1.147000000000007525e+01 1.602338625704470276e+00
1.149000000000007482e+01 1.557228322064218906e+00
1.151000000000007439e+01 1.583910409292795141e+00
1.153000000000007397e+01 1.573490759696948293e+00
1.155000000000007354e+01 1.575768574697762547e+00
1.157000000000007311e+01 1.547770946645135925e+00
1.159000000000007269e+01 1.560494747719451514e+00
1.161000000000007226e+01 1.514695929648175898e+00
1.163000000000007184e+01 1.510022499699361864e+00
1.165000000000007141e+01 1.498037731843007814e+00
1.167000000000007098e+01 1.520302921916390382e+00
1.169000000000007056e+01 1.521563391240287055e+00
1.171000000000007013e+01 1.504591890202810589e+00
1.173000000000006970e+01 1.500261811237183274e+00
1.175000000000006928e+01 1.453190068892078246e+00
1.177000000000006885e+01 1.505666226521030993e+00
1.179000000000006843e+01 1.509054534221252686e+00
1.181000000000006800e+01 1.430368742954179373e+00
1.183000000000006757e+01 1.458316629822687505e+00
1.185000000000006715e+01 1.468346758998517743e+00
1.187000000000006672e+01 1.440775678965080742e+00
1.189000000000006629e+01 1.453352863983282672e+00
1.191000000000006587e+01 1.410561829927084343e+00
1.193000000000006544e+01 1.442051418060967594e+00
1.195000000000006501e+01 1.416913259716706230e+00
1.197000000000006459e+01 1.401388714311146977e+00
1.199000000000006416e+01 1.449502423516328076e+00
1.201000000000006374e+01 1.430607282541362490e+00
1.203000000000006331e+01 1.413349854907429481e+00
1.205000000000006288e+01 1.380778985704313566e+00
1.207000000000006246e+01 1.411050000483454081e+00
1.209000000000006203e+01 1.387167635099984642e+00
1.211000000000006160e+01 1.399343306836504874e+00
1.213000000000006118e+01 1.385167535670749794e+00
1.215000000000006075e+01 1.369528180877381596e+00
1.217000000000006033e+01 1.418050937599290462e+00
1.219000000000005990e+01 1.425671146077586382e+00
1.221000000000005947e+01 1.362128958986636551e+00
1.223000000000005905e+01 1.356413032902074267e+00
1.225000000000005862e+01 1.376721783205517413e+00
1.227000000000005819e+01 1.338033624741429284e+00
1.229000000000005777e+01 1.334718729135346393e+00
1.231000000000005734e+01 1.369220792391794062e+00
1.233000000000005691e+01 1.343526865135765913e+00
1.235000000000005649e+01 1.327836829203074664e+00
1.237000000000005606e+01 1.367065953645759890e+00
1.239000000000005564e+01 1.311665220572288959e+00
1.241000000000005521e+01 1.311961580700375052e+00
1.243000000000005478e+01 1.331452256047097604e+00
1.245000000000005436e+01 1.327256300437993808e+00
1.247000000000005393e+01 1.278632227873113036e+00
1.249000000000005350e+01 1.306710237271126340e+00
1.251000000000005308e+01 1.268971972016860850e+00
1.253000000000005265e+01 1.277452750523604408e+00
1.255000000000005222e+01 1.273222201430019629e+00
1.257000000000005180e+01 1.272336649150107801e+00
1.259000000000005137e+01 1.229671376322261533e+00
1.261000000000005095e+01 1.245575613632130318e+00
1.263000000000005052e+01 1.248176804726046418e+00
1.265000000000005009e+01 1.237466019330519140e+00
1.267000000000004967e+01 1.254030140194316134e+00
1.269000000000004924e+01 1.221482533565468431e+00
1.271000000000004881e+01 1.210112262470912414e+00
1.273000000000004839e+01 1.204877831319193460e+00
1.275000000000004796e+01 1.201837084373650333e+00
1.277000000000004754e+01 1.176247801477575461e+00
1.279000000000004711e+01 1.188988877471711669e+00
1.281000000000004668e+01 1.197168662170307929e+00
1.283000000000004626e+01 1.148770517732686791e+00
1.285000000000004583e+01 1.131513615161513719e+00
1.287000000000004540e+01 1.153059966746199594e+00
1.289000000000004498e+01 1.157129452014004745e+00
1.291000000000004455e+01 1.107464134964919689e+00
1.293000000000004412e+01 1.128622524603928090e+00
1.295000000000004370e+01 1.090401399340546806e+00
1.297000000000004327e+01 1.152142879059916192e+00
1.299000000000004285e+01 1.093751457736047872e+00
1.301000000000004242e+01 1.090523945693884666e+00
1.303000000000004199e+01 1.037502322545653000e+00
1.305000000000004157e+01 1.077195786215875861e+00
1.307000000000004114e+01 1.034778364599435285e+00
1.309000000000004071e+01 1.054352560516006898e+00
1.311000000000004029e+01 1.003276352983341280e+00
1.313000000000003986e+01 1.013699916467326823e+00
1.315000000000003944e+01 1.005911602106851932e+00
1.317000000000003901e+01 9.851152331281725072e-01
1.319000000000003858e+01 9.722699467267549300e-01
1.321000000000003816e+01 9.966936964229282658e-01
1.323000000000003773e+01 9.333853957299762527e-01
1.325000000000003730e+01 9.274499528514698055e-01
1.327000000000003688e+01 8.857520370755163075e-01
1.329000000000003645e+01 9.237683894317216815e-01
1.331000000000003602e+01 9.331788878661073650e-01
1.333000000000003560e+01 9.122572683010811145e-01
1.335000000000003517e+01 9.218747452349482785e-01
1.337000000000003475e+01 8.865815440451375595e-01
1.339000000000003432e+01 8.648831167770957284e-01
1.341000000000003389e+01 8.452028723403941513e-01
1.343000000000003347e+01 8.359735107770002172e-01
1.345000000000003304e+01 8.356664125221054951e-01
1.347000000000003261e+01 8.289363706519669028e-01
1.349000000000003219e+01 8.290907752191775115e-01
1.351000000000003176e+01 7.921107176226969138e-01
1.353000000000003133e+01 7.872848908976546323e-01
1.355000000000003091e+01 7.485513744036108585e-01
1.357000000000003048e+01 7.307375972279680498e-01
1.359000000000003006e+01 7.432010902333505697e-01
1.361000000000002963e+01 7.267651838353892391e-01
1.363000000000002920e+01 7.187584235209385497e-01
1.365000000000002878e+01 6.714958460813152952e-01
1.367000000000002835e+01 6.641022671525234067e-01
1.369000000000002792e+01 6.804995579368774417e-01
1.371000000000002750e+01 6.625754536790103844e-01
1.373000000000002707e+01 6.588925124488929086e-01
1.375000000000002665e+01 6.253176681390044678e-01
1.377000000000002622e+01 6.255179695209953650e-01
1.379000000000002579e+01 6.008895621677390331e-01
1.381000000000002537e+01 5.876213519560785636e-01
1.383000000000002494e+01 5.823102406413476206e-01
1.385000000000002451e+01 5.482216329040557889e-01
1.387000000000002409e+01 5.544606841921341234e-01
1.389000000000002366e+01 5.351453184187150436e-01
1.391000000000002323e+01 5.421704303254889501e-01
1.393000000000002281e+01 5.342026827640330433e-01
1.395000000000002238e+01 4.842764519077248919e-01
1.397000000000002196e+01 4.689691010152497452e-01
1.399000000000002153e+01 4.541087179979534372e-01
1.401000000000002110e+01 4.222244007896831519e-01
1.403000000000002068e+01 4.439049612166976466e-01
1.405000000000002025e+01 4.281164202835621713e-01
1.407000000000001982e+01 4.146585478492522681e-01
1.409000000000001940e+01 3.888148746866407213e-01
1.411000000000001897e+01 3.875925845911591394e-01
1.413000000000001855e+01 3.888114275201765557e-01
1.415000000000001812e+01 3.487464904540966137e-01
1.417000000000001769e+01 3.104882671599349941e-01
1.419000000000001727e+01 2.971755489370688230e-01
1.421000000000001684e+01 2.910054119975403752e-01
1.423000000000001641e+01 2.738465104089462532e-01
1.425000000000001599e+01 2.454448751760686387e-01
1.427000000000001556e+01 2.553697871363166949e-01
1.429000000000001513e+01 2.382669866619451238e-01
1.431000000000001471e+01 2.168063748160241055e-01
1.433000000000001428e+01 2.002197171578334600e-01
1.435000000000001386e+01 1.935230437679351378e-01
1.437000000000001343e+01 1.743162361677267347e-01
1.439000000000001300e+01 1.549212899843388780e-01
1.441000000000001258e+01 1.383789098688331665e-01
1.443000000000001215e+01 1.324692735042910241e-01
1.445000000000001172e+01 1.050905048785303331e-01
1.447000000000001130e+01 9.945958333987293953e-02
1.449000000000001087e+01 8.304686028954533228e-02
1.451000000000001044e+01 7.452418179748232507e-02
1.453000000000001002e+01 5.512470045958718645e-02
1.455000000000000959e+01 3.608793316119539990e-02
1.457000000000000917e+01 2.228029170498233014e-02
1.459000000000000874e+01 1.674720838835374800e-02
1.461000000000000831e+01 1.122114252583210695e-02
1.463000000000000789e+01 1.396933154333583095e-02
1.465000000000000746e+01 8.356988126562304997e-03
1.467000000000000703e+01 5.567766739326602578e-03
1.469000000000000661e+01 2.782116529383957086e-03
1.471000000000000618e+01 0.000000000000000000e+00
1.473000000000000576e+01 0.000000000000000000e+00
1.475000000000000533e+01 0.000000000000000000e+00
1.477000000000000490e+01 0.000000000000000000e+00
1.479000000000000448e+01 0.000000000000000000e+00
1.481000000000000405e+01 0.000000000000000000e+00
1.483000000000000362e+01 0.000000000000000000e+00
1.485000000000000320e+01 0.000000000000000000e+00
1.487000000000000277e+01 0.000000000000000000e+00
1.489000000000000234e+01 0.000000000000000000e+00
1.491000000000000192e+01 0.000000000000000000e+00
1.493000000000000149e+01 0.000000000000000000e+00
1.495000000000000107e+01 0.000000000000000000e+00
1.497000000000000064e+01 0.000000000000000000e+00
1.499000000000000021e+01 0.000000000000000000e+00
