# Redshift		Merger Rate Density [Gpc^-3yr^-1]
1.000000000031931770e-02 1.148836337235401572e+01
3.000000000031888964e-02 1.135230553623211947e+01
5.000000000031846331e-02 1.137467526086862968e+01
7.000000000031804392e-02 1.168815308684614074e+01
9.000000000031761760e-02 1.187925070474980416e+01
1.100000000003171913e-01 1.224089793268279003e+01
1.300000000003167511e-01 1.265756333608862505e+01
1.500000000003163247e-01 1.333674633213907335e+01
1.700000000003158984e-01 1.377583993116264871e+01
1.900000000003154721e-01 1.397506352370881366e+01
2.100000000003150458e-01 1.418152323597901443e+01
2.300000000003146194e-01 1.516843022665382890e+01
2.500000000003141931e-01 1.505673702029517003e+01
2.700000000003137668e-01 1.553720063868968815e+01
2.900000000003133405e-01 1.542952796767892920e+01
3.100000000003129141e-01 1.609352973022754085e+01
3.300000000003124878e-01 1.652380411977158658e+01
3.500000000003120615e-01 1.637009249897860741e+01
3.700000000003116352e-01 1.670151116888975906e+01
3.900000000003112088e-01 1.623078917056282222e+01
4.100000000003107825e-01 1.679190328733885096e+01
4.300000000003103562e-01 1.682429520473277051e+01
4.500000000003099299e-01 1.707356983688324092e+01
4.700000000003095035e-01 1.679958219147298237e+01
4.900000000003090772e-01 1.730442395952722734e+01
5.100000000003086509e-01 1.680984117285895962e+01
5.300000000003082246e-01 1.656647421300899481e+01
5.500000000003077982e-01 1.697986820403031061e+01
5.700000000003073719e-01 1.728737578082111526e+01
5.900000000003069456e-01 1.693090222380556753e+01
6.100000000003065193e-01 1.821014618389485307e+01
6.300000000003060929e-01 1.796249930662740013e+01
6.500000000003056666e-01 1.848313068456544883e+01
6.700000000003052403e-01 1.803417592256986168e+01
6.900000000003048140e-01 1.835033134691672174e+01
7.100000000003043876e-01 1.839788740112383181e+01
7.300000000003039613e-01 1.842309655863543227e+01
7.500000000003035350e-01 1.817497933290113110e+01
7.700000000003031086e-01 1.858713559526908909e+01
7.900000000003026823e-01 1.931396741011974783e+01
8.100000000003022560e-01 1.910991113790772999e+01
8.300000000003018297e-01 1.941617839591366135e+01
8.500000000003014033e-01 1.963124086556596026e+01
8.700000000003009770e-01 2.002657305183461034e+01
8.900000000003005507e-01 1.930733237303984140e+01
9.100000000003001244e-01 2.062150016602445390e+01
9.300000000002996980e-01 2.049951796533042980e+01
9.500000000002992717e-01 2.121969221059229938e+01
9.700000000002988454e-01 2.168956006164553330e+01
9.900000000002984191e-01 2.214984937425147749e+01
1.010000000000297993e+00 2.354913069755758670e+01
1.030000000000297566e+00 2.280663784447553510e+01
1.050000000000297140e+00 2.335259457183254028e+01
1.070000000000296714e+00 2.339965570937598471e+01
1.090000000000296287e+00 2.309841808035409727e+01
1.110000000000295861e+00 2.297788450060675558e+01
1.130000000000295435e+00 2.306601856891629865e+01
1.150000000000295008e+00 2.438042117717423451e+01
1.170000000000294582e+00 2.413353482355858759e+01
1.190000000000294156e+00 2.427151594992446348e+01
1.210000000000293729e+00 2.509365280712405877e+01
1.230000000000293303e+00 2.463955200192004824e+01
1.250000000000292877e+00 2.538181240605734246e+01
1.270000000000292451e+00 2.470974579780887126e+01
1.290000000000292024e+00 2.559015156289105875e+01
1.310000000000291598e+00 2.529210441815503074e+01
1.330000000000291172e+00 2.590798313936589636e+01
1.350000000000290745e+00 2.587358132384950693e+01
1.370000000000290319e+00 2.627633730821458968e+01
1.390000000000289893e+00 2.546654702682245386e+01
1.410000000000289466e+00 2.668665113716953741e+01
1.430000000000289040e+00 2.688281566513170162e+01
1.450000000000288614e+00 2.711118288943147547e+01
1.470000000000288187e+00 2.673057138734410643e+01
1.490000000000287761e+00 2.737402671587974723e+01
1.510000000000287335e+00 2.735485523425770538e+01
1.530000000000286908e+00 2.656288045488899030e+01
1.550000000000286482e+00 2.705802261189634450e+01
1.570000000000286056e+00 2.780410336925476500e+01
1.590000000000285629e+00 2.670931050395599371e+01
1.610000000000285203e+00 2.749467241256395056e+01
1.630000000000284777e+00 2.754229970671390504e+01
1.650000000000284350e+00 2.738282035072822396e+01
1.670000000000283924e+00 2.811819717057146306e+01
1.690000000000283498e+00 2.750171735713399457e+01
1.710000000000283071e+00 2.799102593304662889e+01
1.730000000000282645e+00 2.817709915639271401e+01
1.750000000000282219e+00 2.738466206514621604e+01
1.770000000000281792e+00 2.890013580220368539e+01
1.790000000000281366e+00 2.835041581630196461e+01
1.810000000000280940e+00 2.784222923033810204e+01
1.830000000000280513e+00 2.780636913859782311e+01
1.850000000000280087e+00 2.762960647057480656e+01
1.870000000000279661e+00 2.862410367857133409e+01
1.890000000000279234e+00 2.805999716077462836e+01
1.910000000000278808e+00 2.806660116329311805e+01
1.930000000000278382e+00 2.866934597973266108e+01
1.950000000000277955e+00 2.817947804538504641e+01
1.970000000000277529e+00 2.785169855361546354e+01
1.990000000000277103e+00 2.818266469309122968e+01
2.010000000000276899e+00 2.848502252312539440e+01
2.030000000000276472e+00 2.891025291806077036e+01
2.050000000000276046e+00 2.809290752071833808e+01
2.070000000000275620e+00 2.905214629090683687e+01
2.090000000000275193e+00 2.843453958690389527e+01
2.110000000000274767e+00 2.852432176332550284e+01
2.130000000000274341e+00 2.906795235640554154e+01
2.150000000000273914e+00 2.815233401519313006e+01
2.170000000000273488e+00 2.873329786035568389e+01
2.190000000000273062e+00 2.955326106390810281e+01
2.210000000000272635e+00 2.756931360956766852e+01
2.230000000000272209e+00 2.905588669814432023e+01
2.250000000000271783e+00 2.810121991124313112e+01
2.270000000000271356e+00 2.849782274760879730e+01
2.290000000000270930e+00 2.769743407495194987e+01
2.310000000000270504e+00 2.831109913043467685e+01
2.330000000000270077e+00 2.834033602248266348e+01
2.350000000000269651e+00 2.807316739936954519e+01
2.370000000000269225e+00 2.770668483029317031e+01
2.390000000000268798e+00 2.857225325159623353e+01
2.410000000000268372e+00 2.804623522189445595e+01
2.430000000000267946e+00 2.858538915327134333e+01
2.450000000000267519e+00 2.816491387949158209e+01
2.470000000000267093e+00 2.798816380977498497e+01
2.490000000000266667e+00 2.810454209649219948e+01
2.510000000000266240e+00 2.729542294418385140e+01
2.530000000000265814e+00 2.893655701424811255e+01
2.550000000000265388e+00 2.781410283965882968e+01
2.570000000000264961e+00 2.771474535429127073e+01
2.590000000000264535e+00 2.784405249810266270e+01
2.610000000000264109e+00 2.840776392513784998e+01
2.630000000000263682e+00 2.836298744022702323e+01
2.650000000000263256e+00 2.763088060478544250e+01
2.670000000000262830e+00 2.795325860660547690e+01
2.690000000000262403e+00 2.776906363061292282e+01
2.710000000000261977e+00 2.792793130764020404e+01
2.730000000000261551e+00 2.773801424624430823e+01
2.750000000000261124e+00 2.852096891262041112e+01
2.770000000000260698e+00 2.769967543531923582e+01
2.790000000000260272e+00 2.765011778428315736e+01
2.810000000000259845e+00 2.830983233073032324e+01
2.830000000000259419e+00 2.888154878006731607e+01
2.850000000000258993e+00 2.746732139449675714e+01
2.870000000000258567e+00 2.800556875872915441e+01
2.890000000000258140e+00 2.834463380848294278e+01
2.910000000000257714e+00 2.798308378637426586e+01
2.930000000000257288e+00 2.805829117702921849e+01
2.950000000000256861e+00 2.740185424917479651e+01
2.970000000000256435e+00 2.776765178027114089e+01
2.990000000000256009e+00 2.806232970881740485e+01
3.010000000000255582e+00 2.781099161321222724e+01
3.030000000000255156e+00 2.737790553531666404e+01
3.050000000000254730e+00 2.766125196750629911e+01
3.070000000000254303e+00 2.735274606291542554e+01
3.090000000000253877e+00 2.754907606531564568e+01
3.110000000000253451e+00 2.716098920873001887e+01
3.130000000000253024e+00 2.731457269905934382e+01
3.150000000000252598e+00 2.755423649114190709e+01
3.170000000000252172e+00 2.692555281938754419e+01
3.190000000000251745e+00 2.680109821263115322e+01
3.210000000000251319e+00 2.704939555702099341e+01
3.230000000000250893e+00 2.712555175339971214e+01
3.250000000000250466e+00 2.640217231897644723e+01
3.270000000000250040e+00 2.630868766262454272e+01
3.290000000000249614e+00 2.630540609427985643e+01
3.310000000000249187e+00 2.608968829472334860e+01
3.330000000000248761e+00 2.635209856096552627e+01
3.350000000000248335e+00 2.587869931130751056e+01
3.370000000000247908e+00 2.555654929229653050e+01
3.390000000000247482e+00 2.610881698589926003e+01
3.410000000000247056e+00 2.574013180988430705e+01
3.430000000000246629e+00 2.475805854311867549e+01
3.450000000000246203e+00 2.562211756179900490e+01
3.470000000000245777e+00 2.456009919458200841e+01
3.490000000000245350e+00 2.501010678463708103e+01
3.510000000000244924e+00 2.445289457725288074e+01
3.530000000000244498e+00 2.430589011625977491e+01
3.550000000000244071e+00 2.425089078480088034e+01
3.570000000000243645e+00 2.411524261070119834e+01
3.590000000000243219e+00 2.425663876205340586e+01
3.610000000000242792e+00 2.394352198329865544e+01
3.630000000000242366e+00 2.373180367052161088e+01
3.650000000000241940e+00 2.356712880566033519e+01
3.670000000000241513e+00 2.343667112873134784e+01
3.690000000000241087e+00 2.342785596200453924e+01
3.710000000000240661e+00 2.318959325277438666e+01
3.730000000000240234e+00 2.286625678309613008e+01
3.750000000000239808e+00 2.289641140177168310e+01
3.770000000000239382e+00 2.306240398540818504e+01
3.790000000000238956e+00 2.295490378288144484e+01
3.810000000000238529e+00 2.253372421214354304e+01
3.830000000000238103e+00 2.301254832638078085e+01
3.850000000000237677e+00 2.262986761719495021e+01
3.870000000000237250e+00 2.265231603085805645e+01
3.890000000000236824e+00 2.258394517349669783e+01
3.910000000000236398e+00 2.287791290398459054e+01
3.930000000000235971e+00 2.226144626534333071e+01
3.950000000000235545e+00 2.263537239005344048e+01
3.970000000000235119e+00 2.242747900409901263e+01
3.990000000000234692e+00 2.236903684498869893e+01
4.010000000000234266e+00 2.273349664104058832e+01
4.030000000000233840e+00 2.241018167944563544e+01
4.050000000000233413e+00 2.248784027395979379e+01
4.070000000000232987e+00 2.261396716922466865e+01
4.090000000000232561e+00 2.266360360510237371e+01
4.110000000000232134e+00 2.274444484068821026e+01
4.130000000000231708e+00 2.251781675298436269e+01
4.150000000000231282e+00 2.287907986532751892e+01
4.170000000000230855e+00 2.269426564533152657e+01
4.190000000000230429e+00 2.304174539672573374e+01
4.210000000000230003e+00 2.300983671728279489e+01
4.230000000000229576e+00 2.266614209071109443e+01
4.250000000000229150e+00 2.300187490289219738e+01
4.270000000000228724e+00 2.295579340351707742e+01
4.290000000000228297e+00 2.296618790219737960e+01
4.310000000000227871e+00 2.366295111243616844e+01
4.330000000000227445e+00 2.322305336252385288e+01
4.350000000000227018e+00 2.322093998431670414e+01
4.370000000000226592e+00 2.365996412444399510e+01
4.390000000000226166e+00 2.308956766335003152e+01
4.410000000000225739e+00 2.390547826197629888e+01
4.430000000000225313e+00 2.451854390214132096e+01
4.450000000000224887e+00 2.375475656398271695e+01
4.470000000000224460e+00 2.382100729866117561e+01
4.490000000000224034e+00 2.471576558009222069e+01
4.510000000000223608e+00 2.431392674974772916e+01
4.530000000000223181e+00 2.474989461427574255e+01
4.550000000000222755e+00 2.488599225878702725e+01
4.570000000000222329e+00 2.561635775056396724e+01
4.590000000000221902e+00 2.513069781182013074e+01
4.610000000000221476e+00 2.594326104771852215e+01
4.630000000000221050e+00 2.619471357219212138e+01
4.650000000000220624e+00 2.617109803837272253e+01
4.670000000000220197e+00 2.589488843558196862e+01
4.690000000000219771e+00 2.706406988145549875e+01
4.710000000000219345e+00 2.645326276404134092e+01
4.730000000000218918e+00 2.715801285492573314e+01
4.750000000000218492e+00 2.736041863991657053e+01
4.770000000000218066e+00 2.750683168107746468e+01
4.790000000000217639e+00 2.791189691829901776e+01
4.810000000000217213e+00 2.847095332662586031e+01
4.830000000000216787e+00 2.842313230876391472e+01
4.850000000000216360e+00 2.876399483233924670e+01
4.870000000000215934e+00 2.951209184380743977e+01
4.890000000000215508e+00 2.963874314227417628e+01
4.910000000000215081e+00 2.963324172288456992e+01
4.930000000000214655e+00 3.051253170336093490e+01
4.950000000000214229e+00 3.074096502253217622e+01
4.970000000000213802e+00 3.126586469144302782e+01
4.990000000000213376e+00 3.180179097132285193e+01
5.010000000000212950e+00 3.203701120087027476e+01
5.030000000000212523e+00 3.217337157567799011e+01
5.050000000000212097e+00 3.293064316788513679e+01
5.070000000000211671e+00 3.343876814408378806e+01
5.090000000000211244e+00 3.349071493828840573e+01
5.110000000000210818e+00 3.414318546421652911e+01
5.130000000000210392e+00 3.488186829614025442e+01
5.150000000000209965e+00 3.471192737649085558e+01
5.170000000000209539e+00 3.581536917021822575e+01
5.190000000000209113e+00 3.565146432349273908e+01
5.210000000000208686e+00 3.658467139075322905e+01
5.230000000000208260e+00 3.678971785865501687e+01
5.250000000000207834e+00 3.718263495102378613e+01
5.270000000000207407e+00 3.787651371208706053e+01
5.290000000000206981e+00 3.819720492670455059e+01
5.310000000000206555e+00 3.845762021907572858e+01
5.330000000000206128e+00 3.914979896893819244e+01
5.350000000000205702e+00 3.960010959757819649e+01
5.370000000000205276e+00 3.980611176631431647e+01
5.390000000000204849e+00 4.007330100029927422e+01
5.410000000000204423e+00 4.126782317641411879e+01
5.430000000000203997e+00 4.097784140515162221e+01
5.450000000000203570e+00 4.160920012081191999e+01
5.470000000000203144e+00 4.196013503940325506e+01
5.490000000000202718e+00 4.238258149879012393e+01
5.510000000000202292e+00 4.280862550056614424e+01
5.530000000000201865e+00 4.319313882179656616e+01
5.550000000000201439e+00 4.308044014663839505e+01
5.570000000000201013e+00 4.396732784701214314e+01
5.590000000000200586e+00 4.396237088522664038e+01
5.610000000000200160e+00 4.455712506948815843e+01
5.630000000000199734e+00 4.455140316616212459e+01
5.650000000000199307e+00 4.513957902072264972e+01
5.670000000000198881e+00 4.519959478358066463e+01
5.690000000000198455e+00 4.515488218871103498e+01
5.710000000000198028e+00 4.572166799587270702e+01
5.730000000000197602e+00 4.594155477882392802e+01
5.750000000000197176e+00 4.647109365676725190e+01
5.770000000000196749e+00 4.660520389568268484e+01
5.790000000000196323e+00 4.666838825434530236e+01
5.810000000000195897e+00 4.699616400489188806e+01
5.830000000000195470e+00 4.698191441560101111e+01
5.850000000000195044e+00 4.727861545375757402e+01
5.870000000000194618e+00 4.716037846220512364e+01
5.890000000000194191e+00 4.748411360037234630e+01
5.910000000000193765e+00 4.686236464110842093e+01
5.930000000000193339e+00 4.703407154355657127e+01
5.950000000000192912e+00 4.687812408731892333e+01
5.970000000000192486e+00 4.632707870913672110e+01
5.990000000000192060e+00 4.650182289094341570e+01
6.010000000000191633e+00 4.688446895741445530e+01
6.030000000000191207e+00 4.599978509132455429e+01
6.050000000000190781e+00 4.584203970271401829e+01
6.070000000000190354e+00 4.573621936456714110e+01
6.090000000000189928e+00 4.570133261877537478e+01
6.110000000000189502e+00 4.549444147782725167e+01
6.130000000000189075e+00 4.527838604522737853e+01
6.150000000000188649e+00 4.472106904840297403e+01
6.170000000000188223e+00 4.485184585565711046e+01
6.190000000000187796e+00 4.440919114961455705e+01
6.210000000000187370e+00 4.406336498826604497e+01
6.230000000000186944e+00 4.376104493095699155e+01
6.250000000000186517e+00 4.320271086905013647e+01
6.270000000000186091e+00 4.352625106203860383e+01
6.290000000000185665e+00 4.315916701945618428e+01
6.310000000000185238e+00 4.254534248534641705e+01
6.330000000000184812e+00 4.188316004959894912e+01
6.350000000000184386e+00 4.186201341435845791e+01
6.370000000000183960e+00 4.191320837622244255e+01
6.390000000000183533e+00 4.109216814378862637e+01
6.410000000000183107e+00 4.110573687825161926e+01
6.430000000000182681e+00 4.031244699457254654e+01
6.450000000000182254e+00 4.007418510505473819e+01
6.470000000000181828e+00 3.974560803205553583e+01
6.490000000000181402e+00 3.923930115283341991e+01
6.510000000000180975e+00 3.863501464218901305e+01
6.530000000000180549e+00 3.813639761987246146e+01
6.550000000000180123e+00 3.796068894310366204e+01
6.570000000000179696e+00 3.781660251192258215e+01
6.590000000000179270e+00 3.678889878281973580e+01
6.610000000000178844e+00 3.675326443133749166e+01
6.630000000000178417e+00 3.591392587722989305e+01
6.650000000000177991e+00 3.584233907786464357e+01
6.670000000000177565e+00 3.547750625383987000e+01
6.690000000000177138e+00 3.431066901169263161e+01
6.710000000000176712e+00 3.431033144223037823e+01
6.730000000000176286e+00 3.407407838728669702e+01
6.750000000000175859e+00 3.350097059633259278e+01
6.770000000000175433e+00 3.306703503597323390e+01
6.790000000000175007e+00 3.241059567746762582e+01
6.810000000000174580e+00 3.163401895958443077e+01
6.830000000000174154e+00 3.120319354540792745e+01
6.850000000000173728e+00 3.092933389653269316e+01
6.870000000000173301e+00 3.038544356159325588e+01
6.890000000000172875e+00 2.965872410479788357e+01
6.910000000000172449e+00 2.937330206422658918e+01
6.930000000000172022e+00 2.911569966652925956e+01
6.950000000000171596e+00 2.851577936185998396e+01
6.970000000000171170e+00 2.801911419798480551e+01
6.990000000000170743e+00 2.714994514284700600e+01
7.010000000000170317e+00 2.696158909721994590e+01
7.030000000000169891e+00 2.687144128086607964e+01
7.050000000000169464e+00 2.635786203354392399e+01
7.070000000000169038e+00 2.554404525832247330e+01
7.090000000000168612e+00 2.528652850218214354e+01
7.110000000000168185e+00 2.502990239833423303e+01
7.130000000000167759e+00 2.436125874024233440e+01
7.150000000000167333e+00 2.412415323071362749e+01
7.170000000000166906e+00 2.363401932203652223e+01
7.190000000000166480e+00 2.314693618658660057e+01
7.210000000000166054e+00 2.283973146265377707e+01
7.230000000000165628e+00 2.284331306044678556e+01
7.250000000000165201e+00 2.198688999498977026e+01
7.270000000000164775e+00 2.186062185158357352e+01
7.290000000000164349e+00 2.122444113708906599e+01
7.310000000000163922e+00 2.137877745420023246e+01
7.330000000000163496e+00 2.091780026869390596e+01
7.350000000000163070e+00 2.034627660615444711e+01
7.370000000000162643e+00 2.021170171920686087e+01
7.390000000000162217e+00 1.967428561891971484e+01
7.410000000000161791e+00 1.967215548081334120e+01
7.430000000000161364e+00 1.892629817815006632e+01
7.450000000000160938e+00 1.908247286064504067e+01
7.470000000000160512e+00 1.881719151516966448e+01
7.490000000000160085e+00 1.878753207830641614e+01
7.510000000000159659e+00 1.815282033219420299e+01
7.530000000000159233e+00 1.776706888156099495e+01
7.550000000000158806e+00 1.777724041342633754e+01
7.570000000000158380e+00 1.747659299462665672e+01
7.590000000000157954e+00 1.733367182042190535e+01
7.610000000000157527e+00 1.699939309015262978e+01
7.630000000000157101e+00 1.683268033794931995e+01
7.650000000000156675e+00 1.641381267418553236e+01
7.670000000000156248e+00 1.635960135684354810e+01
7.690000000000155822e+00 1.600680181285090953e+01
7.710000000000155396e+00 1.603712250702274389e+01
7.730000000000154969e+00 1.561581581274367281e+01
7.750000000000154543e+00 1.555300931388831742e+01
7.770000000000154117e+00 1.520920898994951109e+01
7.790000000000153690e+00 1.512400371619622241e+01
7.810000000000153264e+00 1.494089517656486876e+01
7.830000000000152838e+00 1.500824986595101507e+01
7.850000000000152411e+00 1.465836785875966974e+01
7.870000000000151985e+00 1.431342123388767540e+01
7.890000000000151559e+00 1.420013741484842740e+01
7.910000000000151132e+00 1.415606391579824930e+01
7.930000000000150706e+00 1.415431193391109410e+01
7.950000000000150280e+00 1.381937347281493977e+01
7.970000000000149853e+00 1.366409952280728213e+01
7.990000000000149427e+00 1.355008442875609376e+01
8.010000000000149001e+00 1.335523529407134902e+01
8.030000000000148574e+00 1.326690484795292413e+01
8.050000000000148148e+00 1.307528616716970049e+01
8.070000000000147722e+00 1.286319729784453614e+01
8.090000000000147296e+00 1.294161388902614007e+01
8.110000000000146869e+00 1.280339993320808567e+01
8.130000000000146443e+00 1.237718273732658325e+01
8.150000000000146017e+00 1.261048745080679012e+01
8.170000000000145590e+00 1.238264134487308610e+01
8.190000000000145164e+00 1.219461112355273436e+01
8.210000000000144738e+00 1.210462668465888925e+01
8.230000000000144311e+00 1.190094666005443713e+01
8.250000000000143885e+00 1.179418369596007210e+01
8.270000000000143459e+00 1.178691509805908666e+01
8.290000000000143032e+00 1.151818454763353650e+01
8.310000000000142606e+00 1.151369656757470850e+01
8.330000000000142180e+00 1.144760395902527961e+01
8.350000000000141753e+00 1.136440250047388645e+01
8.370000000000141327e+00 1.100349445141915083e+01
8.390000000000140901e+00 1.116694117964359201e+01
8.410000000000140474e+00 1.092823297424419238e+01
8.430000000000140048e+00 1.071908443419997781e+01
8.450000000000139622e+00 1.061506182575217672e+01
8.470000000000139195e+00 1.045745354119274495e+01
8.490000000000138769e+00 1.036405240450221932e+01
8.510000000000138343e+00 1.027479842744784122e+01
8.530000000000137916e+00 1.023725183931182414e+01
8.550000000000137490e+00 1.007113549126841612e+01
8.570000000000137064e+00 9.866531459401318926e+00
8.590000000000136637e+00 9.774364484620445381e+00
8.610000000000136211e+00 9.662793162396200231e+00
8.630000000000135785e+00 9.433572125478038473e+00
8.650000000000135358e+00 9.349056643800967237e+00
8.670000000000134932e+00 9.329256766621542241e+00
8.690000000000134506e+00 9.129854202596458634e+00
8.710000000000134079e+00 9.156493553353262982e+00
8.730000000000133653e+00 8.892683580578591318e+00
8.750000000000133227e+00 8.797085971035865981e+00
8.770000000000132800e+00 8.761006851682420660e+00
8.790000000000132374e+00 8.588674386416125017e+00
8.810000000000131948e+00 8.659343748244920036e+00
8.830000000000131521e+00 8.400038211027036184e+00
8.850000000000131095e+00 8.321097376242065025e+00
8.870000000000130669e+00 8.143687291890763902e+00
8.890000000000130242e+00 8.091136322063963604e+00
8.910000000000129816e+00 8.008692472462408674e+00
8.930000000000129390e+00 7.827753305659580718e+00
8.950000000000128964e+00 7.834616732403834938e+00
8.970000000000128537e+00 7.734577103890901029e+00
8.990000000000128111e+00 7.543114900490858865e+00
9.010000000000127685e+00 7.446949959253829299e+00
9.030000000000127258e+00 7.336932239602195871e+00
9.050000000000126832e+00 7.377219561820950844e+00
9.070000000000126406e+00 7.163225684053928788e+00
9.090000000000125979e+00 7.030985545681312843e+00
9.110000000000125553e+00 7.051606816132945710e+00
9.130000000000125127e+00 6.932814375050950773e+00
9.150000000000124700e+00 6.747796811010130291e+00
9.170000000000124274e+00 6.708809393426642842e+00
9.190000000000123848e+00 6.692734279414973564e+00
9.210000000000123421e+00 6.536633928865800414e+00
9.230000000000122995e+00 6.491379215698173333e+00
9.250000000000122569e+00 6.461553475960637449e+00
9.270000000000122142e+00 6.336834761386745285e+00
9.290000000000121716e+00 6.240951373097899157e+00
9.310000000000121290e+00 6.131992050495375324e+00
9.330000000000120863e+00 6.078492925544495940e+00
9.350000000000120437e+00 5.981340348905922255e+00
9.370000000000120011e+00 5.970557591011863785e+00
9.390000000000119584e+00 5.830511024316425761e+00
9.410000000000119158e+00 5.845890080126498134e+00
9.430000000000118732e+00 5.743501402080951834e+00
9.450000000000118305e+00 5.717419473029103472e+00
9.470000000000117879e+00 5.568077010309814945e+00
9.490000000000117453e+00 5.587690645709139758e+00
9.510000000000117026e+00 5.502889327121645024e+00
9.530000000000116600e+00 5.384946561827614886e+00
9.550000000000116174e+00 5.325023124491981896e+00
9.570000000000115747e+00 5.341752464375939979e+00
9.590000000000115321e+00 5.225255215417154986e+00
9.610000000000114895e+00 5.240132230436072014e+00
9.630000000000114468e+00 5.125156814382656023e+00
9.650000000000114042e+00 5.120999682020273447e+00
9.670000000000113616e+00 5.034636764175735024e+00
9.690000000000113189e+00 5.002999675524623768e+00
9.710000000000112763e+00 4.882829516307118922e+00
9.730000000000112337e+00 4.877666659186407294e+00
9.750000000000111910e+00 4.731318625255967802e+00
9.770000000000111484e+00 4.810317285160983225e+00
9.790000000000111058e+00 4.682945329556148728e+00
9.810000000000110632e+00 4.704501103570383869e+00
9.830000000000110205e+00 4.652853581498507474e+00
9.850000000000109779e+00 4.614215122859537388e+00
9.870000000000109353e+00 4.521655754989380327e+00
9.890000000000108926e+00 4.504983752885206805e+00
9.910000000000108500e+00 4.504797805666497901e+00
9.930000000000108074e+00 4.443587849082645924e+00
9.950000000000107647e+00 4.473995907923462134e+00
9.970000000000107221e+00 4.390833201769702043e+00
9.990000000000106795e+00 4.370908149972945189e+00
1.001000000000010637e+01 4.338445310203196570e+00
1.003000000000010594e+01 4.373823684476710660e+00
1.005000000000010552e+01 4.252213293857725063e+00
1.007000000000010509e+01 4.275578154031881795e+00
1.009000000000010466e+01 4.286266121186487865e+00
1.011000000000010424e+01 4.244979953444049769e+00
1.013000000000010381e+01 4.208710612229386250e+00
1.015000000000010338e+01 4.220930111566534748e+00
1.017000000000010296e+01 4.192162537937775824e+00
1.019000000000010253e+01 4.107322603753821078e+00
1.021000000000010210e+01 4.140671289679874967e+00
1.023000000000010168e+01 4.154384530375141438e+00
1.025000000000010125e+01 4.106989230506898458e+00
1.027000000000010083e+01 4.165494562754624930e+00
1.029000000000010040e+01 4.088317941334542738e+00
1.031000000000009997e+01 4.114405086155699998e+00
1.033000000000009955e+01 4.026710329767948515e+00
1.035000000000009912e+01 4.096865286350330315e+00
1.037000000000009869e+01 4.056624902473828342e+00
1.039000000000009827e+01 4.034878991187142105e+00
1.041000000000009784e+01 4.042476672271932969e+00
1.043000000000009742e+01 4.019306036465164489e+00
1.045000000000009699e+01 3.977050323410349808e+00
1.047000000000009656e+01 3.990227873476081655e+00
1.049000000000009614e+01 4.124780383172176101e+00
1.051000000000009571e+01 4.001503690689665049e+00
1.053000000000009528e+01 3.952740370517451307e+00
1.055000000000009486e+01 3.950397751521327550e+00
1.057000000000009443e+01 3.874851086922717514e+00
1.059000000000009400e+01 3.968744181482748878e+00
1.061000000000009358e+01 3.921149113548425547e+00
1.063000000000009315e+01 3.868601496636629111e+00
1.065000000000009273e+01 3.863085013916520705e+00
1.067000000000009230e+01 3.859516545717071256e+00
1.069000000000009187e+01 3.845339780373453920e+00
1.071000000000009145e+01 3.806721989408581308e+00
1.073000000000009102e+01 3.793461315403159784e+00
1.075000000000009059e+01 3.710714228746324839e+00
1.077000000000009017e+01 3.796713072012775303e+00
1.079000000000008974e+01 3.711668625875001570e+00
1.081000000000008932e+01 3.658406774905258452e+00
1.083000000000008889e+01 3.685434938997296683e+00
1.085000000000008846e+01 3.592162165148431896e+00
1.087000000000008804e+01 3.680224921749356337e+00
1.089000000000008761e+01 3.553173984778492223e+00
1.091000000000008718e+01 3.542142558236817340e+00
1.093000000000008676e+01 3.541433112418941320e+00
1.095000000000008633e+01 3.484661690635089570e+00
1.097000000000008590e+01 3.470706324244719365e+00
1.099000000000008548e+01 3.411055650007341011e+00
1.101000000000008505e+01 3.401043181293661899e+00
1.103000000000008463e+01 3.413775968929234850e+00
1.105000000000008420e+01 3.293705574022981697e+00
1.107000000000008377e+01 3.281859765416437646e+00
1.109000000000008335e+01 3.264156868263519140e+00
1.111000000000008292e+01 3.178574441178740440e+00
1.113000000000008249e+01 3.149826491333506784e+00
1.115000000000008207e+01 3.127313360573865442e+00
1.117000000000008164e+01 3.127752037562971488e+00
1.119000000000008122e+01 3.053863831835921250e+00
1.121000000000008079e+01 2.960365631917912133e+00
1.123000000000008036e+01 2.954614100925865294e+00
1.125000000000007994e+01 2.921720918385709354e+00
1.127000000000007951e+01 2.862748125083149908e+00
1.129000000000007908e+01 2.840759056406791050e+00
1.131000000000007866e+01 2.788620375025280040e+00
1.133000000000007823e+01 2.783926386758769134e+00
1.135000000000007780e+01 2.737847062515022856e+00
1.137000000000007738e+01 2.646393173389245401e+00
1.139000000000007695e+01 2.652812997094044611e+00
1.141000000000007653e+01 2.641907717324960103e+00
1.143000000000007610e+01 2.540899112557351014e+00
1.145000000000007567e+01 2.501043086884799482e+00
1.147000000000007525e+01 2.491624480546258180e+00
1.149000000000007482e+01 2.399240962712656522e+00
1.151000000000007439e+01 2.419230595387168226e+00
1.153000000000007397e+01 2.379781339636205750e+00
1.155000000000007354e+01 2.313783161142754174e+00
1.157000000000007311e+01 2.301092511873756852e+00
1.159000000000007269e+01 2.212606137852633825e+00
1.161000000000007226e+01 2.222813707635681091e+00
1.163000000000007184e+01 2.187275259973335384e+00
1.165000000000007141e+01 2.129741234171238951e+00
1.167000000000007098e+01 2.101337090893074855e+00
1.169000000000007056e+01 2.116032302030387946e+00
1.171000000000007013e+01 2.065607029295766672e+00
1.173000000000006970e+01 2.021039775906992464e+00
1.175000000000006928e+01 1.995138201121382737e+00
1.177000000000006885e+01 1.980945496976051601e+00
1.179000000000006843e+01 1.949239096015487060e+00
1.181000000000006800e+01 1.888397701788062877e+00
1.183000000000006757e+01 1.884924983157624245e+00
1.185000000000006715e+01 1.883759888993995268e+00
1.187000000000006672e+01 1.855571960341274806e+00
1.189000000000006629e+01 1.812466776961080717e+00
1.191000000000006587e+01 1.787964388522132353e+00
1.193000000000006544e+01 1.764513633505342405e+00
1.195000000000006501e+01 1.714980681801028251e+00
1.197000000000006459e+01 1.729091512343879034e+00
1.199000000000006416e+01 1.719591891781087289e+00
1.201000000000006374e+01 1.688282117225450962e+00
1.203000000000006331e+01 1.711606028516662326e+00
1.205000000000006288e+01 1.653372469850295845e+00
1.207000000000006246e+01 1.632646632308822232e+00
1.209000000000006203e+01 1.620292288224968846e+00
1.211000000000006160e+01 1.613428742822353490e+00
1.213000000000006118e+01 1.585762405705394729e+00
1.215000000000006075e+01 1.567095753398605851e+00
1.217000000000006033e+01 1.595262163493389007e+00
1.219000000000005990e+01 1.570396633463941649e+00
1.221000000000005947e+01 1.511466036661597512e+00
1.223000000000005905e+01 1.515445967471649391e+00
1.225000000000005862e+01 1.494824800486237226e+00
1.227000000000005819e+01 1.450558356900509827e+00
1.229000000000005777e+01 1.448441062578328831e+00
1.231000000000005734e+01 1.454164729395865718e+00
1.233000000000005691e+01 1.434602078654259705e+00
1.235000000000005649e+01 1.409952490188674190e+00
1.237000000000005606e+01 1.419946822697342848e+00
1.239000000000005564e+01 1.367851431434582210e+00
1.241000000000005521e+01 1.386519405675672223e+00
1.243000000000005478e+01 1.385695779079316958e+00
1.245000000000005436e+01 1.374533045901784156e+00
1.247000000000005393e+01 1.322955031432959672e+00
1.249000000000005350e+01 1.339601769675206056e+00
1.251000000000005308e+01 1.312914218534417365e+00
1.253000000000005265e+01 1.325693100273656055e+00
1.255000000000005222e+01 1.251988523056162483e+00
1.257000000000005180e+01 1.290805245065090201e+00
1.259000000000005137e+01 1.267134009959836938e+00
1.261000000000005095e+01 1.233594038781657298e+00
1.263000000000005052e+01 1.232382888518060549e+00
1.265000000000005009e+01 1.209086171608853233e+00
1.267000000000004967e+01 1.233325618544758306e+00
1.269000000000004924e+01 1.217138357402799631e+00
1.271000000000004881e+01 1.173489163628779197e+00
1.273000000000004839e+01 1.166457560398941107e+00
1.275000000000004796e+01 1.190489797429773011e+00
1.277000000000004754e+01 1.159996936842128346e+00
1.279000000000004711e+01 1.140347529600880705e+00
1.281000000000004668e+01 1.151521804795015980e+00
1.283000000000004626e+01 1.123446426140158438e+00
1.285000000000004583e+01 1.106384281719877682e+00
1.287000000000004540e+01 1.096331479756018412e+00
1.289000000000004498e+01 1.090338862809180354e+00
1.291000000000004455e+01 1.080093037607688933e+00
1.293000000000004412e+01 1.087483785875142939e+00
1.295000000000004370e+01 1.052212367788527780e+00
1.297000000000004327e+01 1.079204016514237807e+00
1.299000000000004285e+01 1.033101852413462529e+00
1.301000000000004242e+01 1.034282914632739470e+00
1.303000000000004199e+01 1.054263491281181020e+00
1.305000000000004157e+01 1.040226286777612641e+00
1.307000000000004114e+01 1.013039415980317326e+00
1.309000000000004071e+01 1.003819726771488119e+00
1.311000000000004029e+01 9.644655615963517725e-01
1.313000000000003986e+01 1.016500064801289183e+00
1.315000000000003944e+01 9.990791219185497507e-01
1.317000000000003901e+01 9.671066195390093378e-01
1.319000000000003858e+01 9.614780123318995564e-01
1.321000000000003816e+01 9.689816505462107710e-01
1.323000000000003773e+01 9.356879344431452417e-01
1.325000000000003730e+01 9.149572227168434324e-01
1.327000000000003688e+01 8.911508075246812322e-01
1.329000000000003645e+01 9.127022214554658675e-01
1.331000000000003602e+01 9.003110737361649241e-01
1.333000000000003560e+01 9.064454173656862901e-01
1.335000000000003517e+01 8.980536213635427201e-01
1.337000000000003475e+01 8.713232082643062038e-01
1.339000000000003432e+01 8.563087513554537011e-01
1.341000000000003389e+01 8.529979558705718112e-01
1.343000000000003347e+01 8.291546525386651600e-01
1.345000000000003304e+01 8.444671427558325671e-01
1.347000000000003261e+01 8.332182431256037747e-01
1.349000000000003219e+01 8.521490441059608179e-01
1.351000000000003176e+01 7.849941756181006980e-01
1.353000000000003133e+01 7.853985226929202090e-01
1.355000000000003091e+01 7.484945466324124386e-01
1.357000000000003048e+01 7.484074347984072118e-01
1.359000000000003006e+01 7.481492235018813997e-01
1.361000000000002963e+01 7.599777138438086332e-01
1.363000000000002920e+01 7.309739413190056156e-01
1.365000000000002878e+01 7.152093586475389841e-01
1.367000000000002835e+01 7.194794395548836929e-01
1.369000000000002792e+01 7.172853907417739983e-01
1.371000000000002750e+01 7.043663143693155160e-01
1.373000000000002707e+01 7.032994852567140409e-01
1.375000000000002665e+01 6.981446411178126032e-01
1.377000000000002622e+01 6.854383122738666456e-01
1.379000000000002579e+01 6.814517840197198417e-01
1.381000000000002537e+01 6.480063228786603347e-01
1.383000000000002494e+01 6.293612403908710462e-01
1.385000000000002451e+01 6.384475090414685194e-01
1.387000000000002409e+01 6.495822361588706739e-01
1.389000000000002366e+01 6.241072720018256970e-01
1.391000000000002323e+01 6.267793204121561157e-01
1.393000000000002281e+01 6.186911672505174264e-01
1.395000000000002238e+01 5.856579837331374883e-01
1.397000000000002196e+01 5.771083018847336099e-01
1.399000000000002153e+01 5.812551487300799957e-01
1.401000000000002110e+01 5.525475140176120403e-01
1.403000000000002068e+01 5.807555294002451074e-01
1.405000000000002025e+01 5.761933533784032724e-01
1.407000000000001982e+01 5.685651578195124456e-01
1.409000000000001940e+01 5.569491536194115522e-01
1.411000000000001897e+01 5.358642939088235080e-01
1.413000000000001855e+01 5.452961030320329083e-01
1.415000000000001812e+01 5.253899888345041624e-01
1.417000000000001769e+01 5.127393243113865795e-01
1.419000000000001727e+01 4.996761224693196946e-01
1.421000000000001684e+01 4.922310868979365983e-01
1.423000000000001641e+01 4.852758354596799495e-01
1.425000000000001599e+01 4.641301976740103141e-01
1.427000000000001556e+01 4.708050384942175648e-01
1.429000000000001513e+01 4.517414727169283828e-01
1.431000000000001471e+01 4.396615607399356751e-01
1.433000000000001428e+01 4.550680682914213793e-01
1.435000000000001386e+01 4.247744287051452572e-01
1.437000000000001343e+01 4.183924580733962562e-01
1.439000000000001300e+01 3.937296872603627262e-01
1.441000000000001258e+01 3.787984752743062122e-01
1.443000000000001215e+01 3.554497302425124738e-01
1.445000000000001172e+01 3.297563399707230669e-01
1.447000000000001130e+01 3.231106220205521296e-01
1.449000000000001087e+01 3.195910546698778054e-01
1.451000000000001044e+01 2.828399449051907655e-01
1.453000000000001002e+01 2.543332003981056411e-01
1.455000000000000959e+01 1.773661751997356317e-01
1.457000000000000917e+01 1.306627174216258569e-01
1.459000000000000874e+01 9.724628266742946225e-02
1.461000000000000831e+01 8.320700054297718029e-02
1.463000000000000789e+01 6.367524569334236106e-02
1.465000000000000746e+01 2.498582980772835055e-02
1.467000000000000703e+01 1.111427695091078520e-02
1.469000000000000661e+01 2.782116529383957086e-03
1.471000000000000618e+01 0.000000000000000000e+00
1.473000000000000576e+01 0.000000000000000000e+00
1.475000000000000533e+01 0.000000000000000000e+00
1.477000000000000490e+01 0.000000000000000000e+00
1.479000000000000448e+01 0.000000000000000000e+00
1.481000000000000405e+01 0.000000000000000000e+00
1.483000000000000362e+01 0.000000000000000000e+00
1.485000000000000320e+01 0.000000000000000000e+00
1.487000000000000277e+01 0.000000000000000000e+00
1.489000000000000234e+01 0.000000000000000000e+00
1.491000000000000192e+01 0.000000000000000000e+00
1.493000000000000149e+01 0.000000000000000000e+00
1.495000000000000107e+01 0.000000000000000000e+00
1.497000000000000064e+01 0.000000000000000000e+00
1.499000000000000021e+01 0.000000000000000000e+00
