# Redshift		Merger Rate Density [Gpc^-3yr^-1]
1.000000000031931770e-02 1.288790551085679148e+01
3.000000000031888964e-02 1.285518989829088099e+01
5.000000000031846331e-02 1.321805170755826353e+01
7.000000000031804392e-02 1.326977048904844914e+01
9.000000000031761760e-02 1.340111099409199724e+01
1.100000000003171913e-01 1.386257642583755434e+01
1.300000000003167511e-01 1.420343972606557514e+01
1.500000000003163247e-01 1.464921295870868079e+01
1.700000000003158984e-01 1.459599706894193005e+01
1.900000000003154721e-01 1.507572528810127466e+01
2.100000000003150458e-01 1.491736054603485506e+01
2.300000000003146194e-01 1.540307399277328315e+01
2.500000000003141931e-01 1.579872765525265521e+01
2.700000000003137668e-01 1.651090698479042729e+01
2.900000000003133405e-01 1.728883063565721656e+01
3.100000000003129141e-01 1.747160798331638176e+01
3.300000000003124878e-01 1.808132180863255556e+01
3.500000000003120615e-01 1.814445895603015657e+01
3.700000000003116352e-01 1.896243804353848006e+01
3.900000000003112088e-01 1.885100251615790512e+01
4.100000000003107825e-01 1.907265258010747999e+01
4.300000000003103562e-01 1.946519081171496168e+01
4.500000000003099299e-01 1.964843023500297292e+01
4.700000000003095035e-01 2.020883742618701007e+01
4.900000000003090772e-01 2.040116570723511558e+01
5.100000000003086509e-01 2.067476782436454386e+01
5.300000000003082246e-01 2.115175284935153854e+01
5.500000000003077982e-01 2.143870755313773557e+01
5.700000000003073719e-01 2.147983618029239494e+01
5.900000000003069456e-01 2.212202930300339077e+01
6.100000000003065193e-01 2.164121482137180408e+01
6.300000000003060929e-01 2.249199410381705988e+01
6.500000000003056666e-01 2.288334847336759736e+01
6.700000000003052403e-01 2.252158957361221781e+01
6.900000000003048140e-01 2.333892863185982591e+01
7.100000000003043876e-01 2.341603691143985344e+01
7.300000000003039613e-01 2.350721807790252171e+01
7.500000000003035350e-01 2.378055099191974264e+01
7.700000000003031086e-01 2.413818920544428082e+01
7.900000000003026823e-01 2.429166976010326451e+01
8.100000000003022560e-01 2.454900946853696198e+01
8.300000000003018297e-01 2.499757370783827781e+01
8.500000000003014033e-01 2.533243074469993417e+01
8.700000000003009770e-01 2.560666057050383770e+01
8.900000000003005507e-01 2.529719233262337852e+01
9.100000000003001244e-01 2.629101009050419435e+01
9.300000000002996980e-01 2.556970555590475414e+01
9.500000000002992717e-01 2.670273121156637330e+01
9.700000000002988454e-01 2.624571895760054119e+01
9.900000000002984191e-01 2.658132190693734387e+01
1.010000000000297993e+00 2.635844477615279757e+01
1.030000000000297566e+00 2.730819680380141534e+01
1.050000000000297140e+00 2.687415831066471483e+01
1.070000000000296714e+00 2.710832212699114763e+01
1.090000000000296287e+00 2.742016859496812486e+01
1.110000000000295861e+00 2.743502236258100879e+01
1.130000000000295435e+00 2.803231001685055546e+01
1.150000000000295008e+00 2.767157323920169176e+01
1.170000000000294582e+00 2.847902603886942074e+01
1.190000000000294156e+00 2.808089591832058218e+01
1.210000000000293729e+00 2.819697861218208601e+01
1.230000000000293303e+00 2.900158573929790506e+01
1.250000000000292877e+00 2.847297574684661114e+01
1.270000000000292451e+00 2.921703081871457996e+01
1.290000000000292024e+00 2.869996355412866151e+01
1.310000000000291598e+00 2.886324855842978110e+01
1.330000000000291172e+00 2.981457924761838996e+01
1.350000000000290745e+00 2.970461522153580702e+01
1.370000000000290319e+00 2.933342675821847223e+01
1.390000000000289893e+00 2.974562833260463535e+01
1.410000000000289466e+00 3.002842042765026420e+01
1.430000000000289040e+00 2.988605815630535290e+01
1.450000000000288614e+00 2.988129532291452151e+01
1.470000000000288187e+00 3.043997347140162901e+01
1.490000000000287761e+00 3.006015135196044596e+01
1.510000000000287335e+00 3.010843819322037263e+01
1.530000000000286908e+00 3.082749652821414799e+01
1.550000000000286482e+00 3.067411586593999573e+01
1.570000000000286056e+00 3.058177036128917337e+01
1.590000000000285629e+00 3.028190102429638486e+01
1.610000000000285203e+00 3.073546749211416795e+01
1.630000000000284777e+00 3.100061789144352176e+01
1.650000000000284350e+00 3.045523134184097813e+01
1.670000000000283924e+00 3.129366086967126392e+01
1.690000000000283498e+00 3.079170386473095533e+01
1.710000000000283071e+00 3.075006789404118379e+01
1.730000000000282645e+00 3.111744398056629990e+01
1.750000000000282219e+00 3.113283302609318781e+01
1.770000000000281792e+00 3.172604998718438196e+01
1.790000000000281366e+00 3.131712413492469338e+01
1.810000000000280940e+00 3.120175639183802829e+01
1.830000000000280513e+00 3.173133253247493357e+01
1.850000000000280087e+00 3.218844304402927747e+01
1.870000000000279661e+00 3.123869268313059777e+01
1.890000000000279234e+00 3.191689546219590667e+01
1.910000000000278808e+00 3.229705492543310186e+01
1.930000000000278382e+00 3.130267607870599278e+01
1.950000000000277955e+00 3.192528378697621605e+01
1.970000000000277529e+00 3.211019503214899373e+01
1.990000000000277103e+00 3.196432522681042343e+01
2.010000000000276899e+00 3.216008994035723845e+01
2.030000000000276472e+00 3.212627667779761254e+01
2.050000000000276046e+00 3.234807888784021657e+01
2.070000000000275620e+00 3.208008944952448616e+01
2.090000000000275193e+00 3.157452743679429830e+01
2.110000000000274767e+00 3.206186306266901909e+01
2.130000000000274341e+00 3.185129866651394792e+01
2.150000000000273914e+00 3.222009002728270843e+01
2.170000000000273488e+00 3.203750915015719158e+01
2.190000000000273062e+00 3.165350968384846198e+01
2.210000000000272635e+00 3.156505088614106214e+01
2.230000000000272209e+00 3.202856150447949801e+01
2.250000000000271783e+00 3.076457042371860950e+01
2.270000000000271356e+00 3.187056308312372011e+01
2.290000000000270930e+00 3.170554378642304982e+01
2.310000000000270504e+00 3.123189761293942723e+01
2.330000000000270077e+00 3.113618644627053911e+01
2.350000000000269651e+00 3.128958399328090678e+01
2.370000000000269225e+00 3.095015182336896586e+01
2.390000000000268798e+00 3.127396732752666253e+01
2.410000000000268372e+00 3.082405701748453453e+01
2.430000000000267946e+00 3.057686307059345054e+01
2.450000000000267519e+00 3.067904546781194597e+01
2.470000000000267093e+00 3.065833458141713663e+01
2.490000000000266667e+00 3.086224350919525605e+01
2.510000000000266240e+00 3.008090992121142548e+01
2.530000000000265814e+00 3.010767028915625687e+01
2.550000000000265388e+00 3.042668317138040734e+01
2.570000000000264961e+00 3.025039760518188103e+01
2.590000000000264535e+00 2.998031858259752269e+01
2.610000000000264109e+00 2.998112248451025863e+01
2.630000000000263682e+00 2.971990728346131050e+01
2.650000000000263256e+00 2.923721946383894021e+01
2.670000000000262830e+00 2.986484969097482889e+01
2.690000000000262403e+00 2.945858103154581542e+01
2.710000000000261977e+00 2.925552180603683539e+01
2.730000000000261551e+00 2.940997694970964105e+01
2.750000000000261124e+00 2.877190036412957497e+01
2.770000000000260698e+00 2.954733887904783884e+01
2.790000000000260272e+00 2.863509159404975790e+01
2.810000000000259845e+00 2.901091359633496936e+01
2.830000000000259419e+00 2.888954612260071642e+01
2.850000000000258993e+00 2.866512376821899721e+01
2.870000000000258567e+00 2.881427364691803561e+01
2.890000000000258140e+00 2.879857066470686178e+01
2.910000000000257714e+00 2.847200405413840940e+01
2.930000000000257288e+00 2.828168817435658866e+01
2.950000000000256861e+00 2.832164417608652585e+01
2.970000000000256435e+00 2.863388745973862370e+01
2.990000000000256009e+00 2.836867054211526451e+01
3.010000000000255582e+00 2.860828539027415474e+01
3.030000000000255156e+00 2.820973606288582047e+01
3.050000000000254730e+00 2.866775114481472997e+01
3.070000000000254303e+00 2.849208298922097526e+01
3.090000000000253877e+00 2.791121665742317148e+01
3.110000000000253451e+00 2.828335507857149622e+01
3.130000000000253024e+00 2.825513722451592713e+01
3.150000000000252598e+00 2.854156142976126276e+01
3.170000000000252172e+00 2.802364038868238794e+01
3.190000000000251745e+00 2.850889506844320920e+01
3.210000000000251319e+00 2.792468384305995954e+01
3.230000000000250893e+00 2.848289701807168939e+01
3.250000000000250466e+00 2.842764814261562734e+01
3.270000000000250040e+00 2.845059926828796648e+01
3.290000000000249614e+00 2.842899884358703488e+01
3.310000000000249187e+00 2.827816121571330044e+01
3.330000000000248761e+00 2.844597366603253263e+01
3.350000000000248335e+00 2.873703557105064377e+01
3.370000000000247908e+00 2.859408639073784641e+01
3.390000000000247482e+00 2.828647687704835079e+01
3.410000000000247056e+00 2.820165116246364079e+01
3.430000000000246629e+00 2.838755239366120975e+01
3.450000000000246203e+00 2.858636678028076616e+01
3.470000000000245777e+00 2.878549480294046603e+01
3.490000000000245350e+00 2.927312730290568510e+01
3.510000000000244924e+00 2.836811327259153259e+01
3.530000000000244498e+00 2.832723184875891320e+01
3.550000000000244071e+00 2.863326978340487727e+01
3.570000000000243645e+00 2.876030770778606893e+01
3.590000000000243219e+00 2.882079439146258082e+01
3.610000000000242792e+00 2.891441780302432107e+01
3.630000000000242366e+00 2.890524167772263908e+01
3.650000000000241940e+00 2.870855717100777937e+01
3.670000000000241513e+00 2.872320831009683673e+01
3.690000000000241087e+00 2.875135576467262766e+01
3.710000000000240661e+00 2.867981398824652572e+01
3.730000000000240234e+00 2.904379970712522052e+01
3.750000000000239808e+00 2.890847569711055698e+01
3.770000000000239382e+00 2.845010661606633562e+01
3.790000000000238956e+00 2.889243975529648978e+01
3.810000000000238529e+00 2.877417845678306207e+01
3.830000000000238103e+00 2.868795105438210058e+01
3.850000000000237677e+00 2.859663241268424372e+01
3.870000000000237250e+00 2.890586817453882418e+01
3.890000000000236824e+00 2.884147640613978680e+01
3.910000000000236398e+00 2.874631157843721141e+01
3.930000000000235971e+00 2.901170800955027573e+01
3.950000000000235545e+00 2.860234315999788635e+01
3.970000000000235119e+00 2.869501169987197997e+01
3.990000000000234692e+00 2.871060231284289088e+01
4.010000000000234266e+00 2.852863932744926601e+01
4.030000000000233840e+00 2.914637016448416418e+01
4.050000000000233413e+00 2.838671335733926426e+01
4.070000000000232987e+00 2.857233020021197589e+01
4.090000000000232561e+00 2.872300954126929184e+01
4.110000000000232134e+00 2.879167781437212525e+01
4.130000000000231708e+00 2.843607325067534575e+01
4.150000000000231282e+00 2.843116344651246408e+01
4.170000000000230855e+00 2.879220351889446761e+01
4.190000000000230429e+00 2.852459460527717638e+01
4.210000000000230003e+00 2.826983884923757984e+01
4.230000000000229576e+00 2.876070891071234215e+01
4.250000000000229150e+00 2.843445400858033523e+01
4.270000000000228724e+00 2.825104369770389923e+01
4.290000000000228297e+00 2.828399146671773678e+01
4.310000000000227871e+00 2.839173408227378559e+01
4.330000000000227445e+00 2.833919649158924869e+01
4.350000000000227018e+00 2.815361070803442800e+01
4.370000000000226592e+00 2.817157736843727278e+01
4.390000000000226166e+00 2.826792406705833827e+01
4.410000000000225739e+00 2.809871948107182504e+01
4.430000000000225313e+00 2.825448988666358829e+01
4.450000000000224887e+00 2.783176406619538312e+01
4.470000000000224460e+00 2.812082479926695200e+01
4.490000000000224034e+00 2.774160847279457442e+01
4.510000000000223608e+00 2.795225962706637191e+01
4.530000000000223181e+00 2.806587563864356127e+01
4.550000000000222755e+00 2.765085147262500698e+01
4.570000000000222329e+00 2.770245002354513986e+01
4.590000000000221902e+00 2.756307166803980024e+01
4.610000000000221476e+00 2.747656277792987822e+01
4.630000000000221050e+00 2.751657021052429997e+01
4.650000000000220624e+00 2.740939570318611729e+01
4.670000000000220197e+00 2.758109257212730370e+01
4.690000000000219771e+00 2.702300568253597746e+01
4.710000000000219345e+00 2.721431882877786634e+01
4.730000000000218918e+00 2.730930568189596741e+01
4.750000000000218492e+00 2.711177673372299068e+01
4.770000000000218066e+00 2.713230041842404106e+01
4.790000000000217639e+00 2.714970757192550721e+01
4.810000000000217213e+00 2.701160485692810909e+01
4.830000000000216787e+00 2.659092761705700880e+01
4.850000000000216360e+00 2.683470065430159224e+01
4.870000000000215934e+00 2.649105233617981270e+01
4.890000000000215508e+00 2.664278065456162992e+01
4.910000000000215081e+00 2.659991035273955973e+01
4.930000000000214655e+00 2.644303123921898901e+01
4.950000000000214229e+00 2.672477471877241584e+01
4.970000000000213802e+00 2.624186751914052351e+01
4.990000000000213376e+00 2.602789444499004645e+01
5.010000000000212950e+00 2.625628500451827207e+01
5.030000000000212523e+00 2.623460603135649549e+01
5.050000000000212097e+00 2.605030649290587164e+01
5.070000000000211671e+00 2.595031462861447125e+01
5.090000000000211244e+00 2.563663744708956216e+01
5.110000000000210818e+00 2.588518177089879657e+01
5.130000000000210392e+00 2.589803596829494481e+01
5.150000000000209965e+00 2.535982116188752755e+01
5.170000000000209539e+00 2.557258853647749675e+01
5.190000000000209113e+00 2.541768967963646375e+01
5.210000000000208686e+00 2.526562231613771203e+01
5.230000000000208260e+00 2.525680043827669863e+01
5.250000000000207834e+00 2.518463670699899026e+01
5.270000000000207407e+00 2.502633673040416795e+01
5.290000000000206981e+00 2.511352134720447893e+01
5.310000000000206555e+00 2.481741064407340147e+01
5.330000000000206128e+00 2.460867934496122800e+01
5.350000000000205702e+00 2.498685485333871625e+01
5.370000000000205276e+00 2.467323643817022116e+01
5.390000000000204849e+00 2.455663344425890671e+01
5.410000000000204423e+00 2.417372340440374856e+01
5.430000000000203997e+00 2.440924879625840305e+01
5.450000000000203570e+00 2.415456537298961237e+01
5.470000000000203144e+00 2.438188686312232534e+01
5.490000000000202718e+00 2.442562945628018412e+01
5.510000000000202292e+00 2.362166894305494580e+01
5.530000000000201865e+00 2.418608887495168958e+01
5.550000000000201439e+00 2.391906111915884736e+01
5.570000000000201013e+00 2.360149994265293572e+01
5.590000000000200586e+00 2.333163424475270276e+01
5.610000000000200160e+00 2.361162156144732904e+01
5.630000000000199734e+00 2.366143003998678296e+01
5.650000000000199307e+00 2.336806820081488567e+01
5.670000000000198881e+00 2.327395946166674889e+01
5.690000000000198455e+00 2.311322064487264072e+01
5.710000000000198028e+00 2.301262381061268414e+01
5.730000000000197602e+00 2.305105293511266495e+01
5.750000000000197176e+00 2.293486960759388893e+01
5.770000000000196749e+00 2.294675259943815604e+01
5.790000000000196323e+00 2.280677972021048561e+01
5.810000000000195897e+00 2.260885295708330744e+01
5.830000000000195470e+00 2.241920767913512691e+01
5.850000000000195044e+00 2.235705017530791139e+01
5.870000000000194618e+00 2.258617104656976338e+01
5.890000000000194191e+00 2.253910093611030874e+01
5.910000000000193765e+00 2.230591179307131711e+01
5.930000000000193339e+00 2.204705663907775204e+01
5.950000000000192912e+00 2.197309001980956111e+01
5.970000000000192486e+00 2.208469563825678605e+01
5.990000000000192060e+00 2.210502041134996531e+01
6.010000000000191633e+00 2.187371702703579857e+01
6.030000000000191207e+00 2.170701500873254375e+01
6.050000000000190781e+00 2.158705828611857669e+01
6.070000000000190354e+00 2.177158292997076572e+01
6.090000000000189928e+00 2.154577714740692329e+01
6.110000000000189502e+00 2.183695127544855907e+01
6.130000000000189075e+00 2.139390217642267444e+01
6.150000000000188649e+00 2.150738733233641753e+01
6.170000000000188223e+00 2.128871821951160115e+01
6.190000000000187796e+00 2.111070917379182887e+01
6.210000000000187370e+00 2.128314345205376767e+01
6.230000000000186944e+00 2.110814354115453284e+01
6.250000000000186517e+00 2.108268637362035136e+01
6.270000000000186091e+00 2.126910915269736435e+01
6.290000000000185665e+00 2.055257423940448192e+01
6.310000000000185238e+00 2.121939943276635887e+01
6.330000000000184812e+00 2.067835612972609383e+01
6.350000000000184386e+00 2.078085164446021338e+01
6.370000000000183960e+00 2.061916812117121722e+01
6.390000000000183533e+00 2.079026065684616853e+01
6.410000000000183107e+00 2.055809720892465009e+01
6.430000000000182681e+00 2.058716853785850631e+01
6.450000000000182254e+00 2.045174473015869410e+01
6.470000000000181828e+00 2.038145428249475444e+01
6.490000000000181402e+00 2.062447656386425976e+01
6.510000000000180975e+00 2.037152846718768728e+01
6.530000000000180549e+00 2.001964272693375690e+01
6.550000000000180123e+00 2.018887128587075352e+01
6.570000000000179696e+00 2.004682892662476590e+01
6.590000000000179270e+00 2.025044333207693725e+01
6.610000000000178844e+00 2.005612927147128843e+01
6.630000000000178417e+00 2.009545728206321868e+01
6.650000000000177991e+00 1.982426202556417749e+01
6.670000000000177565e+00 1.964954660866137814e+01
6.690000000000177138e+00 1.979202607051593432e+01
6.710000000000176712e+00 1.976802922277251895e+01
6.730000000000176286e+00 1.985302102216706999e+01
6.750000000000175859e+00 1.966870769168942346e+01
6.770000000000175433e+00 1.961597145321478308e+01
6.790000000000175007e+00 1.953528527131870618e+01
6.810000000000174580e+00 1.932405158966014369e+01
6.830000000000174154e+00 1.942181714647264812e+01
6.850000000000173728e+00 1.937898746575502074e+01
6.870000000000173301e+00 1.932279870459183613e+01
6.890000000000172875e+00 1.929314919734023448e+01
6.910000000000172449e+00 1.914123099048991250e+01
6.930000000000172022e+00 1.927322181116729283e+01
6.950000000000171596e+00 1.921279029684382422e+01
6.970000000000171170e+00 1.894004914256147742e+01
6.990000000000170743e+00 1.909097720670166254e+01
7.010000000000170317e+00 1.879074452342513624e+01
7.030000000000169891e+00 1.895976555629969340e+01
7.050000000000169464e+00 1.906010017072689422e+01
7.070000000000169038e+00 1.876476995250359536e+01
7.090000000000168612e+00 1.867650530180369017e+01
7.110000000000168185e+00 1.869341347077237714e+01
7.130000000000167759e+00 1.870039836906496333e+01
7.150000000000167333e+00 1.875963565878819139e+01
7.170000000000166906e+00 1.843611318700158463e+01
7.190000000000166480e+00 1.843362698981614400e+01
7.210000000000166054e+00 1.853060003966908909e+01
7.230000000000165628e+00 1.841067602175076701e+01
7.250000000000165201e+00 1.835989401849242242e+01
7.270000000000164775e+00 1.825571623496913887e+01
7.290000000000164349e+00 1.828422392521228801e+01
7.310000000000163922e+00 1.819416630413110525e+01
7.330000000000163496e+00 1.816258386393718638e+01
7.350000000000163070e+00 1.800262252198612245e+01
7.370000000000162643e+00 1.799685015641920316e+01
7.390000000000162217e+00 1.805973409883918990e+01
7.410000000000161791e+00 1.785027531003884960e+01
7.430000000000161364e+00 1.777440451411576205e+01
7.450000000000160938e+00 1.791321368968028693e+01
7.470000000000160512e+00 1.781885910275427420e+01
7.490000000000160085e+00 1.766365241606728986e+01
7.510000000000159659e+00 1.767659314751719890e+01
7.530000000000159233e+00 1.751710607369809125e+01
7.550000000000158806e+00 1.753671696086562548e+01
7.570000000000158380e+00 1.750880688778110184e+01
7.590000000000157954e+00 1.740595239210767886e+01
7.610000000000157527e+00 1.756260046191088264e+01
7.630000000000157101e+00 1.718326893872606931e+01
7.650000000000156675e+00 1.720985962394672342e+01
7.670000000000156248e+00 1.735100581236880757e+01
7.690000000000155822e+00 1.715811900711848281e+01
7.710000000000155396e+00 1.706089188552833846e+01
7.730000000000154969e+00 1.700788314050362970e+01
7.750000000000154543e+00 1.691301085581194741e+01
7.770000000000154117e+00 1.684841602862333687e+01
7.790000000000153690e+00 1.682546630202456228e+01
7.810000000000153264e+00 1.690961789603893095e+01
7.830000000000152838e+00 1.665026917529254291e+01
7.850000000000152411e+00 1.655406568507178733e+01
7.870000000000151985e+00 1.663371884998195327e+01
7.890000000000151559e+00 1.642766843162775459e+01
7.910000000000151132e+00 1.636480193110336145e+01
7.930000000000150706e+00 1.642935967973150468e+01
7.950000000000150280e+00 1.637264844669523356e+01
7.970000000000149853e+00 1.625755473118948302e+01
7.990000000000149427e+00 1.631180545293004869e+01
8.010000000000149001e+00 1.603295072285570200e+01
8.030000000000148574e+00 1.611496526192460266e+01
8.050000000000148148e+00 1.577698320275985289e+01
8.070000000000147722e+00 1.590164944919483325e+01
8.090000000000147296e+00 1.587567585806904980e+01
8.110000000000146869e+00 1.580482509021478421e+01
8.130000000000146443e+00 1.566376011789865785e+01
8.150000000000146017e+00 1.562768296439719862e+01
8.170000000000145590e+00 1.561873816314293784e+01
8.190000000000145164e+00 1.549626383298821786e+01
8.210000000000144738e+00 1.526926610886843783e+01
8.230000000000144311e+00 1.546368868517835615e+01
8.250000000000143885e+00 1.530635494874792535e+01
8.270000000000143459e+00 1.505531017440656605e+01
8.290000000000143032e+00 1.509459697511904430e+01
8.310000000000142606e+00 1.505952027716382524e+01
8.330000000000142180e+00 1.493095456389887943e+01
8.350000000000141753e+00 1.493175460280700584e+01
8.370000000000141327e+00 1.484099092844829393e+01
8.390000000000140901e+00 1.461791500627674445e+01
8.410000000000140474e+00 1.463348787882119950e+01
8.430000000000140048e+00 1.456244953778599083e+01
8.450000000000139622e+00 1.451051201276461633e+01
8.470000000000139195e+00 1.435664192289860708e+01
8.490000000000138769e+00 1.420381203404065040e+01
8.510000000000138343e+00 1.423532109250032995e+01
8.530000000000137916e+00 1.411621649811177370e+01
8.550000000000137490e+00 1.405646746630666932e+01
8.570000000000137064e+00 1.401735375714804555e+01
8.590000000000136637e+00 1.382252230328929699e+01
8.610000000000136211e+00 1.364432030762546866e+01
8.630000000000135785e+00 1.373157861981658812e+01
8.650000000000135358e+00 1.362134085736653688e+01
8.670000000000134932e+00 1.345397770642014201e+01
8.690000000000134506e+00 1.342449095247637558e+01
8.710000000000134079e+00 1.335912934256066720e+01
8.730000000000133653e+00 1.330330691846675428e+01
8.750000000000133227e+00 1.308252827781290861e+01
8.770000000000132800e+00 1.311008701846861690e+01
8.790000000000132374e+00 1.291720942827191720e+01
8.810000000000131948e+00 1.286006781286612721e+01
8.830000000000131521e+00 1.273506138955937494e+01
8.850000000000131095e+00 1.270533321790116688e+01
8.870000000000130669e+00 1.261561909958758498e+01
8.890000000000130242e+00 1.247291500135622755e+01
8.910000000000129816e+00 1.246488905403126601e+01
8.930000000000129390e+00 1.227884049498971564e+01
8.950000000000128964e+00 1.217389772927644209e+01
8.970000000000128537e+00 1.216568910834781292e+01
8.990000000000128111e+00 1.210097351031201285e+01
9.010000000000127685e+00 1.197041974559320465e+01
9.030000000000127258e+00 1.176740537182349655e+01
9.050000000000126832e+00 1.176200296495304087e+01
9.070000000000126406e+00 1.167010717207337045e+01
9.090000000000125979e+00 1.154953519991135735e+01
9.110000000000125553e+00 1.146719067032032235e+01
9.130000000000125127e+00 1.140295603046184603e+01
9.150000000000124700e+00 1.126403184546631664e+01
9.170000000000124274e+00 1.117056990916874071e+01
9.190000000000123848e+00 1.122766344487384593e+01
9.210000000000123421e+00 1.100158879903664477e+01
9.230000000000122995e+00 1.099981177173930114e+01
9.250000000000122569e+00 1.081133753189467228e+01
9.270000000000122142e+00 1.069827997579466405e+01
9.290000000000121716e+00 1.069187934317537270e+01
9.310000000000121290e+00 1.060694495758385614e+01
9.330000000000120863e+00 1.049621524775330350e+01
9.350000000000120437e+00 1.040658944540857789e+01
9.370000000000120011e+00 1.031954597705149901e+01
9.390000000000119584e+00 1.023211640272125678e+01
9.410000000000119158e+00 1.008967946944498451e+01
9.430000000000118732e+00 1.003908318481344786e+01
9.450000000000118305e+00 9.907438037135815279e+00
9.470000000000117879e+00 9.893899381653682212e+00
9.490000000000117453e+00 9.762520435284539388e+00
9.510000000000117026e+00 9.663658437926264000e+00
9.530000000000116600e+00 9.608400824437662635e+00
9.550000000000116174e+00 9.541103427054952846e+00
9.570000000000115747e+00 9.415861205787329880e+00
9.590000000000115321e+00 9.302240453947360876e+00
9.610000000000114895e+00 9.361465961801641811e+00
9.630000000000114468e+00 9.228217051051348818e+00
9.650000000000114042e+00 9.106930121593197924e+00
9.670000000000113616e+00 9.065254812081139590e+00
9.690000000000113189e+00 8.913567709791875515e+00
9.710000000000112763e+00 8.807678859800365245e+00
9.730000000000112337e+00 8.824227509096699507e+00
9.750000000000111910e+00 8.747889441632702656e+00
9.770000000000111484e+00 8.744151141658445425e+00
9.790000000000111058e+00 8.543688879108238154e+00
9.810000000000110632e+00 8.506406454920401927e+00
9.830000000000110205e+00 8.379502789058378198e+00
9.850000000000109779e+00 8.350225680688886598e+00
9.870000000000109353e+00 8.243803135455245013e+00
9.890000000000108926e+00 8.169708302137577149e+00
9.910000000000108500e+00 8.144889769642047028e+00
9.930000000000108074e+00 8.021266877185718513e+00
9.950000000000107647e+00 7.951515404614863947e+00
9.970000000000107221e+00 7.885723545676461832e+00
9.990000000000106795e+00 7.891314359484005614e+00
1.001000000000010637e+01 7.846392643162475089e+00
1.003000000000010594e+01 7.689296875900267558e+00
1.005000000000010552e+01 7.571391052331025051e+00
1.007000000000010509e+01 7.546925184745196802e+00
1.009000000000010466e+01 7.457013414062998002e+00
1.011000000000010424e+01 7.488786131294978610e+00
1.013000000000010381e+01 7.280929060011135157e+00
1.015000000000010338e+01 7.339418658170121290e+00
1.017000000000010296e+01 7.210893073212438331e+00
1.019000000000010253e+01 7.131520367091906287e+00
1.021000000000010210e+01 7.142059491478894628e+00
1.023000000000010168e+01 6.968665844455438574e+00
1.025000000000010125e+01 6.959559197959730881e+00
1.027000000000010083e+01 6.873131122544990923e+00
1.029000000000010040e+01 6.786182104882898081e+00
1.031000000000009997e+01 6.763820632999954618e+00
1.033000000000009955e+01 6.734706830333392347e+00
1.035000000000009912e+01 6.657358344973366648e+00
1.037000000000009869e+01 6.561754531094275755e+00
1.039000000000009827e+01 6.634387597810653681e+00
1.041000000000009784e+01 6.432749005174085433e+00
1.043000000000009742e+01 6.449277714620657243e+00
1.045000000000009699e+01 6.301948639232908711e+00
1.047000000000009656e+01 6.265845175488195196e+00
1.049000000000009614e+01 6.256000145660856049e+00
1.051000000000009571e+01 6.169001993610415902e+00
1.053000000000009528e+01 6.115035304247085968e+00
1.055000000000009486e+01 6.086500372449242136e+00
1.057000000000009443e+01 5.984498110020002315e+00
1.059000000000009400e+01 5.967952938427471210e+00
1.061000000000009358e+01 5.884289322097032482e+00
1.063000000000009315e+01 5.873542321481511230e+00
1.065000000000009273e+01 5.742148700485096846e+00
1.067000000000009230e+01 5.774100530386130359e+00
1.069000000000009187e+01 5.679250729766824435e+00
1.071000000000009145e+01 5.602768343464322065e+00
1.073000000000009102e+01 5.615414377122095679e+00
1.075000000000009059e+01 5.677311814326556849e+00
1.077000000000009017e+01 5.500504554796615153e+00
1.079000000000008974e+01 5.490325874760547897e+00
1.081000000000008932e+01 5.393886034009020669e+00
1.083000000000008889e+01 5.458558204165713690e+00
1.085000000000008846e+01 5.295870534928900142e+00
1.087000000000008804e+01 5.281763620703809892e+00
1.089000000000008761e+01 5.281955912272613851e+00
1.091000000000008718e+01 5.195730257517602091e+00
1.093000000000008676e+01 5.106435772552512020e+00
1.095000000000008633e+01 5.108668235921979495e+00
1.097000000000008590e+01 5.048322090928204275e+00
1.099000000000008548e+01 5.005473352391097031e+00
1.101000000000008505e+01 5.027447582658563618e+00
1.103000000000008463e+01 4.908224776135679868e+00
1.105000000000008420e+01 4.983793206454601332e+00
1.107000000000008377e+01 4.833580282427482722e+00
1.109000000000008335e+01 4.828875158173534743e+00
1.111000000000008292e+01 4.831413269026190171e+00
1.113000000000008249e+01 4.802699553149961886e+00
1.115000000000008207e+01 4.736544699592162289e+00
1.117000000000008164e+01 4.762138634638918511e+00
1.119000000000008122e+01 4.655448743116867405e+00
1.121000000000008079e+01 4.645126363370039257e+00
1.123000000000008036e+01 4.590037530173935565e+00
1.125000000000007994e+01 4.571258829518463074e+00
1.127000000000007951e+01 4.561048650152094375e+00
1.129000000000007908e+01 4.540092803878491345e+00
1.131000000000007866e+01 4.468153960687084592e+00
1.133000000000007823e+01 4.404542587500820616e+00
1.135000000000007780e+01 4.425918396671248978e+00
1.137000000000007738e+01 4.343056910596072129e+00
1.139000000000007695e+01 4.361737471959328261e+00
1.141000000000007653e+01 4.330783480390406837e+00
1.143000000000007610e+01 4.301229055882759056e+00
1.145000000000007567e+01 4.249323668164096013e+00
1.147000000000007525e+01 4.222602267327874692e+00
1.149000000000007482e+01 4.243578050470883767e+00
1.151000000000007439e+01 4.138987741194787517e+00
1.153000000000007397e+01 4.159295409615527461e+00
1.155000000000007354e+01 4.106980169404566006e+00
1.157000000000007311e+01 4.061468034244493097e+00
1.159000000000007269e+01 4.096196363371413796e+00
1.161000000000007226e+01 4.058594754228915136e+00
1.163000000000007184e+01 4.018062371393969379e+00
1.165000000000007141e+01 4.030181637652947124e+00
1.167000000000007098e+01 3.943343380233041540e+00
1.169000000000007056e+01 3.956986522745630008e+00
1.171000000000007013e+01 3.914929361925056472e+00
1.173000000000006970e+01 3.875450222893626062e+00
1.175000000000006928e+01 3.895565924286086723e+00
1.177000000000006885e+01 3.826058684453134795e+00
1.179000000000006843e+01 3.795999787986710672e+00
1.181000000000006800e+01 3.765115564456667396e+00
1.183000000000006757e+01 3.776931558252538679e+00
1.185000000000006715e+01 3.709293480787530406e+00
1.187000000000006672e+01 3.717810763392663365e+00
1.189000000000006629e+01 3.685179365189815925e+00
1.191000000000006587e+01 3.662398471077894513e+00
1.193000000000006544e+01 3.643750075048832748e+00
1.195000000000006501e+01 3.659332336702173283e+00
1.197000000000006459e+01 3.571490604716881734e+00
1.199000000000006416e+01 3.583287170897113683e+00
1.201000000000006374e+01 3.546432482279481047e+00
1.203000000000006331e+01 3.520079449530385318e+00
1.205000000000006288e+01 3.552339672345029786e+00
1.207000000000006246e+01 3.498904174898320285e+00
1.209000000000006203e+01 3.451893726025211606e+00
1.211000000000006160e+01 3.410534028926483163e+00
1.213000000000006118e+01 3.424929714856606022e+00
1.215000000000006075e+01 3.390041574029965421e+00
1.217000000000006033e+01 3.413124390243516437e+00
1.219000000000005990e+01 3.358288967940145753e+00
1.221000000000005947e+01 3.323880324861395064e+00
1.223000000000005905e+01 3.336747503805170822e+00
1.225000000000005862e+01 3.316738587238400982e+00
1.227000000000005819e+01 3.366114546441996591e+00
1.229000000000005777e+01 3.199688679691865989e+00
1.231000000000005734e+01 3.244964338709280138e+00
1.233000000000005691e+01 3.243976285047892816e+00
1.235000000000005649e+01 3.208324746767870383e+00
1.237000000000005606e+01 3.152686312717234429e+00
1.239000000000005564e+01 3.176682850916335621e+00
1.241000000000005521e+01 3.116593219406619930e+00
1.243000000000005478e+01 3.133708376833959974e+00
1.245000000000005436e+01 3.085200135677428346e+00
1.247000000000005393e+01 3.115650299777035670e+00
1.249000000000005350e+01 3.039979727563908884e+00
1.251000000000005308e+01 3.109841619607150331e+00
1.253000000000005265e+01 3.015025156573246878e+00
1.255000000000005222e+01 3.002282714606260505e+00
1.257000000000005180e+01 3.057955155883717246e+00
1.259000000000005137e+01 2.939150591917372601e+00
1.261000000000005095e+01 2.984762506217955025e+00
1.263000000000005052e+01 2.961600891270860902e+00
1.265000000000005009e+01 2.879405662880819783e+00
1.267000000000004967e+01 2.928635132748647951e+00
1.269000000000004924e+01 2.892833933029309801e+00
1.271000000000004881e+01 2.879558518916337739e+00
1.273000000000004839e+01 2.802760900537630828e+00
1.275000000000004796e+01 2.888393337493302848e+00
1.277000000000004754e+01 2.836012428818357467e+00
1.279000000000004711e+01 2.795337455926622638e+00
1.281000000000004668e+01 2.809407483513889581e+00
1.283000000000004626e+01 2.755558647000590167e+00
1.285000000000004583e+01 2.722881867617616525e+00
1.287000000000004540e+01 2.748875762456794547e+00
1.289000000000004498e+01 2.744023242969040766e+00
1.291000000000004455e+01 2.658886008021255520e+00
1.293000000000004412e+01 2.657768461996357967e+00
1.295000000000004370e+01 2.638365138583914860e+00
1.297000000000004327e+01 2.645510620810680447e+00
1.299000000000004285e+01 2.636923066471132504e+00
1.301000000000004242e+01 2.592322009166295071e+00
1.303000000000004199e+01 2.537480953409974926e+00
1.305000000000004157e+01 2.553625264091552882e+00
1.307000000000004114e+01 2.571499252126288937e+00
1.309000000000004071e+01 2.537640608237359263e+00
1.311000000000004029e+01 2.518137859145552326e+00
1.313000000000003986e+01 2.473308415327982956e+00
1.315000000000003944e+01 2.469092735332393040e+00
1.317000000000003901e+01 2.517189426374123240e+00
1.319000000000003858e+01 2.438016124104458893e+00
1.321000000000003816e+01 2.415352257927104507e+00
1.323000000000003773e+01 2.429336299921248887e+00
1.325000000000003730e+01 2.376556746618294635e+00
1.327000000000003688e+01 2.358966534591682152e+00
1.329000000000003645e+01 2.320684394778973481e+00
1.331000000000003602e+01 2.345695650813865107e+00
1.333000000000003560e+01 2.277580787984943456e+00
1.335000000000003517e+01 2.277596258027378084e+00
1.337000000000003475e+01 2.249963824804146473e+00
1.339000000000003432e+01 2.270122673085837040e+00
1.341000000000003389e+01 2.225308668961815339e+00
1.343000000000003347e+01 2.229577117842938438e+00
1.345000000000003304e+01 2.202569637654356871e+00
1.347000000000003261e+01 2.113452100401336242e+00
1.349000000000003219e+01 2.192093771899362054e+00
1.351000000000003176e+01 2.131554141277428815e+00
1.353000000000003133e+01 2.110922337880180244e+00
1.355000000000003091e+01 2.063122367404027546e+00
1.357000000000003048e+01 2.056262817428939016e+00
1.359000000000003006e+01 2.019715735718628835e+00
1.361000000000002963e+01 2.008817966721174741e+00
1.363000000000002920e+01 1.972286082818916375e+00
1.365000000000002878e+01 1.990937234351740193e+00
1.367000000000002835e+01 1.954198611000939279e+00
1.369000000000002792e+01 1.924747911098281916e+00
1.371000000000002750e+01 1.896902228207781871e+00
1.373000000000002707e+01 1.904855194661594364e+00
1.375000000000002665e+01 1.808106286187687095e+00
1.377000000000002622e+01 1.813306537412157526e+00
1.379000000000002579e+01 1.828579863795291915e+00
1.381000000000002537e+01 1.783792182141457072e+00
1.383000000000002494e+01 1.740967643203108484e+00
1.385000000000002451e+01 1.710350021817008459e+00
1.387000000000002409e+01 1.677774353696149578e+00
1.389000000000002366e+01 1.645530973959561605e+00
1.391000000000002323e+01 1.622209151264105254e+00
1.393000000000002281e+01 1.636088880158354630e+00
1.395000000000002238e+01 1.610838009219276667e+00
1.397000000000002196e+01 1.623953355174116320e+00
1.399000000000002153e+01 1.601957518586385465e+00
1.401000000000002110e+01 1.546542751475092015e+00
1.403000000000002068e+01 1.511631698787494482e+00
1.405000000000002025e+01 1.516667432180468067e+00
1.407000000000001982e+01 1.524565496913472984e+00
1.409000000000001940e+01 1.483091812629139694e+00
1.411000000000001897e+01 1.461661148576359093e+00
1.413000000000001855e+01 1.435868005739616038e+00
1.415000000000001812e+01 1.425065708572481382e+00
1.417000000000001769e+01 1.390117613841603372e+00
1.419000000000001727e+01 1.393118662335700142e+00
1.421000000000001684e+01 1.418359008762998474e+00
1.423000000000001641e+01 1.379446060460556955e+00
1.425000000000001599e+01 1.374339206096757193e+00
1.427000000000001556e+01 1.359347416112601348e+00
1.429000000000001513e+01 1.357690998609800692e+00
1.431000000000001471e+01 1.357444010227641273e+00
1.433000000000001428e+01 1.329215141989956273e+00
1.435000000000001386e+01 1.309037104279556996e+00
1.437000000000001343e+01 1.330030142515507663e+00
1.439000000000001300e+01 1.244146813243074412e+00
1.441000000000001258e+01 1.271100836528614053e+00
1.443000000000001215e+01 1.251443636558247974e+00
1.445000000000001172e+01 1.211409382496838161e+00
1.447000000000001130e+01 9.251930547474059852e-01
1.449000000000001087e+01 6.674247726694132465e-01
1.451000000000001044e+01 4.171316033127139833e-01
1.453000000000001002e+01 2.840333163115107418e-01
1.455000000000000959e+01 1.261242581762708481e-01
1.457000000000000917e+01 6.879762774451363139e-02
1.459000000000000874e+01 3.591605669390283279e-02
1.461000000000000831e+01 2.213890574834326275e-02
1.463000000000000789e+01 1.385556037410091458e-02
1.465000000000000746e+01 8.309505671959416945e-03
1.467000000000000703e+01 2.785488490134484241e-03
1.469000000000000661e+01 2.773787545852502302e-03
1.471000000000000618e+01 7.093474143538351456e-11
1.473000000000000576e+01 0.000000000000000000e+00
1.475000000000000533e+01 0.000000000000000000e+00
1.477000000000000490e+01 0.000000000000000000e+00
1.479000000000000448e+01 0.000000000000000000e+00
1.481000000000000405e+01 0.000000000000000000e+00
1.483000000000000362e+01 0.000000000000000000e+00
1.485000000000000320e+01 0.000000000000000000e+00
1.487000000000000277e+01 0.000000000000000000e+00
1.489000000000000234e+01 0.000000000000000000e+00
1.491000000000000192e+01 0.000000000000000000e+00
1.493000000000000149e+01 0.000000000000000000e+00
1.495000000000000107e+01 0.000000000000000000e+00
1.497000000000000064e+01 0.000000000000000000e+00
1.499000000000000021e+01 0.000000000000000000e+00
