# Redshift		Merger Rate Density [Gpc^-3yr^-1]
1.000000000031931770e-02 4.270930612418386119e+01
3.000000000031888964e-02 4.289060124757176595e+01
5.000000000031846331e-02 4.395131054223205780e+01
7.000000000031804392e-02 4.363280027171293085e+01
9.000000000031761760e-02 4.395404899569261659e+01
1.100000000003171913e-01 4.510894732271484031e+01
1.300000000003167511e-01 4.571230980954548784e+01
1.500000000003163247e-01 4.676038719634213692e+01
1.700000000003158984e-01 4.745717523847867625e+01
1.900000000003154721e-01 4.750090782616702967e+01
2.100000000003150458e-01 4.825831936797111865e+01
2.300000000003146194e-01 4.961642542269034095e+01
2.500000000003141931e-01 5.040524643781790104e+01
2.700000000003137668e-01 5.116932436119149941e+01
2.900000000003133405e-01 5.218481051642005042e+01
3.100000000003129141e-01 5.298865914719083037e+01
3.300000000003124878e-01 5.344531117813586008e+01
3.500000000003120615e-01 5.432556746293426642e+01
3.700000000003116352e-01 5.470871129917897235e+01
3.900000000003112088e-01 5.483567024865363493e+01
4.100000000003107825e-01 5.658666521418966511e+01
4.300000000003103562e-01 5.664648150682541683e+01
4.500000000003099299e-01 5.768071549368740136e+01
4.700000000003095035e-01 5.784113727924215453e+01
4.900000000003090772e-01 5.908318259487541013e+01
5.100000000003086509e-01 5.899430781746220021e+01
5.300000000003082246e-01 6.018286717074033021e+01
5.500000000003077982e-01 6.054777511810488733e+01
5.700000000003073719e-01 6.129626305831596511e+01
5.900000000003069456e-01 6.210911618768960807e+01
6.100000000003065193e-01 6.265073556725651116e+01
6.300000000003060929e-01 6.361291031494174320e+01
6.500000000003056666e-01 6.319402994953579622e+01
6.700000000003052403e-01 6.363830146301633306e+01
6.900000000003048140e-01 6.513857566237335561e+01
7.100000000003043876e-01 6.518680339773966637e+01
7.300000000003039613e-01 6.536826996209998697e+01
7.500000000003035350e-01 6.599813415582453047e+01
7.700000000003031086e-01 6.589997395487905862e+01
7.900000000003026823e-01 6.708302769670770260e+01
8.100000000003022560e-01 6.745552490078385688e+01
8.300000000003018297e-01 6.826173589830739274e+01
8.500000000003014033e-01 6.736677497961035499e+01
8.700000000003009770e-01 6.859572722238415565e+01
8.900000000003005507e-01 6.889779866248207441e+01
9.100000000003001244e-01 6.918161256946021354e+01
9.300000000002996980e-01 6.982286721931740203e+01
9.500000000002992717e-01 6.957660912264117314e+01
9.700000000002988454e-01 6.997008904562143528e+01
9.900000000002984191e-01 7.138548146348173873e+01
1.010000000000297993e+00 7.196959281896425864e+01
1.030000000000297566e+00 7.107578549412771451e+01
1.050000000000297140e+00 7.279835510653308006e+01
1.070000000000296714e+00 7.309014051578414239e+01
1.090000000000296287e+00 7.196102670927490408e+01
1.110000000000295861e+00 7.342127008053152792e+01
1.130000000000295435e+00 7.358388296658195316e+01
1.150000000000295008e+00 7.354892143645872693e+01
1.170000000000294582e+00 7.318310488427398752e+01
1.190000000000294156e+00 7.512016034630690342e+01
1.210000000000293729e+00 7.352523889533600254e+01
1.230000000000293303e+00 7.393151365143478415e+01
1.250000000000292877e+00 7.461983439241222982e+01
1.270000000000292451e+00 7.487135739206424034e+01
1.290000000000292024e+00 7.550270140850574307e+01
1.310000000000291598e+00 7.452845889574378191e+01
1.330000000000291172e+00 7.516265986378719788e+01
1.350000000000290745e+00 7.490468139514970858e+01
1.370000000000290319e+00 7.559108149974876767e+01
1.390000000000289893e+00 7.579581680785091180e+01
1.410000000000289466e+00 7.596872467548053010e+01
1.430000000000289040e+00 7.509231279378812474e+01
1.450000000000288614e+00 7.511612767245863154e+01
1.470000000000288187e+00 7.474742484576282209e+01
1.490000000000287761e+00 7.634734213892794230e+01
1.510000000000287335e+00 7.517285510890643252e+01
1.530000000000286908e+00 7.392916302557500785e+01
1.550000000000286482e+00 7.572612106477048144e+01
1.570000000000286056e+00 7.509697975574037798e+01
1.590000000000285629e+00 7.487485364904884477e+01
1.610000000000285203e+00 7.470232547474689966e+01
1.630000000000284777e+00 7.609959372841996128e+01
1.650000000000284350e+00 7.294653036162023341e+01
1.670000000000283924e+00 7.506865075294416556e+01
1.690000000000283498e+00 7.379409605468961786e+01
1.710000000000283071e+00 7.351360724782709610e+01
1.730000000000282645e+00 7.372521565154276857e+01
1.750000000000282219e+00 7.354575143822293626e+01
1.770000000000281792e+00 7.306053773250992833e+01
1.790000000000281366e+00 7.276601947246680879e+01
1.810000000000280940e+00 7.256011244533334548e+01
1.830000000000280513e+00 7.249487138180040802e+01
1.850000000000280087e+00 7.161650517547667505e+01
1.870000000000279661e+00 7.172882499428321523e+01
1.890000000000279234e+00 7.256576073539606853e+01
1.910000000000278808e+00 7.108365753665520970e+01
1.930000000000278382e+00 7.046877760596773044e+01
1.950000000000277955e+00 7.105915859758908937e+01
1.970000000000277529e+00 7.011017777166595977e+01
1.990000000000277103e+00 7.040104745065404757e+01
2.010000000000276899e+00 7.011814591303854627e+01
2.030000000000276472e+00 6.851042651504484127e+01
2.050000000000276046e+00 6.886421980571198276e+01
2.070000000000275620e+00 6.824003540809529511e+01
2.090000000000275193e+00 6.822374711057368302e+01
2.110000000000274767e+00 6.645855995731820087e+01
2.130000000000274341e+00 6.730280271246647317e+01
2.150000000000273914e+00 6.740561039825480805e+01
2.170000000000273488e+00 6.550104660113862565e+01
2.190000000000273062e+00 6.591380592014772333e+01
2.210000000000272635e+00 6.590294767837986001e+01
2.230000000000272209e+00 6.430898051782041591e+01
2.250000000000271783e+00 6.474742377446926866e+01
2.270000000000271356e+00 6.337462215905762264e+01
2.290000000000270930e+00 6.336932175816014734e+01
2.310000000000270504e+00 6.280373506895604407e+01
2.330000000000270077e+00 6.159259969698609183e+01
2.350000000000269651e+00 6.131082242340787047e+01
2.370000000000269225e+00 6.138297242354772720e+01
2.390000000000268798e+00 6.062306529765485408e+01
2.410000000000268372e+00 6.047014142038114670e+01
2.430000000000267946e+00 5.922870690537421012e+01
2.450000000000267519e+00 5.897695590352613237e+01
2.470000000000267093e+00 5.979064536829715593e+01
2.490000000000266667e+00 5.834479161901310817e+01
2.510000000000266240e+00 5.699185497421552782e+01
2.530000000000265814e+00 5.691625177066264030e+01
2.550000000000265388e+00 5.680545487047977815e+01
2.570000000000264961e+00 5.672842801296893356e+01
2.590000000000264535e+00 5.575554835979728807e+01
2.610000000000264109e+00 5.492220587559125988e+01
2.630000000000263682e+00 5.442924602119802557e+01
2.650000000000263256e+00 5.427806156900137324e+01
2.670000000000262830e+00 5.302870743712814772e+01
2.690000000000262403e+00 5.328892801145349267e+01
2.710000000000261977e+00 5.277994343759232265e+01
2.730000000000261551e+00 5.214630331501184912e+01
2.750000000000261124e+00 5.172390073584070080e+01
2.770000000000260698e+00 5.149862471083049797e+01
2.790000000000260272e+00 5.094387975499552823e+01
2.810000000000259845e+00 5.024959818034417935e+01
2.830000000000259419e+00 4.978434822882602617e+01
2.850000000000258993e+00 4.916209930898352809e+01
2.870000000000258567e+00 4.866516620511886515e+01
2.890000000000258140e+00 4.892243633576073591e+01
2.910000000000257714e+00 4.774780875676779601e+01
2.930000000000257288e+00 4.764976218749786341e+01
2.950000000000256861e+00 4.697776426640033520e+01
2.970000000000256435e+00 4.673893734105691777e+01
2.990000000000256009e+00 4.661997298108404664e+01
3.010000000000255582e+00 4.570050910178212433e+01
3.030000000000255156e+00 4.575768940529226825e+01
3.050000000000254730e+00 4.497983919030975386e+01
3.070000000000254303e+00 4.491268901971390193e+01
3.090000000000253877e+00 4.426617188469194986e+01
3.110000000000253451e+00 4.371679930420653193e+01
3.130000000000253024e+00 4.318001336714862504e+01
3.150000000000252598e+00 4.312546895397098012e+01
3.170000000000252172e+00 4.256841902112539344e+01
3.190000000000251745e+00 4.205849009758099299e+01
3.210000000000251319e+00 4.191551625020887428e+01
3.230000000000250893e+00 4.196211899536712764e+01
3.250000000000250466e+00 4.072825628744136139e+01
3.270000000000250040e+00 4.074010328667274905e+01
3.290000000000249614e+00 4.061754153982577265e+01
3.310000000000249187e+00 4.021590914646721160e+01
3.330000000000248761e+00 3.897822821084827183e+01
3.350000000000248335e+00 3.970060001658615789e+01
3.370000000000247908e+00 3.902677786020854711e+01
3.390000000000247482e+00 3.838568628136604843e+01
3.410000000000247056e+00 3.832382569337720923e+01
3.430000000000246629e+00 3.784503879932941572e+01
3.450000000000246203e+00 3.775717650782286938e+01
3.470000000000245777e+00 3.735864026725610643e+01
3.490000000000245350e+00 3.707210472056004846e+01
3.510000000000244924e+00 3.652371699012334716e+01
3.530000000000244498e+00 3.716523045789297441e+01
3.550000000000244071e+00 3.592957372164576668e+01
3.570000000000243645e+00 3.562271102304939063e+01
3.590000000000243219e+00 3.557527384199875087e+01
3.610000000000242792e+00 3.536667726476126461e+01
3.630000000000242366e+00 3.500568285581919525e+01
3.650000000000241940e+00 3.484015535644119410e+01
3.670000000000241513e+00 3.477287902092742655e+01
3.690000000000241087e+00 3.384449321517986675e+01
3.710000000000240661e+00 3.384379505974298752e+01
3.730000000000240234e+00 3.374723665296178865e+01
3.750000000000239808e+00 3.357468117568347310e+01
3.770000000000239382e+00 3.335021086177882665e+01
3.790000000000238956e+00 3.272482535850571850e+01
3.810000000000238529e+00 3.264357228353258478e+01
3.830000000000238103e+00 3.244251563609430633e+01
3.850000000000237677e+00 3.220303188256146854e+01
3.870000000000237250e+00 3.181547218902810314e+01
3.890000000000236824e+00 3.190752355034384991e+01
3.910000000000236398e+00 3.167743481656284743e+01
3.930000000000235971e+00 3.112296748093348953e+01
3.950000000000235545e+00 3.096844867954422753e+01
3.970000000000235119e+00 3.106133875154801416e+01
3.990000000000234692e+00 3.096998520203644034e+01
4.010000000000234266e+00 2.976382892497599642e+01
4.030000000000233840e+00 3.031491604889423996e+01
4.050000000000233413e+00 3.052624027121395045e+01
4.070000000000232987e+00 2.968611163361557104e+01
4.090000000000232561e+00 3.004133196453330612e+01
4.110000000000232134e+00 2.928753368880349583e+01
4.130000000000231708e+00 2.935251140251593682e+01
4.150000000000231282e+00 2.923295024552047394e+01
4.170000000000230855e+00 2.910417933262137424e+01
4.190000000000230429e+00 2.892875220244881262e+01
4.210000000000230003e+00 2.862689644911653275e+01
4.230000000000229576e+00 2.833583723917026020e+01
4.250000000000229150e+00 2.865713157129073707e+01
4.270000000000228724e+00 2.773276190348962444e+01
4.290000000000228297e+00 2.829211933732482009e+01
4.310000000000227871e+00 2.808227615335420779e+01
4.330000000000227445e+00 2.743157482869348485e+01
4.350000000000227018e+00 2.748378805738544983e+01
4.370000000000226592e+00 2.738986805700250926e+01
4.390000000000226166e+00 2.739645903969371332e+01
4.410000000000225739e+00 2.665859059182957225e+01
4.430000000000225313e+00 2.729434027520043671e+01
4.450000000000224887e+00 2.656832634315002295e+01
4.470000000000224460e+00 2.657907330951618263e+01
4.490000000000224034e+00 2.678193899033536240e+01
4.510000000000223608e+00 2.612742564948232626e+01
4.530000000000223181e+00 2.581908201439890149e+01
4.550000000000222755e+00 2.627567210937494835e+01
4.570000000000222329e+00 2.607459218904360299e+01
4.590000000000221902e+00 2.525634741147649365e+01
4.610000000000221476e+00 2.573044561043145251e+01
4.630000000000221050e+00 2.514313418096008945e+01
4.650000000000220624e+00 2.539885064582743723e+01
4.670000000000220197e+00 2.516166495386893942e+01
4.690000000000219771e+00 2.503650001654071744e+01
4.710000000000219345e+00 2.437171273940036542e+01
4.730000000000218918e+00 2.519255003904348911e+01
4.750000000000218492e+00 2.446022100774568742e+01
4.770000000000218066e+00 2.418839991930097000e+01
4.790000000000217639e+00 2.443787130341837610e+01
4.810000000000217213e+00 2.413863497855145113e+01
4.830000000000216787e+00 2.408594517699603799e+01
4.850000000000216360e+00 2.392818052900182835e+01
4.870000000000215934e+00 2.369263300207838441e+01
4.890000000000215508e+00 2.332296333832608326e+01
4.910000000000215081e+00 2.355140543561752864e+01
4.930000000000214655e+00 2.307867297936866180e+01
4.950000000000214229e+00 2.322148266898878077e+01
4.970000000000213802e+00 2.287675870559012026e+01
4.990000000000213376e+00 2.270306184436882546e+01
5.010000000000212950e+00 2.312343964603153879e+01
5.030000000000212523e+00 2.246962031295987572e+01
5.050000000000212097e+00 2.263364026643623461e+01
5.070000000000211671e+00 2.238031404742039143e+01
5.090000000000211244e+00 2.203868231335876615e+01
5.110000000000210818e+00 2.214487780986921095e+01
5.130000000000210392e+00 2.162935282198654363e+01
5.150000000000209965e+00 2.216383648246557669e+01
5.170000000000209539e+00 2.159741783238616719e+01
5.190000000000209113e+00 2.153621412125938406e+01
5.210000000000208686e+00 2.148341567519606343e+01
5.230000000000208260e+00 2.125757707216513381e+01
5.250000000000207834e+00 2.115730350139813254e+01
5.270000000000207407e+00 2.124576392763007959e+01
5.290000000000206981e+00 2.099729406204975390e+01
5.310000000000206555e+00 2.098751686063940625e+01
5.330000000000206128e+00 2.066075842971013543e+01
5.350000000000205702e+00 2.068239954168175387e+01
5.370000000000205276e+00 2.051257318284950770e+01
5.390000000000204849e+00 2.021916811593854035e+01
5.410000000000204423e+00 2.019166515244490512e+01
5.430000000000203997e+00 2.018970162047983763e+01
5.450000000000203570e+00 2.005025758275040459e+01
5.470000000000203144e+00 1.985653879743479422e+01
5.490000000000202718e+00 1.989191662058724575e+01
5.510000000000202292e+00 2.003165890704187646e+01
5.530000000000201865e+00 1.981976763502868621e+01
5.550000000000201439e+00 1.908708546359743963e+01
5.570000000000201013e+00 1.989677412417698221e+01
5.590000000000200586e+00 1.933105483534015434e+01
5.610000000000200160e+00 1.905654324842029723e+01
5.630000000000199734e+00 1.912667354674578135e+01
5.650000000000199307e+00 1.909306528554470717e+01
5.670000000000198881e+00 1.878147919349381567e+01
5.690000000000198455e+00 1.886075426781668085e+01
5.710000000000198028e+00 1.885636366513215378e+01
5.730000000000197602e+00 1.869504702664198348e+01
5.750000000000197176e+00 1.826563730719765388e+01
5.770000000000196749e+00 1.846965583350609919e+01
5.790000000000196323e+00 1.861660468244377142e+01
5.810000000000195897e+00 1.810555795458258288e+01
5.830000000000195470e+00 1.799226075847568040e+01
5.850000000000195044e+00 1.828226922473359295e+01
5.870000000000194618e+00 1.801446880826773622e+01
5.890000000000194191e+00 1.774070834544713549e+01
5.910000000000193765e+00 1.752837662244254346e+01
5.930000000000193339e+00 1.802917256931855761e+01
5.950000000000192912e+00 1.767986065314577004e+01
5.970000000000192486e+00 1.721094352493904012e+01
5.990000000000192060e+00 1.740455978740670773e+01
6.010000000000191633e+00 1.751330002743777570e+01
6.030000000000191207e+00 1.719793075815529093e+01
6.050000000000190781e+00 1.703183373750098184e+01
6.070000000000190354e+00 1.726155968912957306e+01
6.090000000000189928e+00 1.676283806294094703e+01
6.110000000000189502e+00 1.696255495304093586e+01
6.130000000000189075e+00 1.677947428645293826e+01
6.150000000000188649e+00 1.682376311551438874e+01
6.170000000000188223e+00 1.674785061423168742e+01
6.190000000000187796e+00 1.638627709324910597e+01
6.210000000000187370e+00 1.657671543709779982e+01
6.230000000000186944e+00 1.648198481845345498e+01
6.250000000000186517e+00 1.624697492338405169e+01
6.270000000000186091e+00 1.622498423511135712e+01
6.290000000000185665e+00 1.610334282968777586e+01
6.310000000000185238e+00 1.596194354807115623e+01
6.330000000000184812e+00 1.588645544450000102e+01
6.350000000000184386e+00 1.585954635059159479e+01
6.370000000000183960e+00 1.559856508579855827e+01
6.390000000000183533e+00 1.578916488322785305e+01
6.410000000000183107e+00 1.579375049589636326e+01
6.430000000000182681e+00 1.549720655505881339e+01
6.450000000000182254e+00 1.534508898593388793e+01
6.470000000000181828e+00 1.529131094161580329e+01
6.490000000000181402e+00 1.544544575213527615e+01
6.510000000000180975e+00 1.494632725218959379e+01
6.530000000000180549e+00 1.539708126395943921e+01
6.550000000000180123e+00 1.505551647254331371e+01
6.570000000000179696e+00 1.501658586963035091e+01
6.590000000000179270e+00 1.460983924033635084e+01
6.610000000000178844e+00 1.492712456223777018e+01
6.630000000000178417e+00 1.460925223672775530e+01
6.650000000000177991e+00 1.465116427661568821e+01
6.670000000000177565e+00 1.463561684812613883e+01
6.690000000000177138e+00 1.446466756805904552e+01
6.710000000000176712e+00 1.450816663710436316e+01
6.730000000000176286e+00 1.428485398738578915e+01
6.750000000000175859e+00 1.430248644661919144e+01
6.770000000000175433e+00 1.425693312548051317e+01
6.790000000000175007e+00 1.408162039726147263e+01
6.810000000000174580e+00 1.401263855511880685e+01
6.830000000000174154e+00 1.399343627022740577e+01
6.850000000000173728e+00 1.368797137335834968e+01
6.870000000000173301e+00 1.387956772696204055e+01
6.890000000000172875e+00 1.365662614630272387e+01
6.910000000000172449e+00 1.378209131267229637e+01
6.930000000000172022e+00 1.339767228682629785e+01
6.950000000000171596e+00 1.352439659774091751e+01
6.970000000000171170e+00 1.350737884645159426e+01
6.990000000000170743e+00 1.344102625293619191e+01
7.010000000000170317e+00 1.310726836536492179e+01
7.030000000000169891e+00 1.325543173666410190e+01
7.050000000000169464e+00 1.310645663013050566e+01
7.070000000000169038e+00 1.312059283153312883e+01
7.090000000000168612e+00 1.302116858220245454e+01
7.110000000000168185e+00 1.303212030512391451e+01
7.130000000000167759e+00 1.291143716939461861e+01
7.150000000000167333e+00 1.280950815937143794e+01
7.170000000000166906e+00 1.283746647126861617e+01
7.190000000000166480e+00 1.255120049120182557e+01
7.210000000000166054e+00 1.267071041958812394e+01
7.230000000000165628e+00 1.251745686099077837e+01
7.250000000000165201e+00 1.250569042215356674e+01
7.270000000000164775e+00 1.231193898407518716e+01
7.290000000000164349e+00 1.231304593669438141e+01
7.310000000000163922e+00 1.247136408308583455e+01
7.330000000000163496e+00 1.231351356287298948e+01
7.350000000000163070e+00 1.212717886479357432e+01
7.370000000000162643e+00 1.228381917881380936e+01
7.390000000000162217e+00 1.203677435233266557e+01
7.410000000000161791e+00 1.195724851450987458e+01
7.430000000000161364e+00 1.198924989644127059e+01
7.450000000000160938e+00 1.182948964836290173e+01
7.470000000000160512e+00 1.182207288081380625e+01
7.490000000000160085e+00 1.193916150963342560e+01
7.510000000000159659e+00 1.174923486508571990e+01
7.530000000000159233e+00 1.173581890942928574e+01
7.550000000000158806e+00 1.164686685619753703e+01
7.570000000000158380e+00 1.156359900681434105e+01
7.590000000000157954e+00 1.153555189079615495e+01
7.610000000000157527e+00 1.142550633360624701e+01
7.630000000000157101e+00 1.151533335312827688e+01
7.650000000000156675e+00 1.141506645035308409e+01
7.670000000000156248e+00 1.131827659754606508e+01
7.690000000000155822e+00 1.113916461480659592e+01
7.710000000000155396e+00 1.139409835028690843e+01
7.730000000000154969e+00 1.110612232265994415e+01
7.750000000000154543e+00 1.114046544107825554e+01
7.770000000000154117e+00 1.109868983003177689e+01
7.790000000000153690e+00 1.109952214572987295e+01
7.810000000000153264e+00 1.092759991342810189e+01
7.830000000000152838e+00 1.095627323475831005e+01
7.850000000000152411e+00 1.092724214242309699e+01
7.870000000000151985e+00 1.082974141393132506e+01
7.890000000000151559e+00 1.079749073301810292e+01
7.910000000000151132e+00 1.067023979604633155e+01
7.930000000000150706e+00 1.072090220609201516e+01
7.950000000000150280e+00 1.074055577252021010e+01
7.970000000000149853e+00 1.067340751040616809e+01
7.990000000000149427e+00 1.056919012882859832e+01
8.010000000000149001e+00 1.039175078161264132e+01
8.030000000000148574e+00 1.045103833266566795e+01
8.050000000000148148e+00 1.037559977091258112e+01
8.070000000000147722e+00 1.026295147324872481e+01
8.090000000000147296e+00 1.034429808053680055e+01
8.110000000000146869e+00 1.022141151134291803e+01
8.130000000000146443e+00 1.021154735620405418e+01
8.150000000000146017e+00 1.017669179555555736e+01
8.170000000000145590e+00 9.972207193549889936e+00
8.190000000000145164e+00 1.002815619078297438e+01
8.210000000000144738e+00 9.940894203503697568e+00
8.230000000000144311e+00 9.992429528382148263e+00
8.250000000000143885e+00 9.790140144309082970e+00
8.270000000000143459e+00 9.930019165669095926e+00
8.290000000000143032e+00 9.733236996762638427e+00
8.310000000000142606e+00 9.696249816099287600e+00
8.330000000000142180e+00 9.737897148479044418e+00
8.350000000000141753e+00 9.766497739758492003e+00
8.370000000000141327e+00 9.625153104280171235e+00
8.390000000000140901e+00 9.448917741183354480e+00
8.410000000000140474e+00 9.468741053487855552e+00
8.430000000000140048e+00 9.520692899886746829e+00
8.450000000000139622e+00 9.368311971216289891e+00
8.470000000000139195e+00 9.344019721420895763e+00
8.490000000000138769e+00 9.256482636172096434e+00
8.510000000000138343e+00 9.333317958779753454e+00
8.530000000000137916e+00 9.157857126126936365e+00
8.550000000000137490e+00 9.045762525198131954e+00
8.570000000000137064e+00 9.120110776159050303e+00
8.590000000000136637e+00 9.086893582713813089e+00
8.610000000000136211e+00 9.018744104121639182e+00
8.630000000000135785e+00 8.930482878919493217e+00
8.650000000000135358e+00 8.847259430368280775e+00
8.670000000000134932e+00 8.794846663606229242e+00
8.690000000000134506e+00 8.831870297690576521e+00
8.710000000000134079e+00 8.674391663360610849e+00
8.730000000000133653e+00 8.753206651982184283e+00
8.750000000000133227e+00 8.529429112607013863e+00
8.770000000000132800e+00 8.606313349158064341e+00
8.790000000000132374e+00 8.494814135728670834e+00
8.810000000000131948e+00 8.525081771366439298e+00
8.830000000000131521e+00 8.455425254169641747e+00
8.850000000000131095e+00 8.372720900695314938e+00
8.870000000000130669e+00 8.265515075202287676e+00
8.890000000000130242e+00 8.268625568386669400e+00
8.910000000000129816e+00 8.211892775231996566e+00
8.930000000000129390e+00 8.187776207049852317e+00
8.950000000000128964e+00 8.211534546779315491e+00
8.970000000000128537e+00 8.043560740969040168e+00
8.990000000000128111e+00 8.053626074025631354e+00
9.010000000000127685e+00 7.967297957639268624e+00
9.030000000000127258e+00 7.915251428761148844e+00
9.050000000000126832e+00 7.874835578152290516e+00
9.070000000000126406e+00 7.884920384957853301e+00
9.090000000000125979e+00 7.802629907318869407e+00
9.110000000000125553e+00 7.743898848038506699e+00
9.130000000000125127e+00 7.746750397857288917e+00
9.150000000000124700e+00 7.654369714739015507e+00
9.170000000000124274e+00 7.621003447790690721e+00
9.190000000000123848e+00 7.547610146491352978e+00
9.210000000000123421e+00 7.504063549044531989e+00
9.230000000000122995e+00 7.516423458829990523e+00
9.250000000000122569e+00 7.558466385967217427e+00
9.270000000000122142e+00 7.345350334650454727e+00
9.290000000000121716e+00 7.351331166336278145e+00
9.310000000000121290e+00 7.277881872502244498e+00
9.330000000000120863e+00 7.233459914842632621e+00
9.350000000000120437e+00 7.281940126697531213e+00
9.370000000000120011e+00 7.127586292078433416e+00
9.390000000000119584e+00 7.097313745853863765e+00
9.410000000000119158e+00 7.088552510806621854e+00
9.430000000000118732e+00 7.062217471719147710e+00
9.450000000000118305e+00 7.041649051391604353e+00
9.470000000000117879e+00 6.896632982612876717e+00
9.490000000000117453e+00 6.967882468050410338e+00
9.510000000000117026e+00 6.817129811272232054e+00
9.530000000000116600e+00 6.839947777108318583e+00
9.550000000000116174e+00 6.848446775844297285e+00
9.570000000000115747e+00 6.728601903686673325e+00
9.590000000000115321e+00 6.626104362543065562e+00
9.610000000000114895e+00 6.660511065193214009e+00
9.630000000000114468e+00 6.629576667840493265e+00
9.650000000000114042e+00 6.612369621934961472e+00
9.670000000000113616e+00 6.505427378090416823e+00
9.690000000000113189e+00 6.474952348220242904e+00
9.710000000000112763e+00 6.479841633253201394e+00
9.730000000000112337e+00 6.382713803832978705e+00
9.750000000000111910e+00 6.270748793742456861e+00
9.770000000000111484e+00 6.372118757377625009e+00
9.790000000000111058e+00 6.298977318574912942e+00
9.810000000000110632e+00 6.308976957783835715e+00
9.830000000000110205e+00 6.165825618366893579e+00
9.850000000000109779e+00 6.160980511551229277e+00
9.870000000000109353e+00 6.077432590325977380e+00
9.890000000000108926e+00 6.051218558422488236e+00
9.910000000000108500e+00 6.069439421045721872e+00
9.930000000000108074e+00 5.907964425681134557e+00
9.950000000000107647e+00 5.987811191761774232e+00
9.970000000000107221e+00 5.930109386939734328e+00
9.990000000000106795e+00 5.857001820166535921e+00
1.001000000000010637e+01 5.861434293371617699e+00
1.003000000000010594e+01 5.738782375234443123e+00
1.005000000000010552e+01 5.795168567084461486e+00
1.007000000000010509e+01 5.766963615297841628e+00
1.009000000000010466e+01 5.676201159223251302e+00
1.011000000000010424e+01 5.628173208490617085e+00
1.013000000000010381e+01 5.592642953183405652e+00
1.015000000000010338e+01 5.561179554398717251e+00
1.017000000000010296e+01 5.603875710840942048e+00
1.019000000000010253e+01 5.521208927627664131e+00
1.021000000000010210e+01 5.479309678430829500e+00
1.023000000000010168e+01 5.479279976361711491e+00
1.025000000000010125e+01 5.358219447756608744e+00
1.027000000000010083e+01 5.346221805029682805e+00
1.029000000000010040e+01 5.330271185718793880e+00
1.031000000000009997e+01 5.277798018562700477e+00
1.033000000000009955e+01 5.248532239602997862e+00
1.035000000000009912e+01 5.217459146300067019e+00
1.037000000000009869e+01 5.238874313340835087e+00
1.039000000000009827e+01 5.090395364729399574e+00
1.041000000000009784e+01 5.165582235478352935e+00
1.043000000000009742e+01 5.111090259433442640e+00
1.045000000000009699e+01 5.064934518785197959e+00
1.047000000000009656e+01 4.998220716467804969e+00
1.049000000000009614e+01 5.051070848272291691e+00
1.051000000000009571e+01 4.932962076178639244e+00
1.053000000000009528e+01 4.935983748330034615e+00
1.055000000000009486e+01 4.911961107788600955e+00
1.057000000000009443e+01 4.837169992769553950e+00
1.059000000000009400e+01 4.849982758229042012e+00
1.061000000000009358e+01 4.773295409031942604e+00
1.063000000000009315e+01 4.808786889741996085e+00
1.065000000000009273e+01 4.759548193610219968e+00
1.067000000000009230e+01 4.745721229031165223e+00
1.069000000000009187e+01 4.624164318761851078e+00
1.071000000000009145e+01 4.611078620203490352e+00
1.073000000000009102e+01 4.603678884177029751e+00
1.075000000000009059e+01 4.610411222161488354e+00
1.077000000000009017e+01 4.519137494697388568e+00
1.079000000000008974e+01 4.563256274609373442e+00
1.081000000000008932e+01 4.498429166232538634e+00
1.083000000000008889e+01 4.471348333433851074e+00
1.085000000000008846e+01 4.400719347779257440e+00
1.087000000000008804e+01 4.422617037587329492e+00
1.089000000000008761e+01 4.391946542911752793e+00
1.091000000000008718e+01 4.350743989401329337e+00
1.093000000000008676e+01 4.353615209056471258e+00
1.095000000000008633e+01 4.322196528371557100e+00
1.097000000000008590e+01 4.274515732622728770e+00
1.099000000000008548e+01 4.236653947601149994e+00
1.101000000000008505e+01 4.188863702631262953e+00
1.103000000000008463e+01 4.165446611292111356e+00
1.105000000000008420e+01 4.143089397340656177e+00
1.107000000000008377e+01 4.143387683790033194e+00
1.109000000000008335e+01 4.162348035040084326e+00
1.111000000000008292e+01 4.027310753672080246e+00
1.113000000000008249e+01 4.025824491209252010e+00
1.115000000000008207e+01 4.032207786274179639e+00
1.117000000000008164e+01 4.008878271080156708e+00
1.119000000000008122e+01 4.036451076090150636e+00
1.121000000000008079e+01 3.943442227577108383e+00
1.123000000000008036e+01 3.921667780063571307e+00
1.125000000000007994e+01 3.939601796785022536e+00
1.127000000000007951e+01 3.852659099723627634e+00
1.129000000000007908e+01 3.890177113525133290e+00
1.131000000000007866e+01 3.877210611320493605e+00
1.133000000000007823e+01 3.829298740302310655e+00
1.135000000000007780e+01 3.800077532415350401e+00
1.137000000000007738e+01 3.740270652082306579e+00
1.139000000000007695e+01 3.770777315636798743e+00
1.141000000000007653e+01 3.790287621060305590e+00
1.143000000000007610e+01 3.693437101977836257e+00
1.145000000000007567e+01 3.704061039117114262e+00
1.147000000000007525e+01 3.626435566233794816e+00
1.149000000000007482e+01 3.614669138961618344e+00
1.151000000000007439e+01 3.618935739680497754e+00
1.153000000000007397e+01 3.673089396716743504e+00
1.155000000000007354e+01 3.554209399475104725e+00
1.157000000000007311e+01 3.486382924479248580e+00
1.159000000000007269e+01 3.543006992074597683e+00
1.161000000000007226e+01 3.505424449488340866e+00
1.163000000000007184e+01 3.549267282566497261e+00
1.165000000000007141e+01 3.464498243116189702e+00
1.167000000000007098e+01 3.462264837887093716e+00
1.169000000000007056e+01 3.418024779506851019e+00
1.171000000000007013e+01 3.381831221140472632e+00
1.173000000000006970e+01 3.426777706290350611e+00
1.175000000000006928e+01 3.360668406998257307e+00
1.177000000000006885e+01 3.378303792045254550e+00
1.179000000000006843e+01 3.367432253220553839e+00
1.181000000000006800e+01 3.288250258774532142e+00
1.183000000000006757e+01 3.307366026647724944e+00
1.185000000000006715e+01 3.270171107039402614e+00
1.187000000000006672e+01 3.267207181768258195e+00
1.189000000000006629e+01 3.248085249433276811e+00
1.191000000000006587e+01 3.205343425273480040e+00
1.193000000000006544e+01 3.185124849297149563e+00
1.195000000000006501e+01 3.146012309831190290e+00
1.197000000000006459e+01 3.194578963623830425e+00
1.199000000000006416e+01 3.144762540251481830e+00
1.201000000000006374e+01 3.175039615370147672e+00
1.203000000000006331e+01 3.086559542973213777e+00
1.205000000000006288e+01 3.036567574146082027e+00
1.207000000000006246e+01 3.064047530167262501e+00
1.209000000000006203e+01 3.031186756044264907e+00
1.211000000000006160e+01 3.059967560956896371e+00
1.213000000000006118e+01 3.060732546819282529e+00
1.215000000000006075e+01 3.005573994382591874e+00
1.217000000000006033e+01 3.012000507700441254e+00
1.219000000000005990e+01 2.981805585453238816e+00
1.221000000000005947e+01 2.941975837172151387e+00
1.223000000000005905e+01 2.931674523160208601e+00
1.225000000000005862e+01 2.969020848709489790e+00
1.227000000000005819e+01 2.882044772431763491e+00
1.229000000000005777e+01 2.893527680677118852e+00
1.231000000000005734e+01 2.883748245633895202e+00
1.233000000000005691e+01 2.870940122614884515e+00
1.235000000000005649e+01 2.831235057336113581e+00
1.237000000000005606e+01 2.811899740775076317e+00
1.239000000000005564e+01 2.808492895759922003e+00
1.241000000000005521e+01 2.755929291026429251e+00
1.243000000000005478e+01 2.797297425250115044e+00
1.245000000000005436e+01 2.784586060426381238e+00
1.247000000000005393e+01 2.739822624226396108e+00
1.249000000000005350e+01 2.756999011564860158e+00
1.251000000000005308e+01 2.691859572837966841e+00
1.253000000000005265e+01 2.683148303244343502e+00
1.255000000000005222e+01 2.677352224354939914e+00
1.257000000000005180e+01 2.658119164973849369e+00
1.259000000000005137e+01 2.647499455008128777e+00
1.261000000000005095e+01 2.583158321089570997e+00
1.263000000000005052e+01 2.551421582562264145e+00
1.265000000000005009e+01 2.582300861486167332e+00
1.267000000000004967e+01 2.533777511495739265e+00
1.269000000000004924e+01 2.564224453286585881e+00
1.271000000000004881e+01 2.465662712246974309e+00
1.273000000000004839e+01 2.501347958003020899e+00
1.275000000000004796e+01 2.553974083758639324e+00
1.277000000000004754e+01 2.469158987581939968e+00
1.279000000000004711e+01 2.407457381203190305e+00
1.281000000000004668e+01 2.454754110807619405e+00
1.283000000000004626e+01 2.397887618138160093e+00
1.285000000000004583e+01 2.367619020591563483e+00
1.287000000000004540e+01 2.320748493795985468e+00
1.289000000000004498e+01 2.367371589363930440e+00
1.291000000000004455e+01 2.382058109551992153e+00
1.293000000000004412e+01 2.341792588121275998e+00
1.295000000000004370e+01 2.266710122094819813e+00
1.297000000000004327e+01 2.271743709924481713e+00
1.299000000000004285e+01 2.276707214204494623e+00
1.301000000000004242e+01 2.257718708356324377e+00
1.303000000000004199e+01 2.188211647018035055e+00
1.305000000000004157e+01 2.280382151133168556e+00
1.307000000000004114e+01 2.158098238654393430e+00
1.309000000000004071e+01 2.153859730402863715e+00
1.311000000000004029e+01 2.157593471871032786e+00
1.313000000000003986e+01 2.110878161000568021e+00
1.315000000000003944e+01 2.090918248343039298e+00
1.317000000000003901e+01 2.081612690800904275e+00
1.319000000000003858e+01 2.086943880225941683e+00
1.321000000000003816e+01 2.048428636486200105e+00
1.323000000000003773e+01 2.011779617932101250e+00
1.325000000000003730e+01 2.023169461377586131e+00
1.327000000000003688e+01 2.010846605813803922e+00
1.329000000000003645e+01 1.963927521827251388e+00
1.331000000000003602e+01 1.969684100974087304e+00
1.333000000000003560e+01 1.928418754713897343e+00
1.335000000000003517e+01 1.945342807664472984e+00
1.337000000000003475e+01 1.903186102673149360e+00
1.339000000000003432e+01 1.862576949647097857e+00
1.341000000000003389e+01 1.867018558556714058e+00
1.343000000000003347e+01 1.804381800105371081e+00
1.345000000000003304e+01 1.825882496999831073e+00
1.347000000000003261e+01 1.786260239604116951e+00
1.349000000000003219e+01 1.811614480675052485e+00
1.351000000000003176e+01 1.770549393588279230e+00
1.353000000000003133e+01 1.728057011440440549e+00
1.355000000000003091e+01 1.675415377330955025e+00
1.357000000000003048e+01 1.661472456268854314e+00
1.359000000000003006e+01 1.663272580841831383e+00
1.361000000000002963e+01 1.638413585503377234e+00
1.363000000000002920e+01 1.583737865239768894e+00
1.365000000000002878e+01 1.552475699997302172e+00
1.367000000000002835e+01 1.496768038864660033e+00
1.369000000000002792e+01 1.458351214349221880e+00
1.371000000000002750e+01 1.431826463932823534e+00
1.373000000000002707e+01 1.443782453431133650e+00
1.375000000000002665e+01 1.390346314495674029e+00
1.377000000000002622e+01 1.296811063316349433e+00
1.379000000000002579e+01 1.319990840133759225e+00
1.381000000000002537e+01 1.276753538394944876e+00
1.383000000000002494e+01 1.216278834884186200e+00
1.385000000000002451e+01 1.199963629289686695e+00
1.387000000000002409e+01 1.155122108524871294e+00
1.389000000000002366e+01 1.108240031822425475e+00
1.391000000000002323e+01 1.094926447388409052e+00
1.393000000000002281e+01 1.074935135943967612e+00
1.395000000000002238e+01 9.968351097600840482e-01
1.397000000000002196e+01 9.819196422227518539e-01
1.399000000000002153e+01 9.549388924519637278e-01
1.401000000000002110e+01 9.011549439356184577e-01
1.403000000000002068e+01 9.349968052247543682e-01
1.405000000000002025e+01 9.111310075391444441e-01
1.407000000000001982e+01 8.835526342837153324e-01
1.409000000000001940e+01 8.795963122498466902e-01
1.411000000000001897e+01 8.663970209160662961e-01
1.413000000000001855e+01 8.342945157758381303e-01
1.415000000000001812e+01 7.862917441271175534e-01
1.417000000000001769e+01 7.461027231569122842e-01
1.419000000000001727e+01 7.050421940036850632e-01
1.421000000000001684e+01 7.054334988291132147e-01
1.423000000000001641e+01 6.655211420444556714e-01
1.425000000000001599e+01 6.230283785254858708e-01
1.427000000000001556e+01 6.162506842047934530e-01
1.429000000000001513e+01 5.743918900444490161e-01
1.431000000000001471e+01 5.650024545463435688e-01
1.433000000000001428e+01 5.314247288987666851e-01
1.435000000000001386e+01 4.757045053112957111e-01
1.437000000000001343e+01 4.611832285420641719e-01
1.439000000000001300e+01 4.157314360194659941e-01
1.441000000000001258e+01 3.799397046040211556e-01
1.443000000000001215e+01 3.568649108778084167e-01
1.445000000000001172e+01 3.291960907186476382e-01
1.447000000000001130e+01 2.848643180599906843e-01
1.449000000000001087e+01 2.379438591874900033e-01
1.451000000000001044e+01 2.046334561766307847e-01
1.453000000000001002e+01 1.903915682645347107e-01
1.455000000000000959e+01 1.625189475681918794e-01
1.457000000000000917e+01 1.319179775697410240e-01
1.459000000000000874e+01 4.444320102672727479e-02
1.461000000000000831e+01 3.064406652271514306e-02
1.463000000000000789e+01 2.504078207440342888e-02
1.465000000000000746e+01 1.948187314708811277e-02
1.467000000000000703e+01 8.315393248040408442e-03
1.469000000000000661e+01 2.773787463947270573e-03
1.471000000000000618e+01 1.592412997669736689e-17
1.473000000000000576e+01 1.305571493398210533e-17
1.475000000000000533e+01 0.000000000000000000e+00
1.477000000000000490e+01 0.000000000000000000e+00
1.479000000000000448e+01 0.000000000000000000e+00
1.481000000000000405e+01 0.000000000000000000e+00
1.483000000000000362e+01 0.000000000000000000e+00
1.485000000000000320e+01 0.000000000000000000e+00
1.487000000000000277e+01 0.000000000000000000e+00
1.489000000000000234e+01 0.000000000000000000e+00
1.491000000000000192e+01 0.000000000000000000e+00
1.493000000000000149e+01 0.000000000000000000e+00
1.495000000000000107e+01 0.000000000000000000e+00
1.497000000000000064e+01 0.000000000000000000e+00
1.499000000000000021e+01 0.000000000000000000e+00
