# Redshift		Merger Rate Density [Gpc^-3yr^-1]
1.000000000031931770e-02 1.408913020011137363e+01
3.000000000031888964e-02 1.455981234432554672e+01
5.000000000031846331e-02 1.458130228470868062e+01
7.000000000031804392e-02 1.470363681896098740e+01
9.000000000031761760e-02 1.493127916356648832e+01
1.100000000003171913e-01 1.537669686712916040e+01
1.300000000003167511e-01 1.546143906294853387e+01
1.500000000003163247e-01 1.588643222251096532e+01
1.700000000003158984e-01 1.589203868612491988e+01
1.900000000003154721e-01 1.611866123325425448e+01
2.100000000003150458e-01 1.623770813317736028e+01
2.300000000003146194e-01 1.671241795355099313e+01
2.500000000003141931e-01 1.700709225994024720e+01
2.700000000003137668e-01 1.746474344849451299e+01
2.900000000003133405e-01 1.785496487719040815e+01
3.100000000003129141e-01 1.840768926882284973e+01
3.300000000003124878e-01 1.891229342178495543e+01
3.500000000003120615e-01 1.927706476038522254e+01
3.700000000003116352e-01 1.949108565103065516e+01
3.900000000003112088e-01 1.988107371345536123e+01
4.100000000003107825e-01 2.014033587897143818e+01
4.300000000003103562e-01 2.054512485318624115e+01
4.500000000003099299e-01 2.108421080464674091e+01
4.700000000003095035e-01 2.131417207139311998e+01
4.900000000003090772e-01 2.194400637063684911e+01
5.100000000003086509e-01 2.213647122163030545e+01
5.300000000003082246e-01 2.241401325087152330e+01
5.500000000003077982e-01 2.283261664621089793e+01
5.700000000003073719e-01 2.284946572113586072e+01
5.900000000003069456e-01 2.318028912983069034e+01
6.100000000003065193e-01 2.322132145908437906e+01
6.300000000003060929e-01 2.398567686069935689e+01
6.500000000003056666e-01 2.400943857853999930e+01
6.700000000003052403e-01 2.463014981829138250e+01
6.900000000003048140e-01 2.463932723295580374e+01
7.100000000003043876e-01 2.466726227685137118e+01
7.300000000003039613e-01 2.556113402294231207e+01
7.500000000003035350e-01 2.580274616418189737e+01
7.700000000003031086e-01 2.626141968241515201e+01
7.900000000003026823e-01 2.696336495359539498e+01
8.100000000003022560e-01 2.736657082064517255e+01
8.300000000003018297e-01 2.778854297758611480e+01
8.500000000003014033e-01 2.792377506186419112e+01
8.700000000003009770e-01 2.869428540578075726e+01
8.900000000003005507e-01 2.887555050011507163e+01
9.100000000003001244e-01 2.940342399618873515e+01
9.300000000002996980e-01 2.965597667174565899e+01
9.500000000002992717e-01 3.043811527102278802e+01
9.700000000002988454e-01 3.036041988135770708e+01
9.900000000002984191e-01 3.106547960048408186e+01
1.010000000000297993e+00 3.097492292114058543e+01
1.030000000000297566e+00 3.207455101535175146e+01
1.050000000000297140e+00 3.236313893635398387e+01
1.070000000000296714e+00 3.214993100773300938e+01
1.090000000000296287e+00 3.218943659689548298e+01
1.110000000000295861e+00 3.357371638185999529e+01
1.130000000000295435e+00 3.317658978513753709e+01
1.150000000000295008e+00 3.366038936027822359e+01
1.170000000000294582e+00 3.430827396262966289e+01
1.190000000000294156e+00 3.438012499078656248e+01
1.210000000000293729e+00 3.487139361349652233e+01
1.230000000000293303e+00 3.486718131709650947e+01
1.250000000000292877e+00 3.476880547581336600e+01
1.270000000000292451e+00 3.536995857933545295e+01
1.290000000000292024e+00 3.541826375906647684e+01
1.310000000000291598e+00 3.520327613960346014e+01
1.330000000000291172e+00 3.559974927211275286e+01
1.350000000000290745e+00 3.605906292756565534e+01
1.370000000000290319e+00 3.640668153799937556e+01
1.390000000000289893e+00 3.578795182263640839e+01
1.410000000000289466e+00 3.647833605424790449e+01
1.430000000000289040e+00 3.653993702487502304e+01
1.450000000000288614e+00 3.683935138512597263e+01
1.470000000000288187e+00 3.653703565114595619e+01
1.490000000000287761e+00 3.733679393543719272e+01
1.510000000000287335e+00 3.716929715197750284e+01
1.530000000000286908e+00 3.805336806921854276e+01
1.550000000000286482e+00 3.740238471401640652e+01
1.570000000000286056e+00 3.801056904056503072e+01
1.590000000000285629e+00 3.810373869732482177e+01
1.610000000000285203e+00 3.815363876895510487e+01
1.630000000000284777e+00 3.893065656065193281e+01
1.650000000000284350e+00 3.844870291641034754e+01
1.670000000000283924e+00 3.849315584957429337e+01
1.690000000000283498e+00 3.864565866494784530e+01
1.710000000000283071e+00 3.924435054997100991e+01
1.730000000000282645e+00 3.882073591776234167e+01
1.750000000000282219e+00 3.895684417621212248e+01
1.770000000000281792e+00 3.913418456485062791e+01
1.790000000000281366e+00 3.905509708494908239e+01
1.810000000000280940e+00 3.968656327371463988e+01
1.830000000000280513e+00 3.884435444996044851e+01
1.850000000000280087e+00 3.939882144220680971e+01
1.870000000000279661e+00 3.877116804279033602e+01
1.890000000000279234e+00 3.877145876107291400e+01
1.910000000000278808e+00 3.902948480503724937e+01
1.930000000000278382e+00 3.961795393324770487e+01
1.950000000000277955e+00 3.923733176608310202e+01
1.970000000000277529e+00 3.923937838897656860e+01
1.990000000000277103e+00 3.941065997368441742e+01
2.010000000000276899e+00 3.887808530709995125e+01
2.030000000000276472e+00 3.940550483233151624e+01
2.050000000000276046e+00 3.848219193542954741e+01
2.070000000000275620e+00 3.893277026120622963e+01
2.090000000000275193e+00 3.878345668911332211e+01
2.110000000000274767e+00 3.868909709561499000e+01
2.130000000000274341e+00 3.871933581280475067e+01
2.150000000000273914e+00 3.922780938662474171e+01
2.170000000000273488e+00 3.838001217862986891e+01
2.190000000000273062e+00 3.830739378845179743e+01
2.210000000000272635e+00 3.872327498956774150e+01
2.230000000000272209e+00 3.797053684822884634e+01
2.250000000000271783e+00 3.846189521032403036e+01
2.270000000000271356e+00 3.800133534262372592e+01
2.290000000000270930e+00 3.823145423750145255e+01
2.310000000000270504e+00 3.803301325090927776e+01
2.330000000000270077e+00 3.827258694608951828e+01
2.350000000000269651e+00 3.774805347091287899e+01
2.370000000000269225e+00 3.764025103778073600e+01
2.390000000000268798e+00 3.779543907015409587e+01
2.410000000000268372e+00 3.816394311937486350e+01
2.430000000000267946e+00 3.683814933175948170e+01
2.450000000000267519e+00 3.780917113458415457e+01
2.470000000000267093e+00 3.744695250830221767e+01
2.490000000000266667e+00 3.700441299960800023e+01
2.510000000000266240e+00 3.712272587655323264e+01
2.530000000000265814e+00 3.713781010935280591e+01
2.550000000000265388e+00 3.672781269893807377e+01
2.570000000000264961e+00 3.724219766997376979e+01
2.590000000000264535e+00 3.652550479746234657e+01
2.610000000000264109e+00 3.600820695082052936e+01
2.630000000000263682e+00 3.674443953029432919e+01
2.650000000000263256e+00 3.651418248164431191e+01
2.670000000000262830e+00 3.606888381580196068e+01
2.690000000000262403e+00 3.656596678749574636e+01
2.710000000000261977e+00 3.558958895495882047e+01
2.730000000000261551e+00 3.542117573416695109e+01
2.750000000000261124e+00 3.575540786420855710e+01
2.770000000000260698e+00 3.520711834183149591e+01
2.790000000000260272e+00 3.549495573961863215e+01
2.810000000000259845e+00 3.479191149199131416e+01
2.830000000000259419e+00 3.551819658393299051e+01
2.850000000000258993e+00 3.468542926935982251e+01
2.870000000000258567e+00 3.481146365847136082e+01
2.890000000000258140e+00 3.498357232116724447e+01
2.910000000000257714e+00 3.437195731396408149e+01
2.930000000000257288e+00 3.460177857640850618e+01
2.950000000000256861e+00 3.387657310141744205e+01
2.970000000000256435e+00 3.408934442515440821e+01
2.990000000000256009e+00 3.399626355747334117e+01
3.010000000000255582e+00 3.399668766570778899e+01
3.030000000000255156e+00 3.355023289633150796e+01
3.050000000000254730e+00 3.360819662840589928e+01
3.070000000000254303e+00 3.446369975941398422e+01
3.090000000000253877e+00 3.310902326933974393e+01
3.110000000000253451e+00 3.321496721090934301e+01
3.130000000000253024e+00 3.346782559008968150e+01
3.150000000000252598e+00 3.305103546115070401e+01
3.170000000000252172e+00 3.299698188320382286e+01
3.190000000000251745e+00 3.316538355891789536e+01
3.210000000000251319e+00 3.256652604223100411e+01
3.230000000000250893e+00 3.330748653375977142e+01
3.250000000000250466e+00 3.275390195288719042e+01
3.270000000000250040e+00 3.213176348096410351e+01
3.290000000000249614e+00 3.270004509058895081e+01
3.310000000000249187e+00 3.259751349461234327e+01
3.330000000000248761e+00 3.201275120171323607e+01
3.350000000000248335e+00 3.267676419013897515e+01
3.370000000000247908e+00 3.168071819843534698e+01
3.390000000000247482e+00 3.195674705977675245e+01
3.410000000000247056e+00 3.167414649427631090e+01
3.430000000000246629e+00 3.170299742137638432e+01
3.450000000000246203e+00 3.139609618587136453e+01
3.470000000000245777e+00 3.118799064640428398e+01
3.490000000000245350e+00 3.099180031338528352e+01
3.510000000000244924e+00 3.143192094827223926e+01
3.530000000000244498e+00 3.116447239375845868e+01
3.550000000000244071e+00 3.031594723414446335e+01
3.570000000000243645e+00 3.047042093504333238e+01
3.590000000000243219e+00 3.052516899734991185e+01
3.610000000000242792e+00 3.071913001898371576e+01
3.630000000000242366e+00 3.038965997484633874e+01
3.650000000000241940e+00 3.021889596974585146e+01
3.670000000000241513e+00 3.000042104878480487e+01
3.690000000000241087e+00 2.966707932456844787e+01
3.710000000000240661e+00 3.023682928355275124e+01
3.730000000000240234e+00 2.952528498435415116e+01
3.750000000000239808e+00 3.003823925793736294e+01
3.770000000000239382e+00 2.944844717072000861e+01
3.790000000000238956e+00 2.966242391641905485e+01
3.810000000000238529e+00 2.911573070548784159e+01
3.830000000000238103e+00 2.920392775205457525e+01
3.850000000000237677e+00 2.944189531087520706e+01
3.870000000000237250e+00 2.934092578762541592e+01
3.890000000000236824e+00 2.892248156344806276e+01
3.910000000000236398e+00 2.921816304331243330e+01
3.930000000000235971e+00 2.894745871635785761e+01
3.950000000000235545e+00 2.878285540598051639e+01
3.970000000000235119e+00 2.889536783408387421e+01
3.990000000000234692e+00 2.866565995740634776e+01
4.010000000000234266e+00 2.867380533859496339e+01
4.030000000000233840e+00 2.838530313187484566e+01
4.050000000000233413e+00 2.846902947960793284e+01
4.070000000000232987e+00 2.880717054059516613e+01
4.090000000000232561e+00 2.811253872143698374e+01
4.110000000000232134e+00 2.831173249895135058e+01
4.130000000000231708e+00 2.841196107761482992e+01
4.150000000000231282e+00 2.805729683330418212e+01
4.170000000000230855e+00 2.777161640946764010e+01
4.190000000000230429e+00 2.803756656777193612e+01
4.210000000000230003e+00 2.808945641396956105e+01
4.230000000000229576e+00 2.772085676589705017e+01
4.250000000000229150e+00 2.774029364965940303e+01
4.270000000000228724e+00 2.778034514346735406e+01
4.290000000000228297e+00 2.768595778584579392e+01
4.310000000000227871e+00 2.710434520917164747e+01
4.330000000000227445e+00 2.780610132969534476e+01
4.350000000000227018e+00 2.727290380997086316e+01
4.370000000000226592e+00 2.707117997216331062e+01
4.390000000000226166e+00 2.721838384442654046e+01
4.410000000000225739e+00 2.735523567250254118e+01
4.430000000000225313e+00 2.681005860651568540e+01
4.450000000000224887e+00 2.678163127213307249e+01
4.470000000000224460e+00 2.699199007192314426e+01
4.490000000000224034e+00 2.711433327697281825e+01
4.510000000000223608e+00 2.663011875465240763e+01
4.530000000000223181e+00 2.669727259291936861e+01
4.550000000000222755e+00 2.679712924755813219e+01
4.570000000000222329e+00 2.624863194426205482e+01
4.590000000000221902e+00 2.645906777861185333e+01
4.610000000000221476e+00 2.612207341084501877e+01
4.630000000000221050e+00 2.684959811579406974e+01
4.650000000000220624e+00 2.579109082466219149e+01
4.670000000000220197e+00 2.647611723716032373e+01
4.690000000000219771e+00 2.607701017484465922e+01
4.710000000000219345e+00 2.602840580190611774e+01
4.730000000000218918e+00 2.549105911562629956e+01
4.750000000000218492e+00 2.592209448053678145e+01
4.770000000000218066e+00 2.596923971997864555e+01
4.790000000000217639e+00 2.534627910364307368e+01
4.810000000000217213e+00 2.582972351302275982e+01
4.830000000000216787e+00 2.540584090351910262e+01
4.850000000000216360e+00 2.521203871930166329e+01
4.870000000000215934e+00 2.514150625697654462e+01
4.890000000000215508e+00 2.524875536344150717e+01
4.910000000000215081e+00 2.548486790061960860e+01
4.930000000000214655e+00 2.469315247086033338e+01
4.950000000000214229e+00 2.516724139124401205e+01
4.970000000000213802e+00 2.467907667291094498e+01
4.990000000000213376e+00 2.475202132144227818e+01
5.010000000000212950e+00 2.504151796723963130e+01
5.030000000000212523e+00 2.441487508321148070e+01
5.050000000000212097e+00 2.465269703663692979e+01
5.070000000000211671e+00 2.444441392755571485e+01
5.090000000000211244e+00 2.415036855181734410e+01
5.110000000000210818e+00 2.451123909270004120e+01
5.130000000000210392e+00 2.415359695358014847e+01
5.150000000000209965e+00 2.431356544618929760e+01
5.170000000000209539e+00 2.399627669620256754e+01
5.190000000000209113e+00 2.409740498342462800e+01
5.210000000000208686e+00 2.386506473816945118e+01
5.230000000000208260e+00 2.404204042160999322e+01
5.250000000000207834e+00 2.364872024989489674e+01
5.270000000000207407e+00 2.373332783509312449e+01
5.290000000000206981e+00 2.347335908458043363e+01
5.310000000000206555e+00 2.368162155874425423e+01
5.330000000000206128e+00 2.362652290050527881e+01
5.350000000000205702e+00 2.341904678723102862e+01
5.370000000000205276e+00 2.322921118033673693e+01
5.390000000000204849e+00 2.329897511099392915e+01
5.410000000000204423e+00 2.321015492710934680e+01
5.430000000000203997e+00 2.333944757317459562e+01
5.450000000000203570e+00 2.289336262447019976e+01
5.470000000000203144e+00 2.299853624770803151e+01
5.490000000000202718e+00 2.283326747703638659e+01
5.510000000000202292e+00 2.299257772884712381e+01
5.530000000000201865e+00 2.311977325711769637e+01
5.550000000000201439e+00 2.247090529163244099e+01
5.570000000000201013e+00 2.269729349426355114e+01
5.590000000000200586e+00 2.238502357085701888e+01
5.610000000000200160e+00 2.265358029712571053e+01
5.630000000000199734e+00 2.251790314693652917e+01
5.650000000000199307e+00 2.237726555631419245e+01
5.670000000000198881e+00 2.220092959984832248e+01
5.690000000000198455e+00 2.225731593422266030e+01
5.710000000000198028e+00 2.206958180617331422e+01
5.730000000000197602e+00 2.223485724641706440e+01
5.750000000000197176e+00 2.189304249337975605e+01
5.770000000000196749e+00 2.212539741624698308e+01
5.790000000000196323e+00 2.174186558472194974e+01
5.810000000000195897e+00 2.184753867646395165e+01
5.830000000000195470e+00 2.163414589439034330e+01
5.850000000000195044e+00 2.163106691178207797e+01
5.870000000000194618e+00 2.193530465599083712e+01
5.890000000000194191e+00 2.164761737489443760e+01
5.910000000000193765e+00 2.134752182385799912e+01
5.930000000000193339e+00 2.153747665591519933e+01
5.950000000000192912e+00 2.147903554710201135e+01
5.970000000000192486e+00 2.124796889704938962e+01
5.990000000000192060e+00 2.154881221144823300e+01
6.010000000000191633e+00 2.111476292377224695e+01
6.030000000000191207e+00 2.111310759150171990e+01
6.050000000000190781e+00 2.103149989152481325e+01
6.070000000000190354e+00 2.105870263327047098e+01
6.090000000000189928e+00 2.118976919712496354e+01
6.110000000000189502e+00 2.078656168355587042e+01
6.130000000000189075e+00 2.101780453718126296e+01
6.150000000000188649e+00 2.071028905531317221e+01
6.170000000000188223e+00 2.075095790711215216e+01
6.190000000000187796e+00 2.079094559825031396e+01
6.210000000000187370e+00 2.062846526301067129e+01
6.230000000000186944e+00 2.057939934425445117e+01
6.250000000000186517e+00 2.062159060095576635e+01
6.270000000000186091e+00 2.050215754713888217e+01
6.290000000000185665e+00 2.048202118421714957e+01
6.310000000000185238e+00 2.027742741145559435e+01
6.330000000000184812e+00 2.012009341696257181e+01
6.350000000000184386e+00 2.038833955464141923e+01
6.370000000000183960e+00 2.011836293173977808e+01
6.390000000000183533e+00 2.012281646615351605e+01
6.410000000000183107e+00 2.009885850911929950e+01
6.430000000000182681e+00 1.980680378616440507e+01
6.450000000000182254e+00 1.988570023695661959e+01
6.470000000000181828e+00 1.985367004630987964e+01
6.490000000000181402e+00 1.976365190847892350e+01
6.510000000000180975e+00 1.954897352441048852e+01
6.530000000000180549e+00 1.963447632468299986e+01
6.550000000000180123e+00 1.984915049509036322e+01
6.570000000000179696e+00 1.943397724431648399e+01
6.590000000000179270e+00 1.950377343943759811e+01
6.610000000000178844e+00 1.954916919817956966e+01
6.630000000000178417e+00 1.914262173455809801e+01
6.650000000000177991e+00 1.916488593973317123e+01
6.670000000000177565e+00 1.920908347656962079e+01
6.690000000000177138e+00 1.893036104946240883e+01
6.710000000000176712e+00 1.904984453769638364e+01
6.730000000000176286e+00 1.887377669357472598e+01
6.750000000000175859e+00 1.864300448037899471e+01
6.770000000000175433e+00 1.882324177732332160e+01
6.790000000000175007e+00 1.875617948468084961e+01
6.810000000000174580e+00 1.850225942047160643e+01
6.830000000000174154e+00 1.844878637178777581e+01
6.850000000000173728e+00 1.840921685498405580e+01
6.870000000000173301e+00 1.817044284999082748e+01
6.890000000000172875e+00 1.836283618255374961e+01
6.910000000000172449e+00 1.802807276430310424e+01
6.930000000000172022e+00 1.805395639063462099e+01
6.950000000000171596e+00 1.818385593658814159e+01
6.970000000000171170e+00 1.785385080357835363e+01
6.990000000000170743e+00 1.782028781458654265e+01
7.010000000000170317e+00 1.779400557753675471e+01
7.030000000000169891e+00 1.768135230692022830e+01
7.050000000000169464e+00 1.752370958352063468e+01
7.070000000000169038e+00 1.751742970062297999e+01
7.090000000000168612e+00 1.737542255326093255e+01
7.110000000000168185e+00 1.726172127421652647e+01
7.130000000000167759e+00 1.720227162429964451e+01
7.150000000000167333e+00 1.712115298660498652e+01
7.170000000000166906e+00 1.703675711867207454e+01
7.190000000000166480e+00 1.687510446464581548e+01
7.210000000000166054e+00 1.681479554817714828e+01
7.230000000000165628e+00 1.693389834792727910e+01
7.250000000000165201e+00 1.656216688019068073e+01
7.270000000000164775e+00 1.661747155197979708e+01
7.290000000000164349e+00 1.639314711397581803e+01
7.310000000000163922e+00 1.636703608067158555e+01
7.330000000000163496e+00 1.625663746628572071e+01
7.350000000000163070e+00 1.617697615679809431e+01
7.370000000000162643e+00 1.600922610739507235e+01
7.390000000000162217e+00 1.592848939027848232e+01
7.410000000000161791e+00 1.580859654094271605e+01
7.430000000000161364e+00 1.572310134729603170e+01
7.450000000000160938e+00 1.574031590501455469e+01
7.470000000000160512e+00 1.562431350724621204e+01
7.490000000000160085e+00 1.546733104425550209e+01
7.510000000000159659e+00 1.538083393205840643e+01
7.530000000000159233e+00 1.531979820743712750e+01
7.550000000000158806e+00 1.503158323004750585e+01
7.570000000000158380e+00 1.504836270662179487e+01
7.590000000000157954e+00 1.492109157305073808e+01
7.610000000000157527e+00 1.507199049092090171e+01
7.630000000000157101e+00 1.472612746923921989e+01
7.650000000000156675e+00 1.452051290405114159e+01
7.670000000000156248e+00 1.472728532286788194e+01
7.690000000000155822e+00 1.438825707665043652e+01
7.710000000000155396e+00 1.437320484962051381e+01
7.730000000000154969e+00 1.428111782495615500e+01
7.750000000000154543e+00 1.403578299833496423e+01
7.770000000000154117e+00 1.403327121834775681e+01
7.790000000000153690e+00 1.386285328471707068e+01
7.810000000000153264e+00 1.373882355981381309e+01
7.830000000000152838e+00 1.375646991847578349e+01
7.850000000000152411e+00 1.355837040388122716e+01
7.870000000000151985e+00 1.347807449980231453e+01
7.890000000000151559e+00 1.343433516727162669e+01
7.910000000000151132e+00 1.324553386241442077e+01
7.930000000000150706e+00 1.312689995163878010e+01
7.950000000000150280e+00 1.306214675663280822e+01
7.970000000000149853e+00 1.293899575175949046e+01
7.990000000000149427e+00 1.286150625133232950e+01
8.010000000000149001e+00 1.271439903013780892e+01
8.030000000000148574e+00 1.260600816592305584e+01
8.050000000000148148e+00 1.260903678349228763e+01
8.070000000000147722e+00 1.232314727903636786e+01
8.090000000000147296e+00 1.234662723488559699e+01
8.110000000000146869e+00 1.229078375043629201e+01
8.130000000000146443e+00 1.208755363665417981e+01
8.150000000000146017e+00 1.197069489370558060e+01
8.170000000000145590e+00 1.179950018542302814e+01
8.190000000000145164e+00 1.173583932930043083e+01
8.210000000000144738e+00 1.181479540457088184e+01
8.230000000000144311e+00 1.158333687912591792e+01
8.250000000000143885e+00 1.142860564919031319e+01
8.270000000000143459e+00 1.127350041660415059e+01
8.290000000000143032e+00 1.132036539119622098e+01
8.310000000000142606e+00 1.106108247839585701e+01
8.330000000000142180e+00 1.107723267027060032e+01
8.350000000000141753e+00 1.092200445622440874e+01
8.370000000000141327e+00 1.081148236458857603e+01
8.390000000000140901e+00 1.061618311565274020e+01
8.410000000000140474e+00 1.061039221086921103e+01
8.430000000000140048e+00 1.053144618253134723e+01
8.450000000000139622e+00 1.041584184611345876e+01
8.470000000000139195e+00 1.021876967507948741e+01
8.490000000000138769e+00 1.027358257763117244e+01
8.510000000000138343e+00 9.952269502907398646e+00
8.530000000000137916e+00 9.981770342082226577e+00
8.550000000000137490e+00 9.854265844608324443e+00
8.570000000000137064e+00 9.755134163657269042e+00
8.590000000000136637e+00 9.683388831826956533e+00
8.610000000000136211e+00 9.568545383255228742e+00
8.630000000000135785e+00 9.461311507560338896e+00
8.650000000000135358e+00 9.324254926263252585e+00
8.670000000000134932e+00 9.266781723071050081e+00
8.690000000000134506e+00 9.105431424147676367e+00
8.710000000000134079e+00 9.103745197600899175e+00
8.730000000000133653e+00 8.951170899331811981e+00
8.750000000000133227e+00 8.938956626505222047e+00
8.770000000000132800e+00 8.735262374947703634e+00
8.790000000000132374e+00 8.625123629987109908e+00
8.810000000000131948e+00 8.584176100438806856e+00
8.830000000000131521e+00 8.406766983620073574e+00
8.850000000000131095e+00 8.444102284753508769e+00
8.870000000000130669e+00 8.241427069152566176e+00
8.890000000000130242e+00 8.198284691200067087e+00
8.910000000000129816e+00 8.060992172074357143e+00
8.930000000000129390e+00 7.956099207774639304e+00
8.950000000000128964e+00 7.871244802809806984e+00
8.970000000000128537e+00 7.784975182271749894e+00
8.990000000000128111e+00 7.784173722632319325e+00
9.010000000000127685e+00 7.561148228149477291e+00
9.030000000000127258e+00 7.520021411864142635e+00
9.050000000000126832e+00 7.409415193798519539e+00
9.070000000000126406e+00 7.318722091977766020e+00
9.090000000000125979e+00 7.215883840383609638e+00
9.110000000000125553e+00 7.185835492365751698e+00
9.130000000000125127e+00 7.122099911659955040e+00
9.150000000000124700e+00 7.029289420577026881e+00
9.170000000000124274e+00 6.926187651731974704e+00
9.190000000000123848e+00 6.781893802519696202e+00
9.210000000000123421e+00 6.682814574337371916e+00
9.230000000000122995e+00 6.699010125880244360e+00
9.250000000000122569e+00 6.598832741865240159e+00
9.270000000000122142e+00 6.523351896003808825e+00
9.290000000000121716e+00 6.387719283601508202e+00
9.310000000000121290e+00 6.234246817858203116e+00
9.330000000000120863e+00 6.210458700935668652e+00
9.350000000000120437e+00 6.149018511742462501e+00
9.370000000000120011e+00 6.070480198368536584e+00
9.390000000000119584e+00 6.000302339328446699e+00
9.410000000000119158e+00 5.934591499222618083e+00
9.430000000000118732e+00 5.767521188799531906e+00
9.450000000000118305e+00 5.811097122193404019e+00
9.470000000000117879e+00 5.649923922768670614e+00
9.490000000000117453e+00 5.661083120740616259e+00
9.510000000000117026e+00 5.522578721675475144e+00
9.530000000000116600e+00 5.513259214139361042e+00
9.550000000000116174e+00 5.401016503969326976e+00
9.570000000000115747e+00 5.283793544054494085e+00
9.590000000000115321e+00 5.288793916209604262e+00
9.610000000000114895e+00 5.149193699567465643e+00
9.630000000000114468e+00 5.120209560628313561e+00
9.650000000000114042e+00 5.066470957887132975e+00
9.670000000000113616e+00 4.985228186937978201e+00
9.690000000000113189e+00 4.873798413470253443e+00
9.710000000000112763e+00 4.796075047863242347e+00
9.730000000000112337e+00 4.837688660708425736e+00
9.750000000000111910e+00 4.699439773741113768e+00
9.770000000000111484e+00 4.663609484431582075e+00
9.790000000000111058e+00 4.559666813466198398e+00
9.810000000000110632e+00 4.538627839794385110e+00
9.830000000000110205e+00 4.483864675439249936e+00
9.850000000000109779e+00 4.359830800812536822e+00
9.870000000000109353e+00 4.386764777883111144e+00
9.890000000000108926e+00 4.326187299633414973e+00
9.910000000000108500e+00 4.210202999157544923e+00
9.930000000000108074e+00 4.147546638175273692e+00
9.950000000000107647e+00 4.135762249978143679e+00
9.970000000000107221e+00 4.014693669069096416e+00
9.990000000000106795e+00 4.032394734922947421e+00
1.001000000000010637e+01 3.970870178072717138e+00
1.003000000000010594e+01 3.854051782199554577e+00
1.005000000000010552e+01 3.844874476239175998e+00
1.007000000000010509e+01 3.797754657633642061e+00
1.009000000000010466e+01 3.755030579137795588e+00
1.011000000000010424e+01 3.721966520829159020e+00
1.013000000000010381e+01 3.660150921830346515e+00
1.015000000000010338e+01 3.586061961531179509e+00
1.017000000000010296e+01 3.565614460435253097e+00
1.019000000000010253e+01 3.491968708859095827e+00
1.021000000000010210e+01 3.435214935592615149e+00
1.023000000000010168e+01 3.407786002629867639e+00
1.025000000000010125e+01 3.367216866023324151e+00
1.027000000000010083e+01 3.316468504510733162e+00
1.029000000000010040e+01 3.276185545813216748e+00
1.031000000000009997e+01 3.190892142208563431e+00
1.033000000000009955e+01 3.204512190558758356e+00
1.035000000000009912e+01 3.180575645809477603e+00
1.037000000000009869e+01 3.121108817194270468e+00
1.039000000000009827e+01 3.054528379838496566e+00
1.041000000000009784e+01 3.018775646642577914e+00
1.043000000000009742e+01 3.033266274678502850e+00
1.045000000000009699e+01 2.936481466539708318e+00
1.047000000000009656e+01 2.900022753817743215e+00
1.049000000000009614e+01 2.876469416345697194e+00
1.051000000000009571e+01 2.873657045200133542e+00
1.053000000000009528e+01 2.779945926851612459e+00
1.055000000000009486e+01 2.742434221875753586e+00
1.057000000000009443e+01 2.755875363925949451e+00
1.059000000000009400e+01 2.693523814154295426e+00
1.061000000000009358e+01 2.659373590574365842e+00
1.063000000000009315e+01 2.647341927274672990e+00
1.065000000000009273e+01 2.617945225325291503e+00
1.067000000000009230e+01 2.577914291250985812e+00
1.069000000000009187e+01 2.536992662893922557e+00
1.071000000000009145e+01 2.508426281838720406e+00
1.073000000000009102e+01 2.451076228199617901e+00
1.075000000000009059e+01 2.447624951959119777e+00
1.077000000000009017e+01 2.429144140245075523e+00
1.079000000000008974e+01 2.358029868313780586e+00
1.081000000000008932e+01 2.334915864154184284e+00
1.083000000000008889e+01 2.320058489112777345e+00
1.085000000000008846e+01 2.299059418076389250e+00
1.087000000000008804e+01 2.296002037873743351e+00
1.089000000000008761e+01 2.254709035962223052e+00
1.091000000000008718e+01 2.263633522844349599e+00
1.093000000000008676e+01 2.198810150048438494e+00
1.095000000000008633e+01 2.197022003716047500e+00
1.097000000000008590e+01 2.155344675213267891e+00
1.099000000000008548e+01 2.089851310274038365e+00
1.101000000000008505e+01 2.090502557201988409e+00
1.103000000000008463e+01 2.066522067724586798e+00
1.105000000000008420e+01 2.085160869923693649e+00
1.107000000000008377e+01 2.028049824621249719e+00
1.109000000000008335e+01 2.023963965957618516e+00
1.111000000000008292e+01 1.999010860265268752e+00
1.113000000000008249e+01 1.989974342630510984e+00
1.115000000000008207e+01 1.959038738343766850e+00
1.117000000000008164e+01 1.935177784816441093e+00
1.119000000000008122e+01 1.912931122528991779e+00
1.121000000000008079e+01 1.896148462237461585e+00
1.123000000000008036e+01 1.891124208300714926e+00
1.125000000000007994e+01 1.853850483066388000e+00
1.127000000000007951e+01 1.853002247380609369e+00
1.129000000000007908e+01 1.826708982072718701e+00
1.131000000000007866e+01 1.812618028804519499e+00
1.133000000000007823e+01 1.812589202303498626e+00
1.135000000000007780e+01 1.820197779296347518e+00
1.137000000000007738e+01 1.735007387553254565e+00
1.139000000000007695e+01 1.749682834063418513e+00
1.141000000000007653e+01 1.727487128547149808e+00
1.143000000000007610e+01 1.703036899305689689e+00
1.145000000000007567e+01 1.680975607655193826e+00
1.147000000000007525e+01 1.697219076422114004e+00
1.149000000000007482e+01 1.693153106753320536e+00
1.151000000000007439e+01 1.652583403412938079e+00
1.153000000000007397e+01 1.688208590747062754e+00
1.155000000000007354e+01 1.650781246353587584e+00
1.157000000000007311e+01 1.619838973968028339e+00
1.159000000000007269e+01 1.627145337225649468e+00
1.161000000000007226e+01 1.599744270549539271e+00
1.163000000000007184e+01 1.573061447362513743e+00
1.165000000000007141e+01 1.567280035956554629e+00
1.167000000000007098e+01 1.580477284062696164e+00
1.169000000000007056e+01 1.583201660222374851e+00
1.171000000000007013e+01 1.516727047750649371e+00
1.173000000000006970e+01 1.568107946228619376e+00
1.175000000000006928e+01 1.541533656796403084e+00
1.177000000000006885e+01 1.521989022558543736e+00
1.179000000000006843e+01 1.508097223800217046e+00
1.181000000000006800e+01 1.492012248484527737e+00
1.183000000000006757e+01 1.492224180428015412e+00
1.185000000000006715e+01 1.486062825685030120e+00
1.187000000000006672e+01 1.468313730142926099e+00
1.189000000000006629e+01 1.499901098196561700e+00
1.191000000000006587e+01 1.459652235303658063e+00
1.193000000000006544e+01 1.468653711642280646e+00
1.195000000000006501e+01 1.452969996820684173e+00
1.197000000000006459e+01 1.439542760434681323e+00
1.199000000000006416e+01 1.437946760980566285e+00
1.201000000000006374e+01 1.432357804009335656e+00
1.203000000000006331e+01 1.420653056350865917e+00
1.205000000000006288e+01 1.406580902495821128e+00
1.207000000000006246e+01 1.407033860516519574e+00
1.209000000000006203e+01 1.431892248498414233e+00
1.211000000000006160e+01 1.391437972136555068e+00
1.213000000000006118e+01 1.399610114685102991e+00
1.215000000000006075e+01 1.398131496124372264e+00
1.217000000000006033e+01 1.401632809528215118e+00
1.219000000000005990e+01 1.386344666991713881e+00
1.221000000000005947e+01 1.368160970397912291e+00
1.223000000000005905e+01 1.383360104508976285e+00
1.225000000000005862e+01 1.395917971004211333e+00
1.227000000000005819e+01 1.373064840838700063e+00
1.229000000000005777e+01 1.377249113317473572e+00
1.231000000000005734e+01 1.368642475919102042e+00
1.233000000000005691e+01 1.341435515176384818e+00
1.235000000000005649e+01 1.348977140927940965e+00
1.237000000000005606e+01 1.321085987450675292e+00
1.239000000000005564e+01 1.344688710539301946e+00
1.241000000000005521e+01 1.338760908151726881e+00
1.243000000000005478e+01 1.332427719753826567e+00
1.245000000000005436e+01 1.328396663866764582e+00
1.247000000000005393e+01 1.325705613303123309e+00
1.249000000000005350e+01 1.320830637048608480e+00
1.251000000000005308e+01 1.291745948928871179e+00
1.253000000000005265e+01 1.307243373023583066e+00
1.255000000000005222e+01 1.321726822749844654e+00
1.257000000000005180e+01 1.292424457080432187e+00
1.259000000000005137e+01 1.282918458903140824e+00
1.261000000000005095e+01 1.298225540551428692e+00
1.263000000000005052e+01 1.294554345165057851e+00
1.265000000000005009e+01 1.272459461897405442e+00
1.267000000000004967e+01 1.275767091125119768e+00
1.269000000000004924e+01 1.292361901269578173e+00
1.271000000000004881e+01 1.250937559795878284e+00
1.273000000000004839e+01 1.287190736941377756e+00
1.275000000000004796e+01 1.256643896034665531e+00
1.277000000000004754e+01 1.233616709661541799e+00
1.279000000000004711e+01 1.214090802976764971e+00
1.281000000000004668e+01 1.251063574583978433e+00
1.283000000000004626e+01 1.247360715137685094e+00
1.285000000000004583e+01 1.232548528596236981e+00
1.287000000000004540e+01 1.205243867452971518e+00
1.289000000000004498e+01 1.251521796208519444e+00
1.291000000000004455e+01 1.236488605059127721e+00
1.293000000000004412e+01 1.220023780930420187e+00
1.295000000000004370e+01 1.213717624547005824e+00
1.297000000000004327e+01 1.186725017439696384e+00
1.299000000000004285e+01 1.215649973706831366e+00
1.301000000000004242e+01 1.205738984485914322e+00
1.303000000000004199e+01 1.195334214285802998e+00
1.305000000000004157e+01 1.196384885707303392e+00
1.307000000000004114e+01 1.185438997377029846e+00
1.309000000000004071e+01 1.203972443969419714e+00
1.311000000000004029e+01 1.185320749671002094e+00
1.313000000000003986e+01 1.168846429332717651e+00
1.315000000000003944e+01 1.177163473481898537e+00
1.317000000000003901e+01 1.189076375785167894e+00
1.319000000000003858e+01 1.149136846324482653e+00
1.321000000000003816e+01 1.148695042632363883e+00
1.323000000000003773e+01 1.167116845055968577e+00
1.325000000000003730e+01 1.137125509594403727e+00
1.327000000000003688e+01 1.122691957184457801e+00
1.329000000000003645e+01 1.125018767194336133e+00
1.331000000000003602e+01 1.115410876407108232e+00
1.333000000000003560e+01 1.157739128521590777e+00
1.335000000000003517e+01 1.139573213311564803e+00
1.337000000000003475e+01 1.122497126980371851e+00
1.339000000000003432e+01 1.147192267335264360e+00
1.341000000000003389e+01 1.100670995650276263e+00
1.343000000000003347e+01 1.096410294407831554e+00
1.345000000000003304e+01 1.093347823206476388e+00
1.347000000000003261e+01 1.084765821912746953e+00
1.349000000000003219e+01 1.075098948056053771e+00
1.351000000000003176e+01 1.055864387950827377e+00
1.353000000000003133e+01 1.068126541074981395e+00
1.355000000000003091e+01 1.043407717072220686e+00
1.357000000000003048e+01 1.078775930645706316e+00
1.359000000000003006e+01 1.034025541108184898e+00
1.361000000000002963e+01 1.031280579614128445e+00
1.363000000000002920e+01 1.027666951601372336e+00
1.365000000000002878e+01 9.866629100526346230e-01
1.367000000000002835e+01 1.001907808880598827e+00
1.369000000000002792e+01 1.010350262834080359e+00
1.371000000000002750e+01 9.970044589134060553e-01
1.373000000000002707e+01 9.771838356113666801e-01
1.375000000000002665e+01 9.598012341414092763e-01
1.377000000000002622e+01 9.529995584230316341e-01
1.379000000000002579e+01 9.234625653884932506e-01
1.381000000000002537e+01 9.469387441720713561e-01
1.383000000000002494e+01 9.332359494081298168e-01
1.385000000000002451e+01 9.111762979877628954e-01
1.387000000000002409e+01 9.129178734079764768e-01
1.389000000000002366e+01 9.181110670662497864e-01
1.391000000000002323e+01 8.738891058616401475e-01
1.393000000000002281e+01 8.642659981243171474e-01
1.395000000000002238e+01 8.638991533173784321e-01
1.397000000000002196e+01 8.868104119774719019e-01
1.399000000000002153e+01 8.681637949930831599e-01
1.401000000000002110e+01 8.386935310182602743e-01
1.403000000000002068e+01 8.357930412705254497e-01
1.405000000000002025e+01 8.434309377054777235e-01
1.407000000000001982e+01 8.287118662268950775e-01
1.409000000000001940e+01 8.031666872452943862e-01
1.411000000000001897e+01 8.156510856475093219e-01
1.413000000000001855e+01 7.881470480537113854e-01
1.415000000000001812e+01 7.888942743358038356e-01
1.417000000000001769e+01 7.534256116121452740e-01
1.419000000000001727e+01 7.571755701725358945e-01
1.421000000000001684e+01 7.451526353158759441e-01
1.423000000000001641e+01 7.343719609786937275e-01
1.425000000000001599e+01 7.336688400624604700e-01
1.427000000000001556e+01 7.277067536386807589e-01
1.429000000000001513e+01 7.104055963391899819e-01
1.431000000000001471e+01 7.054674383594927711e-01
1.433000000000001428e+01 6.725701178196877850e-01
1.435000000000001386e+01 6.561173010914882475e-01
1.437000000000001343e+01 6.343492347597122771e-01
1.439000000000001300e+01 6.265907287220934263e-01
1.441000000000001258e+01 5.994452955052677057e-01
1.443000000000001215e+01 5.783312548023213928e-01
1.445000000000001172e+01 5.248818546754671077e-01
1.447000000000001130e+01 4.739210364350116556e-01
1.449000000000001087e+01 4.567306199326201521e-01
1.451000000000001044e+01 3.628951192442502194e-01
1.453000000000001002e+01 3.291450637408312452e-01
1.455000000000000959e+01 2.708680626672386182e-01
1.457000000000000917e+01 2.480854148965571104e-01
1.459000000000000874e+01 1.926432432401020689e-01
1.461000000000000831e+01 9.642950335621243430e-02
1.463000000000000789e+01 4.962232896870577559e-02
1.465000000000000746e+01 1.383159478626923289e-02
1.467000000000000703e+01 2.794479619132438347e-03
1.469000000000000661e+01 2.782087778614618021e-03
1.471000000000000618e+01 7.093474143538354041e-11
1.473000000000000576e+01 0.000000000000000000e+00
1.475000000000000533e+01 0.000000000000000000e+00
1.477000000000000490e+01 0.000000000000000000e+00
1.479000000000000448e+01 0.000000000000000000e+00
1.481000000000000405e+01 0.000000000000000000e+00
1.483000000000000362e+01 0.000000000000000000e+00
1.485000000000000320e+01 0.000000000000000000e+00
1.487000000000000277e+01 0.000000000000000000e+00
1.489000000000000234e+01 0.000000000000000000e+00
1.491000000000000192e+01 0.000000000000000000e+00
1.493000000000000149e+01 0.000000000000000000e+00
1.495000000000000107e+01 0.000000000000000000e+00
1.497000000000000064e+01 0.000000000000000000e+00
1.499000000000000021e+01 0.000000000000000000e+00
