# Redshift		Merger Rate Density [Gpc^-3yr^-1]
1.000000000031931770e-02 2.097059902128698283e+01
3.000000000031888964e-02 2.151945949808040481e+01
5.000000000031846331e-02 2.196340040949278816e+01
7.000000000031804392e-02 2.255904555226209141e+01
9.000000000031761760e-02 2.294441606965523661e+01
1.100000000003171913e-01 2.360759846331063727e+01
1.300000000003167511e-01 2.404909075145481978e+01
1.500000000003163247e-01 2.453571206773916202e+01
1.700000000003158984e-01 2.496106000756515186e+01
1.900000000003154721e-01 2.562330769419286014e+01
2.100000000003150458e-01 2.591886845913046855e+01
2.300000000003146194e-01 2.629849878908889238e+01
2.500000000003141931e-01 2.692778666460243642e+01
2.700000000003137668e-01 2.731837977558440400e+01
2.900000000003133405e-01 2.777453499037099149e+01
3.100000000003129141e-01 2.823137889025370839e+01
3.300000000003124878e-01 2.890000519623978903e+01
3.500000000003120615e-01 2.946592042087082319e+01
3.700000000003116352e-01 2.979884424130061049e+01
3.900000000003112088e-01 3.009826920441745912e+01
4.100000000003107825e-01 3.068286676197669394e+01
4.300000000003103562e-01 3.131576278812720204e+01
4.500000000003099299e-01 3.147255556488840256e+01
4.700000000003095035e-01 3.196673489453145578e+01
4.900000000003090772e-01 3.239740006671746642e+01
5.100000000003086509e-01 3.277943389696845600e+01
5.300000000003082246e-01 3.329827352203314206e+01
5.500000000003077982e-01 3.373050963816066172e+01
5.700000000003073719e-01 3.411577162338960534e+01
5.900000000003069456e-01 3.472621466449593441e+01
6.100000000003065193e-01 3.507567073260522506e+01
6.300000000003060929e-01 3.559666456883412877e+01
6.500000000003056666e-01 3.589861942904944669e+01
6.700000000003052403e-01 3.644407501902526292e+01
6.900000000003048140e-01 3.698749645409492359e+01
7.100000000003043876e-01 3.755753824960226694e+01
7.300000000003039613e-01 3.810870716177100803e+01
7.500000000003035350e-01 3.823373595254523849e+01
7.700000000003031086e-01 3.905287812637268274e+01
7.900000000003026823e-01 3.927282151373447050e+01
8.100000000003022560e-01 4.015970830069454678e+01
8.300000000003018297e-01 4.013510243044284920e+01
8.500000000003014033e-01 4.074629281241643497e+01
8.700000000003009770e-01 4.118721523949756858e+01
8.900000000003005507e-01 4.153571772898882131e+01
9.100000000003001244e-01 4.219572186110671197e+01
9.300000000002996980e-01 4.240825557807001900e+01
9.500000000002992717e-01 4.296934794881781983e+01
9.700000000002988454e-01 4.323023564204317637e+01
9.900000000002984191e-01 4.365040484560748268e+01
1.010000000000297993e+00 4.427256672564269735e+01
1.030000000000297566e+00 4.469630700298860404e+01
1.050000000000297140e+00 4.514316869472696681e+01
1.070000000000296714e+00 4.534270090066478787e+01
1.090000000000296287e+00 4.590191082578354553e+01
1.110000000000295861e+00 4.628129805989718193e+01
1.130000000000295435e+00 4.654878824381513169e+01
1.150000000000295008e+00 4.687114730146578268e+01
1.170000000000294582e+00 4.754017183215314191e+01
1.190000000000294156e+00 4.772405717534161340e+01
1.210000000000293729e+00 4.810363080305693018e+01
1.230000000000293303e+00 4.849349913034032511e+01
1.250000000000292877e+00 4.900643063805703292e+01
1.270000000000292451e+00 4.946673073224466322e+01
1.290000000000292024e+00 4.975390785023559204e+01
1.310000000000291598e+00 4.999498338374727524e+01
1.330000000000291172e+00 5.059732243946181995e+01
1.350000000000290745e+00 5.054398273091815952e+01
1.370000000000290319e+00 5.141063063260924793e+01
1.390000000000289893e+00 5.141827479103785237e+01
1.410000000000289466e+00 5.188762950422545828e+01
1.430000000000289040e+00 5.238939227514014618e+01
1.450000000000288614e+00 5.258610913743854809e+01
1.470000000000288187e+00 5.280232291997221239e+01
1.490000000000287761e+00 5.311975291448298719e+01
1.510000000000287335e+00 5.326777132661334946e+01
1.530000000000286908e+00 5.426087151901111127e+01
1.550000000000286482e+00 5.383072712139553317e+01
1.570000000000286056e+00 5.415179275856946362e+01
1.590000000000285629e+00 5.479189713175033916e+01
1.610000000000285203e+00 5.462409404217235931e+01
1.630000000000284777e+00 5.466715033887280129e+01
1.650000000000284350e+00 5.520874317214173743e+01
1.670000000000283924e+00 5.544620800195711041e+01
1.690000000000283498e+00 5.558708576388177391e+01
1.710000000000283071e+00 5.558031662589340982e+01
1.730000000000282645e+00 5.579197128637422765e+01
1.750000000000282219e+00 5.647813586581645495e+01
1.770000000000281792e+00 5.628559056267525307e+01
1.790000000000281366e+00 5.602532372495802804e+01
1.810000000000280940e+00 5.640849259470125787e+01
1.830000000000280513e+00 5.670309153632175025e+01
1.850000000000280087e+00 5.712294977018573405e+01
1.870000000000279661e+00 5.677328612457343127e+01
1.890000000000279234e+00 5.693374032885227365e+01
1.910000000000278808e+00 5.707436564487043285e+01
1.930000000000278382e+00 5.735065049529986680e+01
1.950000000000277955e+00 5.722643658442838444e+01
1.970000000000277529e+00 5.704276274383123280e+01
1.990000000000277103e+00 5.732492092597398425e+01
2.010000000000276899e+00 5.749697974559360603e+01
2.030000000000276472e+00 5.739205839037929024e+01
2.050000000000276046e+00 5.711144890724980172e+01
2.070000000000275620e+00 5.815393692843872486e+01
2.090000000000275193e+00 5.753466923230423191e+01
2.110000000000274767e+00 5.767365091894556883e+01
2.130000000000274341e+00 5.750103737667639336e+01
2.150000000000273914e+00 5.746424192945544007e+01
2.170000000000273488e+00 5.759082691743738991e+01
2.190000000000273062e+00 5.758094231414590780e+01
2.210000000000272635e+00 5.758356169053025297e+01
2.230000000000272209e+00 5.750007670174120022e+01
2.250000000000271783e+00 5.772334656390714258e+01
2.270000000000271356e+00 5.756212713995223851e+01
2.290000000000270930e+00 5.733902738088198703e+01
2.310000000000270504e+00 5.743744273595343941e+01
2.330000000000270077e+00 5.727387464117909133e+01
2.350000000000269651e+00 5.744344357531863920e+01
2.370000000000269225e+00 5.741791749488065477e+01
2.390000000000268798e+00 5.683914678817206578e+01
2.410000000000268372e+00 5.704617512802562374e+01
2.430000000000267946e+00 5.709844774227856590e+01
2.450000000000267519e+00 5.702125159015843536e+01
2.470000000000267093e+00 5.697212601659990838e+01
2.490000000000266667e+00 5.685285160471484289e+01
2.510000000000266240e+00 5.649608072597415998e+01
2.530000000000265814e+00 5.670474655741317349e+01
2.550000000000265388e+00 5.650933436555287415e+01
2.570000000000264961e+00 5.643807428490954692e+01
2.590000000000264535e+00 5.647148684334393209e+01
2.610000000000264109e+00 5.634476298019055918e+01
2.630000000000263682e+00 5.595945415102849552e+01
2.650000000000263256e+00 5.594009306731536668e+01
2.670000000000262830e+00 5.605437624263726093e+01
2.690000000000262403e+00 5.595405317303050197e+01
2.710000000000261977e+00 5.552579257089399078e+01
2.730000000000261551e+00 5.569315580860141779e+01
2.750000000000261124e+00 5.530745514110611083e+01
2.770000000000260698e+00 5.517035228983535688e+01
2.790000000000260272e+00 5.511691216686664774e+01
2.810000000000259845e+00 5.513152632572186462e+01
2.830000000000259419e+00 5.487983847323911846e+01
2.850000000000258993e+00 5.441350250797002275e+01
2.870000000000258567e+00 5.435241260192110957e+01
2.890000000000258140e+00 5.434143110143618571e+01
2.910000000000257714e+00 5.460452673347036523e+01
2.930000000000257288e+00 5.379277817092231118e+01
2.950000000000256861e+00 5.404785655414976020e+01
2.970000000000256435e+00 5.396698530085114953e+01
2.990000000000256009e+00 5.410382083807810716e+01
3.010000000000255582e+00 5.336426573517539396e+01
3.030000000000255156e+00 5.363586400647880481e+01
3.050000000000254730e+00 5.331010879300547600e+01
3.070000000000254303e+00 5.329314033350492252e+01
3.090000000000253877e+00 5.308491611972739577e+01
3.110000000000253451e+00 5.326412605878047657e+01
3.130000000000253024e+00 5.298242341634882990e+01
3.150000000000252598e+00 5.332790614040769128e+01
3.170000000000252172e+00 5.272345566160379349e+01
3.190000000000251745e+00 5.285220544749652305e+01
3.210000000000251319e+00 5.267584792154811879e+01
3.230000000000250893e+00 5.253888328664872631e+01
3.250000000000250466e+00 5.278482513193685577e+01
3.270000000000250040e+00 5.220542677484191074e+01
3.290000000000249614e+00 5.248620267575164178e+01
3.310000000000249187e+00 5.236857347825357323e+01
3.330000000000248761e+00 5.247388702580864361e+01
3.350000000000248335e+00 5.189132346323481215e+01
3.370000000000247908e+00 5.227984318856204737e+01
3.390000000000247482e+00 5.227045895875360770e+01
3.410000000000247056e+00 5.207629278379852877e+01
3.430000000000246629e+00 5.212270370286675814e+01
3.450000000000246203e+00 5.217121031848893153e+01
3.470000000000245777e+00 5.180986117403395497e+01
3.490000000000245350e+00 5.212917788896536564e+01
3.510000000000244924e+00 5.179304789116189767e+01
3.530000000000244498e+00 5.194843115167044090e+01
3.550000000000244071e+00 5.186098834675625824e+01
3.570000000000243645e+00 5.183667957345493704e+01
3.590000000000243219e+00 5.202851171144462938e+01
3.610000000000242792e+00 5.177949484770308430e+01
3.630000000000242366e+00 5.165109274899690206e+01
3.650000000000241940e+00 5.178344563208126061e+01
3.670000000000241513e+00 5.194844725788417605e+01
3.690000000000241087e+00 5.185266223946052833e+01
3.710000000000240661e+00 5.179495774341673098e+01
3.730000000000240234e+00 5.179754283107407531e+01
3.750000000000239808e+00 5.188868503857638359e+01
3.770000000000239382e+00 5.168226539332833624e+01
3.790000000000238956e+00 5.211837655355805765e+01
3.810000000000238529e+00 5.176520063049675713e+01
3.830000000000238103e+00 5.203821855114474459e+01
3.850000000000237677e+00 5.190056700203212614e+01
3.870000000000237250e+00 5.220082746556848008e+01
3.890000000000236824e+00 5.199069631141008330e+01
3.910000000000236398e+00 5.225234450850897616e+01
3.930000000000235971e+00 5.232467824152654856e+01
3.950000000000235545e+00 5.209569055297005491e+01
3.970000000000235119e+00 5.228077355300452211e+01
3.990000000000234692e+00 5.221553144058535167e+01
4.010000000000234266e+00 5.236728075996254006e+01
4.030000000000233840e+00 5.222006194488107411e+01
4.050000000000233413e+00 5.247554970879301095e+01
4.070000000000232987e+00 5.227917306326438052e+01
4.090000000000232561e+00 5.248595338028381008e+01
4.110000000000232134e+00 5.216217460512169168e+01
4.130000000000231708e+00 5.240484320206931557e+01
4.150000000000231282e+00 5.245981549074080874e+01
4.170000000000230855e+00 5.253918620659105443e+01
4.190000000000230429e+00 5.257381411781082647e+01
4.210000000000230003e+00 5.250863584764745440e+01
4.230000000000229576e+00 5.248747710789938026e+01
4.250000000000229150e+00 5.251773898373198080e+01
4.270000000000228724e+00 5.261872040548284701e+01
4.290000000000228297e+00 5.274715938184041164e+01
4.310000000000227871e+00 5.255231601073829495e+01
4.330000000000227445e+00 5.280025702811927601e+01
4.350000000000227018e+00 5.283126210183896632e+01
4.370000000000226592e+00 5.280297487267421275e+01
4.390000000000226166e+00 5.304422402497518618e+01
4.410000000000225739e+00 5.272089429469478716e+01
4.430000000000225313e+00 5.288227263864233407e+01
4.450000000000224887e+00 5.292675297591371475e+01
4.470000000000224460e+00 5.297125162786812780e+01
4.490000000000224034e+00 5.311607938171350440e+01
4.510000000000223608e+00 5.304757551286274264e+01
4.530000000000223181e+00 5.340127441174444556e+01
4.550000000000222755e+00 5.342547534596292991e+01
4.570000000000222329e+00 5.364098205353861459e+01
4.590000000000221902e+00 5.377583319229044889e+01
4.610000000000221476e+00 5.363250877863859500e+01
4.630000000000221050e+00 5.375340336443093037e+01
4.650000000000220624e+00 5.345730435686540716e+01
4.670000000000220197e+00 5.339210016392311786e+01
4.690000000000219771e+00 5.321510681225484518e+01
4.710000000000219345e+00 5.351149251795647643e+01
4.730000000000218918e+00 5.340134484110732416e+01
4.750000000000218492e+00 5.331004919527526198e+01
4.770000000000218066e+00 5.346018277271740260e+01
4.790000000000217639e+00 5.338951526973487205e+01
4.810000000000217213e+00 5.320447058934847462e+01
4.830000000000216787e+00 5.309956982690095373e+01
4.850000000000216360e+00 5.313267866449255905e+01
4.870000000000215934e+00 5.331367169315591070e+01
4.890000000000215508e+00 5.302829312865337386e+01
4.910000000000215081e+00 5.279701810179763299e+01
4.930000000000214655e+00 5.283193189157084646e+01
4.950000000000214229e+00 5.272433733688065871e+01
4.970000000000213802e+00 5.283862664747296378e+01
4.990000000000213376e+00 5.308335194005656632e+01
5.010000000000212950e+00 5.276454152654580554e+01
5.030000000000212523e+00 5.268986707259114155e+01
5.050000000000212097e+00 5.273212979494118713e+01
5.070000000000211671e+00 5.284818195249982864e+01
5.090000000000211244e+00 5.257572323259248037e+01
5.110000000000210818e+00 5.251400906896923715e+01
5.130000000000210392e+00 5.244733507156981034e+01
5.150000000000209965e+00 5.239325151644096934e+01
5.170000000000209539e+00 5.231222020061613165e+01
5.190000000000209113e+00 5.229091241032580228e+01
5.210000000000208686e+00 5.219773956154167394e+01
5.230000000000208260e+00 5.205126277293784653e+01
5.250000000000207834e+00 5.182510426254243185e+01
5.270000000000207407e+00 5.168848526264197574e+01
5.290000000000206981e+00 5.175082484208417810e+01
5.310000000000206555e+00 5.174968902046184382e+01
5.330000000000206128e+00 5.145101168325903984e+01
5.350000000000205702e+00 5.137298323323651772e+01
5.370000000000205276e+00 5.136233714721672783e+01
5.390000000000204849e+00 5.126246675105318928e+01
5.410000000000204423e+00 5.096580068098718641e+01
5.430000000000203997e+00 5.116771386167631874e+01
5.450000000000203570e+00 5.081453446114541350e+01
5.470000000000203144e+00 5.062239043521930881e+01
5.490000000000202718e+00 5.055605124669600059e+01
5.510000000000202292e+00 5.047310329226508685e+01
5.530000000000201865e+00 5.020735371418718529e+01
5.550000000000201439e+00 5.016822065532580410e+01
5.570000000000201013e+00 5.009450211303237666e+01
5.590000000000200586e+00 4.988078773740120653e+01
5.610000000000200160e+00 4.979092905641572031e+01
5.630000000000199734e+00 4.946377796411790229e+01
5.650000000000199307e+00 4.924394300149761250e+01
5.670000000000198881e+00 4.927116046105304292e+01
5.690000000000198455e+00 4.889974277996866903e+01
5.710000000000198028e+00 4.894500303596018398e+01
5.730000000000197602e+00 4.867217189922289577e+01
5.750000000000197176e+00 4.840768998404973900e+01
5.770000000000196749e+00 4.845889461764450346e+01
5.790000000000196323e+00 4.850704068685115544e+01
5.810000000000195897e+00 4.834106446416105740e+01
5.830000000000195470e+00 4.795635519827444426e+01
5.850000000000195044e+00 4.814184662612031929e+01
5.870000000000194618e+00 4.777538229015966920e+01
5.890000000000194191e+00 4.745552099917094324e+01
5.910000000000193765e+00 4.709683318646422379e+01
5.930000000000193339e+00 4.680508530452880933e+01
5.950000000000192912e+00 4.651328385346418059e+01
5.970000000000192486e+00 4.623960212026025118e+01
5.990000000000192060e+00 4.589097834845593837e+01
6.010000000000191633e+00 4.577443816852764513e+01
6.030000000000191207e+00 4.542547378834466798e+01
6.050000000000190781e+00 4.505450134017777941e+01
6.070000000000190354e+00 4.506592124009291211e+01
6.090000000000189928e+00 4.457049311615411824e+01
6.110000000000189502e+00 4.440632728282859887e+01
6.130000000000189075e+00 4.369790466386714911e+01
6.150000000000188649e+00 4.339899443365579401e+01
6.170000000000188223e+00 4.334641840434220939e+01
6.190000000000187796e+00 4.289187695048205029e+01
6.210000000000187370e+00 4.276180137204998033e+01
6.230000000000186944e+00 4.237213623316847588e+01
6.250000000000186517e+00 4.189402414225657623e+01
6.270000000000186091e+00 4.168831282963493123e+01
6.290000000000185665e+00 4.116653189417024805e+01
6.310000000000185238e+00 4.114653061366598763e+01
6.330000000000184812e+00 4.059753659844265172e+01
6.350000000000184386e+00 4.035820696819241959e+01
6.370000000000183960e+00 3.987453722242558030e+01
6.390000000000183533e+00 3.975509954011858582e+01
6.410000000000183107e+00 3.957217131022271417e+01
6.430000000000182681e+00 3.912383246346023213e+01
6.450000000000182254e+00 3.882340283267910053e+01
6.470000000000181828e+00 3.859385517107309482e+01
6.490000000000181402e+00 3.819649303074692170e+01
6.510000000000180975e+00 3.792886469114350945e+01
6.530000000000180549e+00 3.761446083520058181e+01
6.550000000000180123e+00 3.712574260011336946e+01
6.570000000000179696e+00 3.695543221667324474e+01
6.590000000000179270e+00 3.652576522117907132e+01
6.610000000000178844e+00 3.598520794022811486e+01
6.630000000000178417e+00 3.587306566661391116e+01
6.650000000000177991e+00 3.541206286976462536e+01
6.670000000000177565e+00 3.517908334962018557e+01
6.690000000000177138e+00 3.479313835050130876e+01
6.710000000000176712e+00 3.437055631298081693e+01
6.730000000000176286e+00 3.413690056289534169e+01
6.750000000000175859e+00 3.384603641081625369e+01
6.770000000000175433e+00 3.362551503165112621e+01
6.790000000000175007e+00 3.327852845682533456e+01
6.810000000000174580e+00 3.275623057581416475e+01
6.830000000000174154e+00 3.260026336283259951e+01
6.850000000000173728e+00 3.226548364577940475e+01
6.870000000000173301e+00 3.182188645675034877e+01
6.890000000000172875e+00 3.136082492588454329e+01
6.910000000000172449e+00 3.116412423001031584e+01
6.930000000000172022e+00 3.071605970953499209e+01
6.950000000000171596e+00 3.027206439979079278e+01
6.970000000000171170e+00 3.007781503684578439e+01
6.990000000000170743e+00 2.964308265510132401e+01
7.010000000000170317e+00 2.935092128295808678e+01
7.030000000000169891e+00 2.905532923351847430e+01
7.050000000000169464e+00 2.866097158807540168e+01
7.070000000000169038e+00 2.842381481542983579e+01
7.090000000000168612e+00 2.787209323968413344e+01
7.110000000000168185e+00 2.763501165840676776e+01
7.130000000000167759e+00 2.735396889807017473e+01
7.150000000000167333e+00 2.704347562014186934e+01
7.170000000000166906e+00 2.668559734166805697e+01
7.190000000000166480e+00 2.633532755272593917e+01
7.210000000000166054e+00 2.598199821020967093e+01
7.230000000000165628e+00 2.577005935453889052e+01
7.250000000000165201e+00 2.532247268340222135e+01
7.270000000000164775e+00 2.519988657890008810e+01
7.290000000000164349e+00 2.470603160806309972e+01
7.310000000000163922e+00 2.432103039886023055e+01
7.330000000000163496e+00 2.423230443934464162e+01
7.350000000000163070e+00 2.378579162167730132e+01
7.370000000000162643e+00 2.341643075886170067e+01
7.390000000000162217e+00 2.322692680905811713e+01
7.410000000000161791e+00 2.294070720289900933e+01
7.430000000000161364e+00 2.257167937400302549e+01
7.450000000000160938e+00 2.239312539732634733e+01
7.470000000000160512e+00 2.214507455440671180e+01
7.490000000000160085e+00 2.173999669261963774e+01
7.510000000000159659e+00 2.155235461620213044e+01
7.530000000000159233e+00 2.125820755668395989e+01
7.550000000000158806e+00 2.099701639503340189e+01
7.570000000000158380e+00 2.071631434904790225e+01
7.590000000000157954e+00 2.041437590179235784e+01
7.610000000000157527e+00 2.019392688756732568e+01
7.630000000000157101e+00 1.991184038982931881e+01
7.650000000000156675e+00 1.958816225127144151e+01
7.670000000000156248e+00 1.929347893394301394e+01
7.690000000000155822e+00 1.904524345238652927e+01
7.710000000000155396e+00 1.888167605814151173e+01
7.730000000000154969e+00 1.845134498573601434e+01
7.750000000000154543e+00 1.827631478558099332e+01
7.770000000000154117e+00 1.799496731311907993e+01
7.790000000000153690e+00 1.779281804790777244e+01
7.810000000000153264e+00 1.762926867375594497e+01
7.830000000000152838e+00 1.722743231908070172e+01
7.850000000000152411e+00 1.716528945521868366e+01
7.870000000000151985e+00 1.681840505257055440e+01
7.890000000000151559e+00 1.653864180336837109e+01
7.910000000000151132e+00 1.633468377039287134e+01
7.930000000000150706e+00 1.613326501187305695e+01
7.950000000000150280e+00 1.594009306714223584e+01
7.970000000000149853e+00 1.572047222593614535e+01
7.990000000000149427e+00 1.550198441559001594e+01
8.010000000000149001e+00 1.530968203388279036e+01
8.030000000000148574e+00 1.503610578482859061e+01
8.050000000000148148e+00 1.489474585735276158e+01
8.070000000000147722e+00 1.463632813772978380e+01
8.090000000000147296e+00 1.445305786619880983e+01
8.110000000000146869e+00 1.425386191747184839e+01
8.130000000000146443e+00 1.406276774822956099e+01
8.150000000000146017e+00 1.392177460582065862e+01
8.170000000000145590e+00 1.372541352562422112e+01
8.190000000000145164e+00 1.344643325416644863e+01
8.210000000000144738e+00 1.333764476525134235e+01
8.230000000000144311e+00 1.313688762122817799e+01
8.250000000000143885e+00 1.295073618620109990e+01
8.270000000000143459e+00 1.281728950025769365e+01
8.290000000000143032e+00 1.264978186459765475e+01
8.310000000000142606e+00 1.243706424745866101e+01
8.330000000000142180e+00 1.228449326505586470e+01
8.350000000000141753e+00 1.218867982380273851e+01
8.370000000000141327e+00 1.197472748077475124e+01
8.390000000000140901e+00 1.179613266617639589e+01
8.410000000000140474e+00 1.164456854853146872e+01
8.430000000000140048e+00 1.149933912299851535e+01
8.450000000000139622e+00 1.131657502998764109e+01
8.470000000000139195e+00 1.118929684076764097e+01
8.490000000000138769e+00 1.103362262206121969e+01
8.510000000000138343e+00 1.085612074750566158e+01
8.530000000000137916e+00 1.070902956726881605e+01
8.550000000000137490e+00 1.050938584881235549e+01
8.570000000000137064e+00 1.044371985185732932e+01
8.590000000000136637e+00 1.028652576439104394e+01
8.610000000000136211e+00 1.014792330506795004e+01
8.630000000000135785e+00 9.980453785865158522e+00
8.650000000000135358e+00 9.868859564793963202e+00
8.670000000000134932e+00 9.733449284201642016e+00
8.690000000000134506e+00 9.621317311636902403e+00
8.710000000000134079e+00 9.506842861115892163e+00
8.730000000000133653e+00 9.365677777487233513e+00
8.750000000000133227e+00 9.224755700248769230e+00
8.770000000000132800e+00 9.153908770224427727e+00
8.790000000000132374e+00 9.032944094595622531e+00
8.810000000000131948e+00 8.895807972193555457e+00
8.830000000000131521e+00 8.781716594708656842e+00
8.850000000000131095e+00 8.678323997014617319e+00
8.870000000000130669e+00 8.577898958691667630e+00
8.890000000000130242e+00 8.441675199783423622e+00
8.910000000000129816e+00 8.362485791654085787e+00
8.930000000000129390e+00 8.238819066234494670e+00
8.950000000000128964e+00 8.153993270630126133e+00
8.970000000000128537e+00 8.008644393065544875e+00
8.990000000000128111e+00 7.949241733611752458e+00
9.010000000000127685e+00 7.824725540774545962e+00
9.030000000000127258e+00 7.746116545165875777e+00
9.050000000000126832e+00 7.640201685292445255e+00
9.070000000000126406e+00 7.542521327571802381e+00
9.090000000000125979e+00 7.436303075049981892e+00
9.110000000000125553e+00 7.358748354056078966e+00
9.130000000000125127e+00 7.286201722501585820e+00
9.150000000000124700e+00 7.193959793463162278e+00
9.170000000000124274e+00 7.073086806215535205e+00
9.190000000000123848e+00 7.047439914914897408e+00
9.210000000000123421e+00 6.913188582301982521e+00
9.230000000000122995e+00 6.864939532816557666e+00
9.250000000000122569e+00 6.751184772856300143e+00
9.270000000000122142e+00 6.686047937133406727e+00
9.290000000000121716e+00 6.587440323237045980e+00
9.310000000000121290e+00 6.534188810687005855e+00
9.330000000000120863e+00 6.452492328137929611e+00
9.350000000000120437e+00 6.383220420961972508e+00
9.370000000000120011e+00 6.327085547614430538e+00
9.390000000000119584e+00 6.230999692739923823e+00
9.410000000000119158e+00 6.174008674254190865e+00
9.430000000000118732e+00 6.129465163618184498e+00
9.450000000000118305e+00 6.049671092369111491e+00
9.470000000000117879e+00 5.977915152438524338e+00
9.490000000000117453e+00 5.916649224854732658e+00
9.510000000000117026e+00 5.868575992497526705e+00
9.530000000000116600e+00 5.783722872567936157e+00
9.550000000000116174e+00 5.716637757991281710e+00
9.570000000000115747e+00 5.662110113866027028e+00
9.590000000000115321e+00 5.607601279247561799e+00
9.610000000000114895e+00 5.527365270795961294e+00
9.630000000000114468e+00 5.516090415886552023e+00
9.650000000000114042e+00 5.409693318906735549e+00
9.670000000000113616e+00 5.383901087158226240e+00
9.690000000000113189e+00 5.317581426722360227e+00
9.710000000000112763e+00 5.253987342396560400e+00
9.730000000000112337e+00 5.189855986599273940e+00
9.750000000000111910e+00 5.143144479517080647e+00
9.770000000000111484e+00 5.083073573393098954e+00
9.790000000000111058e+00 5.079777199579452507e+00
9.810000000000110632e+00 4.987979194380971038e+00
9.830000000000110205e+00 4.959310642333086605e+00
9.850000000000109779e+00 4.892100387060044575e+00
9.870000000000109353e+00 4.839429787032556440e+00
9.890000000000108926e+00 4.795059991006846545e+00
9.910000000000108500e+00 4.744567718549272506e+00
9.930000000000108074e+00 4.711919448421608259e+00
9.950000000000107647e+00 4.684101910622553433e+00
9.970000000000107221e+00 4.637057259029120360e+00
9.990000000000106795e+00 4.573585831646629352e+00
1.001000000000010637e+01 4.545784726234332496e+00
1.003000000000010594e+01 4.523934285808552502e+00
1.005000000000010552e+01 4.455939989406675572e+00
1.007000000000010509e+01 4.392454228029826879e+00
1.009000000000010466e+01 4.395866802589357469e+00
1.011000000000010424e+01 4.344776680460076257e+00
1.013000000000010381e+01 4.307817743639142272e+00
1.015000000000010338e+01 4.261039840489062591e+00
1.017000000000010296e+01 4.222459024823514540e+00
1.019000000000010253e+01 4.188892868473529596e+00
1.021000000000010210e+01 4.140214635126224785e+00
1.023000000000010168e+01 4.113185579740088471e+00
1.025000000000010125e+01 4.091074616642440098e+00
1.027000000000010083e+01 4.033785586470015616e+00
1.029000000000010040e+01 3.992897706287439785e+00
1.031000000000009997e+01 3.958695100402150224e+00
1.033000000000009955e+01 3.937918783785907539e+00
1.035000000000009912e+01 3.890961242485643012e+00
1.037000000000009869e+01 3.877370961786086756e+00
1.039000000000009827e+01 3.827697139485616962e+00
1.041000000000009784e+01 3.776652733779154225e+00
1.043000000000009742e+01 3.744663035775523507e+00
1.045000000000009699e+01 3.726473680791850818e+00
1.047000000000009656e+01 3.692086612304168014e+00
1.049000000000009614e+01 3.657524984308963667e+00
1.051000000000009571e+01 3.610900699195518371e+00
1.053000000000009528e+01 3.603959637730442811e+00
1.055000000000009486e+01 3.554350565108179261e+00
1.057000000000009443e+01 3.517393988108175051e+00
1.059000000000009400e+01 3.499089286543378474e+00
1.061000000000009358e+01 3.460565612624030063e+00
1.063000000000009315e+01 3.435490222547474382e+00
1.065000000000009273e+01 3.400071655537350690e+00
1.067000000000009230e+01 3.365087185002209491e+00
1.069000000000009187e+01 3.325729917134592650e+00
1.071000000000009145e+01 3.300213812156132853e+00
1.073000000000009102e+01 3.268583736732839196e+00
1.075000000000009059e+01 3.231413390018959664e+00
1.077000000000009017e+01 3.210380309248519914e+00
1.079000000000008974e+01 3.172609826773008290e+00
1.081000000000008932e+01 3.157797651642719750e+00
1.083000000000008889e+01 3.101892629548902658e+00
1.085000000000008846e+01 3.095594682102689621e+00
1.087000000000008804e+01 3.069362855974603121e+00
1.089000000000008761e+01 3.025659514875788769e+00
1.091000000000008718e+01 3.003117084957614757e+00
1.093000000000008676e+01 2.976771693627366488e+00
1.095000000000008633e+01 2.946156601743030734e+00
1.097000000000008590e+01 2.917654396247276072e+00
1.099000000000008548e+01 2.907014314436210611e+00
1.101000000000008505e+01 2.845475440081822072e+00
1.103000000000008463e+01 2.822788128618323622e+00
1.105000000000008420e+01 2.807957979808555216e+00
1.107000000000008377e+01 2.776167635117651855e+00
1.109000000000008335e+01 2.745809620314459742e+00
1.111000000000008292e+01 2.703502257227971217e+00
1.113000000000008249e+01 2.684960391894268383e+00
1.115000000000008207e+01 2.647235923618345588e+00
1.117000000000008164e+01 2.630406197659754586e+00
1.119000000000008122e+01 2.600594927853972838e+00
1.121000000000008079e+01 2.576940804469623369e+00
1.123000000000008036e+01 2.534609142657502368e+00
1.125000000000007994e+01 2.523902559558761638e+00
1.127000000000007951e+01 2.496455526339261599e+00
1.129000000000007908e+01 2.469527153842887568e+00
1.131000000000007866e+01 2.443256270135496511e+00
1.133000000000007823e+01 2.431274103156837008e+00
1.135000000000007780e+01 2.377558402646059665e+00
1.137000000000007738e+01 2.367072503912684311e+00
1.139000000000007695e+01 2.342574206597119346e+00
1.141000000000007653e+01 2.325538453777387549e+00
1.143000000000007610e+01 2.285750808434927617e+00
1.145000000000007567e+01 2.273377553554206898e+00
1.147000000000007525e+01 2.251639794211723444e+00
1.149000000000007482e+01 2.229691867153955620e+00
1.151000000000007439e+01 2.188277932315310537e+00
1.153000000000007397e+01 2.177467642887017885e+00
1.155000000000007354e+01 2.147922917971390344e+00
1.157000000000007311e+01 2.148274780754409807e+00
1.159000000000007269e+01 2.108467106920536516e+00
1.161000000000007226e+01 2.071926516095844661e+00
1.163000000000007184e+01 2.059029972312488521e+00
1.165000000000007141e+01 2.058508061898196573e+00
1.167000000000007098e+01 2.012002816697042729e+00
1.169000000000007056e+01 1.996675215160217842e+00
1.171000000000007013e+01 1.982748206759039400e+00
1.173000000000006970e+01 1.958109910289974609e+00
1.175000000000006928e+01 1.939838943858475329e+00
1.177000000000006885e+01 1.928852787604537378e+00
1.179000000000006843e+01 1.902165994485646161e+00
1.181000000000006800e+01 1.871203530689271144e+00
1.183000000000006757e+01 1.876653685750467426e+00
1.185000000000006715e+01 1.826067313956313276e+00
1.187000000000006672e+01 1.835622416485317432e+00
1.189000000000006629e+01 1.799351830116130424e+00
1.191000000000006587e+01 1.783015181526690807e+00
1.193000000000006544e+01 1.783591005912839700e+00
1.195000000000006501e+01 1.759406864739227583e+00
1.197000000000006459e+01 1.728074352407854120e+00
1.199000000000006416e+01 1.715464123900581228e+00
1.201000000000006374e+01 1.702116520362941809e+00
1.203000000000006331e+01 1.698511352323812451e+00
1.205000000000006288e+01 1.682059028318047433e+00
1.207000000000006246e+01 1.655029011535611660e+00
1.209000000000006203e+01 1.647344117099702965e+00
1.211000000000006160e+01 1.615920456299169361e+00
1.213000000000006118e+01 1.620618489410260432e+00
1.215000000000006075e+01 1.591389085900506428e+00
1.217000000000006033e+01 1.572418131453811485e+00
1.219000000000005990e+01 1.567304026881475965e+00
1.221000000000005947e+01 1.546807749480376026e+00
1.223000000000005905e+01 1.525632857941910503e+00
1.225000000000005862e+01 1.510491730931716736e+00
1.227000000000005819e+01 1.515232352247984471e+00
1.229000000000005777e+01 1.490418061180025511e+00
1.231000000000005734e+01 1.474832189351231726e+00
1.233000000000005691e+01 1.454334495566515173e+00
1.235000000000005649e+01 1.435526398919942714e+00
1.237000000000005606e+01 1.442563318492194435e+00
1.239000000000005564e+01 1.421430065162701650e+00
1.241000000000005521e+01 1.393520757674438615e+00
1.243000000000005478e+01 1.403642279982522112e+00
1.245000000000005436e+01 1.371635897968509710e+00
1.247000000000005393e+01 1.368483450644192523e+00
1.249000000000005350e+01 1.364421078785312158e+00
1.251000000000005308e+01 1.327623203984464650e+00
1.253000000000005265e+01 1.326954796399454350e+00
1.255000000000005222e+01 1.320107849472388573e+00
1.257000000000005180e+01 1.302595578494176953e+00
1.259000000000005137e+01 1.283283291781902147e+00
1.261000000000005095e+01 1.288094579334626122e+00
1.263000000000005052e+01 1.259684546561307350e+00
1.265000000000005009e+01 1.256828271802092223e+00
1.267000000000004967e+01 1.238130261165645951e+00
1.269000000000004924e+01 1.226852540985155615e+00
1.271000000000004881e+01 1.217858357937590785e+00
1.273000000000004839e+01 1.207157342723117033e+00
1.275000000000004796e+01 1.197453434775030523e+00
1.277000000000004754e+01 1.183687317473974820e+00
1.279000000000004711e+01 1.170751897452001256e+00
1.281000000000004668e+01 1.181259542737735480e+00
1.283000000000004626e+01 1.163394587110265554e+00
1.285000000000004583e+01 1.140266577821015481e+00
1.287000000000004540e+01 1.135080356579323713e+00
1.289000000000004498e+01 1.128359837193838811e+00
1.291000000000004455e+01 1.095372636383556753e+00
1.293000000000004412e+01 1.105725511833081320e+00
1.295000000000004370e+01 1.082034081206592502e+00
1.297000000000004327e+01 1.088473695463274105e+00
1.299000000000004285e+01 1.075880874828315958e+00
1.301000000000004242e+01 1.055714470946391037e+00
1.303000000000004199e+01 1.047044817397267513e+00
1.305000000000004157e+01 1.045612716119438179e+00
1.307000000000004114e+01 1.024834036992715136e+00
1.309000000000004071e+01 1.010333430165337720e+00
1.311000000000004029e+01 1.015320566992797824e+00
1.313000000000003986e+01 1.005152563392591070e+00
1.315000000000003944e+01 9.942201906818016743e-01
1.317000000000003901e+01 9.817063115101557491e-01
1.319000000000003858e+01 9.802469644538843729e-01
1.321000000000003816e+01 9.539998896683964391e-01
1.323000000000003773e+01 9.424402215483833611e-01
1.325000000000003730e+01 9.460709321919258397e-01
1.327000000000003688e+01 9.306242172449787908e-01
1.329000000000003645e+01 9.179110269063601724e-01
1.331000000000003602e+01 9.101378286458031708e-01
1.333000000000003560e+01 8.960347611668286749e-01
1.335000000000003517e+01 8.877474432716632169e-01
1.337000000000003475e+01 8.657472492381453888e-01
1.339000000000003432e+01 8.687042660883538270e-01
1.341000000000003389e+01 8.547361542425768732e-01
1.343000000000003347e+01 8.490811993172436845e-01
1.345000000000003304e+01 8.352945475224770044e-01
1.347000000000003261e+01 8.125768166715078289e-01
1.349000000000003219e+01 8.128831481040443840e-01
1.351000000000003176e+01 8.102731897120034610e-01
1.353000000000003133e+01 7.959363587722366740e-01
1.355000000000003091e+01 7.733438313947373910e-01
1.357000000000003048e+01 7.745899543060699166e-01
1.359000000000003006e+01 7.646225992873973976e-01
1.361000000000002963e+01 7.462489466900610324e-01
1.363000000000002920e+01 7.397331057346215877e-01
1.365000000000002878e+01 7.393419459943672001e-01
1.367000000000002835e+01 7.252530114523012550e-01
1.369000000000002792e+01 7.197202402826923251e-01
1.371000000000002750e+01 6.985671251166539752e-01
1.373000000000002707e+01 6.912659107347438603e-01
1.375000000000002665e+01 6.747500895088108797e-01
1.377000000000002622e+01 6.680500376676044016e-01
1.379000000000002579e+01 6.582812364576486885e-01
1.381000000000002537e+01 6.510925348867365736e-01
1.383000000000002494e+01 6.423834374970799344e-01
1.385000000000002451e+01 6.362218106821221353e-01
1.387000000000002409e+01 6.266709434756099206e-01
1.389000000000002366e+01 6.232814801896306989e-01
1.391000000000002323e+01 6.069778899498253777e-01
1.393000000000002281e+01 6.024432830235231240e-01
1.395000000000002238e+01 5.985966941441815958e-01
1.397000000000002196e+01 5.806346834868980622e-01
1.399000000000002153e+01 5.723768767575306837e-01
1.401000000000002110e+01 5.616807519429368734e-01
1.403000000000002068e+01 5.534856218350128199e-01
1.405000000000002025e+01 5.468588717001726662e-01
1.407000000000001982e+01 5.329572514812976891e-01
1.409000000000001940e+01 5.296005466518428628e-01
1.411000000000001897e+01 5.186445154965023674e-01
1.413000000000001855e+01 5.092872779478906375e-01
1.415000000000001812e+01 5.013707196525154508e-01
1.417000000000001769e+01 4.925657318086289482e-01
1.419000000000001727e+01 4.822932514464882692e-01
1.421000000000001684e+01 4.746594627681939849e-01
1.423000000000001641e+01 4.671404729716708837e-01
1.425000000000001599e+01 4.581922680100234402e-01
1.427000000000001556e+01 4.523737676099573446e-01
1.429000000000001513e+01 4.459867732285048847e-01
1.431000000000001471e+01 4.350523010771129573e-01
1.433000000000001428e+01 4.381337863170708391e-01
1.435000000000001386e+01 4.263523331971232899e-01
1.437000000000001343e+01 4.186705087655453461e-01
1.439000000000001300e+01 4.150642551787994683e-01
1.441000000000001258e+01 4.036653515892918431e-01
1.443000000000001215e+01 3.893363675852788419e-01
1.445000000000001172e+01 3.759753473985946726e-01
1.447000000000001130e+01 3.540268665676732374e-01
1.449000000000001087e+01 3.356076996135142210e-01
1.451000000000001044e+01 3.078965914233779411e-01
1.453000000000001002e+01 2.554509727103485561e-01
1.455000000000000959e+01 2.001148150319091712e-01
1.457000000000000917e+01 1.669403205151830938e-01
1.459000000000000874e+01 1.402207969100572882e-01
1.461000000000000831e+01 1.162628699507023550e-01
1.463000000000000789e+01 8.744109162848030803e-02
1.465000000000000746e+01 4.781095127097238773e-02
1.467000000000000703e+01 1.101391069040784029e-02
1.469000000000000661e+01 5.579622067949631609e-04
1.471000000000000618e+01 5.251690841500160427e-06
1.473000000000000576e+01 3.322055534110875113e-06
1.475000000000000533e+01 0.000000000000000000e+00
1.477000000000000490e+01 0.000000000000000000e+00
1.479000000000000448e+01 0.000000000000000000e+00
1.481000000000000405e+01 0.000000000000000000e+00
1.483000000000000362e+01 0.000000000000000000e+00
1.485000000000000320e+01 0.000000000000000000e+00
1.487000000000000277e+01 0.000000000000000000e+00
1.489000000000000234e+01 0.000000000000000000e+00
1.491000000000000192e+01 0.000000000000000000e+00
1.493000000000000149e+01 0.000000000000000000e+00
1.495000000000000107e+01 0.000000000000000000e+00
1.497000000000000064e+01 0.000000000000000000e+00
1.499000000000000021e+01 0.000000000000000000e+00
