# Redshift		Merger Rate Density [Gpc^-3yr^-1]
1.000000000031931770e-02 1.442943012288281501e+01
3.000000000031888964e-02 1.486392148830146631e+01
5.000000000031846331e-02 1.495320517792818116e+01
7.000000000031804392e-02 1.469820485428076395e+01
9.000000000031761760e-02 1.473757107167581104e+01
1.100000000003171913e-01 1.450714727098697310e+01
1.300000000003167511e-01 1.443241493210744864e+01
1.500000000003163247e-01 1.435109610618061993e+01
1.700000000003158984e-01 1.401126708377026553e+01
1.900000000003154721e-01 1.454223789061896710e+01
2.100000000003150458e-01 1.506452712697439189e+01
2.300000000003146194e-01 1.521743976016832001e+01
2.500000000003141931e-01 1.590156499952452940e+01
2.700000000003137668e-01 1.622879516500469776e+01
2.900000000003133405e-01 1.692013345471384511e+01
3.100000000003129141e-01 1.723063664027774777e+01
3.300000000003124878e-01 1.752924111279548569e+01
3.500000000003120615e-01 1.809406946626357637e+01
3.700000000003116352e-01 1.922585004356747262e+01
3.900000000003112088e-01 1.936570611334693837e+01
4.100000000003107825e-01 1.922359846748073409e+01
4.300000000003103562e-01 1.896300114083677357e+01
4.500000000003099299e-01 1.958053759723713583e+01
4.700000000003095035e-01 1.916692275771302079e+01
4.900000000003090772e-01 1.972334858081738673e+01
5.100000000003086509e-01 2.004813088757897788e+01
5.300000000003082246e-01 1.986784408023178372e+01
5.500000000003077982e-01 2.030553776742809191e+01
5.700000000003073719e-01 2.132659253984148862e+01
5.900000000003069456e-01 2.167429808728282126e+01
6.100000000003065193e-01 2.283959314913584393e+01
6.300000000003060929e-01 2.344264909742170389e+01
6.500000000003056666e-01 2.402365115361996573e+01
6.700000000003052403e-01 2.304239860510904592e+01
6.900000000003048140e-01 2.383569387179149501e+01
7.100000000003043876e-01 2.399652106996514078e+01
7.300000000003039613e-01 2.433171671608768705e+01
7.500000000003035350e-01 2.441870841129731318e+01
7.700000000003031086e-01 2.502765824936692951e+01
7.900000000003026823e-01 2.549253683133175841e+01
8.100000000003022560e-01 2.511298192905220006e+01
8.300000000003018297e-01 2.546144718125938411e+01
8.500000000003014033e-01 2.622685393913362262e+01
8.700000000003009770e-01 2.676606327687684228e+01
8.900000000003005507e-01 2.588679982092834209e+01
9.100000000003001244e-01 2.699867952617078970e+01
9.300000000002996980e-01 2.695007770989349183e+01
9.500000000002992717e-01 2.576690278286229940e+01
9.700000000002988454e-01 2.640165318595297350e+01
9.900000000002984191e-01 2.607910620896687703e+01
1.010000000000297993e+00 2.635855940197835778e+01
1.030000000000297566e+00 2.662912359851328148e+01
1.050000000000297140e+00 2.663573783219930746e+01
1.070000000000296714e+00 2.757272981187550442e+01
1.090000000000296287e+00 2.691527416236622727e+01
1.110000000000295861e+00 2.640639465112201023e+01
1.130000000000295435e+00 2.720726223946488531e+01
1.150000000000295008e+00 2.777476921742856675e+01
1.170000000000294582e+00 2.744483917076713908e+01
1.190000000000294156e+00 2.789980217692426834e+01
1.210000000000293729e+00 2.829634398732166645e+01
1.230000000000293303e+00 2.703835411936499966e+01
1.250000000000292877e+00 2.912942127257368341e+01
1.270000000000292451e+00 2.861614111140507077e+01
1.290000000000292024e+00 2.825769080083893314e+01
1.310000000000291598e+00 2.916248079192806486e+01
1.330000000000291172e+00 3.010064994516493897e+01
1.350000000000290745e+00 3.015921680568570906e+01
1.370000000000290319e+00 2.970667336453373508e+01
1.390000000000289893e+00 2.964201905816327454e+01
1.410000000000289466e+00 2.980142078226413815e+01
1.430000000000289040e+00 2.970318902309117703e+01
1.450000000000288614e+00 3.034425850513381562e+01
1.470000000000288187e+00 3.009572570512846568e+01
1.490000000000287761e+00 3.032517248869154614e+01
1.510000000000287335e+00 3.055603113263283888e+01
1.530000000000286908e+00 2.960210863928960023e+01
1.550000000000286482e+00 2.941402535697967480e+01
1.570000000000286056e+00 2.995339955884318428e+01
1.590000000000285629e+00 2.997131043395183880e+01
1.610000000000285203e+00 2.980234035891653477e+01
1.630000000000284777e+00 2.997433397408098443e+01
1.650000000000284350e+00 2.982578329753432556e+01
1.670000000000283924e+00 3.154916253448134356e+01
1.690000000000283498e+00 3.069223069343464161e+01
1.710000000000283071e+00 3.154600695004114641e+01
1.730000000000282645e+00 3.086517480411941250e+01
1.750000000000282219e+00 3.068675698556201326e+01
1.770000000000281792e+00 3.112375179416029525e+01
1.790000000000281366e+00 3.138538444726487242e+01
1.810000000000280940e+00 3.181042898709906552e+01
1.830000000000280513e+00 3.151641802150275495e+01
1.850000000000280087e+00 3.198533030884547657e+01
1.870000000000279661e+00 3.206562031571068161e+01
1.890000000000279234e+00 3.243745222039552090e+01
1.910000000000278808e+00 3.244713566792423620e+01
1.930000000000278382e+00 3.234686099055485187e+01
1.950000000000277955e+00 3.233967584575988496e+01
1.970000000000277529e+00 3.286515852579716324e+01
1.990000000000277103e+00 3.222943723542704930e+01
2.010000000000276899e+00 3.207244305845694754e+01
2.030000000000276472e+00 3.289938432320177952e+01
2.050000000000276046e+00 3.283227436357309870e+01
2.070000000000275620e+00 3.197381899818227069e+01
2.090000000000275193e+00 3.238319066552287495e+01
2.110000000000274767e+00 3.187842047536746648e+01
2.130000000000274341e+00 3.212877505234586550e+01
2.150000000000273914e+00 3.196577646784701443e+01
2.170000000000273488e+00 3.188662575924277576e+01
2.190000000000273062e+00 3.167731588909995466e+01
2.210000000000272635e+00 3.135178508118283602e+01
2.230000000000272209e+00 3.184382048606125437e+01
2.250000000000271783e+00 3.139322001530580408e+01
2.270000000000271356e+00 3.136025124218923921e+01
2.290000000000270930e+00 3.098330962448320136e+01
2.310000000000270504e+00 3.095063255340948416e+01
2.330000000000270077e+00 3.101946382752313269e+01
2.350000000000269651e+00 3.136689941457142439e+01
2.370000000000269225e+00 3.149956122014309656e+01
2.390000000000268798e+00 3.106684089700022611e+01
2.410000000000268372e+00 3.132979864464906683e+01
2.430000000000267946e+00 3.053566337660264551e+01
2.450000000000267519e+00 3.154584272778064147e+01
2.470000000000267093e+00 3.114477670440948742e+01
2.490000000000266667e+00 3.096160255786526960e+01
2.510000000000266240e+00 3.091173629339921902e+01
2.530000000000265814e+00 3.104438793201789082e+01
2.550000000000265388e+00 3.141213465143498595e+01
2.570000000000264961e+00 3.023644478313066131e+01
2.590000000000264535e+00 3.134599627797420496e+01
2.610000000000264109e+00 2.987451787065456799e+01
2.630000000000263682e+00 3.093902151449657367e+01
2.650000000000263256e+00 3.004539925498531971e+01
2.670000000000262830e+00 3.037427868976257272e+01
2.690000000000262403e+00 3.087639279064835662e+01
2.710000000000261977e+00 2.953594346834850271e+01
2.730000000000261551e+00 3.095431620681317497e+01
2.750000000000261124e+00 3.034082006496600670e+01
2.770000000000260698e+00 3.039254638349017057e+01
2.790000000000260272e+00 3.059900282488965573e+01
2.810000000000259845e+00 3.031007685051159584e+01
2.830000000000259419e+00 3.016761592627342381e+01
2.850000000000258993e+00 3.038933892232367739e+01
2.870000000000258567e+00 2.965244162389695504e+01
2.890000000000258140e+00 3.052662575593080518e+01
2.910000000000257714e+00 3.001387312888771319e+01
2.930000000000257288e+00 2.948857422367654380e+01
2.950000000000256861e+00 3.023858935842690343e+01
2.970000000000256435e+00 2.944442245964647498e+01
2.990000000000256009e+00 2.949333528905170709e+01
3.010000000000255582e+00 2.986878557188995842e+01
3.030000000000255156e+00 2.915082927850349748e+01
3.050000000000254730e+00 2.961711047213428571e+01
3.070000000000254303e+00 2.983341136184577991e+01
3.090000000000253877e+00 2.947971465285567305e+01
3.110000000000253451e+00 2.830692154933477056e+01
3.130000000000253024e+00 2.916496947667983264e+01
3.150000000000252598e+00 2.903376659581531527e+01
3.170000000000252172e+00 2.824392240518805863e+01
3.190000000000251745e+00 2.905599823458724984e+01
3.210000000000251319e+00 2.888455080765568184e+01
3.230000000000250893e+00 2.866877789268239951e+01
3.250000000000250466e+00 2.806752834445762801e+01
3.270000000000250040e+00 2.851875014637986894e+01
3.290000000000249614e+00 2.777538342540953664e+01
3.310000000000249187e+00 2.811576013331394819e+01
3.330000000000248761e+00 2.819266508341647537e+01
3.350000000000248335e+00 2.784812302427057773e+01
3.370000000000247908e+00 2.828704858364237396e+01
3.390000000000247482e+00 2.789540617655717014e+01
3.410000000000247056e+00 2.731520780994142328e+01
3.430000000000246629e+00 2.726676007600366702e+01
3.450000000000246203e+00 2.776246701711052367e+01
3.470000000000245777e+00 2.739464152144390852e+01
3.490000000000245350e+00 2.758566819841519191e+01
3.510000000000244924e+00 2.723445570454379805e+01
3.530000000000244498e+00 2.703189923107967729e+01
3.550000000000244071e+00 2.719355486670328403e+01
3.570000000000243645e+00 2.726940849480864770e+01
3.590000000000243219e+00 2.696606943939153567e+01
3.610000000000242792e+00 2.707257790661079255e+01
3.630000000000242366e+00 2.686200933253218892e+01
3.650000000000241940e+00 2.718831713281187135e+01
3.670000000000241513e+00 2.662768007170745221e+01
3.690000000000241087e+00 2.651505910121919030e+01
3.710000000000240661e+00 2.664478988826450134e+01
3.730000000000240234e+00 2.684963744270903163e+01
3.750000000000239808e+00 2.665430266960734684e+01
3.770000000000239382e+00 2.655064184183745368e+01
3.790000000000238956e+00 2.654395666982018653e+01
3.810000000000238529e+00 2.619584226669930871e+01
3.830000000000238103e+00 2.624173168785218735e+01
3.850000000000237677e+00 2.616199379613111375e+01
3.870000000000237250e+00 2.623043486586424677e+01
3.890000000000236824e+00 2.583946330423015425e+01
3.910000000000236398e+00 2.605860524276461376e+01
3.930000000000235971e+00 2.616017336563522022e+01
3.950000000000235545e+00 2.538967415937605665e+01
3.970000000000235119e+00 2.648400254163242806e+01
3.990000000000234692e+00 2.546851415183322942e+01
4.010000000000234266e+00 2.615769002414342737e+01
4.030000000000233840e+00 2.563967281264429232e+01
4.050000000000233413e+00 2.558513393453423035e+01
4.070000000000232987e+00 2.536430684349456399e+01
4.090000000000232561e+00 2.568153224492704112e+01
4.110000000000232134e+00 2.553738617371471875e+01
4.130000000000231708e+00 2.561612246937960791e+01
4.150000000000231282e+00 2.517969086562199621e+01
4.170000000000230855e+00 2.540742765894580657e+01
4.190000000000230429e+00 2.508427289287755357e+01
4.210000000000230003e+00 2.542604278625659475e+01
4.230000000000229576e+00 2.564602376265526473e+01
4.250000000000229150e+00 2.545279712990205567e+01
4.270000000000228724e+00 2.458486464565694973e+01
4.290000000000228297e+00 2.518847437974943304e+01
4.310000000000227871e+00 2.477405513303981266e+01
4.330000000000227445e+00 2.503397324034892790e+01
4.350000000000227018e+00 2.486518631926874789e+01
4.370000000000226592e+00 2.453448452666898660e+01
4.390000000000226166e+00 2.517855218338960910e+01
4.410000000000225739e+00 2.434429803463415709e+01
4.430000000000225313e+00 2.496625623590736964e+01
4.450000000000224887e+00 2.503798321903586910e+01
4.470000000000224460e+00 2.447277033100240828e+01
4.490000000000224034e+00 2.469050081132995089e+01
4.510000000000223608e+00 2.468360319351162957e+01
4.530000000000223181e+00 2.463979536667250514e+01
4.550000000000222755e+00 2.500160151358427640e+01
4.570000000000222329e+00 2.459615552970678820e+01
4.590000000000221902e+00 2.499303802277855979e+01
4.610000000000221476e+00 2.474149879307648447e+01
4.630000000000221050e+00 2.488363167846615198e+01
4.650000000000220624e+00 2.441743407900609597e+01
4.670000000000220197e+00 2.539124976932510691e+01
4.690000000000219771e+00 2.455059489884988366e+01
4.710000000000219345e+00 2.499660787715560417e+01
4.730000000000218918e+00 2.465931958261589330e+01
4.750000000000218492e+00 2.487899450272359658e+01
4.770000000000218066e+00 2.539161746747065962e+01
4.790000000000217639e+00 2.496716511450128095e+01
4.810000000000217213e+00 2.514720766215968339e+01
4.830000000000216787e+00 2.540426552560066753e+01
4.850000000000216360e+00 2.518722452969065984e+01
4.870000000000215934e+00 2.545217158384358314e+01
4.890000000000215508e+00 2.582861085749950547e+01
4.910000000000215081e+00 2.547853176277279630e+01
4.930000000000214655e+00 2.554268517332807420e+01
4.950000000000214229e+00 2.617482358052216895e+01
4.970000000000213802e+00 2.578036069092067351e+01
4.990000000000213376e+00 2.599076141953923624e+01
5.010000000000212950e+00 2.671364551857841008e+01
5.030000000000212523e+00 2.614164277894238708e+01
5.050000000000212097e+00 2.667559032294548871e+01
5.070000000000211671e+00 2.632162418997671693e+01
5.090000000000211244e+00 2.670386762102576128e+01
5.110000000000210818e+00 2.720021688000771931e+01
5.130000000000210392e+00 2.672477751492617770e+01
5.150000000000209965e+00 2.752220086736348748e+01
5.170000000000209539e+00 2.776343871102460881e+01
5.190000000000209113e+00 2.756024653285790293e+01
5.210000000000208686e+00 2.796139018897502737e+01
5.230000000000208260e+00 2.782598065180316027e+01
5.250000000000207834e+00 2.888954689950596944e+01
5.270000000000207407e+00 2.920462823579721956e+01
5.290000000000206981e+00 2.853258791328288169e+01
5.310000000000206555e+00 2.895409186511097133e+01
5.330000000000206128e+00 3.005272536011367635e+01
5.350000000000205702e+00 2.993482003295234506e+01
5.370000000000205276e+00 2.998093413552550501e+01
5.390000000000204849e+00 2.992239198411128953e+01
5.410000000000204423e+00 2.998419849713672036e+01
5.430000000000203997e+00 3.073752161349349166e+01
5.450000000000203570e+00 3.081327618138568170e+01
5.470000000000203144e+00 3.037709163036817372e+01
5.490000000000202718e+00 3.098718297018669077e+01
5.510000000000202292e+00 3.061067760637559587e+01
5.530000000000201865e+00 3.080155828634183024e+01
5.550000000000201439e+00 3.126449315733550449e+01
5.570000000000201013e+00 3.095635637616610580e+01
5.590000000000200586e+00 3.121712848953783492e+01
5.610000000000200160e+00 3.151240119981799381e+01
5.630000000000199734e+00 3.145709858518772606e+01
5.650000000000199307e+00 3.181115301736256740e+01
5.670000000000198881e+00 3.165001003908071553e+01
5.690000000000198455e+00 3.128441566285306408e+01
5.710000000000198028e+00 3.215656946673264116e+01
5.730000000000197602e+00 3.131041668971447933e+01
5.750000000000197176e+00 3.164799798780946105e+01
5.770000000000196749e+00 3.186964332754732609e+01
5.790000000000196323e+00 3.146628042632830713e+01
5.810000000000195897e+00 3.214675777478077379e+01
5.830000000000195470e+00 3.155783728609610606e+01
5.850000000000195044e+00 3.201739043071832924e+01
5.870000000000194618e+00 3.217298441651473695e+01
5.890000000000194191e+00 3.181376171463301716e+01
5.910000000000193765e+00 3.190146381025497035e+01
5.930000000000193339e+00 3.215612924051202270e+01
5.950000000000192912e+00 3.207367692979413931e+01
5.970000000000192486e+00 3.170817679709840675e+01
5.990000000000192060e+00 3.198846859988015368e+01
6.010000000000191633e+00 3.202720949360829650e+01
6.030000000000191207e+00 3.171290931621601672e+01
6.050000000000190781e+00 3.234239968495276685e+01
6.070000000000190354e+00 3.178224077453749175e+01
6.090000000000189928e+00 3.201251926996335584e+01
6.110000000000189502e+00 3.186741794253708449e+01
6.130000000000189075e+00 3.224887929443502799e+01
6.150000000000188649e+00 3.185226685723119644e+01
6.170000000000188223e+00 3.167869262706277667e+01
6.190000000000187796e+00 3.191992508513586202e+01
6.210000000000187370e+00 3.197402695759872771e+01
6.230000000000186944e+00 3.165175459191380725e+01
6.250000000000186517e+00 3.184945274683747485e+01
6.270000000000186091e+00 3.157790955770315477e+01
6.290000000000185665e+00 3.134115270235641404e+01
6.310000000000185238e+00 3.104188794187312439e+01
6.330000000000184812e+00 3.054114466439095210e+01
6.350000000000184386e+00 3.066609632962248355e+01
6.370000000000183960e+00 3.065225156947848006e+01
6.390000000000183533e+00 3.043650384658339192e+01
6.410000000000183107e+00 2.997833829393163541e+01
6.430000000000182681e+00 2.993333022475836103e+01
6.450000000000182254e+00 2.956108842810987980e+01
6.470000000000181828e+00 2.921735957326328403e+01
6.490000000000181402e+00 2.924601660062081265e+01
6.510000000000180975e+00 2.901068856630786641e+01
6.530000000000180549e+00 2.873247399541010694e+01
6.550000000000180123e+00 2.842153571703428483e+01
6.570000000000179696e+00 2.832366579357879033e+01
6.590000000000179270e+00 2.802046326028331436e+01
6.610000000000178844e+00 2.793846551041874449e+01
6.630000000000178417e+00 2.745803183337222109e+01
6.650000000000177991e+00 2.738310209564386710e+01
6.670000000000177565e+00 2.665288563358376450e+01
6.690000000000177138e+00 2.678651003264684860e+01
6.710000000000176712e+00 2.636840121619352573e+01
6.730000000000176286e+00 2.648600391273959076e+01
6.750000000000175859e+00 2.607547180818916388e+01
6.770000000000175433e+00 2.578920471448969920e+01
6.790000000000175007e+00 2.555114675366585075e+01
6.810000000000174580e+00 2.531486382299732441e+01
6.830000000000174154e+00 2.482377543552532373e+01
6.850000000000173728e+00 2.467687615749477814e+01
6.870000000000173301e+00 2.429078209678297284e+01
6.890000000000172875e+00 2.429132373789960297e+01
6.910000000000172449e+00 2.409100927611254406e+01
6.930000000000172022e+00 2.378370144542491005e+01
6.950000000000171596e+00 2.365823992948867271e+01
6.970000000000171170e+00 2.289932018738856101e+01
6.990000000000170743e+00 2.300139701555692895e+01
7.010000000000170317e+00 2.282014097306044675e+01
7.030000000000169891e+00 2.238538537132002659e+01
7.050000000000169464e+00 2.184936535726728479e+01
7.070000000000169038e+00 2.192470608491176520e+01
7.090000000000168612e+00 2.168113530145109635e+01
7.110000000000168185e+00 2.131725757860757398e+01
7.130000000000167759e+00 2.078045938901306044e+01
7.150000000000167333e+00 2.103861104020915462e+01
7.170000000000166906e+00 2.037928315446376715e+01
7.190000000000166480e+00 2.045695164924542908e+01
7.210000000000166054e+00 2.020893314154353604e+01
7.230000000000165628e+00 1.953434674309572827e+01
7.250000000000165201e+00 1.946377787013410554e+01
7.270000000000164775e+00 1.968017153503785011e+01
7.290000000000164349e+00 1.909619947438094201e+01
7.310000000000163922e+00 1.900837454330281417e+01
7.330000000000163496e+00 1.867827376597217892e+01
7.350000000000163070e+00 1.842871670950907159e+01
7.370000000000162643e+00 1.844062131885151601e+01
7.390000000000162217e+00 1.804193032253905926e+01
7.410000000000161791e+00 1.819424770316703288e+01
7.430000000000161364e+00 1.789852618346299096e+01
7.450000000000160938e+00 1.787434574017041555e+01
7.470000000000160512e+00 1.712596232340094105e+01
7.490000000000160085e+00 1.749361220444624010e+01
7.510000000000159659e+00 1.724729277864955890e+01
7.530000000000159233e+00 1.713093904325949168e+01
7.550000000000158806e+00 1.684411399951112998e+01
7.570000000000158380e+00 1.656166405186325008e+01
7.590000000000157954e+00 1.642621390480152499e+01
7.610000000000157527e+00 1.638369429672268751e+01
7.630000000000157101e+00 1.614516836076476380e+01
7.650000000000156675e+00 1.590224277980464329e+01
7.670000000000156248e+00 1.566866814925831974e+01
7.690000000000155822e+00 1.544084120499880619e+01
7.710000000000155396e+00 1.570498483919935673e+01
7.730000000000154969e+00 1.548988569465074150e+01
7.750000000000154543e+00 1.511722603320938063e+01
7.770000000000154117e+00 1.508459784646866808e+01
7.790000000000153690e+00 1.496926500734738674e+01
7.810000000000153264e+00 1.471292305576451298e+01
7.830000000000152838e+00 1.466381979435216465e+01
7.850000000000152411e+00 1.471712062201443416e+01
7.870000000000151985e+00 1.440146492900630903e+01
7.890000000000151559e+00 1.439964233101997237e+01
7.910000000000151132e+00 1.418848973317689932e+01
7.930000000000150706e+00 1.431751513728745273e+01
7.950000000000150280e+00 1.403613610567018277e+01
7.970000000000149853e+00 1.384805108393715045e+01
7.990000000000149427e+00 1.394895490688762152e+01
8.010000000000149001e+00 1.379000825748715187e+01
8.030000000000148574e+00 1.363660260534064683e+01
8.050000000000148148e+00 1.346541642797962623e+01
8.070000000000147722e+00 1.353273301285855013e+01
8.090000000000147296e+00 1.324809316685795757e+01
8.110000000000146869e+00 1.334920583043777320e+01
8.130000000000146443e+00 1.311367607305371230e+01
8.150000000000146017e+00 1.305423634309393321e+01
8.170000000000145590e+00 1.281481800793221737e+01
8.190000000000145164e+00 1.276568123461552062e+01
8.210000000000144738e+00 1.268813227411540190e+01
8.230000000000144311e+00 1.249052666256720734e+01
8.250000000000143885e+00 1.253594832465397246e+01
8.270000000000143459e+00 1.239558249472135465e+01
8.290000000000143032e+00 1.222204633869112556e+01
8.310000000000142606e+00 1.197832447447395232e+01
8.330000000000142180e+00 1.205365582631617727e+01
8.350000000000141753e+00 1.193434851931498031e+01
8.370000000000141327e+00 1.170183162037775837e+01
8.390000000000140901e+00 1.152693786502235973e+01
8.410000000000140474e+00 1.140200881433838020e+01
8.430000000000140048e+00 1.155799662299844854e+01
8.450000000000139622e+00 1.127191963417156906e+01
8.470000000000139195e+00 1.088198196343915214e+01
8.490000000000138769e+00 1.098039517859056069e+01
8.510000000000138343e+00 1.081284761328879185e+01
8.530000000000137916e+00 1.067644187073494599e+01
8.550000000000137490e+00 1.056881647585808359e+01
8.570000000000137064e+00 1.040125841798855433e+01
8.590000000000136637e+00 1.024935760685801078e+01
8.610000000000136211e+00 1.004433165683324169e+01
8.630000000000135785e+00 1.006253331395729766e+01
8.650000000000135358e+00 9.919450821875340552e+00
8.670000000000134932e+00 9.713353181312204043e+00
8.690000000000134506e+00 9.610775879338694594e+00
8.710000000000134079e+00 9.424179103599477969e+00
8.730000000000133653e+00 9.258991551245834728e+00
8.750000000000133227e+00 9.151667172014164464e+00
8.770000000000132800e+00 9.090371978379989670e+00
8.790000000000132374e+00 8.877996715313070553e+00
8.810000000000131948e+00 8.676640729867358459e+00
8.830000000000131521e+00 8.688125404018265385e+00
8.850000000000131095e+00 8.520477606667439474e+00
8.870000000000130669e+00 8.224528344152071568e+00
8.890000000000130242e+00 8.272513283895674974e+00
8.910000000000129816e+00 8.087847971033930605e+00
8.930000000000129390e+00 7.963576344359895920e+00
8.950000000000128964e+00 7.778433101386718285e+00
8.970000000000128537e+00 7.646434439336209365e+00
8.990000000000128111e+00 7.536742296759464388e+00
9.010000000000127685e+00 7.351085998439004676e+00
9.030000000000127258e+00 7.258076719808085997e+00
9.050000000000126832e+00 7.225377855841545127e+00
9.070000000000126406e+00 7.021497450966516674e+00
9.090000000000125979e+00 6.916431354911320994e+00
9.110000000000125553e+00 6.792701923347396864e+00
9.130000000000125127e+00 6.678944822023805905e+00
9.150000000000124700e+00 6.580421546764640972e+00
9.170000000000124274e+00 6.432879530867676721e+00
9.190000000000123848e+00 6.359556534737853539e+00
9.210000000000123421e+00 6.155236692447062730e+00
9.230000000000122995e+00 6.102082638409325632e+00
9.250000000000122569e+00 6.033611367470088638e+00
9.270000000000122142e+00 5.892291702198379610e+00
9.290000000000121716e+00 5.886018468609356624e+00
9.310000000000121290e+00 5.773687906255650759e+00
9.330000000000120863e+00 5.700469138249489198e+00
9.350000000000120437e+00 5.596330865563496459e+00
9.370000000000120011e+00 5.409213519306101503e+00
9.390000000000119584e+00 5.367302839750653476e+00
9.410000000000119158e+00 5.325897696615400356e+00
9.430000000000118732e+00 5.253853148285424268e+00
9.450000000000118305e+00 5.166548703990160973e+00
9.470000000000117879e+00 5.039969739721853692e+00
9.490000000000117453e+00 4.999562024994293807e+00
9.510000000000117026e+00 4.909824176327506784e+00
9.530000000000116600e+00 4.890391324262930439e+00
9.550000000000116174e+00 4.811953938428848332e+00
9.570000000000115747e+00 4.764417246325249877e+00
9.590000000000115321e+00 4.648081212856377320e+00
9.610000000000114895e+00 4.628576054991882849e+00
9.630000000000114468e+00 4.530660459545998719e+00
9.650000000000114042e+00 4.440399540229753583e+00
9.670000000000113616e+00 4.442479070377767236e+00
9.690000000000113189e+00 4.369334179619512426e+00
9.710000000000112763e+00 4.309873309633733385e+00
9.730000000000112337e+00 4.273628377995520644e+00
9.750000000000111910e+00 4.188900927737474689e+00
9.770000000000111484e+00 4.149327372072264097e+00
9.790000000000111058e+00 4.102099361446249759e+00
9.810000000000110632e+00 4.036137190606935654e+00
9.830000000000110205e+00 4.099029913912614731e+00
9.850000000000109779e+00 3.967098024703329617e+00
9.870000000000109353e+00 3.981606760542208523e+00
9.890000000000108926e+00 3.891600474857547010e+00
9.910000000000108500e+00 3.825390363594280529e+00
9.930000000000108074e+00 3.821920215739468940e+00
9.950000000000107647e+00 3.843501861440504541e+00
9.970000000000107221e+00 3.754700389371791402e+00
9.990000000000106795e+00 3.734426936614202663e+00
1.001000000000010637e+01 3.725200798166435234e+00
1.003000000000010594e+01 3.673146055081347061e+00
1.005000000000010552e+01 3.619832626765379757e+00
1.007000000000010509e+01 3.647121740344665852e+00
1.009000000000010466e+01 3.565705074614446080e+00
1.011000000000010424e+01 3.538226262148112866e+00
1.013000000000010381e+01 3.504591836673298655e+00
1.015000000000010338e+01 3.475923167047898499e+00
1.017000000000010296e+01 3.493861680177550610e+00
1.019000000000010253e+01 3.477538742206332856e+00
1.021000000000010210e+01 3.418432611061514415e+00
1.023000000000010168e+01 3.441211441510666269e+00
1.025000000000010125e+01 3.403495999747418121e+00
1.027000000000010083e+01 3.437024992807582002e+00
1.029000000000010040e+01 3.339414177511767612e+00
1.031000000000009997e+01 3.331386804872950247e+00
1.033000000000009955e+01 3.318870590507425167e+00
1.035000000000009912e+01 3.293934677045664117e+00
1.037000000000009869e+01 3.283814979278634638e+00
1.039000000000009827e+01 3.294160179352871864e+00
1.041000000000009784e+01 3.226420808817256347e+00
1.043000000000009742e+01 3.251161168526285561e+00
1.045000000000009699e+01 3.204815827211975332e+00
1.047000000000009656e+01 3.184637504653728968e+00
1.049000000000009614e+01 3.196844366272602045e+00
1.051000000000009571e+01 3.170498383721545910e+00
1.053000000000009528e+01 3.138189801242863730e+00
1.055000000000009486e+01 3.080526588898317986e+00
1.057000000000009443e+01 3.100456261241721911e+00
1.059000000000009400e+01 3.063797947613342121e+00
1.061000000000009358e+01 3.056514296471082304e+00
1.063000000000009315e+01 2.968753301513859633e+00
1.065000000000009273e+01 2.967752155779580292e+00
1.067000000000009230e+01 2.965317420573944762e+00
1.069000000000009187e+01 2.932018986007882688e+00
1.071000000000009145e+01 2.896280756618589081e+00
1.073000000000009102e+01 2.855498920771728955e+00
1.075000000000009059e+01 2.842136418064720615e+00
1.077000000000009017e+01 2.799357980952110747e+00
1.079000000000008974e+01 2.769063931893041008e+00
1.081000000000008932e+01 2.762757571073567675e+00
1.083000000000008889e+01 2.731337766767131026e+00
1.085000000000008846e+01 2.659283413729077949e+00
1.087000000000008804e+01 2.653928051152746104e+00
1.089000000000008761e+01 2.622922882544794110e+00
1.091000000000008718e+01 2.597468111153844905e+00
1.093000000000008676e+01 2.598168426417657439e+00
1.095000000000008633e+01 2.479728905309189102e+00
1.097000000000008590e+01 2.472604536814466236e+00
1.099000000000008548e+01 2.383529240571704566e+00
1.101000000000008505e+01 2.390080799435320813e+00
1.103000000000008463e+01 2.329798738712035355e+00
1.105000000000008420e+01 2.309682048816929179e+00
1.107000000000008377e+01 2.255230474982590660e+00
1.109000000000008335e+01 2.210990171731725962e+00
1.111000000000008292e+01 2.144803031473293764e+00
1.113000000000008249e+01 2.124730528243987226e+00
1.115000000000008207e+01 2.094151007881108750e+00
1.117000000000008164e+01 2.042546293283239223e+00
1.119000000000008122e+01 1.995488069732575420e+00
1.121000000000008079e+01 1.939611707297736576e+00
1.123000000000008036e+01 1.886624328037030507e+00
1.125000000000007994e+01 1.843873835449594933e+00
1.127000000000007951e+01 1.792664620751771798e+00
1.129000000000007908e+01 1.749360706776792451e+00
1.131000000000007866e+01 1.670899279435754892e+00
1.133000000000007823e+01 1.690488116361917204e+00
1.135000000000007780e+01 1.647980388501354865e+00
1.137000000000007738e+01 1.585041173858986685e+00
1.139000000000007695e+01 1.562681405335753837e+00
1.141000000000007653e+01 1.517871270477297418e+00
1.143000000000007610e+01 1.448687270920589798e+00
1.145000000000007567e+01 1.411064037605815003e+00
1.147000000000007525e+01 1.382689366223260885e+00
1.149000000000007482e+01 1.343346713902663803e+00
1.151000000000007439e+01 1.310634723832374560e+00
1.153000000000007397e+01 1.279975626573244485e+00
1.155000000000007354e+01 1.206036969610191356e+00
1.157000000000007311e+01 1.197768579807179101e+00
1.159000000000007269e+01 1.188372266900235452e+00
1.161000000000007226e+01 1.123019466952038803e+00
1.163000000000007184e+01 1.101234852153344823e+00
1.165000000000007141e+01 1.070014823952468275e+00
1.167000000000007098e+01 1.044371497098496304e+00
1.169000000000007056e+01 9.958370071229146747e-01
1.171000000000007013e+01 9.864805350546287377e-01
1.173000000000006970e+01 9.577039993211683422e-01
1.175000000000006928e+01 9.337820485315661001e-01
1.177000000000006885e+01 9.116039783153414566e-01
1.179000000000006843e+01 8.698057062958378660e-01
1.181000000000006800e+01 8.557579708341401803e-01
1.183000000000006757e+01 8.273231544721032504e-01
1.185000000000006715e+01 8.230340603676179478e-01
1.187000000000006672e+01 7.965981786163740530e-01
1.189000000000006629e+01 7.894856934626577338e-01
1.191000000000006587e+01 7.670901910053224970e-01
1.193000000000006544e+01 7.368203187185516922e-01
1.195000000000006501e+01 7.459874086894426881e-01
1.197000000000006459e+01 7.191454836876152168e-01
1.199000000000006416e+01 7.055641137056655188e-01
1.201000000000006374e+01 6.760249788873677890e-01
1.203000000000006331e+01 6.853898531074362754e-01
1.205000000000006288e+01 6.769627168465410794e-01
1.207000000000006246e+01 6.462201946511829664e-01
1.209000000000006203e+01 6.523108717787950983e-01
1.211000000000006160e+01 6.295377809968532024e-01
1.213000000000006118e+01 6.355214387243663943e-01
1.215000000000006075e+01 6.014818901817837737e-01
1.217000000000006033e+01 6.360267579620106915e-01
1.219000000000005990e+01 6.025300260630448435e-01
1.221000000000005947e+01 5.887213943335061206e-01
1.223000000000005905e+01 5.915209657195060755e-01
1.225000000000005862e+01 5.750833757639508548e-01
1.227000000000005819e+01 5.513104928764498425e-01
1.229000000000005777e+01 5.650837344214516555e-01
1.231000000000005734e+01 5.529990778916923366e-01
1.233000000000005691e+01 5.397707074911800573e-01
1.235000000000005649e+01 5.322088870841148456e-01
1.237000000000005606e+01 5.182902783714935513e-01
1.239000000000005564e+01 5.232650309834656621e-01
1.241000000000005521e+01 5.225738849068202185e-01
1.243000000000005478e+01 5.066997227537404225e-01
1.245000000000005436e+01 5.322979978560218317e-01
1.247000000000005393e+01 4.993444102476937152e-01
1.249000000000005350e+01 4.943892261124565590e-01
1.251000000000005308e+01 4.894344666198083282e-01
1.253000000000005265e+01 5.092711240903434744e-01
1.255000000000005222e+01 4.754374277020760320e-01
1.257000000000005180e+01 4.757601119683090296e-01
1.259000000000005137e+01 4.857698268236428363e-01
1.261000000000005095e+01 4.647190687165780321e-01
1.263000000000005052e+01 4.605291426105432850e-01
1.265000000000005009e+01 4.358786041273315370e-01
1.267000000000004967e+01 4.739799915732385016e-01
1.269000000000004924e+01 4.452322423978065102e-01
1.271000000000004881e+01 4.470707692997664129e-01
1.273000000000004839e+01 4.447235104689502561e-01
1.275000000000004796e+01 4.494993761086952255e-01
1.277000000000004754e+01 4.407778703629476325e-01
1.279000000000004711e+01 4.222798271600206044e-01
1.281000000000004668e+01 4.408761067381550269e-01
1.283000000000004626e+01 4.367794115045661729e-01
1.285000000000004583e+01 4.308516636039459446e-01
1.287000000000004540e+01 4.087302874138828979e-01
1.289000000000004498e+01 4.250397289454858618e-01
1.291000000000004455e+01 4.197833302279357359e-01
1.293000000000004412e+01 4.175709674341490096e-01
1.295000000000004370e+01 4.131876403395761121e-01
1.297000000000004327e+01 4.059490162804633151e-01
1.299000000000004285e+01 4.056712154756132449e-01
1.301000000000004242e+01 4.085191012582178316e-01
1.303000000000004199e+01 4.098485651000097763e-01
1.305000000000004157e+01 3.907131014370860966e-01
1.307000000000004114e+01 3.940681041811888718e-01
1.309000000000004071e+01 4.062006519296526563e-01
1.311000000000004029e+01 3.979010803426744625e-01
1.313000000000003986e+01 3.891963906922681904e-01
1.315000000000003944e+01 3.794233779980324406e-01
1.317000000000003901e+01 3.861300420216472462e-01
1.319000000000003858e+01 3.855664365748873168e-01
1.321000000000003816e+01 3.633155455135561596e-01
1.323000000000003773e+01 3.781702090128298832e-01
1.325000000000003730e+01 3.516477567143289629e-01
1.327000000000003688e+01 3.520222232047642286e-01
1.329000000000003645e+01 3.610644797524531491e-01
1.331000000000003602e+01 3.561225295018574100e-01
1.333000000000003560e+01 3.675172261227157566e-01
1.335000000000003517e+01 3.696157286574431322e-01
1.337000000000003475e+01 3.503750989222884082e-01
1.339000000000003432e+01 3.560837374400918076e-01
1.341000000000003389e+01 3.560367079240318589e-01
1.343000000000003347e+01 3.499303661272095134e-01
1.345000000000003304e+01 3.496497922556265348e-01
1.347000000000003261e+01 3.357787223238607455e-01
1.349000000000003219e+01 3.394662853677312131e-01
1.351000000000003176e+01 3.241657302271957475e-01
1.353000000000003133e+01 3.228497901081179844e-01
1.355000000000003091e+01 3.320335722708442350e-01
1.357000000000003048e+01 3.296802783356635458e-01
1.359000000000003006e+01 3.237374591136992219e-01
1.361000000000002963e+01 3.195659085146494993e-01
1.363000000000002920e+01 3.012345452730506024e-01
1.365000000000002878e+01 3.031984820610723608e-01
1.367000000000002835e+01 2.917486120568275609e-01
1.369000000000002792e+01 2.996052895588343090e-01
1.371000000000002750e+01 3.019931929487929545e-01
1.373000000000002707e+01 3.099781203432468990e-01
1.375000000000002665e+01 3.021054153987794422e-01
1.377000000000002622e+01 3.016996307921370191e-01
1.379000000000002579e+01 2.985631582527105699e-01
1.381000000000002537e+01 2.822893892945353422e-01
1.383000000000002494e+01 2.700243372603745584e-01
1.385000000000002451e+01 2.843029272025133780e-01
1.387000000000002409e+01 2.624832129651955004e-01
1.389000000000002366e+01 2.703132636058158678e-01
1.391000000000002323e+01 2.650403480475584383e-01
1.393000000000002281e+01 2.637938643122762494e-01
1.395000000000002238e+01 2.480979401063692080e-01
1.397000000000002196e+01 2.529165912241935210e-01
1.399000000000002153e+01 2.573333060654944271e-01
1.401000000000002110e+01 2.428722844428742589e-01
1.403000000000002068e+01 2.541360726477103205e-01
1.405000000000002025e+01 2.506346546546286969e-01
1.407000000000001982e+01 2.431499544279686065e-01
1.409000000000001940e+01 2.541564450336018521e-01
1.411000000000001897e+01 2.523688994757726234e-01
1.413000000000001855e+01 2.333840623273788495e-01
1.415000000000001812e+01 2.270556335761153011e-01
1.417000000000001769e+01 2.205783954448537476e-01
1.419000000000001727e+01 2.226122434633369396e-01
1.421000000000001684e+01 2.157706725622706712e-01
1.423000000000001641e+01 2.155812206736625602e-01
1.425000000000001599e+01 2.092870944763693675e-01
1.427000000000001556e+01 2.079887696350029291e-01
1.429000000000001513e+01 2.123232034885567665e-01
1.431000000000001471e+01 2.035096190059293153e-01
1.433000000000001428e+01 2.025841300725724770e-01
1.435000000000001386e+01 2.047895096144339844e-01
1.437000000000001343e+01 1.899854724587080879e-01
1.439000000000001300e+01 1.922480758427399794e-01
1.441000000000001258e+01 1.773535568219996306e-01
1.443000000000001215e+01 1.741425924726975882e-01
1.445000000000001172e+01 1.624723090995922326e-01
1.447000000000001130e+01 1.454180286191772975e-01
1.449000000000001087e+01 1.423717611950512940e-01
1.451000000000001044e+01 1.228807552132917674e-01
1.453000000000001002e+01 1.223137372433175801e-01
1.455000000000000959e+01 1.027451259304973524e-01
1.457000000000000917e+01 9.141490399463100824e-02
1.459000000000000874e+01 7.194766463813249968e-02
1.461000000000000831e+01 4.984306222152448673e-02
1.463000000000000789e+01 3.315167361841231397e-02
1.465000000000000746e+01 8.314422023684433019e-03
1.467000000000000703e+01 2.773255284946320089e-03
1.469000000000000661e+01 4.683191977003448045e-18
1.471000000000000618e+01 3.117713082128829797e-18
1.473000000000000576e+01 6.264660462529409851e-19
1.475000000000000533e+01 6.236797103658860869e-19
1.477000000000000490e+01 0.000000000000000000e+00
1.479000000000000448e+01 0.000000000000000000e+00
1.481000000000000405e+01 0.000000000000000000e+00
1.483000000000000362e+01 0.000000000000000000e+00
1.485000000000000320e+01 0.000000000000000000e+00
1.487000000000000277e+01 0.000000000000000000e+00
1.489000000000000234e+01 0.000000000000000000e+00
1.491000000000000192e+01 0.000000000000000000e+00
1.493000000000000149e+01 0.000000000000000000e+00
1.495000000000000107e+01 0.000000000000000000e+00
1.497000000000000064e+01 0.000000000000000000e+00
1.499000000000000021e+01 0.000000000000000000e+00
