# Redshift		Merger Rate Density [Gpc^-3yr^-1]
1.000000000031931770e-02 1.620763337748078214e+01
3.000000000031888964e-02 1.643384400777700094e+01
5.000000000031846331e-02 1.674131008973303381e+01
7.000000000031804392e-02 1.664859836285405237e+01
9.000000000031761760e-02 1.706080140308843340e+01
1.100000000003171913e-01 1.716845354272103918e+01
1.300000000003167511e-01 1.753766889022095654e+01
1.500000000003163247e-01 1.787761381614471290e+01
1.700000000003158984e-01 1.838871166343786356e+01
1.900000000003154721e-01 1.889049647945226695e+01
2.100000000003150458e-01 1.914889243614112502e+01
2.300000000003146194e-01 1.953590820836275910e+01
2.500000000003141931e-01 2.008555275764972592e+01
2.700000000003137668e-01 2.054800751125190672e+01
2.900000000003133405e-01 2.092821876136737558e+01
3.100000000003129141e-01 2.113078637755860356e+01
3.300000000003124878e-01 2.175777001538079958e+01
3.500000000003120615e-01 2.181038979013890255e+01
3.700000000003116352e-01 2.223585098097124657e+01
3.900000000003112088e-01 2.277381663389087763e+01
4.100000000003107825e-01 2.282409701510676925e+01
4.300000000003103562e-01 2.360178636123085028e+01
4.500000000003099299e-01 2.366420572017591084e+01
4.700000000003095035e-01 2.402545755484527845e+01
4.900000000003090772e-01 2.443480172533363159e+01
5.100000000003086509e-01 2.486426598375354757e+01
5.300000000003082246e-01 2.513747548668976961e+01
5.500000000003077982e-01 2.539865276635181957e+01
5.700000000003073719e-01 2.601582343638633077e+01
5.900000000003069456e-01 2.607678286594338601e+01
6.100000000003065193e-01 2.661817387652317635e+01
6.300000000003060929e-01 2.718789236031766876e+01
6.500000000003056666e-01 2.739262743857302951e+01
6.700000000003052403e-01 2.776351620962918787e+01
6.900000000003048140e-01 2.832033221171448645e+01
7.100000000003043876e-01 2.812332099878080527e+01
7.300000000003039613e-01 2.899745476365860242e+01
7.500000000003035350e-01 2.918306864176530269e+01
7.700000000003031086e-01 2.907107663691924770e+01
7.900000000003026823e-01 3.003357494764737723e+01
8.100000000003022560e-01 2.991481039574530598e+01
8.300000000003018297e-01 3.025367921129906534e+01
8.500000000003014033e-01 3.040713034631259504e+01
8.700000000003009770e-01 3.119712015649714942e+01
8.900000000003005507e-01 3.128232041327915880e+01
9.100000000003001244e-01 3.159856410397454951e+01
9.300000000002996980e-01 3.219820136576146297e+01
9.500000000002992717e-01 3.235114642524914785e+01
9.700000000002988454e-01 3.282589459657592101e+01
9.900000000002984191e-01 3.306319276089029557e+01
1.010000000000297993e+00 3.355905636144748172e+01
1.030000000000297566e+00 3.332464100072599678e+01
1.050000000000297140e+00 3.451781727030952140e+01
1.070000000000296714e+00 3.461541641199199404e+01
1.090000000000296287e+00 3.477265807365066763e+01
1.110000000000295861e+00 3.488343556603829398e+01
1.130000000000295435e+00 3.519332912817699111e+01
1.150000000000295008e+00 3.572767537733935228e+01
1.170000000000294582e+00 3.586327851867237371e+01
1.190000000000294156e+00 3.604356391234956192e+01
1.210000000000293729e+00 3.604967805412376691e+01
1.230000000000293303e+00 3.664715364955943500e+01
1.250000000000292877e+00 3.659670576450684365e+01
1.270000000000292451e+00 3.699540401020464486e+01
1.290000000000292024e+00 3.696991345293369591e+01
1.310000000000291598e+00 3.691144667058221529e+01
1.330000000000291172e+00 3.787523614645157011e+01
1.350000000000290745e+00 3.757369403525341767e+01
1.370000000000290319e+00 3.760544349308778322e+01
1.390000000000289893e+00 3.813869460544281509e+01
1.410000000000289466e+00 3.805823258959671307e+01
1.430000000000289040e+00 3.814624352653038386e+01
1.450000000000288614e+00 3.793136239151201039e+01
1.470000000000288187e+00 3.850647961402162878e+01
1.490000000000287761e+00 3.829320791417851666e+01
1.510000000000287335e+00 3.860426137581909245e+01
1.530000000000286908e+00 3.882433306240312731e+01
1.550000000000286482e+00 3.915531243258825356e+01
1.570000000000286056e+00 3.870551544200804273e+01
1.590000000000285629e+00 3.959394477945497215e+01
1.610000000000285203e+00 3.914504795064843279e+01
1.630000000000284777e+00 3.924259438068235539e+01
1.650000000000284350e+00 3.918314264237469047e+01
1.670000000000283924e+00 3.957363055316282185e+01
1.690000000000283498e+00 3.916989248841251481e+01
1.710000000000283071e+00 4.039485396015923868e+01
1.730000000000282645e+00 3.934693469850537895e+01
1.750000000000282219e+00 3.963060200650145504e+01
1.770000000000281792e+00 4.013580690277204610e+01
1.790000000000281366e+00 3.936034650781264332e+01
1.810000000000280940e+00 4.005075001558549275e+01
1.830000000000280513e+00 3.967659754652833470e+01
1.850000000000280087e+00 3.988381552880743186e+01
1.870000000000279661e+00 4.000617666792583549e+01
1.890000000000279234e+00 3.934489467663587448e+01
1.910000000000278808e+00 3.956467677220404511e+01
1.930000000000278382e+00 4.024734865665626415e+01
1.950000000000277955e+00 3.974976701944640922e+01
1.970000000000277529e+00 3.939103829508502486e+01
1.990000000000277103e+00 3.946499773272856970e+01
2.010000000000276899e+00 3.968315140526009088e+01
2.030000000000276472e+00 3.929953149956481440e+01
2.050000000000276046e+00 3.928096789078051643e+01
2.070000000000275620e+00 3.956975972166126354e+01
2.090000000000275193e+00 3.888515544969217075e+01
2.110000000000274767e+00 3.914902934308885563e+01
2.130000000000274341e+00 3.856692011645122165e+01
2.150000000000273914e+00 3.871871867882521201e+01
2.170000000000273488e+00 3.870144949289769443e+01
2.190000000000273062e+00 3.892485018351133164e+01
2.210000000000272635e+00 3.828120535339308361e+01
2.230000000000272209e+00 3.758967684295408418e+01
2.250000000000271783e+00 3.791138441111501578e+01
2.270000000000271356e+00 3.752495391564351479e+01
2.290000000000270930e+00 3.722723467370208539e+01
2.310000000000270504e+00 3.737202928288692760e+01
2.330000000000270077e+00 3.717250341288887228e+01
2.350000000000269651e+00 3.643154200848049840e+01
2.370000000000269225e+00 3.672165015074111949e+01
2.390000000000268798e+00 3.603698953307780073e+01
2.410000000000268372e+00 3.634632759440545868e+01
2.430000000000267946e+00 3.559161010986875340e+01
2.450000000000267519e+00 3.557562942690172747e+01
2.470000000000267093e+00 3.500255124256470651e+01
2.490000000000266667e+00 3.492080438756229910e+01
2.510000000000266240e+00 3.446029602514151691e+01
2.530000000000265814e+00 3.499033479778803013e+01
2.550000000000265388e+00 3.420565135680216429e+01
2.570000000000264961e+00 3.372320507628936070e+01
2.590000000000264535e+00 3.350413591870571395e+01
2.610000000000264109e+00 3.370465146309133786e+01
2.630000000000263682e+00 3.330177980720139885e+01
2.650000000000263256e+00 3.318679256748969664e+01
2.670000000000262830e+00 3.254040029343733664e+01
2.690000000000262403e+00 3.184517691062824696e+01
2.710000000000261977e+00 3.263146240169081835e+01
2.730000000000261551e+00 3.177336690194835001e+01
2.750000000000261124e+00 3.189168118980702005e+01
2.770000000000260698e+00 3.130343270549660417e+01
2.790000000000260272e+00 3.129876427532154537e+01
2.810000000000259845e+00 3.073412632995840355e+01
2.830000000000259419e+00 3.108754260069304109e+01
2.850000000000258993e+00 2.984762294039680697e+01
2.870000000000258567e+00 3.000615562568377470e+01
2.890000000000258140e+00 3.018296504393885371e+01
2.910000000000257714e+00 2.985346228067924912e+01
2.930000000000257288e+00 2.953332119975461723e+01
2.950000000000256861e+00 2.910659106633018922e+01
2.970000000000256435e+00 2.914252820493199181e+01
2.990000000000256009e+00 2.829972416604011798e+01
3.010000000000255582e+00 2.810782576442699110e+01
3.030000000000255156e+00 2.843068727101826809e+01
3.050000000000254730e+00 2.790413424431359601e+01
3.070000000000254303e+00 2.792449712368317094e+01
3.090000000000253877e+00 2.766766467094180726e+01
3.110000000000253451e+00 2.736656550383506925e+01
3.130000000000253024e+00 2.737753199189756259e+01
3.150000000000252598e+00 2.637160580427366696e+01
3.170000000000252172e+00 2.659013390287184819e+01
3.190000000000251745e+00 2.630184472272075169e+01
3.210000000000251319e+00 2.598771141050862354e+01
3.230000000000250893e+00 2.593440237856989938e+01
3.250000000000250466e+00 2.541571411345290699e+01
3.270000000000250040e+00 2.591321759045423079e+01
3.290000000000249614e+00 2.518576394407500629e+01
3.310000000000249187e+00 2.499541156874358805e+01
3.330000000000248761e+00 2.485330223841966557e+01
3.350000000000248335e+00 2.464031017537200086e+01
3.370000000000247908e+00 2.425635856765515896e+01
3.390000000000247482e+00 2.418301408730471280e+01
3.410000000000247056e+00 2.366643889925988375e+01
3.430000000000246629e+00 2.369642981253089076e+01
3.450000000000246203e+00 2.386066650978907688e+01
3.470000000000245777e+00 2.312146019579508760e+01
3.490000000000245350e+00 2.319582990899081310e+01
3.510000000000244924e+00 2.268700251148280955e+01
3.530000000000244498e+00 2.296121320783488429e+01
3.550000000000244071e+00 2.247269611820966162e+01
3.570000000000243645e+00 2.220818075962857918e+01
3.590000000000243219e+00 2.220308425252665074e+01
3.610000000000242792e+00 2.199868999101824940e+01
3.630000000000242366e+00 2.191616062791586472e+01
3.650000000000241940e+00 2.142004533183903447e+01
3.670000000000241513e+00 2.150302072501718698e+01
3.690000000000241087e+00 2.102058185294980319e+01
3.710000000000240661e+00 2.105303536095579986e+01
3.730000000000240234e+00 2.094215478368450079e+01
3.750000000000239808e+00 2.064949070863155711e+01
3.770000000000239382e+00 2.077526834042306803e+01
3.790000000000238956e+00 2.017043150000901619e+01
3.810000000000238529e+00 2.028556124253108095e+01
3.830000000000238103e+00 1.984738608090703949e+01
3.850000000000237677e+00 2.006360884748348283e+01
3.870000000000237250e+00 1.960432081062477394e+01
3.890000000000236824e+00 1.944509995801388769e+01
3.910000000000236398e+00 1.941884754784730660e+01
3.930000000000235971e+00 1.939927758628578758e+01
3.950000000000235545e+00 1.922921589180750601e+01
3.970000000000235119e+00 1.893835536438335510e+01
3.990000000000234692e+00 1.851192656371269152e+01
4.010000000000234266e+00 1.883215510186724373e+01
4.030000000000233840e+00 1.882580130956411679e+01
4.050000000000233413e+00 1.829006077184465795e+01
4.070000000000232987e+00 1.836245475538717997e+01
4.090000000000232561e+00 1.781285872545986848e+01
4.110000000000232134e+00 1.788039296973898473e+01
4.130000000000231708e+00 1.796078852965880657e+01
4.150000000000231282e+00 1.741197652141710250e+01
4.170000000000230855e+00 1.788659905491398661e+01
4.190000000000230429e+00 1.735739545051012556e+01
4.210000000000230003e+00 1.710140249632434717e+01
4.230000000000229576e+00 1.691647515863051865e+01
4.250000000000229150e+00 1.711303815467588407e+01
4.270000000000228724e+00 1.699862880456994674e+01
4.290000000000228297e+00 1.683638679469735777e+01
4.310000000000227871e+00 1.665225308213715749e+01
4.330000000000227445e+00 1.669038201422421253e+01
4.350000000000227018e+00 1.634889286960617483e+01
4.370000000000226592e+00 1.609962513430457776e+01
4.390000000000226166e+00 1.609403250436262667e+01
4.410000000000225739e+00 1.602734527437625545e+01
4.430000000000225313e+00 1.600694016239333095e+01
4.450000000000224887e+00 1.557075748056143638e+01
4.470000000000224460e+00 1.564096894629627243e+01
4.490000000000224034e+00 1.548377572295945370e+01
4.510000000000223608e+00 1.544897778883364481e+01
4.530000000000223181e+00 1.529598247565553493e+01
4.550000000000222755e+00 1.528042606634195444e+01
4.570000000000222329e+00 1.496783993962255543e+01
4.590000000000221902e+00 1.499840908605989576e+01
4.610000000000221476e+00 1.505728563247473240e+01
4.630000000000221050e+00 1.478590021855941217e+01
4.650000000000220624e+00 1.464715281800265601e+01
4.670000000000220197e+00 1.461573674940923162e+01
4.690000000000219771e+00 1.451543279904336714e+01
4.710000000000219345e+00 1.431885136627562893e+01
4.730000000000218918e+00 1.437320404780344241e+01
4.750000000000218492e+00 1.408370552096577555e+01
4.770000000000218066e+00 1.417601806188853963e+01
4.790000000000217639e+00 1.383349114800005886e+01
4.810000000000217213e+00 1.393045219478985963e+01
4.830000000000216787e+00 1.398529523443055211e+01
4.850000000000216360e+00 1.378682195890478468e+01
4.870000000000215934e+00 1.375407136880043879e+01
4.890000000000215508e+00 1.356967663454322270e+01
4.910000000000215081e+00 1.337785303954543181e+01
4.930000000000214655e+00 1.332206158327296919e+01
4.950000000000214229e+00 1.332141214837853660e+01
4.970000000000213802e+00 1.306636610387743325e+01
4.990000000000213376e+00 1.306272924436722604e+01
5.010000000000212950e+00 1.309801083122209953e+01
5.030000000000212523e+00 1.284846936560976971e+01
5.050000000000212097e+00 1.277932129719494903e+01
5.070000000000211671e+00 1.292548692947361033e+01
5.090000000000211244e+00 1.287957704583271124e+01
5.110000000000210818e+00 1.239584967926947279e+01
5.130000000000210392e+00 1.251060522828217181e+01
5.150000000000209965e+00 1.262193325142609801e+01
5.170000000000209539e+00 1.248156954919343953e+01
5.190000000000209113e+00 1.237368432952786179e+01
5.210000000000208686e+00 1.220347512032098081e+01
5.230000000000208260e+00 1.212476568289090473e+01
5.250000000000207834e+00 1.220299883819284403e+01
5.270000000000207407e+00 1.218759899018428783e+01
5.290000000000206981e+00 1.205783918653024323e+01
5.310000000000206555e+00 1.178252490029083788e+01
5.330000000000206128e+00 1.202280896874379401e+01
5.350000000000205702e+00 1.182583504105855532e+01
5.370000000000205276e+00 1.183959738576553633e+01
5.390000000000204849e+00 1.169067993713886011e+01
5.410000000000204423e+00 1.163071846392172226e+01
5.430000000000203997e+00 1.158949468806774341e+01
5.450000000000203570e+00 1.159990342528526774e+01
5.470000000000203144e+00 1.150921548372477510e+01
5.490000000000202718e+00 1.127139031871446839e+01
5.510000000000202292e+00 1.136822686219809952e+01
5.530000000000201865e+00 1.143053391301161170e+01
5.550000000000201439e+00 1.112538803228489215e+01
5.570000000000201013e+00 1.129465850647311065e+01
5.590000000000200586e+00 1.113945315601601038e+01
5.610000000000200160e+00 1.119097790687131422e+01
5.630000000000199734e+00 1.100012293424035903e+01
5.650000000000199307e+00 1.092670645716182776e+01
5.670000000000198881e+00 1.106701457964974189e+01
5.690000000000198455e+00 1.086377919663508784e+01
5.710000000000198028e+00 1.084129265749962912e+01
5.730000000000197602e+00 1.083440494832404433e+01
5.750000000000197176e+00 1.071944065038737293e+01
5.770000000000196749e+00 1.059729464481394245e+01
5.790000000000196323e+00 1.062663080163569695e+01
5.810000000000195897e+00 1.065412665460503661e+01
5.830000000000195470e+00 1.058012461350756794e+01
5.850000000000195044e+00 1.046698805305335078e+01
5.870000000000194618e+00 1.047941946218253584e+01
5.890000000000194191e+00 1.034961435362546567e+01
5.910000000000193765e+00 1.030880203116376670e+01
5.930000000000193339e+00 1.030025468378458164e+01
5.950000000000192912e+00 1.052719077298190520e+01
5.970000000000192486e+00 1.023622951773404033e+01
5.990000000000192060e+00 1.008837391991572652e+01
6.010000000000191633e+00 1.024098953844918292e+01
6.030000000000191207e+00 1.005807418444736179e+01
6.050000000000190781e+00 1.019710667997065023e+01
6.070000000000190354e+00 9.876120050995803368e+00
6.090000000000189928e+00 9.917173656693352157e+00
6.110000000000189502e+00 9.870304850144565378e+00
6.130000000000189075e+00 9.888043966734594292e+00
6.150000000000188649e+00 9.881909002804025732e+00
6.170000000000188223e+00 1.003601205184848233e+01
6.190000000000187796e+00 9.798772359751254157e+00
6.210000000000187370e+00 9.608274896004436627e+00
6.230000000000186944e+00 9.802447452462073940e+00
6.250000000000186517e+00 9.621773351608467806e+00
6.270000000000186091e+00 9.672190508064430148e+00
6.290000000000185665e+00 9.691324500751720805e+00
6.310000000000185238e+00 9.669980743970597814e+00
6.330000000000184812e+00 9.499451821969351784e+00
6.350000000000184386e+00 9.424799929874817295e+00
6.370000000000183960e+00 9.379299272885692318e+00
6.390000000000183533e+00 9.519951069555210310e+00
6.410000000000183107e+00 9.408406502597381760e+00
6.430000000000182681e+00 9.399804578497560570e+00
6.450000000000182254e+00 9.329406374114281419e+00
6.470000000000181828e+00 9.350082512277319680e+00
6.490000000000181402e+00 9.312250011450219134e+00
6.510000000000180975e+00 9.184665121809411303e+00
6.530000000000180549e+00 9.314462430737435739e+00
6.550000000000180123e+00 9.222451922017359749e+00
6.570000000000179696e+00 9.119286724622993390e+00
6.590000000000179270e+00 9.292366055581348760e+00
6.610000000000178844e+00 9.011228381671230636e+00
6.630000000000178417e+00 9.058126135431324499e+00
6.650000000000177991e+00 9.002651858861787204e+00
6.670000000000177565e+00 8.978939930615835507e+00
6.690000000000177138e+00 9.065678309615135433e+00
6.710000000000176712e+00 9.004569639226550848e+00
6.730000000000176286e+00 8.959249435125547834e+00
6.750000000000175859e+00 8.872959917662601725e+00
6.770000000000175433e+00 8.958267444664691936e+00
6.790000000000175007e+00 8.945855577504268297e+00
6.810000000000174580e+00 8.800446997131063043e+00
6.830000000000174154e+00 8.738871792690707352e+00
6.850000000000173728e+00 8.825369277046712924e+00
6.870000000000173301e+00 8.766204184092366347e+00
6.890000000000172875e+00 8.674539561274407617e+00
6.910000000000172449e+00 8.700876607679029817e+00
6.930000000000172022e+00 8.591226622879100105e+00
6.950000000000171596e+00 8.689333920082637164e+00
6.970000000000171170e+00 8.703727657948574503e+00
6.990000000000170743e+00 8.668690512377075663e+00
7.010000000000170317e+00 8.585686256461958266e+00
7.030000000000169891e+00 8.700374835508263516e+00
7.050000000000169464e+00 8.542143718563353971e+00
7.070000000000169038e+00 8.547470055029767977e+00
7.090000000000168612e+00 8.573598830782755087e+00
7.110000000000168185e+00 8.505398691723399907e+00
7.130000000000167759e+00 8.481247049745258337e+00
7.150000000000167333e+00 8.441358409308227451e+00
7.170000000000166906e+00 8.456550752728741571e+00
7.190000000000166480e+00 8.362486535432784862e+00
7.210000000000166054e+00 8.336418883320133588e+00
7.230000000000165628e+00 8.409468646782364942e+00
7.250000000000165201e+00 8.327841540991885338e+00
7.270000000000164775e+00 8.299776202587434426e+00
7.290000000000164349e+00 8.248909456951489361e+00
7.310000000000163922e+00 8.355414673710042095e+00
7.330000000000163496e+00 8.243838029741166196e+00
7.350000000000163070e+00 8.310081991846264060e+00
7.370000000000162643e+00 8.267924296619929336e+00
7.390000000000162217e+00 8.255921252494234253e+00
7.410000000000161791e+00 8.076960044560863139e+00
7.430000000000161364e+00 8.168292628516729437e+00
7.450000000000160938e+00 8.169551355323333652e+00
7.470000000000160512e+00 8.110307560646560887e+00
7.490000000000160085e+00 8.132394235284522210e+00
7.510000000000159659e+00 8.164464453517501497e+00
7.530000000000159233e+00 8.112209139871962904e+00
7.550000000000158806e+00 8.019555297153342366e+00
7.570000000000158380e+00 8.105989405927815028e+00
7.590000000000157954e+00 8.035525497509615533e+00
7.610000000000157527e+00 7.977428284065704034e+00
7.630000000000157101e+00 7.990684183611967306e+00
7.650000000000156675e+00 7.995588832107433319e+00
7.670000000000156248e+00 7.966325489266421478e+00
7.690000000000155822e+00 7.929835092263929575e+00
7.710000000000155396e+00 7.938400450428214405e+00
7.730000000000154969e+00 7.833037552067118270e+00
7.750000000000154543e+00 7.899076443654423407e+00
7.770000000000154117e+00 7.866622300186824290e+00
7.790000000000153690e+00 7.801278135930256319e+00
7.810000000000153264e+00 7.856101539023713443e+00
7.830000000000152838e+00 7.848944924058881334e+00
7.850000000000152411e+00 7.886993989473732647e+00
7.870000000000151985e+00 7.742334498695615075e+00
7.890000000000151559e+00 7.817698332571105801e+00
7.910000000000151132e+00 7.697325015454657304e+00
7.930000000000150706e+00 7.713409881760758147e+00
7.950000000000150280e+00 7.731022115941479811e+00
7.970000000000149853e+00 7.707523314399719716e+00
7.990000000000149427e+00 7.749563206471982824e+00
8.010000000000149001e+00 7.647087368917880212e+00
8.030000000000148574e+00 7.694777315537836060e+00
8.050000000000148148e+00 7.685178172940188901e+00
8.070000000000147722e+00 7.583054408312440486e+00
8.090000000000147296e+00 7.602436675956805168e+00
8.110000000000146869e+00 7.599757348655210798e+00
8.130000000000146443e+00 7.577456178574113466e+00
8.150000000000146017e+00 7.563588260902585958e+00
8.170000000000145590e+00 7.494840352959021956e+00
8.190000000000145164e+00 7.541005374879305556e+00
8.210000000000144738e+00 7.463589061990539619e+00
8.230000000000144311e+00 7.452573364830656466e+00
8.250000000000143885e+00 7.468134301367855166e+00
8.270000000000143459e+00 7.460103253773286092e+00
8.290000000000143032e+00 7.532165492037832699e+00
8.310000000000142606e+00 7.401670352542157438e+00
8.330000000000142180e+00 7.417522364863390116e+00
8.350000000000141753e+00 7.379470310625305451e+00
8.370000000000141327e+00 7.384854042730870205e+00
8.390000000000140901e+00 7.286975507628635995e+00
8.410000000000140474e+00 7.398642651880113164e+00
8.430000000000140048e+00 7.306005395237971101e+00
8.450000000000139622e+00 7.340948840048897139e+00
8.470000000000139195e+00 7.301721905643495880e+00
8.490000000000138769e+00 7.297094416838367792e+00
8.510000000000138343e+00 7.230565905212847255e+00
8.530000000000137916e+00 7.204309021431317461e+00
8.550000000000137490e+00 7.250909639155000974e+00
8.570000000000137064e+00 7.158754200714328775e+00
8.590000000000136637e+00 7.230519471940495713e+00
8.610000000000136211e+00 7.176485025973045495e+00
8.630000000000135785e+00 7.181908758265904247e+00
8.650000000000135358e+00 7.153106209474519694e+00
8.670000000000134932e+00 7.137506252351355940e+00
8.690000000000134506e+00 7.109955067766585479e+00
8.710000000000134079e+00 7.080421036524982448e+00
8.730000000000133653e+00 7.099210981497682482e+00
8.750000000000133227e+00 7.076111107322933691e+00
8.770000000000132800e+00 7.049768564548214655e+00
8.790000000000132374e+00 6.981018176772990635e+00
8.810000000000131948e+00 7.044544424334677757e+00
8.830000000000131521e+00 6.985560064362912769e+00
8.850000000000131095e+00 6.977531335200416684e+00
8.870000000000130669e+00 6.932409090531863605e+00
8.890000000000130242e+00 7.027827057013377399e+00
8.910000000000129816e+00 6.945696448871172102e+00
8.930000000000129390e+00 6.880243769145091726e+00
8.950000000000128964e+00 6.883433548459461981e+00
8.970000000000128537e+00 6.892993403104916261e+00
8.990000000000128111e+00 6.822382421533333741e+00
9.010000000000127685e+00 6.871188550530619388e+00
9.030000000000127258e+00 6.789413392095074329e+00
9.050000000000126832e+00 6.823711639138737794e+00
9.070000000000126406e+00 6.796583423441142635e+00
9.090000000000125979e+00 6.724147290878361716e+00
9.110000000000125553e+00 6.728996733669630359e+00
9.130000000000125127e+00 6.758908975569206667e+00
9.150000000000124700e+00 6.691094569309057327e+00
9.170000000000124274e+00 6.674923394580958735e+00
9.190000000000123848e+00 6.682564298094810340e+00
9.210000000000123421e+00 6.684781248256165043e+00
9.230000000000122995e+00 6.627997683516533733e+00
9.250000000000122569e+00 6.630886420690801586e+00
9.270000000000122142e+00 6.609468532564912735e+00
9.290000000000121716e+00 6.568363293978697115e+00
9.310000000000121290e+00 6.532894337481173430e+00
9.330000000000120863e+00 6.513638419373525501e+00
9.350000000000120437e+00 6.533635500721259426e+00
9.370000000000120011e+00 6.526558917992284492e+00
9.390000000000119584e+00 6.511305417084159330e+00
9.410000000000119158e+00 6.435305432994779196e+00
9.430000000000118732e+00 6.470489933803211358e+00
9.450000000000118305e+00 6.452252882397618627e+00
9.470000000000117879e+00 6.368472934566408838e+00
9.490000000000117453e+00 6.374845037626727162e+00
9.510000000000117026e+00 6.379625364057021741e+00
9.530000000000116600e+00 6.386485856711034970e+00
9.550000000000116174e+00 6.305365736644743535e+00
9.570000000000115747e+00 6.351472047251769837e+00
9.590000000000115321e+00 6.310850092500516872e+00
9.610000000000114895e+00 6.277849286713856891e+00
9.630000000000114468e+00 6.230539124944776574e+00
9.650000000000114042e+00 6.219588533163925348e+00
9.670000000000113616e+00 6.177862832386532332e+00
9.690000000000113189e+00 6.221847220972175130e+00
9.710000000000112763e+00 6.167347662895693361e+00
9.730000000000112337e+00 6.145470217278193203e+00
9.750000000000111910e+00 6.162109466151532544e+00
9.770000000000111484e+00 6.131289137498959541e+00
9.790000000000111058e+00 6.093973945050665364e+00
9.810000000000110632e+00 6.010756999200546069e+00
9.830000000000110205e+00 6.073656989668826611e+00
9.850000000000109779e+00 6.000837639103727916e+00
9.870000000000109353e+00 6.028875239011548537e+00
9.890000000000108926e+00 5.992293904362860246e+00
9.910000000000108500e+00 6.010236125893917425e+00
9.930000000000108074e+00 5.941204221281481068e+00
9.950000000000107647e+00 5.931057613170258591e+00
9.970000000000107221e+00 5.902244069463826293e+00
9.990000000000106795e+00 5.899883589132882022e+00
1.001000000000010637e+01 5.863545380319499678e+00
1.003000000000010594e+01 5.831848197141971113e+00
1.005000000000010552e+01 5.823292269112297248e+00
1.007000000000010509e+01 5.818739508508770975e+00
1.009000000000010466e+01 5.843673546142650999e+00
1.011000000000010424e+01 5.719897954035853438e+00
1.013000000000010381e+01 5.752297196355136144e+00
1.015000000000010338e+01 5.731323725219048093e+00
1.017000000000010296e+01 5.702561639729224474e+00
1.019000000000010253e+01 5.669960450662843598e+00
1.021000000000010210e+01 5.628697939021433783e+00
1.023000000000010168e+01 5.693720300732599604e+00
1.025000000000010125e+01 5.592598501786986809e+00
1.027000000000010083e+01 5.584327924603987192e+00
1.029000000000010040e+01 5.588838220997017103e+00
1.031000000000009997e+01 5.578522150646873179e+00
1.033000000000009955e+01 5.483391365738573775e+00
1.035000000000009912e+01 5.541918388282812025e+00
1.037000000000009869e+01 5.525375950767100086e+00
1.039000000000009827e+01 5.441217879948970548e+00
1.041000000000009784e+01 5.481780811453541347e+00
1.043000000000009742e+01 5.443077526113618170e+00
1.045000000000009699e+01 5.400423595780670105e+00
1.047000000000009656e+01 5.397034065130455360e+00
1.049000000000009614e+01 5.377787790789102296e+00
1.051000000000009571e+01 5.375853923395084166e+00
1.053000000000009528e+01 5.319208590040300777e+00
1.055000000000009486e+01 5.302956549605718273e+00
1.057000000000009443e+01 5.256513503543128962e+00
1.059000000000009400e+01 5.266899250894427453e+00
1.061000000000009358e+01 5.236065123698768531e+00
1.063000000000009315e+01 5.251775365062057332e+00
1.065000000000009273e+01 5.221064974872267506e+00
1.067000000000009230e+01 5.146308177978943021e+00
1.069000000000009187e+01 5.161377078272577634e+00
1.071000000000009145e+01 5.118337576594318428e+00
1.073000000000009102e+01 5.125730736325230907e+00
1.075000000000009059e+01 5.100658744345476059e+00
1.077000000000009017e+01 5.033518487919196538e+00
1.079000000000008974e+01 5.085340742833889038e+00
1.081000000000008932e+01 5.025827675564913832e+00
1.083000000000008889e+01 5.020295815564346675e+00
1.085000000000008846e+01 4.957614953976504424e+00
1.087000000000008804e+01 4.973301309387136548e+00
1.089000000000008761e+01 4.905185643314195154e+00
1.091000000000008718e+01 4.928351617736153933e+00
1.093000000000008676e+01 4.903692084800285400e+00
1.095000000000008633e+01 4.913069779317437380e+00
1.097000000000008590e+01 4.854562408522030914e+00
1.099000000000008548e+01 4.812075384598948347e+00
1.101000000000008505e+01 4.788934186279224292e+00
1.103000000000008463e+01 4.791276438924970016e+00
1.105000000000008420e+01 4.779180387292071508e+00
1.107000000000008377e+01 4.785685361944088001e+00
1.109000000000008335e+01 4.763086898769456567e+00
1.111000000000008292e+01 4.703942326258008677e+00
1.113000000000008249e+01 4.673496913002872510e+00
1.115000000000008207e+01 4.697685593199247833e+00
1.117000000000008164e+01 4.690104064623526803e+00
1.119000000000008122e+01 4.603689514108768144e+00
1.121000000000008079e+01 4.610132612457193524e+00
1.123000000000008036e+01 4.579592015025863105e+00
1.125000000000007994e+01 4.607581965772248545e+00
1.127000000000007951e+01 4.563696729479131520e+00
1.129000000000007908e+01 4.539595722191720029e+00
1.131000000000007866e+01 4.549194387471074741e+00
1.133000000000007823e+01 4.475589843343938945e+00
1.135000000000007780e+01 4.499694277447237489e+00
1.137000000000007738e+01 4.468390263478651647e+00
1.139000000000007695e+01 4.508036629422667474e+00
1.141000000000007653e+01 4.404510965074424078e+00
1.143000000000007610e+01 4.367573753620488830e+00
1.145000000000007567e+01 4.372143460141090898e+00
1.147000000000007525e+01 4.362940700666047000e+00
1.149000000000007482e+01 4.325450725424873966e+00
1.151000000000007439e+01 4.326236225965807591e+00
1.153000000000007397e+01 4.331641660153581874e+00
1.155000000000007354e+01 4.267820427380114801e+00
1.157000000000007311e+01 4.287887653276391653e+00
1.159000000000007269e+01 4.226106887173087578e+00
1.161000000000007226e+01 4.207454239674898844e+00
1.163000000000007184e+01 4.236540450703856209e+00
1.165000000000007141e+01 4.137317659656062574e+00
1.167000000000007098e+01 4.218445001918705195e+00
1.169000000000007056e+01 4.138737610268401035e+00
1.171000000000007013e+01 4.128947933890594335e+00
1.173000000000006970e+01 4.111375910827506530e+00
1.175000000000006928e+01 4.117524222933577782e+00
1.177000000000006885e+01 4.047159308089067764e+00
1.179000000000006843e+01 4.072881815649290971e+00
1.181000000000006800e+01 3.983344404115244153e+00
1.183000000000006757e+01 3.999560113764194291e+00
1.185000000000006715e+01 4.013398424322140556e+00
1.187000000000006672e+01 3.957712087273177470e+00
1.189000000000006629e+01 4.022771494322061159e+00
1.191000000000006587e+01 3.940470945991934038e+00
1.193000000000006544e+01 3.865579497096977235e+00
1.195000000000006501e+01 3.925799917120328164e+00
1.197000000000006459e+01 3.888309294487360734e+00
1.199000000000006416e+01 3.915696148537817667e+00
1.201000000000006374e+01 3.883854300029945694e+00
1.203000000000006331e+01 3.796776677833489266e+00
1.205000000000006288e+01 3.810657651302497673e+00
1.207000000000006246e+01 3.816875389240909300e+00
1.209000000000006203e+01 3.795554741898441886e+00
1.211000000000006160e+01 3.748445421740760342e+00
1.213000000000006118e+01 3.741511909616933806e+00
1.215000000000006075e+01 3.695655042597179030e+00
1.217000000000006033e+01 3.716752815988663361e+00
1.219000000000005990e+01 3.722373816665005997e+00
1.221000000000005947e+01 3.663107276287389524e+00
1.223000000000005905e+01 3.678623133681347745e+00
1.225000000000005862e+01 3.730657477447083092e+00
1.227000000000005819e+01 3.633778014544846613e+00
1.229000000000005777e+01 3.642095916868638650e+00
1.231000000000005734e+01 3.630190603703994157e+00
1.233000000000005691e+01 3.619578839993452313e+00
1.235000000000005649e+01 3.540309102413892628e+00
1.237000000000005606e+01 3.537529007132833136e+00
1.239000000000005564e+01 3.513448616096380483e+00
1.241000000000005521e+01 3.542951299349895500e+00
1.243000000000005478e+01 3.501426501188913853e+00
1.245000000000005436e+01 3.487281804306191724e+00
1.247000000000005393e+01 3.461209637573996911e+00
1.249000000000005350e+01 3.427908183279150922e+00
1.251000000000005308e+01 3.411013192614228196e+00
1.253000000000005265e+01 3.468342647175937543e+00
1.255000000000005222e+01 3.422567160932001862e+00
1.257000000000005180e+01 3.392067131809593405e+00
1.259000000000005137e+01 3.375937855588208247e+00
1.261000000000005095e+01 3.339206833896622761e+00
1.263000000000005052e+01 3.352560903003011461e+00
1.265000000000005009e+01 3.324350271882772212e+00
1.267000000000004967e+01 3.341547680523184738e+00
1.269000000000004924e+01 3.323561748621281620e+00
1.271000000000004881e+01 3.246903886018042140e+00
1.273000000000004839e+01 3.285450753582657590e+00
1.275000000000004796e+01 3.252124710996069812e+00
1.277000000000004754e+01 3.193696971216081426e+00
1.279000000000004711e+01 3.166369563054272973e+00
1.281000000000004668e+01 3.190656918678188347e+00
1.283000000000004626e+01 3.164498513182626649e+00
1.285000000000004583e+01 3.133502533227933817e+00
1.287000000000004540e+01 3.127610292576889162e+00
1.289000000000004498e+01 3.170998828751248499e+00
1.291000000000004455e+01 3.106122686164124236e+00
1.293000000000004412e+01 3.116345757831591623e+00
1.295000000000004370e+01 3.084296079324069684e+00
1.297000000000004327e+01 3.085779478800433129e+00
1.299000000000004285e+01 3.048450710122722729e+00
1.301000000000004242e+01 3.013027090157282650e+00
1.303000000000004199e+01 3.036697270846626218e+00
1.305000000000004157e+01 2.995500634868629497e+00
1.307000000000004114e+01 2.967909870342562151e+00
1.309000000000004071e+01 2.960944848913792171e+00
1.311000000000004029e+01 2.954865805373539267e+00
1.313000000000003986e+01 2.921785613771286094e+00
1.315000000000003944e+01 2.917103853232475341e+00
1.317000000000003901e+01 2.887241208303101381e+00
1.319000000000003858e+01 2.899061064552293399e+00
1.321000000000003816e+01 2.903831432389837541e+00
1.323000000000003773e+01 2.860667574355140186e+00
1.325000000000003730e+01 2.812382644636672424e+00
1.327000000000003688e+01 2.792186721749150280e+00
1.329000000000003645e+01 2.800775520146748132e+00
1.331000000000003602e+01 2.765465754168974666e+00
1.333000000000003560e+01 2.779988559705682594e+00
1.335000000000003517e+01 2.750587147745828354e+00
1.337000000000003475e+01 2.763201752983854398e+00
1.339000000000003432e+01 2.688138884941026152e+00
1.341000000000003389e+01 2.675600178667193685e+00
1.343000000000003347e+01 2.646286886378216963e+00
1.345000000000003304e+01 2.672411324785342490e+00
1.347000000000003261e+01 2.625365349698550954e+00
1.349000000000003219e+01 2.654279276359348128e+00
1.351000000000003176e+01 2.592966092135724487e+00
1.353000000000003133e+01 2.589151763959802288e+00
1.355000000000003091e+01 2.549067719788441266e+00
1.357000000000003048e+01 2.566660539756271842e+00
1.359000000000003006e+01 2.541934531026999622e+00
1.361000000000002963e+01 2.519817077153132079e+00
1.363000000000002920e+01 2.447493769351420045e+00
1.365000000000002878e+01 2.398367845611551807e+00
1.367000000000002835e+01 2.440330094458192711e+00
1.369000000000002792e+01 2.421305628836435631e+00
1.371000000000002750e+01 2.417513447379660008e+00
1.373000000000002707e+01 2.421165328524931937e+00
1.375000000000002665e+01 2.363481623980419943e+00
1.377000000000002622e+01 2.349231356629502443e+00
1.379000000000002579e+01 2.327719156089027130e+00
1.381000000000002537e+01 2.309322697771239774e+00
1.383000000000002494e+01 2.276518545538869009e+00
1.385000000000002451e+01 2.242529978400588320e+00
1.387000000000002409e+01 2.271301178896536932e+00
1.389000000000002366e+01 2.243226748613006638e+00
1.391000000000002323e+01 2.190032712254668557e+00
1.393000000000002281e+01 2.151879131807981516e+00
1.395000000000002238e+01 2.172031114160720033e+00
1.397000000000002196e+01 2.126958561404312498e+00
1.399000000000002153e+01 2.125628097569688624e+00
1.401000000000002110e+01 2.074176608247070508e+00
1.403000000000002068e+01 2.083892947823242192e+00
1.405000000000002025e+01 2.099314972483946828e+00
1.407000000000001982e+01 2.021688276835592823e+00
1.409000000000001940e+01 2.002065761290136692e+00
1.411000000000001897e+01 1.940660953033481517e+00
1.413000000000001855e+01 1.978608606023254168e+00
1.415000000000001812e+01 1.954763680429387307e+00
1.417000000000001769e+01 1.924589099319846230e+00
1.419000000000001727e+01 1.890065296108083492e+00
1.421000000000001684e+01 1.856637304155622781e+00
1.423000000000001641e+01 1.816489805278538983e+00
1.425000000000001599e+01 1.802358539274971472e+00
1.427000000000001556e+01 1.753094950494705984e+00
1.429000000000001513e+01 1.734898332570169899e+00
1.431000000000001471e+01 1.702486490450398682e+00
1.433000000000001428e+01 1.682207723692607626e+00
1.435000000000001386e+01 1.597066425758041142e+00
1.437000000000001343e+01 1.538864889076483333e+00
1.439000000000001300e+01 1.536125894795452584e+00
1.441000000000001258e+01 1.515386515193434702e+00
1.443000000000001215e+01 1.398595282772502335e+00
1.445000000000001172e+01 1.394321476523398218e+00
1.447000000000001130e+01 1.197313555936835305e+00
1.449000000000001087e+01 1.053618018195367600e+00
1.451000000000001044e+01 8.157649256716280606e-01
1.453000000000001002e+01 5.984633268937966655e-01
1.455000000000000959e+01 3.717264714307428330e-01
1.457000000000000917e+01 2.417815766329638183e-01
1.459000000000000874e+01 1.654512234687741945e-01
1.461000000000000831e+01 8.431534914810899506e-02
1.463000000000000789e+01 5.157474261696606832e-02
1.465000000000000746e+01 1.091973263961470118e-02
1.467000000000000703e+01 2.732476759512816097e-03
1.469000000000000661e+01 2.722728591612421159e-03
1.471000000000000618e+01 1.839993700943079048e-07
1.473000000000000576e+01 0.000000000000000000e+00
1.475000000000000533e+01 0.000000000000000000e+00
1.477000000000000490e+01 0.000000000000000000e+00
1.479000000000000448e+01 0.000000000000000000e+00
1.481000000000000405e+01 0.000000000000000000e+00
1.483000000000000362e+01 0.000000000000000000e+00
1.485000000000000320e+01 0.000000000000000000e+00
1.487000000000000277e+01 0.000000000000000000e+00
1.489000000000000234e+01 0.000000000000000000e+00
1.491000000000000192e+01 0.000000000000000000e+00
1.493000000000000149e+01 0.000000000000000000e+00
1.495000000000000107e+01 0.000000000000000000e+00
1.497000000000000064e+01 0.000000000000000000e+00
1.499000000000000021e+01 0.000000000000000000e+00
