# Redshift		Merger Rate Density [Gpc^-3yr^-1]
1.000000000031931770e-02 2.749090001371008896e+01
3.000000000031888964e-02 2.826847286927407410e+01
5.000000000031846331e-02 2.902995557322670095e+01
7.000000000031804392e-02 2.967024165734355279e+01
9.000000000031761760e-02 3.062947560725878304e+01
1.100000000003171913e-01 3.118314816173262471e+01
1.300000000003167511e-01 3.239779590465173698e+01
1.500000000003163247e-01 3.290841471098939763e+01
1.700000000003158984e-01 3.401801316708204581e+01
1.900000000003154721e-01 3.504259191628629111e+01
2.100000000003150458e-01 3.604838593206909536e+01
2.300000000003146194e-01 3.707273992021537623e+01
2.500000000003141931e-01 3.810541146332780471e+01
2.700000000003137668e-01 3.946793099992864029e+01
2.900000000003133405e-01 4.047673097320809887e+01
3.100000000003129141e-01 4.111689980881721596e+01
3.300000000003124878e-01 4.284271186292389189e+01
3.500000000003120615e-01 4.396961947888440392e+01
3.700000000003116352e-01 4.444655361623941303e+01
3.900000000003112088e-01 4.603344636019245684e+01
4.100000000003107825e-01 4.679031971184794969e+01
4.300000000003103562e-01 4.785175558066816848e+01
4.500000000003099299e-01 4.953313712517851997e+01
4.700000000003095035e-01 5.038019170932797408e+01
4.900000000003090772e-01 5.196432859418041517e+01
5.100000000003086509e-01 5.247891638708026107e+01
5.300000000003082246e-01 5.415092528457179100e+01
5.500000000003077982e-01 5.524395610641553134e+01
5.700000000003073719e-01 5.667413619681619252e+01
5.900000000003069456e-01 5.765573682388728827e+01
6.100000000003065193e-01 5.912540629791023861e+01
6.300000000003060929e-01 6.022087395083674011e+01
6.500000000003056666e-01 6.173351115032460967e+01
6.700000000003052403e-01 6.347331755445662083e+01
6.900000000003048140e-01 6.404140126870615290e+01
7.100000000003043876e-01 6.529509978872557951e+01
7.300000000003039613e-01 6.684914985720436675e+01
7.500000000003035350e-01 6.790721014676208256e+01
7.700000000003031086e-01 7.026323151019163049e+01
7.900000000003026823e-01 7.094244391092492208e+01
8.100000000003022560e-01 7.232095845166875847e+01
8.300000000003018297e-01 7.510587997116628856e+01
8.500000000003014033e-01 7.606897553339028661e+01
8.700000000003009770e-01 7.713874657375448862e+01
8.900000000003005507e-01 7.904841026931383396e+01
9.100000000003001244e-01 8.099445763781349683e+01
9.300000000002996980e-01 8.153843026608618061e+01
9.500000000002992717e-01 8.452574035055009460e+01
9.700000000002988454e-01 8.720489395849482150e+01
9.900000000002984191e-01 8.791638473794425579e+01
1.010000000000297993e+00 9.029004376419193534e+01
1.030000000000297566e+00 9.022865518378213778e+01
1.050000000000297140e+00 9.362515937759108908e+01
1.070000000000296714e+00 9.435071863693345051e+01
1.090000000000296287e+00 9.565641998693571679e+01
1.110000000000295861e+00 9.855664802271373048e+01
1.130000000000295435e+00 9.927932774102441726e+01
1.150000000000295008e+00 1.017877299998166478e+02
1.170000000000294582e+00 1.019133706763862364e+02
1.190000000000294156e+00 1.043638895738407513e+02
1.210000000000293729e+00 1.070874845964072790e+02
1.230000000000293303e+00 1.076583964820302128e+02
1.250000000000292877e+00 1.090758110819459574e+02
1.270000000000292451e+00 1.115259311185805444e+02
1.290000000000292024e+00 1.131558357475667975e+02
1.310000000000291598e+00 1.132489474310557256e+02
1.330000000000291172e+00 1.167769100581861608e+02
1.350000000000290745e+00 1.155221523763290605e+02
1.370000000000290319e+00 1.178960880183247184e+02
1.390000000000289893e+00 1.192975909004124162e+02
1.410000000000289466e+00 1.214081121434436596e+02
1.430000000000289040e+00 1.215638430845351934e+02
1.450000000000288614e+00 1.232036766398713610e+02
1.470000000000288187e+00 1.254538153410562984e+02
1.490000000000287761e+00 1.257958208049433608e+02
1.510000000000287335e+00 1.273444562516422280e+02
1.530000000000286908e+00 1.289964401382532344e+02
1.550000000000286482e+00 1.296187422412760668e+02
1.570000000000286056e+00 1.305940794834632754e+02
1.590000000000285629e+00 1.331022480351696515e+02
1.610000000000285203e+00 1.326878260645063961e+02
1.630000000000284777e+00 1.343799465249643390e+02
1.650000000000284350e+00 1.347266403938482995e+02
1.670000000000283924e+00 1.364828623224338457e+02
1.690000000000283498e+00 1.373476992363358704e+02
1.710000000000283071e+00 1.374172698586332615e+02
1.730000000000282645e+00 1.392575028247575517e+02
1.750000000000282219e+00 1.399517408910036806e+02
1.770000000000281792e+00 1.402748522412772729e+02
1.790000000000281366e+00 1.418167148791726504e+02
1.810000000000280940e+00 1.419725518445266630e+02
1.830000000000280513e+00 1.431335686735254455e+02
1.850000000000280087e+00 1.423977386802845047e+02
1.870000000000279661e+00 1.431082129672827534e+02
1.890000000000279234e+00 1.435452488913459206e+02
1.910000000000278808e+00 1.444173046427795839e+02
1.930000000000278382e+00 1.457034703644723095e+02
1.950000000000277955e+00 1.458655276532512914e+02
1.970000000000277529e+00 1.462174101710396315e+02
1.990000000000277103e+00 1.462817633638084658e+02
2.010000000000276899e+00 1.461278626288695648e+02
2.030000000000276472e+00 1.462134429341785449e+02
2.050000000000276046e+00 1.457771037283832811e+02
2.070000000000275620e+00 1.469235249714187432e+02
2.090000000000275193e+00 1.456565163580372086e+02
2.110000000000274767e+00 1.460390337156229350e+02
2.130000000000274341e+00 1.469047346331365986e+02
2.150000000000273914e+00 1.465511148583921113e+02
2.170000000000273488e+00 1.467697455013507124e+02
2.190000000000273062e+00 1.468049870891737214e+02
2.210000000000272635e+00 1.450891528961822701e+02
2.230000000000272209e+00 1.469028846853364314e+02
2.250000000000271783e+00 1.448876763088771611e+02
2.270000000000271356e+00 1.452302493247944994e+02
2.290000000000270930e+00 1.431250058608821405e+02
2.310000000000270504e+00 1.433493195515249852e+02
2.330000000000270077e+00 1.419964651350553027e+02
2.350000000000269651e+00 1.437134356199860861e+02
2.370000000000269225e+00 1.413096293663347751e+02
2.390000000000268798e+00 1.404490859670793270e+02
2.410000000000268372e+00 1.407002067900133397e+02
2.430000000000267946e+00 1.403721050557027183e+02
2.450000000000267519e+00 1.380006646859514774e+02
2.470000000000267093e+00 1.370029734615090149e+02
2.490000000000266667e+00 1.369743927996889568e+02
2.510000000000266240e+00 1.371341283097910946e+02
2.530000000000265814e+00 1.362187379177464663e+02
2.550000000000265388e+00 1.343401353921340728e+02
2.570000000000264961e+00 1.338086407386381609e+02
2.590000000000264535e+00 1.330105625391818478e+02
2.610000000000264109e+00 1.319845366019440291e+02
2.630000000000263682e+00 1.317602431456758723e+02
2.650000000000263256e+00 1.311458129829825623e+02
2.670000000000262830e+00 1.285665054558195379e+02
2.690000000000262403e+00 1.283458627496445672e+02
2.710000000000261977e+00 1.271896161245345951e+02
2.730000000000261551e+00 1.263151235606006253e+02
2.750000000000261124e+00 1.253113280684009254e+02
2.770000000000260698e+00 1.248390867528286634e+02
2.790000000000260272e+00 1.230521147814860399e+02
2.810000000000259845e+00 1.229866500294503453e+02
2.830000000000259419e+00 1.219881932159755138e+02
2.850000000000258993e+00 1.208503103457323391e+02
2.870000000000258567e+00 1.198284475904001312e+02
2.890000000000258140e+00 1.191190726054756510e+02
2.910000000000257714e+00 1.183700085708225913e+02
2.930000000000257288e+00 1.180346775170793592e+02
2.950000000000256861e+00 1.157047875169889721e+02
2.970000000000256435e+00 1.157781514445632354e+02
2.990000000000256009e+00 1.141093385427172393e+02
3.010000000000255582e+00 1.130947881801749872e+02
3.030000000000255156e+00 1.127299590787724952e+02
3.050000000000254730e+00 1.117813312963529029e+02
3.070000000000254303e+00 1.104743953349070154e+02
3.090000000000253877e+00 1.100837671876851829e+02
3.110000000000253451e+00 1.095019398241179687e+02
3.130000000000253024e+00 1.080336933807568442e+02
3.150000000000252598e+00 1.085604414779207758e+02
3.170000000000252172e+00 1.067626106287686127e+02
3.190000000000251745e+00 1.058377241421590469e+02
3.210000000000251319e+00 1.048919853997431915e+02
3.230000000000250893e+00 1.048231514847444714e+02
3.250000000000250466e+00 1.030857997492285136e+02
3.270000000000250040e+00 1.025119721989089498e+02
3.290000000000249614e+00 1.023002574663021846e+02
3.310000000000249187e+00 1.014278939266931872e+02
3.330000000000248761e+00 1.008208860225472137e+02
3.350000000000248335e+00 1.001439221178327301e+02
3.370000000000247908e+00 9.860928616791017021e+01
3.390000000000247482e+00 9.908332297504260566e+01
3.410000000000247056e+00 9.792504552201278045e+01
3.430000000000246629e+00 9.751966839138935939e+01
3.450000000000246203e+00 9.671272979544605164e+01
3.470000000000245777e+00 9.630237738474379228e+01
3.490000000000245350e+00 9.529486243715068383e+01
3.510000000000244924e+00 9.444382330681821713e+01
3.530000000000244498e+00 9.457580026497760173e+01
3.550000000000244071e+00 9.381110675395518683e+01
3.570000000000243645e+00 9.339428454621408093e+01
3.590000000000243219e+00 9.256760211857363174e+01
3.610000000000242792e+00 9.225245984497580309e+01
3.630000000000242366e+00 9.165721729376980420e+01
3.650000000000241940e+00 9.091011159301578459e+01
3.670000000000241513e+00 9.064179252636199635e+01
3.690000000000241087e+00 9.029859699608279300e+01
3.710000000000240661e+00 9.007544290323254188e+01
3.730000000000240234e+00 8.931423366967065647e+01
3.750000000000239808e+00 8.882141526090354944e+01
3.770000000000239382e+00 8.843971379754103168e+01
3.790000000000238956e+00 8.802979793893146621e+01
3.810000000000238529e+00 8.806230024115720312e+01
3.830000000000238103e+00 8.758057817685029534e+01
3.850000000000237677e+00 8.716012229621688334e+01
3.870000000000237250e+00 8.697638154887307849e+01
3.890000000000236824e+00 8.722710085741579178e+01
3.910000000000236398e+00 8.673304278920822696e+01
3.930000000000235971e+00 8.652369630796769684e+01
3.950000000000235545e+00 8.611210368184750052e+01
3.970000000000235119e+00 8.593122020435738762e+01
3.990000000000234692e+00 8.570970442043756066e+01
4.010000000000234266e+00 8.546857230329840149e+01
4.030000000000233840e+00 8.516817177547270035e+01
4.050000000000233413e+00 8.479341133816535603e+01
4.070000000000232987e+00 8.405773273540297907e+01
4.090000000000232561e+00 8.479683717570985380e+01
4.110000000000232134e+00 8.337389940966977520e+01
4.130000000000231708e+00 8.381750457069848892e+01
4.150000000000231282e+00 8.340062388432509977e+01
4.170000000000230855e+00 8.319533956705623723e+01
4.190000000000230429e+00 8.258829453163282608e+01
4.210000000000230003e+00 8.245579937950974170e+01
4.230000000000229576e+00 8.176136590433655726e+01
4.250000000000229150e+00 8.190574014132747038e+01
4.270000000000228724e+00 8.176087210317774634e+01
4.290000000000228297e+00 8.194020808942681811e+01
4.310000000000227871e+00 8.125030429398957210e+01
4.330000000000227445e+00 8.108609913342984044e+01
4.350000000000227018e+00 8.098657546793391759e+01
4.370000000000226592e+00 8.055600134376851429e+01
4.390000000000226166e+00 8.051621634955311890e+01
4.410000000000225739e+00 8.006818553086398538e+01
4.430000000000225313e+00 8.008660655005093076e+01
4.450000000000224887e+00 8.009706365610189494e+01
4.470000000000224460e+00 8.043175583587564859e+01
4.490000000000224034e+00 7.955393567102629504e+01
4.510000000000223608e+00 7.957374227586046800e+01
4.530000000000223181e+00 7.944502989490491984e+01
4.550000000000222755e+00 7.969392532779147587e+01
4.570000000000222329e+00 7.947690433426005541e+01
4.590000000000221902e+00 7.963955920756528428e+01
4.610000000000221476e+00 7.958063505638341439e+01
4.630000000000221050e+00 7.895594585219697592e+01
4.650000000000220624e+00 7.920377273470435853e+01
4.670000000000220197e+00 7.879804411440059653e+01
4.690000000000219771e+00 7.885003427043729118e+01
4.710000000000219345e+00 7.829233577638677843e+01
4.730000000000218918e+00 7.821895255086688792e+01
4.750000000000218492e+00 7.789168129256142947e+01
4.770000000000218066e+00 7.761262583074146448e+01
4.790000000000217639e+00 7.742150008191244126e+01
4.810000000000217213e+00 7.741858936266437752e+01
4.830000000000216787e+00 7.739825386199863999e+01
4.850000000000216360e+00 7.716257530630660710e+01
4.870000000000215934e+00 7.723179291677750768e+01
4.890000000000215508e+00 7.706573359550434077e+01
4.910000000000215081e+00 7.674674125215227605e+01
4.930000000000214655e+00 7.723898734135561028e+01
4.950000000000214229e+00 7.658127654963415409e+01
4.970000000000213802e+00 7.681297269355712842e+01
4.990000000000213376e+00 7.700120838073155483e+01
5.010000000000212950e+00 7.719323460029258399e+01
5.030000000000212523e+00 7.669580880571348303e+01
5.050000000000212097e+00 7.668122118984015856e+01
5.070000000000211671e+00 7.694651995773779163e+01
5.090000000000211244e+00 7.691966412681982490e+01
5.110000000000210818e+00 7.638227992767002661e+01
5.130000000000210392e+00 7.624704422228884937e+01
5.150000000000209965e+00 7.620615944647744300e+01
5.170000000000209539e+00 7.579007687684845962e+01
5.190000000000209113e+00 7.584162804082230025e+01
5.210000000000208686e+00 7.523060101471408245e+01
5.230000000000208260e+00 7.537067697756975804e+01
5.250000000000207834e+00 7.570935361501616967e+01
5.270000000000207407e+00 7.443298198375678965e+01
5.290000000000206981e+00 7.457813118101951488e+01
5.310000000000206555e+00 7.429565052796411351e+01
5.330000000000206128e+00 7.390345143550355544e+01
5.350000000000205702e+00 7.397049223658457606e+01
5.370000000000205276e+00 7.357630121574906923e+01
5.390000000000204849e+00 7.281738706908807046e+01
5.410000000000204423e+00 7.334292246452909581e+01
5.430000000000203997e+00 7.223710536100237789e+01
5.450000000000203570e+00 7.264112325647884916e+01
5.470000000000203144e+00 7.210282833892067345e+01
5.490000000000202718e+00 7.211831812123662644e+01
5.510000000000202292e+00 7.176240644682533798e+01
5.530000000000201865e+00 7.125013945214546141e+01
5.550000000000201439e+00 7.066069437565826661e+01
5.570000000000201013e+00 7.054017611398796817e+01
5.590000000000200586e+00 7.032617812037986482e+01
5.610000000000200160e+00 6.962153480729084265e+01
5.630000000000199734e+00 6.963857063834905148e+01
5.650000000000199307e+00 6.914503698994269598e+01
5.670000000000198881e+00 6.853545926386522069e+01
5.690000000000198455e+00 6.862972550235727454e+01
5.710000000000198028e+00 6.836330488820547657e+01
5.730000000000197602e+00 6.809509048289052657e+01
5.750000000000197176e+00 6.804899875424514732e+01
5.770000000000196749e+00 6.702480993281336907e+01
5.790000000000196323e+00 6.722464869019162848e+01
5.810000000000195897e+00 6.670464470444612459e+01
5.830000000000195470e+00 6.675336826047301031e+01
5.850000000000195044e+00 6.639011027108645635e+01
5.870000000000194618e+00 6.626097832631624840e+01
5.890000000000194191e+00 6.567720694041176444e+01
5.910000000000193765e+00 6.536166347164970603e+01
5.930000000000193339e+00 6.531051153672704856e+01
5.950000000000192912e+00 6.486742552878769175e+01
5.970000000000192486e+00 6.384967981271083204e+01
5.990000000000192060e+00 6.416488458156977970e+01
6.010000000000191633e+00 6.321609632525381528e+01
6.030000000000191207e+00 6.278996136005864059e+01
6.050000000000190781e+00 6.224010085616927057e+01
6.070000000000190354e+00 6.146196932185967654e+01
6.090000000000189928e+00 6.142041460185674140e+01
6.110000000000189502e+00 6.072321460089352740e+01
6.130000000000189075e+00 6.031242644155412336e+01
6.150000000000188649e+00 6.034632675633717724e+01
6.170000000000188223e+00 5.915327529568914855e+01
6.190000000000187796e+00 5.893495659825850197e+01
6.210000000000187370e+00 5.866326597676136601e+01
6.230000000000186944e+00 5.761460106848168294e+01
6.250000000000186517e+00 5.725395834129374606e+01
6.270000000000186091e+00 5.693014995447886406e+01
6.290000000000185665e+00 5.646530210906430369e+01
6.310000000000185238e+00 5.579694798369609998e+01
6.330000000000184812e+00 5.517717132272210989e+01
6.350000000000184386e+00 5.506386471470961652e+01
6.370000000000183960e+00 5.432824225831075182e+01
6.390000000000183533e+00 5.380080905921693812e+01
6.410000000000183107e+00 5.365521213475758344e+01
6.430000000000182681e+00 5.300804084319575793e+01
6.450000000000182254e+00 5.253754127213640146e+01
6.470000000000181828e+00 5.192976073364959433e+01
6.490000000000181402e+00 5.130515138113172924e+01
6.510000000000180975e+00 5.115516903734271636e+01
6.530000000000180549e+00 5.021958210089305652e+01
6.550000000000180123e+00 4.992574193176497488e+01
6.570000000000179696e+00 4.956330591086866377e+01
6.590000000000179270e+00 4.918349640831232961e+01
6.610000000000178844e+00 4.849070236290383207e+01
6.630000000000178417e+00 4.809673856713478557e+01
6.650000000000177991e+00 4.774249323665976164e+01
6.670000000000177565e+00 4.759407199910648245e+01
6.690000000000177138e+00 4.678621931173054804e+01
6.710000000000176712e+00 4.626044319080836686e+01
6.730000000000176286e+00 4.640584122582843918e+01
6.750000000000175859e+00 4.525462146932444085e+01
6.770000000000175433e+00 4.466309050479938492e+01
6.790000000000175007e+00 4.454528536156382046e+01
6.810000000000174580e+00 4.407284625134285960e+01
6.830000000000174154e+00 4.327372424274415863e+01
6.850000000000173728e+00 4.256751541171644959e+01
6.870000000000173301e+00 4.272338175241289093e+01
6.890000000000172875e+00 4.208918589345134365e+01
6.910000000000172449e+00 4.194353230428490065e+01
6.930000000000172022e+00 4.088551794535944595e+01
6.950000000000171596e+00 4.037157903705191586e+01
6.970000000000171170e+00 3.986970804886429676e+01
6.990000000000170743e+00 3.950774653762566402e+01
7.010000000000170317e+00 3.899327394841901651e+01
7.030000000000169891e+00 3.873550333378078392e+01
7.050000000000169464e+00 3.812904478996514257e+01
7.070000000000169038e+00 3.779470886130674501e+01
7.090000000000168612e+00 3.748924434329573785e+01
7.110000000000168185e+00 3.668441483174478179e+01
7.130000000000167759e+00 3.649803022251718687e+01
7.150000000000167333e+00 3.620616200343894064e+01
7.170000000000166906e+00 3.567387348611094922e+01
7.190000000000166480e+00 3.525183157345266238e+01
7.210000000000166054e+00 3.471663526387890641e+01
7.230000000000165628e+00 3.445651282909661717e+01
7.250000000000165201e+00 3.426431401888820716e+01
7.270000000000164775e+00 3.368828377730788048e+01
7.290000000000164349e+00 3.312516306606563887e+01
7.310000000000163922e+00 3.274753532003635570e+01
7.330000000000163496e+00 3.238220390764891476e+01
7.350000000000163070e+00 3.227831807606469283e+01
7.370000000000162643e+00 3.164118498815537706e+01
7.390000000000162217e+00 3.119552747474905274e+01
7.410000000000161791e+00 3.110409678320230853e+01
7.430000000000161364e+00 3.036929939532339162e+01
7.450000000000160938e+00 3.003837081507339590e+01
7.470000000000160512e+00 2.986621204982566624e+01
7.490000000000160085e+00 2.953947941004657451e+01
7.510000000000159659e+00 2.882847853660247850e+01
7.530000000000159233e+00 2.866564110896891648e+01
7.550000000000158806e+00 2.850631025184615552e+01
7.570000000000158380e+00 2.815582237292638368e+01
7.590000000000157954e+00 2.762720539465578895e+01
7.610000000000157527e+00 2.739793575061386477e+01
7.630000000000157101e+00 2.705984869582858465e+01
7.650000000000156675e+00 2.668109555514316256e+01
7.670000000000156248e+00 2.646769379852469584e+01
7.690000000000155822e+00 2.613669355546555906e+01
7.710000000000155396e+00 2.579350984989331508e+01
7.730000000000154969e+00 2.543386704326343306e+01
7.750000000000154543e+00 2.523966168900440721e+01
7.770000000000154117e+00 2.498440457244513624e+01
7.790000000000153690e+00 2.463241740180520978e+01
7.810000000000153264e+00 2.459952290808667996e+01
7.830000000000152838e+00 2.406906376065778375e+01
7.850000000000152411e+00 2.393517735120578749e+01
7.870000000000151985e+00 2.363131256305798189e+01
7.890000000000151559e+00 2.327423509084727371e+01
7.910000000000151132e+00 2.318474862558120009e+01
7.930000000000150706e+00 2.279093334234635293e+01
7.950000000000150280e+00 2.243293570822828187e+01
7.970000000000149853e+00 2.224845327781602577e+01
7.990000000000149427e+00 2.191267710661664481e+01
8.010000000000149001e+00 2.180069810555121990e+01
8.030000000000148574e+00 2.159339218078386224e+01
8.050000000000148148e+00 2.119327531102730333e+01
8.070000000000147722e+00 2.103844864639744827e+01
8.090000000000147296e+00 2.082208363359783831e+01
8.110000000000146869e+00 2.069098157809536787e+01
8.130000000000146443e+00 2.032187735074675317e+01
8.150000000000146017e+00 2.023963526066888363e+01
8.170000000000145590e+00 1.980064038986717634e+01
8.190000000000145164e+00 1.980506024480658311e+01
8.210000000000144738e+00 1.944972245458104254e+01
8.230000000000144311e+00 1.951659718706862279e+01
8.250000000000143885e+00 1.905968251970367078e+01
8.270000000000143459e+00 1.891441704755839126e+01
8.290000000000143032e+00 1.870987997897568178e+01
8.310000000000142606e+00 1.842195447917769613e+01
8.330000000000142180e+00 1.850806313879032672e+01
8.350000000000141753e+00 1.816229729532600601e+01
8.370000000000141327e+00 1.795600066885441848e+01
8.390000000000140901e+00 1.775959393460594882e+01
8.410000000000140474e+00 1.759768502357705344e+01
8.430000000000140048e+00 1.756018378375886257e+01
8.450000000000139622e+00 1.726528585128209770e+01
8.470000000000139195e+00 1.708245669628744068e+01
8.490000000000138769e+00 1.696436422737191663e+01
8.510000000000138343e+00 1.678091024517071261e+01
8.530000000000137916e+00 1.653882130707119913e+01
8.550000000000137490e+00 1.645916906963739379e+01
8.570000000000137064e+00 1.622777665481786613e+01
8.590000000000136637e+00 1.607633218596674141e+01
8.610000000000136211e+00 1.602595395869058592e+01
8.630000000000135785e+00 1.571049176798826963e+01
8.650000000000135358e+00 1.568674846422677938e+01
8.670000000000134932e+00 1.543618317207139334e+01
8.690000000000134506e+00 1.545074531926319672e+01
8.710000000000134079e+00 1.514674744521670569e+01
8.730000000000133653e+00 1.505666206639434179e+01
8.750000000000133227e+00 1.484200292499080120e+01
8.770000000000132800e+00 1.480034791579614684e+01
8.790000000000132374e+00 1.465947930902932228e+01
8.810000000000131948e+00 1.448715121858031019e+01
8.830000000000131521e+00 1.427539740275703473e+01
8.850000000000131095e+00 1.429804562420474667e+01
8.870000000000130669e+00 1.412888739962991558e+01
8.890000000000130242e+00 1.400895222303037890e+01
8.910000000000129816e+00 1.393951971114022470e+01
8.930000000000129390e+00 1.367876622219067961e+01
8.950000000000128964e+00 1.358158886918108266e+01
8.970000000000128537e+00 1.342708467489852708e+01
8.990000000000128111e+00 1.328809449045288638e+01
9.010000000000127685e+00 1.322005667900350012e+01
9.030000000000127258e+00 1.298425271878518927e+01
9.050000000000126832e+00 1.297716993300074328e+01
9.070000000000126406e+00 1.281213749905947985e+01
9.090000000000125979e+00 1.266709263807172903e+01
9.110000000000125553e+00 1.259267688919605455e+01
9.130000000000125127e+00 1.242289798471763618e+01
9.150000000000124700e+00 1.226316505051179639e+01
9.170000000000124274e+00 1.217673741997928438e+01
9.190000000000123848e+00 1.207821321458505537e+01
9.210000000000123421e+00 1.192544637630901683e+01
9.230000000000122995e+00 1.186691288531322996e+01
9.250000000000122569e+00 1.181436513230592134e+01
9.270000000000122142e+00 1.169316722276515819e+01
9.290000000000121716e+00 1.156815683173307008e+01
9.310000000000121290e+00 1.133216718460279360e+01
9.330000000000120863e+00 1.122378051420635181e+01
9.350000000000120437e+00 1.113115301722350559e+01
9.370000000000120011e+00 1.099926608033919351e+01
9.390000000000119584e+00 1.101859207105489880e+01
9.410000000000119158e+00 1.090766376371426283e+01
9.430000000000118732e+00 1.073022970475816251e+01
9.450000000000118305e+00 1.062044760807566668e+01
9.470000000000117879e+00 1.046806086004220226e+01
9.490000000000117453e+00 1.040611725055784120e+01
9.510000000000117026e+00 1.029393103599420023e+01
9.530000000000116600e+00 1.015185299086031634e+01
9.550000000000116174e+00 1.006090383961510071e+01
9.570000000000115747e+00 9.974816206522662654e+00
9.590000000000115321e+00 9.925899303793691786e+00
9.610000000000114895e+00 9.712937142197192841e+00
9.630000000000114468e+00 9.656035385891689415e+00
9.650000000000114042e+00 9.549204768935984688e+00
9.670000000000113616e+00 9.456237062332023768e+00
9.690000000000113189e+00 9.353434749648551261e+00
9.710000000000112763e+00 9.344235723380107217e+00
9.730000000000112337e+00 9.163177342615574261e+00
9.750000000000111910e+00 9.082077402815745160e+00
9.770000000000111484e+00 8.945077176243731998e+00
9.790000000000111058e+00 8.871385042847231617e+00
9.810000000000110632e+00 8.772677142621002844e+00
9.830000000000110205e+00 8.669748524170483250e+00
9.850000000000109779e+00 8.543324593429089120e+00
9.870000000000109353e+00 8.488920623892113326e+00
9.890000000000108926e+00 8.370776402390498916e+00
9.910000000000108500e+00 8.312075479018384172e+00
9.930000000000108074e+00 8.156808362947447932e+00
9.950000000000107647e+00 8.078425614833788515e+00
9.970000000000107221e+00 7.984904714344616572e+00
9.990000000000106795e+00 7.935924365893404442e+00
1.001000000000010637e+01 7.884466153972828018e+00
1.003000000000010594e+01 7.692648419908755031e+00
1.005000000000010552e+01 7.568244597861202294e+00
1.007000000000010509e+01 7.525675853327317810e+00
1.009000000000010466e+01 7.473859009337399328e+00
1.011000000000010424e+01 7.317925011838434024e+00
1.013000000000010381e+01 7.282008809398467619e+00
1.015000000000010338e+01 7.196314324007167862e+00
1.017000000000010296e+01 7.063144555448489292e+00
1.019000000000010253e+01 6.982849280316660412e+00
1.021000000000010210e+01 6.929865279860323746e+00
1.023000000000010168e+01 6.859946209052948163e+00
1.025000000000010125e+01 6.810667106649156644e+00
1.027000000000010083e+01 6.709119983022904243e+00
1.029000000000010040e+01 6.583853892718243728e+00
1.031000000000009997e+01 6.530976109153933784e+00
1.033000000000009955e+01 6.422824460740522490e+00
1.035000000000009912e+01 6.368560452406975436e+00
1.037000000000009869e+01 6.220764784300103933e+00
1.039000000000009827e+01 6.164773890590009131e+00
1.041000000000009784e+01 6.102144704003219289e+00
1.043000000000009742e+01 6.040973084961680506e+00
1.045000000000009699e+01 5.927362016546564583e+00
1.047000000000009656e+01 5.909729875522308440e+00
1.049000000000009614e+01 5.770125010835093882e+00
1.051000000000009571e+01 5.732385557410566435e+00
1.053000000000009528e+01 5.661192257138480954e+00
1.055000000000009486e+01 5.559598347226766712e+00
1.057000000000009443e+01 5.525718763075993856e+00
1.059000000000009400e+01 5.395074505286083344e+00
1.061000000000009358e+01 5.351081285902200335e+00
1.063000000000009315e+01 5.240231594666281190e+00
1.065000000000009273e+01 5.164565684166780635e+00
1.067000000000009230e+01 5.133289061768302020e+00
1.069000000000009187e+01 5.049306445837389745e+00
1.071000000000009145e+01 5.036273983791445197e+00
1.073000000000009102e+01 4.923386974018658435e+00
1.075000000000009059e+01 4.808085500507409016e+00
1.077000000000009017e+01 4.792436001468831641e+00
1.079000000000008974e+01 4.702000287076979035e+00
1.081000000000008932e+01 4.657121743426524851e+00
1.083000000000008889e+01 4.568559632907470913e+00
1.085000000000008846e+01 4.559971500228399144e+00
1.087000000000008804e+01 4.461122706800655813e+00
1.089000000000008761e+01 4.376308429795225940e+00
1.091000000000008718e+01 4.345928348324499702e+00
1.093000000000008676e+01 4.280603124029691564e+00
1.095000000000008633e+01 4.220563081504653979e+00
1.097000000000008590e+01 4.165524653988454951e+00
1.099000000000008548e+01 4.074004509265710894e+00
1.101000000000008505e+01 4.016470740082940694e+00
1.103000000000008463e+01 3.956515354728872058e+00
1.105000000000008420e+01 3.862946467616331425e+00
1.107000000000008377e+01 3.852284465119878210e+00
1.109000000000008335e+01 3.803950326691625694e+00
1.111000000000008292e+01 3.754764991187363066e+00
1.113000000000008249e+01 3.670860086417578216e+00
1.115000000000008207e+01 3.608754822834503440e+00
1.117000000000008164e+01 3.595097228607165629e+00
1.119000000000008122e+01 3.495155057045482572e+00
1.121000000000008079e+01 3.491465890760876434e+00
1.123000000000008036e+01 3.426526939275069683e+00
1.125000000000007994e+01 3.369107987589895714e+00
1.127000000000007951e+01 3.321459524597218493e+00
1.129000000000007908e+01 3.286990747133278212e+00
1.131000000000007866e+01 3.208058630622257823e+00
1.133000000000007823e+01 3.158763840936535505e+00
1.135000000000007780e+01 3.133290063475469012e+00
1.137000000000007738e+01 3.131512010605109531e+00
1.139000000000007695e+01 3.027147873076272422e+00
1.141000000000007653e+01 3.023203159318173405e+00
1.143000000000007610e+01 2.950618538266208901e+00
1.145000000000007567e+01 2.873179411728796762e+00
1.147000000000007525e+01 2.881050971717265874e+00
1.149000000000007482e+01 2.809118587010325907e+00
1.151000000000007439e+01 2.775219949516130491e+00
1.153000000000007397e+01 2.756674433903479660e+00
1.155000000000007354e+01 2.721834822278100141e+00
1.157000000000007311e+01 2.633465978034679189e+00
1.159000000000007269e+01 2.582330874409565880e+00
1.161000000000007226e+01 2.595150677420081653e+00
1.163000000000007184e+01 2.526730453739901794e+00
1.165000000000007141e+01 2.450732437408067899e+00
1.167000000000007098e+01 2.506802706594154273e+00
1.169000000000007056e+01 2.471873589163929186e+00
1.171000000000007013e+01 2.401679713344121225e+00
1.173000000000006970e+01 2.358341090334203471e+00
1.175000000000006928e+01 2.342457112341155501e+00
1.177000000000006885e+01 2.305678583525597070e+00
1.179000000000006843e+01 2.251329637683393781e+00
1.181000000000006800e+01 2.248133268553897501e+00
1.183000000000006757e+01 2.179113204263237513e+00
1.185000000000006715e+01 2.189566510004899325e+00
1.187000000000006672e+01 2.108737669023282635e+00
1.189000000000006629e+01 2.105824850409693028e+00
1.191000000000006587e+01 2.052363719968511635e+00
1.193000000000006544e+01 2.084814959140183888e+00
1.195000000000006501e+01 2.009588418895158934e+00
1.197000000000006459e+01 2.016943169208021747e+00
1.199000000000006416e+01 1.988949940533855321e+00
1.201000000000006374e+01 1.953272682351175904e+00
1.203000000000006331e+01 1.929957410601966350e+00
1.205000000000006288e+01 1.925543302616117725e+00
1.207000000000006246e+01 1.879481266980521870e+00
1.209000000000006203e+01 1.861408568720675838e+00
1.211000000000006160e+01 1.837375148874036190e+00
1.213000000000006118e+01 1.831449875622406243e+00
1.215000000000006075e+01 1.805954375293077563e+00
1.217000000000006033e+01 1.759136975520091184e+00
1.219000000000005990e+01 1.735182398593119180e+00
1.221000000000005947e+01 1.719070992858003688e+00
1.223000000000005905e+01 1.685953825623879077e+00
1.225000000000005862e+01 1.679439435749296994e+00
1.227000000000005819e+01 1.656492640230346813e+00
1.229000000000005777e+01 1.650054536104174074e+00
1.231000000000005734e+01 1.630054467772536819e+00
1.233000000000005691e+01 1.608214566826169589e+00
1.235000000000005649e+01 1.586714497313270522e+00
1.237000000000005606e+01 1.571243413125544608e+00
1.239000000000005564e+01 1.560471147033974715e+00
1.241000000000005521e+01 1.543047419168313006e+00
1.243000000000005478e+01 1.529413511047665208e+00
1.245000000000005436e+01 1.511260405397914175e+00
1.247000000000005393e+01 1.496785128645349960e+00
1.249000000000005350e+01 1.513302826022224323e+00
1.251000000000005308e+01 1.464039222984003796e+00
1.253000000000005265e+01 1.430804488725174517e+00
1.255000000000005222e+01 1.443843735516493920e+00
1.257000000000005180e+01 1.412915154524611028e+00
1.259000000000005137e+01 1.423833646892699756e+00
1.261000000000005095e+01 1.408360243426601377e+00
1.263000000000005052e+01 1.359085925731577271e+00
1.265000000000005009e+01 1.374901919824834229e+00
1.267000000000004967e+01 1.346607978439746223e+00
1.269000000000004924e+01 1.323040397142395186e+00
1.271000000000004881e+01 1.311736954082425965e+00
1.273000000000004839e+01 1.285118760916428959e+00
1.275000000000004796e+01 1.322739070037501019e+00
1.277000000000004754e+01 1.287554515515310305e+00
1.279000000000004711e+01 1.276632578047925959e+00
1.281000000000004668e+01 1.285356493237620690e+00
1.283000000000004626e+01 1.238692510024789417e+00
1.285000000000004583e+01 1.244214477894484139e+00
1.287000000000004540e+01 1.239983517155975878e+00
1.289000000000004498e+01 1.192386024974704695e+00
1.291000000000004455e+01 1.199937750125735336e+00
1.293000000000004412e+01 1.190956180486667515e+00
1.295000000000004370e+01 1.206018997340885024e+00
1.297000000000004327e+01 1.141516389156528977e+00
1.299000000000004285e+01 1.176464769275154643e+00
1.301000000000004242e+01 1.133942071450803502e+00
1.303000000000004199e+01 1.115591979458950389e+00
1.305000000000004157e+01 1.132380715703361851e+00
1.307000000000004114e+01 1.129535046166382228e+00
1.309000000000004071e+01 1.099554084276635368e+00
1.311000000000004029e+01 1.083130432583673031e+00
1.313000000000003986e+01 1.059690353545046815e+00
1.315000000000003944e+01 1.078333706626517952e+00
1.317000000000003901e+01 1.076154500547468640e+00
1.319000000000003858e+01 1.040097626621050431e+00
1.321000000000003816e+01 1.036925348070351083e+00
1.323000000000003773e+01 1.024386265688791653e+00
1.325000000000003730e+01 1.030960849343819818e+00
1.327000000000003688e+01 1.006724140410343304e+00
1.329000000000003645e+01 9.915285692826278918e-01
1.331000000000003602e+01 1.012013935248409213e+00
1.333000000000003560e+01 9.692637354069677524e-01
1.335000000000003517e+01 9.485597796209433996e-01
1.337000000000003475e+01 9.528365268402205768e-01
1.339000000000003432e+01 9.916913399411875218e-01
1.341000000000003389e+01 9.430961046756161092e-01
1.343000000000003347e+01 9.387723098125174692e-01
1.345000000000003304e+01 9.157311161449858128e-01
1.347000000000003261e+01 8.872747611571897286e-01
1.349000000000003219e+01 9.361676130384050110e-01
1.351000000000003176e+01 9.334326935484454912e-01
1.353000000000003133e+01 9.023238758781829683e-01
1.355000000000003091e+01 9.112345244677421130e-01
1.357000000000003048e+01 8.648659351958218888e-01
1.359000000000003006e+01 8.861915217440821113e-01
1.361000000000002963e+01 8.612211816610161330e-01
1.363000000000002920e+01 8.581039278974144091e-01
1.365000000000002878e+01 8.445838822406288582e-01
1.367000000000002835e+01 8.345513535924083959e-01
1.369000000000002792e+01 8.412692294971128026e-01
1.371000000000002750e+01 8.164703170399345566e-01
1.373000000000002707e+01 8.086524650786131030e-01
1.375000000000002665e+01 7.949144015376197192e-01
1.377000000000002622e+01 7.825027816784757562e-01
1.379000000000002579e+01 7.734292524248324030e-01
1.381000000000002537e+01 7.903260436499754960e-01
1.383000000000002494e+01 7.903442447622950340e-01
1.385000000000002451e+01 7.616314077338253163e-01
1.387000000000002409e+01 7.629382153781794074e-01
1.389000000000002366e+01 7.344092823344759990e-01
1.391000000000002323e+01 7.239709787512280670e-01
1.393000000000002281e+01 7.290921120590575510e-01
1.395000000000002238e+01 7.124011645470762488e-01
1.397000000000002196e+01 7.343891167092686523e-01
1.399000000000002153e+01 7.150434307926101241e-01
1.401000000000002110e+01 7.011631791974696215e-01
1.403000000000002068e+01 6.708544999125236608e-01
1.405000000000002025e+01 6.680469416038442576e-01
1.407000000000001982e+01 6.837020831255296027e-01
1.409000000000001940e+01 6.655043268024272152e-01
1.411000000000001897e+01 6.579122930771285072e-01
1.413000000000001855e+01 6.393253394208621154e-01
1.415000000000001812e+01 6.573615990004704202e-01
1.417000000000001769e+01 6.271724394482288689e-01
1.419000000000001727e+01 6.332823815189694283e-01
1.421000000000001684e+01 6.021906765354677615e-01
1.423000000000001641e+01 5.828811711259003214e-01
1.425000000000001599e+01 5.983484125366129724e-01
1.427000000000001556e+01 5.688036926368248425e-01
1.429000000000001513e+01 5.800766659684605253e-01
1.431000000000001471e+01 5.804821551153950265e-01
1.433000000000001428e+01 5.598974536063479057e-01
1.435000000000001386e+01 5.732928824991089245e-01
1.437000000000001343e+01 5.379877911689774361e-01
1.439000000000001300e+01 5.187908353129861982e-01
1.441000000000001258e+01 5.206380617721362292e-01
1.443000000000001215e+01 4.789453517422480044e-01
1.445000000000001172e+01 4.669168401487415188e-01
1.447000000000001130e+01 4.401170538483120676e-01
1.449000000000001087e+01 4.519166915973012455e-01
1.451000000000001044e+01 4.062159505240854895e-01
1.453000000000001002e+01 3.886784918591469351e-01
1.455000000000000959e+01 3.569150217416117710e-01
1.457000000000000917e+01 3.252730229880734236e-01
1.459000000000000874e+01 2.803704423175547022e-01
1.461000000000000831e+01 2.107978009596561675e-01
1.463000000000000789e+01 1.606590506949737429e-01
1.465000000000000746e+01 8.855768308707596959e-02
1.467000000000000703e+01 2.217814674544044129e-02
1.469000000000000661e+01 1.710409247272308816e-10
1.471000000000000618e+01 1.445061023698692993e-10
1.473000000000000576e+01 1.550854183468621582e-12
1.475000000000000533e+01 0.000000000000000000e+00
1.477000000000000490e+01 0.000000000000000000e+00
1.479000000000000448e+01 0.000000000000000000e+00
1.481000000000000405e+01 0.000000000000000000e+00
1.483000000000000362e+01 0.000000000000000000e+00
1.485000000000000320e+01 0.000000000000000000e+00
1.487000000000000277e+01 0.000000000000000000e+00
1.489000000000000234e+01 0.000000000000000000e+00
1.491000000000000192e+01 0.000000000000000000e+00
1.493000000000000149e+01 0.000000000000000000e+00
1.495000000000000107e+01 0.000000000000000000e+00
1.497000000000000064e+01 0.000000000000000000e+00
1.499000000000000021e+01 0.000000000000000000e+00
