# Redshift		Merger Rate Density [Gpc^-3yr^-1]
1.000000000031931770e-02 8.878201189563457163e+00
3.000000000031888964e-02 9.271247869088577787e+00
5.000000000031846331e-02 9.427268110801872325e+00
7.000000000031804392e-02 9.900717477888827389e+00
9.000000000031761760e-02 1.013485127773131111e+01
1.100000000003171913e-01 1.044354448852723927e+01
1.300000000003167511e-01 1.064505148096562870e+01
1.500000000003163247e-01 1.121624036674612057e+01
1.700000000003158984e-01 1.107211649676132126e+01
1.900000000003154721e-01 1.145015470128895174e+01
2.100000000003150458e-01 1.179545885617926082e+01
2.300000000003146194e-01 1.215201706909742896e+01
2.500000000003141931e-01 1.244018040016763393e+01
2.700000000003137668e-01 1.247036382825894307e+01
2.900000000003133405e-01 1.287192283063622789e+01
3.100000000003129141e-01 1.324409861077407768e+01
3.300000000003124878e-01 1.350735197586884340e+01
3.500000000003120615e-01 1.363320764825083131e+01
3.700000000003116352e-01 1.396621183940873401e+01
3.900000000003112088e-01 1.437060686905681983e+01
4.100000000003107825e-01 1.478667814588994212e+01
4.300000000003103562e-01 1.495781891778949202e+01
4.500000000003099299e-01 1.533648910255495323e+01
4.700000000003095035e-01 1.552373764355693453e+01
4.900000000003090772e-01 1.601571335354326564e+01
5.100000000003086509e-01 1.637789720056068177e+01
5.300000000003082246e-01 1.623990035503841511e+01
5.500000000003077982e-01 1.710934335091983627e+01
5.700000000003073719e-01 1.692753373301263053e+01
5.900000000003069456e-01 1.737902152660365118e+01
6.100000000003065193e-01 1.769986326611412153e+01
6.300000000003060929e-01 1.787461375493694860e+01
6.500000000003056666e-01 1.842431011423094489e+01
6.700000000003052403e-01 1.881555359117971093e+01
6.900000000003048140e-01 1.900666079184073709e+01
7.100000000003043876e-01 1.942827703326039313e+01
7.300000000003039613e-01 1.959293763697291979e+01
7.500000000003035350e-01 2.001459535812803026e+01
7.700000000003031086e-01 2.048315598434492912e+01
7.900000000003026823e-01 2.038136627539187629e+01
8.100000000003022560e-01 2.132888271107066558e+01
8.300000000003018297e-01 2.127207961824785798e+01
8.500000000003014033e-01 2.134769115503555170e+01
8.700000000003009770e-01 2.192446344744143616e+01
8.900000000003005507e-01 2.210860412827937083e+01
9.100000000003001244e-01 2.262579110409914307e+01
9.300000000002996980e-01 2.280919359283136671e+01
9.500000000002992717e-01 2.269811087880104239e+01
9.700000000002988454e-01 2.332915918548594547e+01
9.900000000002984191e-01 2.345594076869646116e+01
1.010000000000297993e+00 2.383019698566925371e+01
1.030000000000297566e+00 2.434611161385185696e+01
1.050000000000297140e+00 2.430629781895730446e+01
1.070000000000296714e+00 2.437364895440428825e+01
1.090000000000296287e+00 2.485698120911361642e+01
1.110000000000295861e+00 2.511353144138574933e+01
1.130000000000295435e+00 2.550452541556810360e+01
1.150000000000295008e+00 2.568547129867804202e+01
1.170000000000294582e+00 2.569770958373905856e+01
1.190000000000294156e+00 2.667634802790814774e+01
1.210000000000293729e+00 2.650968703687772887e+01
1.230000000000293303e+00 2.706610891523097706e+01
1.250000000000292877e+00 2.705208927522827267e+01
1.270000000000292451e+00 2.719887872746208402e+01
1.290000000000292024e+00 2.733337533550674436e+01
1.310000000000291598e+00 2.846455096248576666e+01
1.330000000000291172e+00 2.820993602521258836e+01
1.350000000000290745e+00 2.875101317119480271e+01
1.370000000000290319e+00 2.858507260773708936e+01
1.390000000000289893e+00 2.927691290725892159e+01
1.410000000000289466e+00 2.887869134147408090e+01
1.430000000000289040e+00 2.942916930045042889e+01
1.450000000000288614e+00 2.936830503497801104e+01
1.470000000000288187e+00 3.012662029941985509e+01
1.490000000000287761e+00 2.939457679246887523e+01
1.510000000000287335e+00 3.021540469931529671e+01
1.530000000000286908e+00 3.081593084785273007e+01
1.550000000000286482e+00 3.015199332007685484e+01
1.570000000000286056e+00 3.077976332863013198e+01
1.590000000000285629e+00 3.096637467814726463e+01
1.610000000000285203e+00 3.088764702141818219e+01
1.630000000000284777e+00 3.034352065985878610e+01
1.650000000000284350e+00 3.145606089023130281e+01
1.670000000000283924e+00 3.116514380715684496e+01
1.690000000000283498e+00 3.154919383425088952e+01
1.710000000000283071e+00 3.100413215052870797e+01
1.730000000000282645e+00 3.182148169940862559e+01
1.750000000000282219e+00 3.141545241274783962e+01
1.770000000000281792e+00 3.149038158896692252e+01
1.790000000000281366e+00 3.174583028108894567e+01
1.810000000000280940e+00 3.174989070861187557e+01
1.830000000000280513e+00 3.149313489514771192e+01
1.850000000000280087e+00 3.197657430537069700e+01
1.870000000000279661e+00 3.186336252303238936e+01
1.890000000000279234e+00 3.190043472997420437e+01
1.910000000000278808e+00 3.141480729850164622e+01
1.930000000000278382e+00 3.200618146837748412e+01
1.950000000000277955e+00 3.141858076296166047e+01
1.970000000000277529e+00 3.158796797886622443e+01
1.990000000000277103e+00 3.214122068112742880e+01
2.010000000000276899e+00 3.192158515145314723e+01
2.030000000000276472e+00 3.137352251672803405e+01
2.050000000000276046e+00 3.157024964549025370e+01
2.070000000000275620e+00 3.133078968597541447e+01
2.090000000000275193e+00 3.140428911677436830e+01
2.110000000000274767e+00 3.132633308411018902e+01
2.130000000000274341e+00 3.155301548419424762e+01
2.150000000000273914e+00 3.059719558145467744e+01
2.170000000000273488e+00 3.116410084255868185e+01
2.190000000000273062e+00 3.126235733469527744e+01
2.210000000000272635e+00 3.086200845674585835e+01
2.230000000000272209e+00 3.115088044305460713e+01
2.250000000000271783e+00 3.056450866391250187e+01
2.270000000000271356e+00 3.098666883879091216e+01
2.290000000000270930e+00 3.057301114990061208e+01
2.310000000000270504e+00 3.037231532185846561e+01
2.330000000000270077e+00 3.075611435863957155e+01
2.350000000000269651e+00 3.005326213951862968e+01
2.370000000000269225e+00 2.986082150610612018e+01
2.390000000000268798e+00 2.973530666403877731e+01
2.410000000000268372e+00 2.950775663408002103e+01
2.430000000000267946e+00 3.049803331812611873e+01
2.450000000000267519e+00 2.937588653032662123e+01
2.470000000000267093e+00 2.936810336585719838e+01
2.490000000000266667e+00 2.976889729174354216e+01
2.510000000000266240e+00 2.896157286737351910e+01
2.530000000000265814e+00 2.842810090219315455e+01
2.550000000000265388e+00 2.923522208497522001e+01
2.570000000000264961e+00 2.881767857184140169e+01
2.590000000000264535e+00 2.838759599433720027e+01
2.610000000000264109e+00 2.828373180736859993e+01
2.630000000000263682e+00 2.819752181397709379e+01
2.650000000000263256e+00 2.800106058892994199e+01
2.670000000000262830e+00 2.773223710257543217e+01
2.690000000000262403e+00 2.775977891618787652e+01
2.710000000000261977e+00 2.775639362896918172e+01
2.730000000000261551e+00 2.763620815819542642e+01
2.750000000000261124e+00 2.701021840315441480e+01
2.770000000000260698e+00 2.686353427313370545e+01
2.790000000000260272e+00 2.745073260520159053e+01
2.810000000000259845e+00 2.640383475091425680e+01
2.830000000000259419e+00 2.624640881906455547e+01
2.850000000000258993e+00 2.662107707243875154e+01
2.870000000000258567e+00 2.620497545927353755e+01
2.890000000000258140e+00 2.630122343771483528e+01
2.910000000000257714e+00 2.557615879410444393e+01
2.930000000000257288e+00 2.543245369145348889e+01
2.950000000000256861e+00 2.553749498437666432e+01
2.970000000000256435e+00 2.530808036900332070e+01
2.990000000000256009e+00 2.543044935699052189e+01
3.010000000000255582e+00 2.491472057084169833e+01
3.030000000000255156e+00 2.493561263782094883e+01
3.050000000000254730e+00 2.493619431885229076e+01
3.070000000000254303e+00 2.436039493674919143e+01
3.090000000000253877e+00 2.433238020545997671e+01
3.110000000000253451e+00 2.403985778526154249e+01
3.130000000000253024e+00 2.412022411050860171e+01
3.150000000000252598e+00 2.379006351454555457e+01
3.170000000000252172e+00 2.365947926509627663e+01
3.190000000000251745e+00 2.347026106818703184e+01
3.210000000000251319e+00 2.338406381186383953e+01
3.230000000000250893e+00 2.302468758922149661e+01
3.250000000000250466e+00 2.330139731385598623e+01
3.270000000000250040e+00 2.260557626158368549e+01
3.290000000000249614e+00 2.263851025112742477e+01
3.310000000000249187e+00 2.243189909156522077e+01
3.330000000000248761e+00 2.219495898824851565e+01
3.350000000000248335e+00 2.219863221920444829e+01
3.370000000000247908e+00 2.217679902920347246e+01
3.390000000000247482e+00 2.193721316379196296e+01
3.410000000000247056e+00 2.141330158314075049e+01
3.430000000000246629e+00 2.177392060384664063e+01
3.450000000000246203e+00 2.169560925791000372e+01
3.470000000000245777e+00 2.128725290473004250e+01
3.490000000000245350e+00 2.075362445756689311e+01
3.510000000000244924e+00 2.081550123354706372e+01
3.530000000000244498e+00 2.093260717445293650e+01
3.550000000000244071e+00 2.072556117442911372e+01
3.570000000000243645e+00 2.068461385482907389e+01
3.590000000000243219e+00 2.013881805432344407e+01
3.610000000000242792e+00 2.017034645250666003e+01
3.630000000000242366e+00 2.004875494769095923e+01
3.650000000000241940e+00 1.971719352448873508e+01
3.670000000000241513e+00 2.039534976977565961e+01
3.690000000000241087e+00 1.959895395963067344e+01
3.710000000000240661e+00 1.961663046943206012e+01
3.730000000000240234e+00 1.941817034956039834e+01
3.750000000000239808e+00 1.915100403779830529e+01
3.770000000000239382e+00 1.901259510317397883e+01
3.790000000000238956e+00 1.901820118424031847e+01
3.810000000000238529e+00 1.903753002187101373e+01
3.830000000000238103e+00 1.883664914481289898e+01
3.850000000000237677e+00 1.857937747775301673e+01
3.870000000000237250e+00 1.881894367008031566e+01
3.890000000000236824e+00 1.824636374116226634e+01
3.910000000000236398e+00 1.833744940427559911e+01
3.930000000000235971e+00 1.801522723761494760e+01
3.950000000000235545e+00 1.794169330943628538e+01
3.970000000000235119e+00 1.808071697347111950e+01
3.990000000000234692e+00 1.797055563543466761e+01
4.010000000000234266e+00 1.771994843095866301e+01
4.030000000000233840e+00 1.771606261817115424e+01
4.050000000000233413e+00 1.742617274153085916e+01
4.070000000000232987e+00 1.727577040962480837e+01
4.090000000000232561e+00 1.732610952731136322e+01
4.110000000000232134e+00 1.718934397162248828e+01
4.130000000000231708e+00 1.708189708558537490e+01
4.150000000000231282e+00 1.691520718171089044e+01
4.170000000000230855e+00 1.687652612269452490e+01
4.190000000000230429e+00 1.698175021076731994e+01
4.210000000000230003e+00 1.651044820597258322e+01
4.230000000000229576e+00 1.637198091276910361e+01
4.250000000000229150e+00 1.650219408531461340e+01
4.270000000000228724e+00 1.630860495184261083e+01
4.290000000000228297e+00 1.623266470944161455e+01
4.310000000000227871e+00 1.595764245447156249e+01
4.330000000000227445e+00 1.617439017268010559e+01
4.350000000000227018e+00 1.624907304419643950e+01
4.370000000000226592e+00 1.570204328078556699e+01
4.390000000000226166e+00 1.589834315360856287e+01
4.410000000000225739e+00 1.534066179880466052e+01
4.430000000000225313e+00 1.557188296046801135e+01
4.450000000000224887e+00 1.545577486043016613e+01
4.470000000000224460e+00 1.534510023337238849e+01
4.490000000000224034e+00 1.560905747513929676e+01
4.510000000000223608e+00 1.506285045295636316e+01
4.530000000000223181e+00 1.515423890840041921e+01
4.550000000000222755e+00 1.511527336129823240e+01
4.570000000000222329e+00 1.474495264018981544e+01
4.590000000000221902e+00 1.508931322995562851e+01
4.610000000000221476e+00 1.453394625144342278e+01
4.630000000000221050e+00 1.467546077309286900e+01
4.650000000000220624e+00 1.472256824352512261e+01
4.670000000000220197e+00 1.442536842356183691e+01
4.690000000000219771e+00 1.428484727052071257e+01
4.710000000000219345e+00 1.438634774231327640e+01
4.730000000000218918e+00 1.463207792171779431e+01
4.750000000000218492e+00 1.410616325978101671e+01
4.770000000000218066e+00 1.411416983727787411e+01
4.790000000000217639e+00 1.422847700861866294e+01
4.810000000000217213e+00 1.388565235171643586e+01
4.830000000000216787e+00 1.401385148451054974e+01
4.850000000000216360e+00 1.381378938464755635e+01
4.870000000000215934e+00 1.385709976697562773e+01
4.890000000000215508e+00 1.359152474322211113e+01
4.910000000000215081e+00 1.367226812761728461e+01
4.930000000000214655e+00 1.379059973211884049e+01
4.950000000000214229e+00 1.352944764114708143e+01
4.970000000000213802e+00 1.340706326639475243e+01
4.990000000000213376e+00 1.354073752440040757e+01
5.010000000000212950e+00 1.319465615150955884e+01
5.030000000000212523e+00 1.319003215198682000e+01
5.050000000000212097e+00 1.332913387579888642e+01
5.070000000000211671e+00 1.299073791467893102e+01
5.090000000000211244e+00 1.301225881421056840e+01
5.110000000000210818e+00 1.323562925539459734e+01
5.130000000000210392e+00 1.306643160718041408e+01
5.150000000000209965e+00 1.283832260479269038e+01
5.170000000000209539e+00 1.282258251380622127e+01
5.190000000000209113e+00 1.270206305333317154e+01
5.210000000000208686e+00 1.277541310526010676e+01
5.230000000000208260e+00 1.275429764069642680e+01
5.250000000000207834e+00 1.251831392769678075e+01
5.270000000000207407e+00 1.265010960888946201e+01
5.290000000000206981e+00 1.260583007087661578e+01
5.310000000000206555e+00 1.258580617788617140e+01
5.330000000000206128e+00 1.234944733288329743e+01
5.350000000000205702e+00 1.235222918545022353e+01
5.370000000000205276e+00 1.208459823350589346e+01
5.390000000000204849e+00 1.238774275811311831e+01
5.410000000000204423e+00 1.219059764939628110e+01
5.430000000000203997e+00 1.211225557759251181e+01
5.450000000000203570e+00 1.215704141585329801e+01
5.470000000000203144e+00 1.200728278212768529e+01
5.490000000000202718e+00 1.203781086587607163e+01
5.510000000000202292e+00 1.192694366610293422e+01
5.530000000000201865e+00 1.193228340572932566e+01
5.550000000000201439e+00 1.184810954383614501e+01
5.570000000000201013e+00 1.177732329842155501e+01
5.590000000000200586e+00 1.171677894045455659e+01
5.610000000000200160e+00 1.175865101069677365e+01
5.630000000000199734e+00 1.165597568317061672e+01
5.650000000000199307e+00 1.156226171330015440e+01
5.670000000000198881e+00 1.161894703749798552e+01
5.690000000000198455e+00 1.164421986746959448e+01
5.710000000000198028e+00 1.141436745528165098e+01
5.730000000000197602e+00 1.149889214866344211e+01
5.750000000000197176e+00 1.118983157108354121e+01
5.770000000000196749e+00 1.137592068170823367e+01
5.790000000000196323e+00 1.131335919712219962e+01
5.810000000000195897e+00 1.113642640298146702e+01
5.830000000000195470e+00 1.132126164580679095e+01
5.850000000000195044e+00 1.117083519123368340e+01
5.870000000000194618e+00 1.117660502836564262e+01
5.890000000000194191e+00 1.107948822815860090e+01
5.910000000000193765e+00 1.099915565889452473e+01
5.930000000000193339e+00 1.090693954017554823e+01
5.950000000000192912e+00 1.088898851979015525e+01
5.970000000000192486e+00 1.088613409219306938e+01
5.990000000000192060e+00 1.090896225423150590e+01
6.010000000000191633e+00 1.098243539893551635e+01
6.030000000000191207e+00 1.075248949596890213e+01
6.050000000000190781e+00 1.072781508540772499e+01
6.070000000000190354e+00 1.075921924550183029e+01
6.090000000000189928e+00 1.068146471438673117e+01
6.110000000000189502e+00 1.054242324967584210e+01
6.130000000000189075e+00 1.054149023006643837e+01
6.150000000000188649e+00 1.055884018349972209e+01
6.170000000000188223e+00 1.050342628692797398e+01
6.190000000000187796e+00 1.051960373837633078e+01
6.210000000000187370e+00 1.039912255046663248e+01
6.230000000000186944e+00 1.037206939276918760e+01
6.250000000000186517e+00 1.037856509603658495e+01
6.270000000000186091e+00 1.032848549344872779e+01
6.290000000000185665e+00 1.023825717354262110e+01
6.310000000000185238e+00 1.024004601519341762e+01
6.330000000000184812e+00 1.022499464749549958e+01
6.350000000000184386e+00 1.016422212446858175e+01
6.370000000000183960e+00 1.013867869775942765e+01
6.390000000000183533e+00 1.001737666670063476e+01
6.410000000000183107e+00 9.978074812219855261e+00
6.430000000000182681e+00 1.012249935640131859e+01
6.450000000000182254e+00 9.997495665913664453e+00
6.470000000000181828e+00 9.906099894199085654e+00
6.490000000000181402e+00 9.889716241722156909e+00
6.510000000000180975e+00 9.876844582909660275e+00
6.530000000000180549e+00 9.662373121289286715e+00
6.550000000000180123e+00 9.820497059215156810e+00
6.570000000000179696e+00 9.731632320137237002e+00
6.590000000000179270e+00 9.783225783056451519e+00
6.610000000000178844e+00 9.588651896418284082e+00
6.630000000000178417e+00 9.687527583233464412e+00
6.650000000000177991e+00 9.458591238543242241e+00
6.670000000000177565e+00 9.533895161205053981e+00
6.690000000000177138e+00 9.565648975972257162e+00
6.710000000000176712e+00 9.490375843456391181e+00
6.730000000000176286e+00 9.380377816769346566e+00
6.750000000000175859e+00 9.315353864867622846e+00
6.770000000000175433e+00 9.497557611293633073e+00
6.790000000000175007e+00 9.189701624988119377e+00
6.810000000000174580e+00 9.248570942761569214e+00
6.830000000000174154e+00 9.325895711446261060e+00
6.850000000000173728e+00 9.211787644785180973e+00
6.870000000000173301e+00 9.040168246046901501e+00
6.890000000000172875e+00 9.013180160998386370e+00
6.910000000000172449e+00 9.226997270497378167e+00
6.930000000000172022e+00 9.029284492646189264e+00
6.950000000000171596e+00 9.039759446793999231e+00
6.970000000000171170e+00 9.023975597148062633e+00
6.990000000000170743e+00 8.882670789949409951e+00
7.010000000000170317e+00 8.912977399390214828e+00
7.030000000000169891e+00 8.843894703710333260e+00
7.050000000000169464e+00 8.901264465325008146e+00
7.070000000000169038e+00 8.802941189065544236e+00
7.090000000000168612e+00 8.747222841655551306e+00
7.110000000000168185e+00 8.689547690680086589e+00
7.130000000000167759e+00 8.667270287526537942e+00
7.150000000000167333e+00 8.647245327613214627e+00
7.170000000000166906e+00 8.660167995628505366e+00
7.190000000000166480e+00 8.638873386271775701e+00
7.210000000000166054e+00 8.673733126237072710e+00
7.230000000000165628e+00 8.491599444172857503e+00
7.250000000000165201e+00 8.544102822784912732e+00
7.270000000000164775e+00 8.456318989653265561e+00
7.290000000000164349e+00 8.444234750262399558e+00
7.310000000000163922e+00 8.329854661309564534e+00
7.330000000000163496e+00 8.417424381415655077e+00
7.350000000000163070e+00 8.321187557463979090e+00
7.370000000000162643e+00 8.325743618924837719e+00
7.390000000000162217e+00 8.259618059813965019e+00
7.410000000000161791e+00 8.235451540514107549e+00
7.430000000000161364e+00 8.304849754840104126e+00
7.450000000000160938e+00 8.247720657978605985e+00
7.470000000000160512e+00 8.084975421117396976e+00
7.490000000000160085e+00 8.168747855031670113e+00
7.510000000000159659e+00 8.071361583686332608e+00
7.530000000000159233e+00 8.077619898184831726e+00
7.550000000000158806e+00 8.007269717258266084e+00
7.570000000000158380e+00 8.017477084151712674e+00
7.590000000000157954e+00 7.861899026232984866e+00
7.610000000000157527e+00 7.908228414577950005e+00
7.630000000000157101e+00 7.903954627506835529e+00
7.650000000000156675e+00 7.885189734937533501e+00
7.670000000000156248e+00 7.916124670762060056e+00
7.690000000000155822e+00 7.802715768924421980e+00
7.710000000000155396e+00 7.757190534341781962e+00
7.730000000000154969e+00 7.675303136257213943e+00
7.750000000000154543e+00 7.624992241944351434e+00
7.770000000000154117e+00 7.713087866723337349e+00
7.790000000000153690e+00 7.639476040743632623e+00
7.810000000000153264e+00 7.630876115018967454e+00
7.830000000000152838e+00 7.578219180269802457e+00
7.850000000000152411e+00 7.566716315983220476e+00
7.870000000000151985e+00 7.495676094679378565e+00
7.890000000000151559e+00 7.594972308239981373e+00
7.910000000000151132e+00 7.401309873601776168e+00
7.930000000000150706e+00 7.461728926239690196e+00
7.950000000000150280e+00 7.455675837326229072e+00
7.970000000000149853e+00 7.296475063553193863e+00
7.990000000000149427e+00 7.441965901692481289e+00
8.010000000000149001e+00 7.220205439999792141e+00
8.030000000000148574e+00 7.309550207697030899e+00
8.050000000000148148e+00 7.249549211001274251e+00
8.070000000000147722e+00 7.272376948561062981e+00
8.090000000000147296e+00 7.290576231088348180e+00
8.110000000000146869e+00 7.209147446329940756e+00
8.130000000000146443e+00 7.149717575155688287e+00
8.150000000000146017e+00 7.189285347393179926e+00
8.170000000000145590e+00 7.088147836906227184e+00
8.190000000000145164e+00 7.036599731917640099e+00
8.210000000000144738e+00 7.094299642860652177e+00
8.230000000000144311e+00 6.976606662245234070e+00
8.250000000000143885e+00 6.928492871270541364e+00
8.270000000000143459e+00 6.994666147109607657e+00
8.290000000000143032e+00 6.909716246890065250e+00
8.310000000000142606e+00 6.877253758475929679e+00
8.330000000000142180e+00 6.871294359365509585e+00
8.350000000000141753e+00 6.832255059769151373e+00
8.370000000000141327e+00 6.843134213604120220e+00
8.390000000000140901e+00 6.776414746559119351e+00
8.410000000000140474e+00 6.841592436418165946e+00
8.430000000000140048e+00 6.668535978526599628e+00
8.450000000000139622e+00 6.733618310027696729e+00
8.470000000000139195e+00 6.702249078785349923e+00
8.490000000000138769e+00 6.626470675915149933e+00
8.510000000000138343e+00 6.601675229916390997e+00
8.530000000000137916e+00 6.610207452569179409e+00
8.550000000000137490e+00 6.613120311658242656e+00
8.570000000000137064e+00 6.627261055733051798e+00
8.590000000000136637e+00 6.459117612817620646e+00
8.610000000000136211e+00 6.411828196422839632e+00
8.630000000000135785e+00 6.481077526529391619e+00
8.650000000000135358e+00 6.450176296934524878e+00
8.670000000000134932e+00 6.383309149259788207e+00
8.690000000000134506e+00 6.376659978285170283e+00
8.710000000000134079e+00 6.364262976818338302e+00
8.730000000000133653e+00 6.366390404542392467e+00
8.750000000000133227e+00 6.294949151051230096e+00
8.770000000000132800e+00 6.267467220506571124e+00
8.790000000000132374e+00 6.251027058739088815e+00
8.810000000000131948e+00 6.170586699849845758e+00
8.830000000000131521e+00 6.267943935711547176e+00
8.850000000000131095e+00 6.156872862315259098e+00
8.870000000000130669e+00 6.111108669916070824e+00
8.890000000000130242e+00 6.111188802932983499e+00
8.910000000000129816e+00 6.116589475184191826e+00
8.930000000000129390e+00 6.007287522999724239e+00
8.950000000000128964e+00 5.983554912836623885e+00
8.970000000000128537e+00 6.039284943898745261e+00
8.990000000000128111e+00 5.933143588085078690e+00
9.010000000000127685e+00 5.973449200488083477e+00
9.030000000000127258e+00 5.842732179874108311e+00
9.050000000000126832e+00 5.853171035228945662e+00
9.070000000000126406e+00 5.870439965228849921e+00
9.090000000000125979e+00 5.855342821922506324e+00
9.110000000000125553e+00 5.776836107232307782e+00
9.130000000000125127e+00 5.807436656751317372e+00
9.150000000000124700e+00 5.733227270178549162e+00
9.170000000000124274e+00 5.737462735232933930e+00
9.190000000000123848e+00 5.750225384216544278e+00
9.210000000000123421e+00 5.652749465089725867e+00
9.230000000000122995e+00 5.655299407325810712e+00
9.250000000000122569e+00 5.586641057231912733e+00
9.270000000000122142e+00 5.626315147694341157e+00
9.290000000000121716e+00 5.580020688937203488e+00
9.310000000000121290e+00 5.566533469089815611e+00
9.330000000000120863e+00 5.513912679700406549e+00
9.350000000000120437e+00 5.500952597373845343e+00
9.370000000000120011e+00 5.474245622660042443e+00
9.390000000000119584e+00 5.462201275849338344e+00
9.410000000000119158e+00 5.437974241737118852e+00
9.430000000000118732e+00 5.355797405689757262e+00
9.450000000000118305e+00 5.402975357548093882e+00
9.470000000000117879e+00 5.347584814996771740e+00
9.490000000000117453e+00 5.315695830692995116e+00
9.510000000000117026e+00 5.332464250524236782e+00
9.530000000000116600e+00 5.255002985383057101e+00
9.550000000000116174e+00 5.227770218163733773e+00
9.570000000000115747e+00 5.160537424893454350e+00
9.590000000000115321e+00 5.208962551222109383e+00
9.610000000000114895e+00 5.136845443349725926e+00
9.630000000000114468e+00 5.153738464477935821e+00
9.650000000000114042e+00 5.072372104628043665e+00
9.670000000000113616e+00 5.091963246094947770e+00
9.690000000000113189e+00 5.082395981755255754e+00
9.710000000000112763e+00 5.025198694660278242e+00
9.730000000000112337e+00 4.949844263257021204e+00
9.750000000000111910e+00 4.979073491258269257e+00
9.770000000000111484e+00 4.965282712424563982e+00
9.790000000000111058e+00 4.921341575750073360e+00
9.810000000000110632e+00 4.882976867799278864e+00
9.830000000000110205e+00 4.900175022541450431e+00
9.850000000000109779e+00 4.900079292543682463e+00
9.870000000000109353e+00 4.823118387255125761e+00
9.890000000000108926e+00 4.772769358890158742e+00
9.910000000000108500e+00 4.822388348334317953e+00
9.930000000000108074e+00 4.748580507417995200e+00
9.950000000000107647e+00 4.754742878860529487e+00
9.970000000000107221e+00 4.716748235184084592e+00
9.990000000000106795e+00 4.691158142751069349e+00
1.001000000000010637e+01 4.689440788224557011e+00
1.003000000000010594e+01 4.651992371560102590e+00
1.005000000000010552e+01 4.580653477827271836e+00
1.007000000000010509e+01 4.625822170988895365e+00
1.009000000000010466e+01 4.579306272178362391e+00
1.011000000000010424e+01 4.565501045915945966e+00
1.013000000000010381e+01 4.528858669211468957e+00
1.015000000000010338e+01 4.425317620322635648e+00
1.017000000000010296e+01 4.468670256491563464e+00
1.019000000000010253e+01 4.451467551424870273e+00
1.021000000000010210e+01 4.387125960548223347e+00
1.023000000000010168e+01 4.393097724376468172e+00
1.025000000000010125e+01 4.377031369073964839e+00
1.027000000000010083e+01 4.307656384707194697e+00
1.029000000000010040e+01 4.309745239186668186e+00
1.031000000000009997e+01 4.280351481680227721e+00
1.033000000000009955e+01 4.255738323044692351e+00
1.035000000000009912e+01 4.241686448499006445e+00
1.037000000000009869e+01 4.243856847155958789e+00
1.039000000000009827e+01 4.185728724157347536e+00
1.041000000000009784e+01 4.220971624751003404e+00
1.043000000000009742e+01 4.149488587909168302e+00
1.045000000000009699e+01 4.142289662108226800e+00
1.047000000000009656e+01 4.075279175765354367e+00
1.049000000000009614e+01 4.084667183843337490e+00
1.051000000000009571e+01 4.038191564025432889e+00
1.053000000000009528e+01 4.099385446957643175e+00
1.055000000000009486e+01 4.012566902670815949e+00
1.057000000000009443e+01 3.988413283760233519e+00
1.059000000000009400e+01 3.967791621938255187e+00
1.061000000000009358e+01 3.939371606688200078e+00
1.063000000000009315e+01 3.922372517411866433e+00
1.065000000000009273e+01 3.882814377583755583e+00
1.067000000000009230e+01 3.907756352489215157e+00
1.069000000000009187e+01 3.875898114339357825e+00
1.071000000000009145e+01 3.865619931484494565e+00
1.073000000000009102e+01 3.789049609111582395e+00
1.075000000000009059e+01 3.786213626697338075e+00
1.077000000000009017e+01 3.789609630560672571e+00
1.079000000000008974e+01 3.764992731040025742e+00
1.081000000000008932e+01 3.787273027582134688e+00
1.083000000000008889e+01 3.728312431055336162e+00
1.085000000000008846e+01 3.717772910762677352e+00
1.087000000000008804e+01 3.697190484821166745e+00
1.089000000000008761e+01 3.643457056873975475e+00
1.091000000000008718e+01 3.659404500445082142e+00
1.093000000000008676e+01 3.631990961988382782e+00
1.095000000000008633e+01 3.561307868734764348e+00
1.097000000000008590e+01 3.592075726035067529e+00
1.099000000000008548e+01 3.583151709542441221e+00
1.101000000000008505e+01 3.574597052226811122e+00
1.103000000000008463e+01 3.505500610467748412e+00
1.105000000000008420e+01 3.493898006021179281e+00
1.107000000000008377e+01 3.480621457157721199e+00
1.109000000000008335e+01 3.398974194890846068e+00
1.111000000000008292e+01 3.496269046423301496e+00
1.113000000000008249e+01 3.398394822062166920e+00
1.115000000000008207e+01 3.361831227935142774e+00
1.117000000000008164e+01 3.417711297949047822e+00
1.119000000000008122e+01 3.375507339994137102e+00
1.121000000000008079e+01 3.293664915909157997e+00
1.123000000000008036e+01 3.365475593096994178e+00
1.125000000000007994e+01 3.316038008148122440e+00
1.127000000000007951e+01 3.315933380982150513e+00
1.129000000000007908e+01 3.304947727713186012e+00
1.131000000000007866e+01 3.286022408222498026e+00
1.133000000000007823e+01 3.219623322124929743e+00
1.135000000000007780e+01 3.250656556051605417e+00
1.137000000000007738e+01 3.217346661536012675e+00
1.139000000000007695e+01 3.187870919663023273e+00
1.141000000000007653e+01 3.188132942381401769e+00
1.143000000000007610e+01 3.161084669518186452e+00
1.145000000000007567e+01 3.161440271703273908e+00
1.147000000000007525e+01 3.097265996960344658e+00
1.149000000000007482e+01 3.066914745457305802e+00
1.151000000000007439e+01 3.100052406905242197e+00
1.153000000000007397e+01 3.030268306884098983e+00
1.155000000000007354e+01 3.065244908022350945e+00
1.157000000000007311e+01 3.037839445684957784e+00
1.159000000000007269e+01 2.965094251979397022e+00
1.161000000000007226e+01 2.954903986728216303e+00
1.163000000000007184e+01 2.994867322621035832e+00
1.165000000000007141e+01 2.984838571413905406e+00
1.167000000000007098e+01 2.894939909891762309e+00
1.169000000000007056e+01 2.963372645888811885e+00
1.171000000000007013e+01 2.912295835076320394e+00
1.173000000000006970e+01 2.919126443563664353e+00
1.175000000000006928e+01 2.846820948942519802e+00
1.177000000000006885e+01 2.866888695802441767e+00
1.179000000000006843e+01 2.862806595546776300e+00
1.181000000000006800e+01 2.829634762192779984e+00
1.183000000000006757e+01 2.809229713527895633e+00
1.185000000000006715e+01 2.794678150068219846e+00
1.187000000000006672e+01 2.783186180259112241e+00
1.189000000000006629e+01 2.734500461322313836e+00
1.191000000000006587e+01 2.762785727856643447e+00
1.193000000000006544e+01 2.689626271685953807e+00
1.195000000000006501e+01 2.701568507754866566e+00
1.197000000000006459e+01 2.662238331911782829e+00
1.199000000000006416e+01 2.631666115084299484e+00
1.201000000000006374e+01 2.652801010610847499e+00
1.203000000000006331e+01 2.592334709512892577e+00
1.205000000000006288e+01 2.615768236068872543e+00
1.207000000000006246e+01 2.615501328201810693e+00
1.209000000000006203e+01 2.605208556800588937e+00
1.211000000000006160e+01 2.606094568298078507e+00
1.213000000000006118e+01 2.576220275916131452e+00
1.215000000000006075e+01 2.538728218646649992e+00
1.217000000000006033e+01 2.525996172458290889e+00
1.219000000000005990e+01 2.481618267778100240e+00
1.221000000000005947e+01 2.485431021580216893e+00
1.223000000000005905e+01 2.496406169454436608e+00
1.225000000000005862e+01 2.447825155468390967e+00
1.227000000000005819e+01 2.455236779187655483e+00
1.229000000000005777e+01 2.469135835945772239e+00
1.231000000000005734e+01 2.427289165310906327e+00
1.233000000000005691e+01 2.380722162487346694e+00
1.235000000000005649e+01 2.377373895663247971e+00
1.237000000000005606e+01 2.339481194502098127e+00
1.239000000000005564e+01 2.365290798745132594e+00
1.241000000000005521e+01 2.327289718406386765e+00
1.243000000000005478e+01 2.314590539995694751e+00
1.245000000000005436e+01 2.301195518782002569e+00
1.247000000000005393e+01 2.299130508405643258e+00
1.249000000000005350e+01 2.258459853299170206e+00
1.251000000000005308e+01 2.270094871714371187e+00
1.253000000000005265e+01 2.276436288791888529e+00
1.255000000000005222e+01 2.258419523609699997e+00
1.257000000000005180e+01 2.152631427256916918e+00
1.259000000000005137e+01 2.221767420878129951e+00
1.261000000000005095e+01 2.202136615790674767e+00
1.263000000000005052e+01 2.180365275981730466e+00
1.265000000000005009e+01 2.162565993978293299e+00
1.267000000000004967e+01 2.163860539604453237e+00
1.269000000000004924e+01 2.119249170601558596e+00
1.271000000000004881e+01 2.123813053605483336e+00
1.273000000000004839e+01 2.117396569675101592e+00
1.275000000000004796e+01 2.064269320863174606e+00
1.277000000000004754e+01 2.048785453578486848e+00
1.279000000000004711e+01 2.027442131044133955e+00
1.281000000000004668e+01 2.038319639351388712e+00
1.283000000000004626e+01 2.010049547374169077e+00
1.285000000000004583e+01 2.017639812601632610e+00
1.287000000000004540e+01 1.977159069658884327e+00
1.289000000000004498e+01 1.975915331390708962e+00
1.291000000000004455e+01 1.963484100378397823e+00
1.293000000000004412e+01 1.928258512000009306e+00
1.295000000000004370e+01 1.931660620776783244e+00
1.297000000000004327e+01 1.924475385778995351e+00
1.299000000000004285e+01 1.896104498012444850e+00
1.301000000000004242e+01 1.876982092042034589e+00
1.303000000000004199e+01 1.864807556974154901e+00
1.305000000000004157e+01 1.900507162504911918e+00
1.307000000000004114e+01 1.803220759440113286e+00
1.309000000000004071e+01 1.829527868162277748e+00
1.311000000000004029e+01 1.805863321695291734e+00
1.313000000000003986e+01 1.775598517096072859e+00
1.315000000000003944e+01 1.776023596488992551e+00
1.317000000000003901e+01 1.773250962514576035e+00
1.319000000000003858e+01 1.734479569350919181e+00
1.321000000000003816e+01 1.735239032861043640e+00
1.323000000000003773e+01 1.719699062454807859e+00
1.325000000000003730e+01 1.718577394958560545e+00
1.327000000000003688e+01 1.718210722170496529e+00
1.329000000000003645e+01 1.657525497581262774e+00
1.331000000000003602e+01 1.658945747245573754e+00
1.333000000000003560e+01 1.643112616938703141e+00
1.335000000000003517e+01 1.693607610767700722e+00
1.337000000000003475e+01 1.619198745775223935e+00
1.339000000000003432e+01 1.594120250649924575e+00
1.341000000000003389e+01 1.604676296822906467e+00
1.343000000000003347e+01 1.600061625763489648e+00
1.345000000000003304e+01 1.611657448411466076e+00
1.347000000000003261e+01 1.535273683482742735e+00
1.349000000000003219e+01 1.536398771824866838e+00
1.351000000000003176e+01 1.490599035773885417e+00
1.353000000000003133e+01 1.480520734884088974e+00
1.355000000000003091e+01 1.477329823248582308e+00
1.357000000000003048e+01 1.461790016823627081e+00
1.359000000000003006e+01 1.437859854932978410e+00
1.361000000000002963e+01 1.412777554286460679e+00
1.363000000000002920e+01 1.401694809066383218e+00
1.365000000000002878e+01 1.413547452585332431e+00
1.367000000000002835e+01 1.436788520067746822e+00
1.369000000000002792e+01 1.383320980453131011e+00
1.371000000000002750e+01 1.378903722202968085e+00
1.373000000000002707e+01 1.348839376126266476e+00
1.375000000000002665e+01 1.377968049228901926e+00
1.377000000000002622e+01 1.336719175076610533e+00
1.379000000000002579e+01 1.303915632188455520e+00
1.381000000000002537e+01 1.304784791063875904e+00
1.383000000000002494e+01 1.276566506913764609e+00
1.385000000000002451e+01 1.251223490785799530e+00
1.387000000000002409e+01 1.214752419487959756e+00
1.389000000000002366e+01 1.213481088256567642e+00
1.391000000000002323e+01 1.180698257184236599e+00
1.393000000000002281e+01 1.159364743250496321e+00
1.395000000000002238e+01 1.154654109203180345e+00
1.397000000000002196e+01 1.120750327819073799e+00
1.399000000000002153e+01 1.110209423292840780e+00
1.401000000000002110e+01 1.088160024564315487e+00
1.403000000000002068e+01 1.062600914147693754e+00
1.405000000000002025e+01 1.052291425714963369e+00
1.407000000000001982e+01 1.045210444970730235e+00
1.409000000000001940e+01 1.023387602215455106e+00
1.411000000000001897e+01 1.012653929345002091e+00
1.413000000000001855e+01 9.892124535212568626e-01
1.415000000000001812e+01 9.536030506290458231e-01
1.417000000000001769e+01 9.646477137721399808e-01
1.419000000000001727e+01 9.569064349201037434e-01
1.421000000000001684e+01 9.248494194061324114e-01
1.423000000000001641e+01 9.031780043276289582e-01
1.425000000000001599e+01 8.657075642513931690e-01
1.427000000000001556e+01 8.543690035264337457e-01
1.429000000000001513e+01 8.568708138910881011e-01
1.431000000000001471e+01 8.536957825484151607e-01
1.433000000000001428e+01 8.119074051140837689e-01
1.435000000000001386e+01 7.813435946146257693e-01
1.437000000000001343e+01 7.839830397357842040e-01
1.439000000000001300e+01 7.473911681869990220e-01
1.441000000000001258e+01 7.600078453241810861e-01
1.443000000000001215e+01 7.294877785513356194e-01
1.445000000000001172e+01 6.934967479715562488e-01
1.447000000000001130e+01 6.828047447862962693e-01
1.449000000000001087e+01 6.497120063715399185e-01
1.451000000000001044e+01 6.071360617817659344e-01
1.453000000000001002e+01 5.803109091416750465e-01
1.455000000000000959e+01 5.453934079846295413e-01
1.457000000000000917e+01 4.965241468094238053e-01
1.459000000000000874e+01 3.902905043598245971e-01
1.461000000000000831e+01 2.196502845934514836e-01
1.463000000000000789e+01 8.285794191313655688e-02
1.465000000000000746e+01 2.807182880616097484e-02
1.467000000000000703e+01 1.408144580706155967e-02
1.469000000000000661e+01 1.124395055877202253e-02
1.471000000000000618e+01 1.115888650624374118e-02
1.473000000000000576e+01 2.818466241933224696e-03
1.475000000000000533e+01 2.751758827408223081e-03
1.477000000000000490e+01 0.000000000000000000e+00
1.479000000000000448e+01 0.000000000000000000e+00
1.481000000000000405e+01 0.000000000000000000e+00
1.483000000000000362e+01 0.000000000000000000e+00
1.485000000000000320e+01 0.000000000000000000e+00
1.487000000000000277e+01 0.000000000000000000e+00
1.489000000000000234e+01 0.000000000000000000e+00
1.491000000000000192e+01 0.000000000000000000e+00
1.493000000000000149e+01 0.000000000000000000e+00
1.495000000000000107e+01 0.000000000000000000e+00
1.497000000000000064e+01 0.000000000000000000e+00
1.499000000000000021e+01 0.000000000000000000e+00
