# Redshift		Merger Rate Density [Gpc^-3yr^-1]
1.000000000031931770e-02 3.801847847326843066e+01
3.000000000031888964e-02 3.897872288695057108e+01
5.000000000031846331e-02 3.993497128840902377e+01
7.000000000031804392e-02 4.091501244351795918e+01
9.000000000031761760e-02 4.194526373325357582e+01
1.100000000003171913e-01 4.301020498039721929e+01
1.300000000003167511e-01 4.420211933161492368e+01
1.500000000003163247e-01 4.512244600046295062e+01
1.700000000003158984e-01 4.631663472858969754e+01
1.900000000003154721e-01 4.780736673972059236e+01
2.100000000003150458e-01 4.914496947951138139e+01
2.300000000003146194e-01 5.027095481246026765e+01
2.500000000003141931e-01 5.169933380104728116e+01
2.700000000003137668e-01 5.343684523948149234e+01
2.900000000003133405e-01 5.451015028982826749e+01
3.100000000003129141e-01 5.551979831220908324e+01
3.300000000003124878e-01 5.743471498473595460e+01
3.500000000003120615e-01 5.885786989941522762e+01
3.700000000003116352e-01 5.938382934383039924e+01
3.900000000003112088e-01 6.151611227159592943e+01
4.100000000003107825e-01 6.228004860989214109e+01
4.300000000003103562e-01 6.369139528981670395e+01
4.500000000003099299e-01 6.568750641279855529e+01
4.700000000003095035e-01 6.672247468728417630e+01
4.900000000003090772e-01 6.847504744481898342e+01
5.100000000003086509e-01 6.961346045985393971e+01
5.300000000003082246e-01 7.109527679518419063e+01
5.500000000003077982e-01 7.280997812229792032e+01
5.700000000003073719e-01 7.425710760950398992e+01
5.900000000003069456e-01 7.580889531026679151e+01
6.100000000003065193e-01 7.777907020749015032e+01
6.300000000003060929e-01 7.879174773158995038e+01
6.500000000003056666e-01 8.073012430549724172e+01
6.700000000003052403e-01 8.298657729088573376e+01
6.900000000003048140e-01 8.409823777161717828e+01
7.100000000003043876e-01 8.573899425184600886e+01
7.300000000003039613e-01 8.755760801737405075e+01
7.500000000003035350e-01 8.920608832178302805e+01
7.700000000003031086e-01 9.195011007396878711e+01
7.900000000003026823e-01 9.287839569375144322e+01
8.100000000003022560e-01 9.475698337228605794e+01
8.300000000003018297e-01 9.801143169510808661e+01
8.500000000003014033e-01 9.937618049505030626e+01
8.700000000003009770e-01 1.007779766327806357e+02
8.900000000003005507e-01 1.031201334529499718e+02
9.100000000003001244e-01 1.053474162574544977e+02
9.300000000002996980e-01 1.064764871515334050e+02
9.500000000002992717e-01 1.094367914209915398e+02
9.700000000002988454e-01 1.120341475927168489e+02
9.900000000002984191e-01 1.135399605406307586e+02
1.010000000000297993e+00 1.157072402625757661e+02
1.030000000000297566e+00 1.165024525604309957e+02
1.050000000000297140e+00 1.200570913135386490e+02
1.070000000000296714e+00 1.207934882394077363e+02
1.090000000000296287e+00 1.227766212499115852e+02
1.110000000000295861e+00 1.255204999621686852e+02
1.130000000000295435e+00 1.268395973675166175e+02
1.150000000000295008e+00 1.292421690523231348e+02
1.170000000000294582e+00 1.299381792744609641e+02
1.190000000000294156e+00 1.325955477242512757e+02
1.210000000000293729e+00 1.356895799753322933e+02
1.230000000000293303e+00 1.363645006334107848e+02
1.250000000000292877e+00 1.378661429869258939e+02
1.270000000000292451e+00 1.407358022798393336e+02
1.290000000000292024e+00 1.423399129682300952e+02
1.310000000000291598e+00 1.436687318294368936e+02
1.330000000000291172e+00 1.466680558463120008e+02
1.350000000000290745e+00 1.462165701603796322e+02
1.370000000000290319e+00 1.488653438928288324e+02
1.390000000000289893e+00 1.502620424699495061e+02
1.410000000000289466e+00 1.529596327256582242e+02
1.430000000000289040e+00 1.534700559518583134e+02
1.450000000000288614e+00 1.557736849279069702e+02
1.470000000000288187e+00 1.580380291845151248e+02
1.490000000000287761e+00 1.588126132205049146e+02
1.510000000000287335e+00 1.608747203613024226e+02
1.530000000000286908e+00 1.622493663049295094e+02
1.550000000000286482e+00 1.633999554238769178e+02
1.570000000000286056e+00 1.653975316399503015e+02
1.590000000000285629e+00 1.672827750610135524e+02
1.610000000000285203e+00 1.676169107749963416e+02
1.630000000000284777e+00 1.696767806935465046e+02
1.650000000000284350e+00 1.701725045292160416e+02
1.670000000000283924e+00 1.727801574624052421e+02
1.690000000000283498e+00 1.739969217072408298e+02
1.710000000000283071e+00 1.738702256521098377e+02
1.730000000000282645e+00 1.762943111069607198e+02
1.750000000000282219e+00 1.772139729921378262e+02
1.770000000000281792e+00 1.777872920790753142e+02
1.790000000000281366e+00 1.797450788241664554e+02
1.810000000000280940e+00 1.799201644684733310e+02
1.830000000000280513e+00 1.818919961635474465e+02
1.850000000000280087e+00 1.815754814103252386e+02
1.870000000000279661e+00 1.826145683616457518e+02
1.890000000000279234e+00 1.832873997322075184e+02
1.910000000000278808e+00 1.842085347772555224e+02
1.930000000000278382e+00 1.854093055501548690e+02
1.950000000000277955e+00 1.864949054737021470e+02
1.970000000000277529e+00 1.868468436405391060e+02
1.990000000000277103e+00 1.873366349039407908e+02
2.010000000000276899e+00 1.871203065060985296e+02
2.030000000000276472e+00 1.878348126648295704e+02
2.050000000000276046e+00 1.879508682923451772e+02
2.070000000000275620e+00 1.893555003086516422e+02
2.090000000000275193e+00 1.884754469409177773e+02
2.110000000000274767e+00 1.900752488856069249e+02
2.130000000000274341e+00 1.912931011472381044e+02
2.150000000000273914e+00 1.918842311258363509e+02
2.170000000000273488e+00 1.921190287497198597e+02
2.190000000000273062e+00 1.925306622520436690e+02
2.210000000000272635e+00 1.913331333525690638e+02
2.230000000000272209e+00 1.923580802834019607e+02
2.250000000000271783e+00 1.914468273055430529e+02
2.270000000000271356e+00 1.912139245972776109e+02
2.290000000000270930e+00 1.894457616390985493e+02
2.310000000000270504e+00 1.895341607644041630e+02
2.330000000000270077e+00 1.884096918940939815e+02
2.350000000000269651e+00 1.898702351027972099e+02
2.370000000000269225e+00 1.876651920315580355e+02
2.390000000000268798e+00 1.870266761559391853e+02
2.410000000000268372e+00 1.868866931427390057e+02
2.430000000000267946e+00 1.865887012420947428e+02
2.450000000000267519e+00 1.847341886487976694e+02
2.470000000000267093e+00 1.837898976815990864e+02
2.490000000000266667e+00 1.835131491881129762e+02
2.510000000000266240e+00 1.832871975128792030e+02
2.530000000000265814e+00 1.834609421992018099e+02
2.550000000000265388e+00 1.819273716320453218e+02
2.570000000000264961e+00 1.814532690968015629e+02
2.590000000000264535e+00 1.805589190755362097e+02
2.610000000000264109e+00 1.794249087323188974e+02
2.630000000000263682e+00 1.797019349203175409e+02
2.650000000000263256e+00 1.785717094896134540e+02
2.670000000000262830e+00 1.753414583489585823e+02
2.690000000000262403e+00 1.748922361385848205e+02
2.710000000000261977e+00 1.738322269936806777e+02
2.730000000000261551e+00 1.728283417176209866e+02
2.750000000000261124e+00 1.715264377963367224e+02
2.770000000000260698e+00 1.712328512838300298e+02
2.790000000000260272e+00 1.696685486618924301e+02
2.810000000000259845e+00 1.693921021675452039e+02
2.830000000000259419e+00 1.680374891254838872e+02
2.850000000000258993e+00 1.668164325059715338e+02
2.870000000000258567e+00 1.659018991839394914e+02
2.890000000000258140e+00 1.649610712920287767e+02
2.910000000000257714e+00 1.641281342866174668e+02
2.930000000000257288e+00 1.633795366689575985e+02
2.950000000000256861e+00 1.612206410603710651e+02
2.970000000000256435e+00 1.612798799417080602e+02
2.990000000000256009e+00 1.593660732884496838e+02
3.010000000000255582e+00 1.582343133262810682e+02
3.030000000000255156e+00 1.576064158311512813e+02
3.050000000000254730e+00 1.566741177546896608e+02
3.070000000000254303e+00 1.554170352107515782e+02
3.090000000000253877e+00 1.544935065349644390e+02
3.110000000000253451e+00 1.536384824539655085e+02
3.130000000000253024e+00 1.518846564825592509e+02
3.150000000000252598e+00 1.525151818706828521e+02
3.170000000000252172e+00 1.502989349299320452e+02
3.190000000000251745e+00 1.492378544154558142e+02
3.210000000000251319e+00 1.485536566928304580e+02
3.230000000000250893e+00 1.479459908215226278e+02
3.250000000000250466e+00 1.458243022180532193e+02
3.270000000000250040e+00 1.452562772407694069e+02
3.290000000000249614e+00 1.446968497550901702e+02
3.310000000000249187e+00 1.437681816202136531e+02
3.330000000000248761e+00 1.426406918333653664e+02
3.350000000000248335e+00 1.416627863169682655e+02
3.370000000000247908e+00 1.399499262945549276e+02
3.390000000000247482e+00 1.402398036092758673e+02
3.410000000000247056e+00 1.389351097417463734e+02
3.430000000000246629e+00 1.378159727459511146e+02
3.450000000000246203e+00 1.366961209781482580e+02
3.470000000000245777e+00 1.362346723612209303e+02
3.490000000000245350e+00 1.347917098025736493e+02
3.510000000000244924e+00 1.338598134101629000e+02
3.530000000000244498e+00 1.335285964872532247e+02
3.550000000000244071e+00 1.323550433186614157e+02
3.570000000000243645e+00 1.315633076679319515e+02
3.590000000000243219e+00 1.303807546996339397e+02
3.610000000000242792e+00 1.297650944427913089e+02
3.630000000000242366e+00 1.288425194457755936e+02
3.650000000000241940e+00 1.275182939211628508e+02
3.670000000000241513e+00 1.268238977001456789e+02
3.690000000000241087e+00 1.262618187779095251e+02
3.710000000000240661e+00 1.258238851776576581e+02
3.730000000000240234e+00 1.243420343196433464e+02
3.750000000000239808e+00 1.235422169089210911e+02
3.770000000000239382e+00 1.225724035081694012e+02
3.790000000000238956e+00 1.220134679103433086e+02
3.810000000000238529e+00 1.213309022743691372e+02
3.830000000000238103e+00 1.207751703379436208e+02
3.850000000000237677e+00 1.200786210312950857e+02
3.870000000000237250e+00 1.193687236138379859e+02
3.890000000000236824e+00 1.195386975889837800e+02
3.910000000000236398e+00 1.184204177236863842e+02
3.930000000000235971e+00 1.178639327076460859e+02
3.950000000000235545e+00 1.172980682074863950e+02
3.970000000000235119e+00 1.163931986072775970e+02
3.990000000000234692e+00 1.158343241506134547e+02
4.010000000000234266e+00 1.149331981550438115e+02
4.030000000000233840e+00 1.141762227854782168e+02
4.050000000000233413e+00 1.132732888065120989e+02
4.070000000000232987e+00 1.120632963203096182e+02
4.090000000000232561e+00 1.124030733915220708e+02
4.110000000000232134e+00 1.102703060644680733e+02
4.130000000000231708e+00 1.103029609271367519e+02
4.150000000000231282e+00 1.092193731389155715e+02
4.170000000000230855e+00 1.082780835400089074e+02
4.190000000000230429e+00 1.076437965900619957e+02
4.210000000000230003e+00 1.067635561052972264e+02
4.230000000000229576e+00 1.054220680057872954e+02
4.250000000000229150e+00 1.051182446909971731e+02
4.270000000000228724e+00 1.046202354047167518e+02
4.290000000000228297e+00 1.042763343480517193e+02
4.310000000000227871e+00 1.029270375179749522e+02
4.330000000000227445e+00 1.021675642508315605e+02
4.350000000000227018e+00 1.013482403948986246e+02
4.370000000000226592e+00 1.006657358702635747e+02
4.390000000000226166e+00 1.002017892630500171e+02
4.410000000000225739e+00 9.906805382341035227e+01
4.430000000000225313e+00 9.872639483121668036e+01
4.450000000000224887e+00 9.800545194792704251e+01
4.470000000000224460e+00 9.795924008065192368e+01
4.490000000000224034e+00 9.652962995033298910e+01
4.510000000000223608e+00 9.602659318221714102e+01
4.530000000000223181e+00 9.544921649051745760e+01
4.550000000000222755e+00 9.519126308110803336e+01
4.570000000000222329e+00 9.453946607876480357e+01
4.590000000000221902e+00 9.395679711835633441e+01
4.610000000000221476e+00 9.355491688043326803e+01
4.630000000000221050e+00 9.233772063555342413e+01
4.650000000000220624e+00 9.216019375339030262e+01
4.670000000000220197e+00 9.134308045608177906e+01
4.690000000000219771e+00 9.082882527783219473e+01
4.710000000000219345e+00 8.967101046584700441e+01
4.730000000000218918e+00 8.948580885684580721e+01
4.750000000000218492e+00 8.851783602853745947e+01
4.770000000000218066e+00 8.773145568748302026e+01
4.790000000000217639e+00 8.693362869547161154e+01
4.810000000000217213e+00 8.667365092857458819e+01
4.830000000000216787e+00 8.620580857170105560e+01
4.850000000000216360e+00 8.535949592830478139e+01
4.870000000000215934e+00 8.499659708375116907e+01
4.890000000000215508e+00 8.436023928380485870e+01
4.910000000000215081e+00 8.364228887555199776e+01
4.930000000000214655e+00 8.377347619730741712e+01
4.950000000000214229e+00 8.276902664424126499e+01
4.970000000000213802e+00 8.261682406501310538e+01
4.990000000000213376e+00 8.208962631584357439e+01
5.010000000000212950e+00 8.199720336080241623e+01
5.030000000000212523e+00 8.098379927019276181e+01
5.050000000000212097e+00 8.061242257436431657e+01
5.070000000000211671e+00 8.034511069099059455e+01
5.090000000000211244e+00 8.010936754747126542e+01
5.110000000000210818e+00 7.901890973708817967e+01
5.130000000000210392e+00 7.854134022778700341e+01
5.150000000000209965e+00 7.816591839551692544e+01
5.170000000000209539e+00 7.729149738019000893e+01
5.190000000000209113e+00 7.703861750556953325e+01
5.210000000000208686e+00 7.612453570327197383e+01
5.230000000000208260e+00 7.608198929262094623e+01
5.250000000000207834e+00 7.580687224777717859e+01
5.270000000000207407e+00 7.444873528098003135e+01
5.290000000000206981e+00 7.426753942187721691e+01
5.310000000000206555e+00 7.361183675670126547e+01
5.330000000000206128e+00 7.295505650429467437e+01
5.350000000000205702e+00 7.260274263303125508e+01
5.370000000000205276e+00 7.217750691647090378e+01
5.390000000000204849e+00 7.107130468764155751e+01
5.410000000000204423e+00 7.121054768172479044e+01
5.430000000000203997e+00 7.003384891361481834e+01
5.450000000000203570e+00 7.017549683170707908e+01
5.470000000000203144e+00 6.931555792885400535e+01
5.490000000000202718e+00 6.910704612492777699e+01
5.510000000000202292e+00 6.853783064425208238e+01
5.530000000000201865e+00 6.785328786856752004e+01
5.550000000000201439e+00 6.702910389588602413e+01
5.570000000000201013e+00 6.673672730057187152e+01
5.590000000000200586e+00 6.631326753066055346e+01
5.610000000000200160e+00 6.544056738090291958e+01
5.630000000000199734e+00 6.534698805538315014e+01
5.650000000000199307e+00 6.460833396350605540e+01
5.670000000000198881e+00 6.393505935998189216e+01
5.690000000000198455e+00 6.375980347744673793e+01
5.710000000000198028e+00 6.339718974098751403e+01
5.730000000000197602e+00 6.287614627739085194e+01
5.750000000000197176e+00 6.265021840525030683e+01
5.770000000000196749e+00 6.166873705856481536e+01
5.790000000000196323e+00 6.162592312266934869e+01
5.810000000000195897e+00 6.094134838358510109e+01
5.830000000000195470e+00 6.086609044392789514e+01
5.850000000000195044e+00 6.038798951255288472e+01
5.870000000000194618e+00 6.008722968510163298e+01
5.890000000000194191e+00 5.945315337089007812e+01
5.910000000000193765e+00 5.901759321356986732e+01
5.930000000000193339e+00 5.891477255933501311e+01
5.950000000000192912e+00 5.842875779502405464e+01
5.970000000000192486e+00 5.739167302547691918e+01
5.990000000000192060e+00 5.756330504103640067e+01
6.010000000000191633e+00 5.678269650962256065e+01
6.030000000000191207e+00 5.625298534350426394e+01
6.050000000000190781e+00 5.568480252861706248e+01
6.070000000000190354e+00 5.490115118399042871e+01
6.090000000000189928e+00 5.487007170901965480e+01
6.110000000000189502e+00 5.424024415767519258e+01
6.130000000000189075e+00 5.374092538602149460e+01
6.150000000000188649e+00 5.363351611233297689e+01
6.170000000000188223e+00 5.273147190691237540e+01
6.190000000000187796e+00 5.252976004921199404e+01
6.210000000000187370e+00 5.222324354922112377e+01
6.230000000000186944e+00 5.129969295077405178e+01
6.250000000000186517e+00 5.090546034206402481e+01
6.270000000000186091e+00 5.067160210782157037e+01
6.290000000000185665e+00 5.014200819293780853e+01
6.310000000000185238e+00 4.967314066695515606e+01
6.330000000000184812e+00 4.910723995913568274e+01
6.350000000000184386e+00 4.895249470702565020e+01
6.370000000000183960e+00 4.834064105075743356e+01
6.390000000000183533e+00 4.788504819472455409e+01
6.410000000000183107e+00 4.770302932216284830e+01
6.430000000000182681e+00 4.723089018385825000e+01
6.450000000000182254e+00 4.675764528537357023e+01
6.470000000000181828e+00 4.630829148494270697e+01
6.490000000000181402e+00 4.571340166591392773e+01
6.510000000000180975e+00 4.558922118715715044e+01
6.530000000000180549e+00 4.487187821148079081e+01
6.550000000000180123e+00 4.461389772809371124e+01
6.570000000000179696e+00 4.429988891625349368e+01
6.590000000000179270e+00 4.398775978573367951e+01
6.610000000000178844e+00 4.345072940772001147e+01
6.630000000000178417e+00 4.312699631868454730e+01
6.650000000000177991e+00 4.279476421400264741e+01
6.670000000000177565e+00 4.270747350832418476e+01
6.690000000000177138e+00 4.203241670173918010e+01
6.710000000000176712e+00 4.167268587512518963e+01
6.730000000000176286e+00 4.169619637965313785e+01
6.750000000000175859e+00 4.084647436861583714e+01
6.770000000000175433e+00 4.040388950884107544e+01
6.790000000000175007e+00 4.028906563548723341e+01
6.810000000000174580e+00 3.993281812848307766e+01
6.830000000000174154e+00 3.922385646270517867e+01
6.850000000000173728e+00 3.870750703120464919e+01
6.870000000000173301e+00 3.884515185791496350e+01
6.890000000000172875e+00 3.836376457933234718e+01
6.910000000000172449e+00 3.826899270408977571e+01
6.930000000000172022e+00 3.746982551616888202e+01
6.950000000000171596e+00 3.703463245717727403e+01
6.970000000000171170e+00 3.666120783757916968e+01
6.990000000000170743e+00 3.632936019783951309e+01
7.010000000000170317e+00 3.598259074511868505e+01
7.030000000000169891e+00 3.572943973627361203e+01
7.050000000000169464e+00 3.527821473493366256e+01
7.070000000000169038e+00 3.501875193535012443e+01
7.090000000000168612e+00 3.481244765422370335e+01
7.110000000000168185e+00 3.413496216510053927e+01
7.130000000000167759e+00 3.400470912461874207e+01
7.150000000000167333e+00 3.372859007757239169e+01
7.170000000000166906e+00 3.336966425923514379e+01
7.190000000000166480e+00 3.302813053090117279e+01
7.210000000000166054e+00 3.262587664798608955e+01
7.230000000000165628e+00 3.237749633216777312e+01
7.250000000000165201e+00 3.226026663420840634e+01
7.270000000000164775e+00 3.176445137092824211e+01
7.290000000000164349e+00 3.130216028444454679e+01
7.310000000000163922e+00 3.100064920774665467e+01
7.330000000000163496e+00 3.077012471058921150e+01
7.350000000000163070e+00 3.068072277476985121e+01
7.370000000000162643e+00 3.010162652565755081e+01
7.390000000000162217e+00 2.980528153956150561e+01
7.410000000000161791e+00 2.965804143327160958e+01
7.430000000000161364e+00 2.909290584270911495e+01
7.450000000000160938e+00 2.877772896229159727e+01
7.470000000000160512e+00 2.865360577442266177e+01
7.490000000000160085e+00 2.835912669599837699e+01
7.510000000000159659e+00 2.779798780716572892e+01
7.530000000000159233e+00 2.765206676952348275e+01
7.550000000000158806e+00 2.748375134986727630e+01
7.570000000000158380e+00 2.720425114662222299e+01
7.590000000000157954e+00 2.676038639559861565e+01
7.610000000000157527e+00 2.657641583654112338e+01
7.630000000000157101e+00 2.627064654821123924e+01
7.650000000000156675e+00 2.596956520639252020e+01
7.670000000000156248e+00 2.575620623577825441e+01
7.690000000000155822e+00 2.547377299230373282e+01
7.710000000000155396e+00 2.518374234292717873e+01
7.730000000000154969e+00 2.484120277907433305e+01
7.750000000000154543e+00 2.469822581127696637e+01
7.770000000000154117e+00 2.444802121280440588e+01
7.790000000000153690e+00 2.414485813306872330e+01
7.810000000000153264e+00 2.405824114420488158e+01
7.830000000000152838e+00 2.362450944170517531e+01
7.850000000000152411e+00 2.349853243152841387e+01
7.870000000000151985e+00 2.321562067251830896e+01
7.890000000000151559e+00 2.291508806291623657e+01
7.910000000000151132e+00 2.278041604397035513e+01
7.930000000000150706e+00 2.243642552913734889e+01
7.950000000000150280e+00 2.212918669668894012e+01
7.970000000000149853e+00 2.190479264431010620e+01
7.990000000000149427e+00 2.160787783046400179e+01
8.010000000000149001e+00 2.148822164183823702e+01
8.030000000000148574e+00 2.126651142888128376e+01
8.050000000000148148e+00 2.091533188663573384e+01
8.070000000000147722e+00 2.076107562118471606e+01
8.090000000000147296e+00 2.054842940726539524e+01
8.110000000000146869e+00 2.037310892760368830e+01
8.130000000000146443e+00 2.007446650143695166e+01
8.150000000000146017e+00 1.996926719652917370e+01
8.170000000000145590e+00 1.954526736419774480e+01
8.190000000000145164e+00 1.953738083222683741e+01
8.210000000000144738e+00 1.920053191622121602e+01
8.230000000000144311e+00 1.922569864677344142e+01
8.250000000000143885e+00 1.879635747471752083e+01
8.270000000000143459e+00 1.863256640024565414e+01
8.290000000000143032e+00 1.843891256807430068e+01
8.310000000000142606e+00 1.815755391375844852e+01
8.330000000000142180e+00 1.818963286141710611e+01
8.350000000000141753e+00 1.786206683248269655e+01
8.370000000000141327e+00 1.767128281025634706e+01
8.390000000000140901e+00 1.744862070096969120e+01
8.410000000000140474e+00 1.728019610589549160e+01
8.430000000000140048e+00 1.719782449027994531e+01
8.450000000000139622e+00 1.692055568076153449e+01
8.470000000000139195e+00 1.674741909136141871e+01
8.490000000000138769e+00 1.659288829833453605e+01
8.510000000000138343e+00 1.640421161056027088e+01
8.530000000000137916e+00 1.616689135055197823e+01
8.550000000000137490e+00 1.606754773700068739e+01
8.570000000000137064e+00 1.583584560339903824e+01
8.590000000000136637e+00 1.562083316970380231e+01
8.610000000000136211e+00 1.559641409637888465e+01
8.630000000000135785e+00 1.524738834919083708e+01
8.650000000000135358e+00 1.520478721987774051e+01
8.670000000000134932e+00 1.497532932888812951e+01
8.690000000000134506e+00 1.492677427972669157e+01
8.710000000000134079e+00 1.462728023337870553e+01
8.730000000000133653e+00 1.454220172924691568e+01
8.750000000000133227e+00 1.432544173843174029e+01
8.770000000000132800e+00 1.424508961690952624e+01
8.790000000000132374e+00 1.410680571473620226e+01
8.810000000000131948e+00 1.392297656986729848e+01
8.830000000000131521e+00 1.372651457051125057e+01
8.850000000000131095e+00 1.371001523010143508e+01
8.870000000000130669e+00 1.353299280858804821e+01
8.890000000000130242e+00 1.335100329671862873e+01
8.910000000000129816e+00 1.330993425977495548e+01
8.930000000000129390e+00 1.305821336692851631e+01
8.950000000000128964e+00 1.292333936413145423e+01
8.970000000000128537e+00 1.280085880583422053e+01
8.990000000000128111e+00 1.262655327170190667e+01
9.010000000000127685e+00 1.257459585502048505e+01
9.030000000000127258e+00 1.232160607015867804e+01
9.050000000000126832e+00 1.229143543285872475e+01
9.070000000000126406e+00 1.211459101136305883e+01
9.090000000000125979e+00 1.198211240960519675e+01
9.110000000000125553e+00 1.188220262225193480e+01
9.130000000000125127e+00 1.173151845742222754e+01
9.150000000000124700e+00 1.157220158390799014e+01
9.170000000000124274e+00 1.146240525669304589e+01
9.190000000000123848e+00 1.133244400242624472e+01
9.210000000000123421e+00 1.120071988612185621e+01
9.230000000000122995e+00 1.111285195438311391e+01
9.250000000000122569e+00 1.104055723603193506e+01
9.270000000000122142e+00 1.092196703292278137e+01
9.290000000000121716e+00 1.076937576015461140e+01
9.310000000000121290e+00 1.058124648642467314e+01
9.330000000000120863e+00 1.046782886598187901e+01
9.350000000000120437e+00 1.036733877366909162e+01
9.370000000000120011e+00 1.024325387077165672e+01
9.390000000000119584e+00 1.023301921200249254e+01
9.410000000000119158e+00 1.010636030187859369e+01
9.430000000000118732e+00 9.944105741563060263e+00
9.450000000000118305e+00 9.850689327695153708e+00
9.470000000000117879e+00 9.701729953015476582e+00
9.490000000000117453e+00 9.637931734695136754e+00
9.510000000000117026e+00 9.519923633983330191e+00
9.530000000000116600e+00 9.377247754773991417e+00
9.550000000000116174e+00 9.312661112051658918e+00
9.570000000000115747e+00 9.196602299926498247e+00
9.590000000000115321e+00 9.165478844688129456e+00
9.610000000000114895e+00 8.952711890468881606e+00
9.630000000000114468e+00 8.902859456873072119e+00
9.650000000000114042e+00 8.786437266790956713e+00
9.670000000000113616e+00 8.700677203961650008e+00
9.690000000000113189e+00 8.599313119530716421e+00
9.710000000000112763e+00 8.568465322592176747e+00
9.730000000000112337e+00 8.434819880663502190e+00
9.750000000000111910e+00 8.336931573167960963e+00
9.770000000000111484e+00 8.209044081187217401e+00
9.790000000000111058e+00 8.160771354117972720e+00
9.810000000000110632e+00 8.033655433412514313e+00
9.830000000000110205e+00 7.943780515754395033e+00
9.850000000000109779e+00 7.811855887932615872e+00
9.870000000000109353e+00 7.799539898730697196e+00
9.890000000000108926e+00 7.674064740969720688e+00
9.910000000000108500e+00 7.607640003046848953e+00
9.930000000000108074e+00 7.465223796246604593e+00
9.950000000000107647e+00 7.393237666806603769e+00
9.970000000000107221e+00 7.300696507543685598e+00
9.990000000000106795e+00 7.283691695193709847e+00
1.001000000000010637e+01 7.210506633050044911e+00
1.003000000000010594e+01 7.060953140465862532e+00
1.005000000000010552e+01 6.926188527153293251e+00
1.007000000000010509e+01 6.880737519412934766e+00
1.009000000000010466e+01 6.843940547390380935e+00
1.011000000000010424e+01 6.714019760485579802e+00
1.013000000000010381e+01 6.657804237693601301e+00
1.015000000000010338e+01 6.576217060469045528e+00
1.017000000000010296e+01 6.470101904996141684e+00
1.019000000000010253e+01 6.399124854121015282e+00
1.021000000000010210e+01 6.364323334613836813e+00
1.023000000000010168e+01 6.285150062277688576e+00
1.025000000000010125e+01 6.242777719683694215e+00
1.027000000000010083e+01 6.155182448508536908e+00
1.029000000000010040e+01 6.044771475235888758e+00
1.031000000000009997e+01 5.996759243996253375e+00
1.033000000000009955e+01 5.900013895665098040e+00
1.035000000000009912e+01 5.849736805797185468e+00
1.037000000000009869e+01 5.730333655157345163e+00
1.039000000000009827e+01 5.688000669264407172e+00
1.041000000000009784e+01 5.616930514224113935e+00
1.043000000000009742e+01 5.575431007577130949e+00
1.045000000000009699e+01 5.468652260962175937e+00
1.047000000000009656e+01 5.464877577673819431e+00
1.049000000000009614e+01 5.335442380923417716e+00
1.051000000000009571e+01 5.290706508218141479e+00
1.053000000000009528e+01 5.235992435864755379e+00
1.055000000000009486e+01 5.156664506479343935e+00
1.057000000000009443e+01 5.108404681864001873e+00
1.059000000000009400e+01 5.008567097428986870e+00
1.061000000000009358e+01 4.976272050908012723e+00
1.063000000000009315e+01 4.884858005984826335e+00
1.065000000000009273e+01 4.813994538183275829e+00
1.067000000000009230e+01 4.796930455955552119e+00
1.069000000000009187e+01 4.723156678814548926e+00
1.071000000000009145e+01 4.694765880028009875e+00
1.073000000000009102e+01 4.615934401798795328e+00
1.075000000000009059e+01 4.517371755251394561e+00
1.077000000000009017e+01 4.494313427081900514e+00
1.079000000000008974e+01 4.417331435544919138e+00
1.081000000000008932e+01 4.392474545836447142e+00
1.083000000000008889e+01 4.299809404431639059e+00
1.085000000000008846e+01 4.312493585260468443e+00
1.087000000000008804e+01 4.213023986896478945e+00
1.089000000000008761e+01 4.149903950984749734e+00
1.091000000000008718e+01 4.105299914392627869e+00
1.093000000000008676e+01 4.065194935391425624e+00
1.095000000000008633e+01 4.022928129623413618e+00
1.097000000000008590e+01 3.964856367541352622e+00
1.099000000000008548e+01 3.895611269458304715e+00
1.101000000000008505e+01 3.851203489186226125e+00
1.103000000000008463e+01 3.795317725311779355e+00
1.105000000000008420e+01 3.713626480857479262e+00
1.107000000000008377e+01 3.708719761942043558e+00
1.109000000000008335e+01 3.667707774895549999e+00
1.111000000000008292e+01 3.628331048608644860e+00
1.113000000000008249e+01 3.544561483757590281e+00
1.115000000000008207e+01 3.498407973474704225e+00
1.117000000000008164e+01 3.489144112849096757e+00
1.119000000000008122e+01 3.408576132590853458e+00
1.121000000000008079e+01 3.404514743093309370e+00
1.123000000000008036e+01 3.366241685794163718e+00
1.125000000000007994e+01 3.298740828345394505e+00
1.127000000000007951e+01 3.257071179675279815e+00
1.129000000000007908e+01 3.229767504795812982e+00
1.131000000000007866e+01 3.160409649680945066e+00
1.133000000000007823e+01 3.133006460869398158e+00
1.135000000000007780e+01 3.102710813390554989e+00
1.137000000000007738e+01 3.100928281350972426e+00
1.139000000000007695e+01 3.000665769785887171e+00
1.141000000000007653e+01 3.010856528981054048e+00
1.143000000000007610e+01 2.945834691786751502e+00
1.145000000000007567e+01 2.882348577336086404e+00
1.147000000000007525e+01 2.884532830599657149e+00
1.149000000000007482e+01 2.834214900327264086e+00
1.151000000000007439e+01 2.793607729362665992e+00
1.153000000000007397e+01 2.781266490193412100e+00
1.155000000000007354e+01 2.737266849340124875e+00
1.157000000000007311e+01 2.672745111855483913e+00
1.159000000000007269e+01 2.622922607171644049e+00
1.161000000000007226e+01 2.644354694883818357e+00
1.163000000000007184e+01 2.584112156320899967e+00
1.165000000000007141e+01 2.508542479515355694e+00
1.167000000000007098e+01 2.558192967561658815e+00
1.169000000000007056e+01 2.528155525783343016e+00
1.171000000000007013e+01 2.467612606859629132e+00
1.173000000000006970e+01 2.428770731309109365e+00
1.175000000000006928e+01 2.411514078052086063e+00
1.177000000000006885e+01 2.375661983962679358e+00
1.179000000000006843e+01 2.330398706879208692e+00
1.181000000000006800e+01 2.328502538140496458e+00
1.183000000000006757e+01 2.262593517975987290e+00
1.185000000000006715e+01 2.273106004604846575e+00
1.187000000000006672e+01 2.199287141337216145e+00
1.189000000000006629e+01 2.201764443698780216e+00
1.191000000000006587e+01 2.147130927267699274e+00
1.193000000000006544e+01 2.182559123422345149e+00
1.195000000000006501e+01 2.105773775878254206e+00
1.197000000000006459e+01 2.107998756501396009e+00
1.199000000000006416e+01 2.093795104116490613e+00
1.201000000000006374e+01 2.057034438045881153e+00
1.203000000000006331e+01 2.026208401508256873e+00
1.205000000000006288e+01 2.025360187185017757e+00
1.207000000000006246e+01 1.984162427796156036e+00
1.209000000000006203e+01 1.960733365607761458e+00
1.211000000000006160e+01 1.937236940506381178e+00
1.213000000000006118e+01 1.930599538060639775e+00
1.215000000000006075e+01 1.909574305945864525e+00
1.217000000000006033e+01 1.860521010182577317e+00
1.219000000000005990e+01 1.836860053709960194e+00
1.221000000000005947e+01 1.819968491088079787e+00
1.223000000000005905e+01 1.792769881137772359e+00
1.225000000000005862e+01 1.787082683002687800e+00
1.227000000000005819e+01 1.765206764639867032e+00
1.229000000000005777e+01 1.747809510881841666e+00
1.231000000000005734e+01 1.730681462201570930e+00
1.233000000000005691e+01 1.715905654510810230e+00
1.235000000000005649e+01 1.678246445931656838e+00
1.237000000000005606e+01 1.668583552950142712e+00
1.239000000000005564e+01 1.658815105750382601e+00
1.241000000000005521e+01 1.635863180560488406e+00
1.243000000000005478e+01 1.625903201313810831e+00
1.245000000000005436e+01 1.602257061140914596e+00
1.247000000000005393e+01 1.589067355557733929e+00
1.249000000000005350e+01 1.603472779776007551e+00
1.251000000000005308e+01 1.554473384212984755e+00
1.253000000000005265e+01 1.518481914421346168e+00
1.255000000000005222e+01 1.533240973171905885e+00
1.257000000000005180e+01 1.500338182333172510e+00
1.259000000000005137e+01 1.504079300696444355e+00
1.261000000000005095e+01 1.492317658598437236e+00
1.263000000000005052e+01 1.440669421676642026e+00
1.265000000000005009e+01 1.453853751219121859e+00
1.267000000000004967e+01 1.422988825218967746e+00
1.269000000000004924e+01 1.398667918456973025e+00
1.271000000000004881e+01 1.385211922830227760e+00
1.273000000000004839e+01 1.359532118877540441e+00
1.275000000000004796e+01 1.391207134975238402e+00
1.277000000000004754e+01 1.357401659327039711e+00
1.279000000000004711e+01 1.343251100380918439e+00
1.281000000000004668e+01 1.350819607373237696e+00
1.283000000000004626e+01 1.303133822008991194e+00
1.285000000000004583e+01 1.307464942041564937e+00
1.287000000000004540e+01 1.299835473319722379e+00
1.289000000000004498e+01 1.253401743595941253e+00
1.291000000000004455e+01 1.257551079162014140e+00
1.293000000000004412e+01 1.246751051698037571e+00
1.295000000000004370e+01 1.259322946296417056e+00
1.297000000000004327e+01 1.195300056721056325e+00
1.299000000000004285e+01 1.225973341941529071e+00
1.301000000000004242e+01 1.184567344253423027e+00
1.303000000000004199e+01 1.163185937741060050e+00
1.305000000000004157e+01 1.179206682257659455e+00
1.307000000000004114e+01 1.173834770344083900e+00
1.309000000000004071e+01 1.142406327604296168e+00
1.311000000000004029e+01 1.124244642771002001e+00
1.313000000000003986e+01 1.100911591868154460e+00
1.315000000000003944e+01 1.117367404075526149e+00
1.317000000000003901e+01 1.113769134879563083e+00
1.319000000000003858e+01 1.077000533640902313e+00
1.321000000000003816e+01 1.072399647000500833e+00
1.323000000000003773e+01 1.058702648776191690e+00
1.325000000000003730e+01 1.063410782225529871e+00
1.327000000000003688e+01 1.039905678811721579e+00
1.329000000000003645e+01 1.022480934964374644e+00
1.331000000000003602e+01 1.040255782583664690e+00
1.333000000000003560e+01 9.976665479912985024e-01
1.335000000000003517e+01 9.769189479429349898e-01
1.337000000000003475e+01 9.779989451604239603e-01
1.339000000000003432e+01 1.014926780702933184e+00
1.341000000000003389e+01 9.688662393630417258e-01
1.343000000000003347e+01 9.609107929219324884e-01
1.345000000000003304e+01 9.388108336612285276e-01
1.347000000000003261e+01 9.098928696946310124e-01
1.349000000000003219e+01 9.558348627566446432e-01
1.351000000000003176e+01 9.497567783391569485e-01
1.353000000000003133e+01 9.203523982204118159e-01
1.355000000000003091e+01 9.273857259295504862e-01
1.357000000000003048e+01 8.821697169596796062e-01
1.359000000000003006e+01 9.014001723723933379e-01
1.361000000000002963e+01 8.766277680505133452e-01
1.363000000000002920e+01 8.741899639594137295e-01
1.365000000000002878e+01 8.584662635123471164e-01
1.367000000000002835e+01 8.467264757101499173e-01
1.369000000000002792e+01 8.535726214796091060e-01
1.371000000000002750e+01 8.280445511408452974e-01
1.373000000000002707e+01 8.203216066549186003e-01
1.375000000000002665e+01 8.061887860680289064e-01
1.377000000000002622e+01 7.929022641133581795e-01
1.379000000000002579e+01 7.841978168158568741e-01
1.381000000000002537e+01 7.997486489894809480e-01
1.383000000000002494e+01 7.981835391589316986e-01
1.385000000000002451e+01 7.701180581184533525e-01
1.387000000000002409e+01 7.706310054765730388e-01
1.389000000000002366e+01 7.426381446900481853e-01
1.391000000000002323e+01 7.320260097156413570e-01
1.393000000000002281e+01 7.363034491856067509e-01
1.395000000000002238e+01 7.193415509418478182e-01
1.397000000000002196e+01 7.398871817937919815e-01
1.399000000000002153e+01 7.204152692159458971e-01
1.401000000000002110e+01 7.058568141855871003e-01
1.403000000000002068e+01 6.762868370088295222e-01
1.405000000000002025e+01 6.732179869794810978e-01
1.407000000000001982e+01 6.882437600456339233e-01
1.409000000000001940e+01 6.695434883791696601e-01
1.411000000000001897e+01 6.627366510965024826e-01
1.413000000000001855e+01 6.436851022184071347e-01
1.415000000000001812e+01 6.612154734832080827e-01
1.417000000000001769e+01 6.307369310425827713e-01
1.419000000000001727e+01 6.364997059156507486e-01
1.421000000000001684e+01 6.053249002394199829e-01
1.423000000000001641e+01 5.867776679152802988e-01
1.425000000000001599e+01 6.010953947108064188e-01
1.427000000000001556e+01 5.714958836900989603e-01
1.429000000000001513e+01 5.820866089277344502e-01
1.431000000000001471e+01 5.824486019035313156e-01
1.433000000000001428e+01 5.615050005194197613e-01
1.435000000000001386e+01 5.741005560071362757e-01
1.437000000000001343e+01 5.399530434328685402e-01
1.439000000000001300e+01 5.208190454041440320e-01
1.441000000000001258e+01 5.219136395128318728e-01
1.443000000000001215e+01 4.807608472515415010e-01
1.445000000000001172e+01 4.679790484063128808e-01
1.447000000000001130e+01 4.412845973461639315e-01
1.449000000000001087e+01 4.525199251512485032e-01
1.451000000000001044e+01 4.071535396775561866e-01
1.453000000000001002e+01 3.889976072150001518e-01
1.455000000000000959e+01 3.569428070921013552e-01
1.457000000000000917e+01 3.252840918864770003e-01
1.459000000000000874e+01 2.798761088207702974e-01
1.461000000000000831e+01 2.105593307933984470e-01
1.463000000000000789e+01 1.602163422437794249e-01
1.465000000000000746e+01 8.834054219003369124e-02
1.467000000000000703e+01 2.217179096803371594e-02
1.469000000000000661e+01 5.321171612184976027e-07
1.471000000000000618e+01 3.885850604346061344e-07
1.473000000000000576e+01 3.530696208404911487e-08
1.475000000000000533e+01 0.000000000000000000e+00
1.477000000000000490e+01 0.000000000000000000e+00
1.479000000000000448e+01 0.000000000000000000e+00
1.481000000000000405e+01 0.000000000000000000e+00
1.483000000000000362e+01 0.000000000000000000e+00
1.485000000000000320e+01 0.000000000000000000e+00
1.487000000000000277e+01 0.000000000000000000e+00
1.489000000000000234e+01 0.000000000000000000e+00
1.491000000000000192e+01 0.000000000000000000e+00
1.493000000000000149e+01 0.000000000000000000e+00
1.495000000000000107e+01 0.000000000000000000e+00
1.497000000000000064e+01 0.000000000000000000e+00
1.499000000000000021e+01 0.000000000000000000e+00
