# Redshift		Merger Rate Density [Gpc^-3yr^-1]
1.000000000031931770e-02 1.300799713781476541e+01
3.000000000031888964e-02 1.307482193242904422e+01
5.000000000031846331e-02 1.309324148746606298e+01
7.000000000031804392e-02 1.368309056850962335e+01
9.000000000031761760e-02 1.383643192357046559e+01
1.100000000003171913e-01 1.409759442838452337e+01
1.300000000003167511e-01 1.427173336177047780e+01
1.500000000003163247e-01 1.470252595354171810e+01
1.700000000003158984e-01 1.505107149967782121e+01
1.900000000003154721e-01 1.540287998497471733e+01
2.100000000003150458e-01 1.513467319449998527e+01
2.300000000003146194e-01 1.576491602157194372e+01
2.500000000003141931e-01 1.633475130834789724e+01
2.700000000003137668e-01 1.604625471728914121e+01
2.900000000003133405e-01 1.666585085660039312e+01
3.100000000003129141e-01 1.705523509966820939e+01
3.300000000003124878e-01 1.687574294033861477e+01
3.500000000003120615e-01 1.755382418087067720e+01
3.700000000003116352e-01 1.832793564307307932e+01
3.900000000003112088e-01 1.798170998116984975e+01
4.100000000003107825e-01 1.852675156350185759e+01
4.300000000003103562e-01 1.904159301063371146e+01
4.500000000003099299e-01 1.934359600725115058e+01
4.700000000003095035e-01 1.947895025478290165e+01
4.900000000003090772e-01 1.977695866888317866e+01
5.100000000003086509e-01 2.089320376676024793e+01
5.300000000003082246e-01 2.060566971572723105e+01
5.500000000003077982e-01 2.114064109984088091e+01
5.700000000003073719e-01 2.175512607755112882e+01
5.900000000003069456e-01 2.167486215191407339e+01
6.100000000003065193e-01 2.259898801751324626e+01
6.300000000003060929e-01 2.282073640587498176e+01
6.500000000003056666e-01 2.353214018013022013e+01
6.700000000003052403e-01 2.340288893985926322e+01
6.900000000003048140e-01 2.393848113936825328e+01
7.100000000003043876e-01 2.421033472782545104e+01
7.300000000003039613e-01 2.476111754653362240e+01
7.500000000003035350e-01 2.528966311223416952e+01
7.700000000003031086e-01 2.514601887713113371e+01
7.900000000003026823e-01 2.619992935901075271e+01
8.100000000003022560e-01 2.598492460348600730e+01
8.300000000003018297e-01 2.615388840290341932e+01
8.500000000003014033e-01 2.694126142028447646e+01
8.700000000003009770e-01 2.685460370784639750e+01
8.900000000003005507e-01 2.720320312388553674e+01
9.100000000003001244e-01 2.746016226463586563e+01
9.300000000002996980e-01 2.787339817446131107e+01
9.500000000002992717e-01 2.760650609446775050e+01
9.700000000002988454e-01 2.822808814013059830e+01
9.900000000002984191e-01 2.828442206654981561e+01
1.010000000000297993e+00 2.867753614249435401e+01
1.030000000000297566e+00 2.922163399736852796e+01
1.050000000000297140e+00 2.866753832615149022e+01
1.070000000000296714e+00 2.921297139669322362e+01
1.090000000000296287e+00 2.901529038635958457e+01
1.110000000000295861e+00 2.958599640437000389e+01
1.130000000000295435e+00 2.963503288220799092e+01
1.150000000000295008e+00 3.014013597306600900e+01
1.170000000000294582e+00 2.955740607340839787e+01
1.190000000000294156e+00 3.033167644849335076e+01
1.210000000000293729e+00 2.946465882052818230e+01
1.230000000000293303e+00 3.044343108234491524e+01
1.250000000000292877e+00 3.025710510470975834e+01
1.270000000000292451e+00 3.004820086457974782e+01
1.290000000000292024e+00 3.016758753284420180e+01
1.310000000000291598e+00 3.072142307302395992e+01
1.330000000000291172e+00 3.040444179188900975e+01
1.350000000000290745e+00 3.034638444521332445e+01
1.370000000000290319e+00 3.086689337345062256e+01
1.390000000000289893e+00 3.079093547061258818e+01
1.410000000000289466e+00 3.073212407012898240e+01
1.430000000000289040e+00 3.075405058083735454e+01
1.450000000000288614e+00 3.109742206668859765e+01
1.470000000000288187e+00 3.092980723898558892e+01
1.490000000000287761e+00 3.152228251067403875e+01
1.510000000000287335e+00 3.112318030814734016e+01
1.530000000000286908e+00 3.090435821611786693e+01
1.550000000000286482e+00 3.079236244437076664e+01
1.570000000000286056e+00 3.166143904513668517e+01
1.590000000000285629e+00 3.091045291256761729e+01
1.610000000000285203e+00 3.140241494686886625e+01
1.630000000000284777e+00 3.134472815727775341e+01
1.650000000000284350e+00 3.119086215061853196e+01
1.670000000000283924e+00 3.223446914744715741e+01
1.690000000000283498e+00 3.172985500855120478e+01
1.710000000000283071e+00 3.153417165760486895e+01
1.730000000000282645e+00 3.146600158377604828e+01
1.750000000000282219e+00 3.212628868407323779e+01
1.770000000000281792e+00 3.192670279763514785e+01
1.790000000000281366e+00 3.133949710633003960e+01
1.810000000000280940e+00 3.229151327450920661e+01
1.830000000000280513e+00 3.155244762317675367e+01
1.850000000000280087e+00 3.160786089525166886e+01
1.870000000000279661e+00 3.217970418704553026e+01
1.890000000000279234e+00 3.171255410398146424e+01
1.910000000000278808e+00 3.163792479381281098e+01
1.930000000000278382e+00 3.185962998975960758e+01
1.950000000000277955e+00 3.214706715290325434e+01
1.970000000000277529e+00 3.186244083682283090e+01
1.990000000000277103e+00 3.187085032414057650e+01
2.010000000000276899e+00 3.177882467878655603e+01
2.030000000000276472e+00 3.171880074715243936e+01
2.050000000000276046e+00 3.178031066076322020e+01
2.070000000000275620e+00 3.191363096266335120e+01
2.090000000000275193e+00 3.183297771439371004e+01
2.110000000000274767e+00 3.135282389304033046e+01
2.130000000000274341e+00 3.203652990791945854e+01
2.150000000000273914e+00 3.146077492522672259e+01
2.170000000000273488e+00 3.187007032852140043e+01
2.190000000000273062e+00 3.170037066459391895e+01
2.210000000000272635e+00 3.165325080364445753e+01
2.230000000000272209e+00 3.122650247803366952e+01
2.250000000000271783e+00 3.134385947483036716e+01
2.270000000000271356e+00 3.105039260377228771e+01
2.290000000000270930e+00 3.135386450134925340e+01
2.310000000000270504e+00 3.111557942210826866e+01
2.330000000000270077e+00 3.078473351101517963e+01
2.350000000000269651e+00 3.068527180361559203e+01
2.370000000000269225e+00 3.087791425351237962e+01
2.390000000000268798e+00 3.063526853767255531e+01
2.410000000000268372e+00 3.036577701893429548e+01
2.430000000000267946e+00 3.061337000777270134e+01
2.450000000000267519e+00 2.994668715737192599e+01
2.470000000000267093e+00 3.010718866359239954e+01
2.490000000000266667e+00 2.975106850949722670e+01
2.510000000000266240e+00 2.976535685337505655e+01
2.530000000000265814e+00 2.987468445440247677e+01
2.550000000000265388e+00 2.941715017509013208e+01
2.570000000000264961e+00 2.928284968760526752e+01
2.590000000000264535e+00 2.941283813104324096e+01
2.610000000000264109e+00 2.893169770107169114e+01
2.630000000000263682e+00 2.873005785152969693e+01
2.650000000000263256e+00 2.951415428362765070e+01
2.670000000000262830e+00 2.824792788834550805e+01
2.690000000000262403e+00 2.840109642302758175e+01
2.710000000000261977e+00 2.845639736276172727e+01
2.730000000000261551e+00 2.778563476450552727e+01
2.750000000000261124e+00 2.821902990650829679e+01
2.770000000000260698e+00 2.777990702976816451e+01
2.790000000000260272e+00 2.743663734829006629e+01
2.810000000000259845e+00 2.767674362990589998e+01
2.830000000000259419e+00 2.739251049837922380e+01
2.850000000000258993e+00 2.720986046365792177e+01
2.870000000000258567e+00 2.720055292351952403e+01
2.890000000000258140e+00 2.682269279259239525e+01
2.910000000000257714e+00 2.659253953214630073e+01
2.930000000000257288e+00 2.657578954863085841e+01
2.950000000000256861e+00 2.669513014924186933e+01
2.970000000000256435e+00 2.615008956460560441e+01
2.990000000000256009e+00 2.594554772268925902e+01
3.010000000000255582e+00 2.569036402667435226e+01
3.030000000000255156e+00 2.622958160356029111e+01
3.050000000000254730e+00 2.542421100644516585e+01
3.070000000000254303e+00 2.554359806427424573e+01
3.090000000000253877e+00 2.554444539909139422e+01
3.110000000000253451e+00 2.541682651633766454e+01
3.130000000000253024e+00 2.476093361885563127e+01
3.150000000000252598e+00 2.532598891671761976e+01
3.170000000000252172e+00 2.521437869203579041e+01
3.190000000000251745e+00 2.496054640268443237e+01
3.210000000000251319e+00 2.437010902868444973e+01
3.230000000000250893e+00 2.476100151453863418e+01
3.250000000000250466e+00 2.456880562864850859e+01
3.270000000000250040e+00 2.437591914276609373e+01
3.290000000000249614e+00 2.441615845296816190e+01
3.310000000000249187e+00 2.403485825689155320e+01
3.330000000000248761e+00 2.377374010109451774e+01
3.350000000000248335e+00 2.419648916716602116e+01
3.370000000000247908e+00 2.396329047860612960e+01
3.390000000000247482e+00 2.362545723131551867e+01
3.410000000000247056e+00 2.354403267980288561e+01
3.430000000000246629e+00 2.292110045552854558e+01
3.450000000000246203e+00 2.368729038093405492e+01
3.470000000000245777e+00 2.320623923853498027e+01
3.490000000000245350e+00 2.347530619984755162e+01
3.510000000000244924e+00 2.287065210315200758e+01
3.530000000000244498e+00 2.287116833400559912e+01
3.550000000000244071e+00 2.295586117992083786e+01
3.570000000000243645e+00 2.273190646359141809e+01
3.590000000000243219e+00 2.245369247741467689e+01
3.610000000000242792e+00 2.262777815207936527e+01
3.630000000000242366e+00 2.210519783319850973e+01
3.650000000000241940e+00 2.219013186953246830e+01
3.670000000000241513e+00 2.200635131039695835e+01
3.690000000000241087e+00 2.185970043808298158e+01
3.710000000000240661e+00 2.203684536291407525e+01
3.730000000000240234e+00 2.180511649198265545e+01
3.750000000000239808e+00 2.175159311856410582e+01
3.770000000000239382e+00 2.149755936152683589e+01
3.790000000000238956e+00 2.147953888712554615e+01
3.810000000000238529e+00 2.135263101113210382e+01
3.830000000000238103e+00 2.117749219218400469e+01
3.850000000000237677e+00 2.103477312748102079e+01
3.870000000000237250e+00 2.103036884006815299e+01
3.890000000000236824e+00 2.108783740808032903e+01
3.910000000000236398e+00 2.083274017443526560e+01
3.930000000000235971e+00 2.075167667589026976e+01
3.950000000000235545e+00 2.086210120213979380e+01
3.970000000000235119e+00 2.045134056689492397e+01
3.990000000000234692e+00 2.035138355170376911e+01
4.010000000000234266e+00 2.005327944117155070e+01
4.030000000000233840e+00 2.036908648581007952e+01
4.050000000000233413e+00 2.012448837089264586e+01
4.070000000000232987e+00 1.982094831256414480e+01
4.090000000000232561e+00 2.013027770441611253e+01
4.110000000000232134e+00 1.930520785646897508e+01
4.130000000000231708e+00 1.963705459529109731e+01
4.150000000000231282e+00 1.979672382043100853e+01
4.170000000000230855e+00 1.943700963302729079e+01
4.190000000000230429e+00 1.929065791164442700e+01
4.210000000000230003e+00 1.915250032910964606e+01
4.230000000000229576e+00 1.895538964108333246e+01
4.250000000000229150e+00 1.897342352734921889e+01
4.270000000000228724e+00 1.895115853242669246e+01
4.290000000000228297e+00 1.860676068577708620e+01
4.310000000000227871e+00 1.889136947781324238e+01
4.330000000000227445e+00 1.860878785195700047e+01
4.350000000000227018e+00 1.835052403247161124e+01
4.370000000000226592e+00 1.835756687601340076e+01
4.390000000000226166e+00 1.831897245943287444e+01
4.410000000000225739e+00 1.813551438447787234e+01
4.430000000000225313e+00 1.823446038448492246e+01
4.450000000000224887e+00 1.789392765299965404e+01
4.470000000000224460e+00 1.796038504257454349e+01
4.490000000000224034e+00 1.784836314526896217e+01
4.510000000000223608e+00 1.760006982113662488e+01
4.530000000000223181e+00 1.751329197254912273e+01
4.550000000000222755e+00 1.744507347543644116e+01
4.570000000000222329e+00 1.754436707060782297e+01
4.590000000000221902e+00 1.715023063251573632e+01
4.610000000000221476e+00 1.714639788365060369e+01
4.630000000000221050e+00 1.695046638356039637e+01
4.650000000000220624e+00 1.719924720559391318e+01
4.670000000000220197e+00 1.737059643356339578e+01
4.690000000000219771e+00 1.682251634002922813e+01
4.710000000000219345e+00 1.670632959139495100e+01
4.730000000000218918e+00 1.676934748959708088e+01
4.750000000000218492e+00 1.652097570746992616e+01
4.770000000000218066e+00 1.656992295460678832e+01
4.790000000000217639e+00 1.654462511678952197e+01
4.810000000000217213e+00 1.658317884377452600e+01
4.830000000000216787e+00 1.634915557306312905e+01
4.850000000000216360e+00 1.603495117467732101e+01
4.870000000000215934e+00 1.659144860619932516e+01
4.890000000000215508e+00 1.607411348997975509e+01
4.910000000000215081e+00 1.579827025966607401e+01
4.930000000000214655e+00 1.629760450893849821e+01
4.950000000000214229e+00 1.573016927090307959e+01
4.970000000000213802e+00 1.600864536946298244e+01
4.990000000000213376e+00 1.568404727812936450e+01
5.010000000000212950e+00 1.574440137326419631e+01
5.030000000000212523e+00 1.560961543630200765e+01
5.050000000000212097e+00 1.562707594804782829e+01
5.070000000000211671e+00 1.540942290867904418e+01
5.090000000000211244e+00 1.544050749452121174e+01
5.110000000000210818e+00 1.546044787335933179e+01
5.130000000000210392e+00 1.516785956059463381e+01
5.150000000000209965e+00 1.519723561985038174e+01
5.170000000000209539e+00 1.521383335541993809e+01
5.190000000000209113e+00 1.521529790630284928e+01
5.210000000000208686e+00 1.511667774413159115e+01
5.230000000000208260e+00 1.492459754804630556e+01
5.250000000000207834e+00 1.484393151364500518e+01
5.270000000000207407e+00 1.472538545334352733e+01
5.290000000000206981e+00 1.492552252193695850e+01
5.310000000000206555e+00 1.461020076481032426e+01
5.330000000000206128e+00 1.459635619548973651e+01
5.350000000000205702e+00 1.476157464150731791e+01
5.370000000000205276e+00 1.452524290624903713e+01
5.390000000000204849e+00 1.464077832510954735e+01
5.410000000000204423e+00 1.432350414708471753e+01
5.430000000000203997e+00 1.452048112494998477e+01
5.450000000000203570e+00 1.431707886435372501e+01
5.470000000000203144e+00 1.390933583531965567e+01
5.490000000000202718e+00 1.435658677968180719e+01
5.510000000000202292e+00 1.450315808119832184e+01
5.530000000000201865e+00 1.436146093418930114e+01
5.550000000000201439e+00 1.396096260399590250e+01
5.570000000000201013e+00 1.421687357027333221e+01
5.590000000000200586e+00 1.417910736619059620e+01
5.610000000000200160e+00 1.389430687017913257e+01
5.630000000000199734e+00 1.384766052354648913e+01
5.650000000000199307e+00 1.386710041271196125e+01
5.670000000000198881e+00 1.393313218246962037e+01
5.690000000000198455e+00 1.382573639481366179e+01
5.710000000000198028e+00 1.382040320874103934e+01
5.730000000000197602e+00 1.389222974375801734e+01
5.750000000000197176e+00 1.364531365157766807e+01
5.770000000000196749e+00 1.354982972255028528e+01
5.790000000000196323e+00 1.358336862555947633e+01
5.810000000000195897e+00 1.346530204945410247e+01
5.830000000000195470e+00 1.350263966257214321e+01
5.850000000000195044e+00 1.347923548374746971e+01
5.870000000000194618e+00 1.349542770599647490e+01
5.890000000000194191e+00 1.360047329996845455e+01
5.910000000000193765e+00 1.317052218532026231e+01
5.930000000000193339e+00 1.324821789662889593e+01
5.950000000000192912e+00 1.315769368162995967e+01
5.970000000000192486e+00 1.325341040963464501e+01
5.990000000000192060e+00 1.323034219987783899e+01
6.010000000000191633e+00 1.312704545668767864e+01
6.030000000000191207e+00 1.316764438441604845e+01
6.050000000000190781e+00 1.287922577025490511e+01
6.070000000000190354e+00 1.287427658553995258e+01
6.090000000000189928e+00 1.285443212466105756e+01
6.110000000000189502e+00 1.312015611883648170e+01
6.130000000000189075e+00 1.278603819564825272e+01
6.150000000000188649e+00 1.281472200081714696e+01
6.170000000000188223e+00 1.293774268174801456e+01
6.190000000000187796e+00 1.261295831009516988e+01
6.210000000000187370e+00 1.268199223671686227e+01
6.230000000000186944e+00 1.273229237671544567e+01
6.250000000000186517e+00 1.259319420821043778e+01
6.270000000000186091e+00 1.267319240839216477e+01
6.290000000000185665e+00 1.235264747240700522e+01
6.310000000000185238e+00 1.230925986204541367e+01
6.330000000000184812e+00 1.254997852995504637e+01
6.350000000000184386e+00 1.247926804981224969e+01
6.370000000000183960e+00 1.227833661519062858e+01
6.390000000000183533e+00 1.233921065773044212e+01
6.410000000000183107e+00 1.242190087320478931e+01
6.430000000000182681e+00 1.210256945287212105e+01
6.450000000000182254e+00 1.230780395513624725e+01
6.470000000000181828e+00 1.227488754397770876e+01
6.490000000000181402e+00 1.217427901678520819e+01
6.510000000000180975e+00 1.203143756387281016e+01
6.530000000000180549e+00 1.229571917558253347e+01
6.550000000000180123e+00 1.174151557686948166e+01
6.570000000000179696e+00 1.204357802801298050e+01
6.590000000000179270e+00 1.209237028420173665e+01
6.610000000000178844e+00 1.201358565548312995e+01
6.630000000000178417e+00 1.168734246090083495e+01
6.650000000000177991e+00 1.185422320817454533e+01
6.670000000000177565e+00 1.183548188684049229e+01
6.690000000000177138e+00 1.186864134607680832e+01
6.710000000000176712e+00 1.183877705808392022e+01
6.730000000000176286e+00 1.169322159572656616e+01
6.750000000000175859e+00 1.187009593549083242e+01
6.770000000000175433e+00 1.156271713389011246e+01
6.790000000000175007e+00 1.186268185253699770e+01
6.810000000000174580e+00 1.163612552945191503e+01
6.830000000000174154e+00 1.136064247665547455e+01
6.850000000000173728e+00 1.151613658854734723e+01
6.870000000000173301e+00 1.146495839487417712e+01
6.890000000000172875e+00 1.138098724151135954e+01
6.910000000000172449e+00 1.148267328169525570e+01
6.930000000000172022e+00 1.121430302215918573e+01
6.950000000000171596e+00 1.144634305556462195e+01
6.970000000000171170e+00 1.136730550214614333e+01
6.990000000000170743e+00 1.109929887871308019e+01
7.010000000000170317e+00 1.117805726659547538e+01
7.030000000000169891e+00 1.137073459923606045e+01
7.050000000000169464e+00 1.110759659940657329e+01
7.070000000000169038e+00 1.110281194783543413e+01
7.090000000000168612e+00 1.105490538249340737e+01
7.110000000000168185e+00 1.112744576835392429e+01
7.130000000000167759e+00 1.111944016000233404e+01
7.150000000000167333e+00 1.084509205106800600e+01
7.170000000000166906e+00 1.100322394809219695e+01
7.190000000000166480e+00 1.088749172391142395e+01
7.210000000000166054e+00 1.080228438724570594e+01
7.230000000000165628e+00 1.086613749809123242e+01
7.250000000000165201e+00 1.080863012653356847e+01
7.270000000000164775e+00 1.064278669930367904e+01
7.290000000000164349e+00 1.065793447728840704e+01
7.310000000000163922e+00 1.075824189337731696e+01
7.330000000000163496e+00 1.078175372066344906e+01
7.350000000000163070e+00 1.063379566886755434e+01
7.370000000000162643e+00 1.055703661031880891e+01
7.390000000000162217e+00 1.046474097530204972e+01
7.410000000000161791e+00 1.042556218068216012e+01
7.430000000000161364e+00 1.060168690539297920e+01
7.450000000000160938e+00 1.054621552951762631e+01
7.470000000000160512e+00 1.038479667896080016e+01
7.490000000000160085e+00 1.038188002175242453e+01
7.510000000000159659e+00 1.046370604642085311e+01
7.530000000000159233e+00 1.045590039842020147e+01
7.550000000000158806e+00 1.027997094355799668e+01
7.570000000000158380e+00 1.019290680283014261e+01
7.590000000000157954e+00 1.020777573883898448e+01
7.610000000000157527e+00 1.016231694835490984e+01
7.630000000000157101e+00 1.009041916365844571e+01
7.650000000000156675e+00 1.018342866808386304e+01
7.670000000000156248e+00 1.010712745114144440e+01
7.690000000000155822e+00 9.911998130085692083e+00
7.710000000000155396e+00 1.018804093910036634e+01
7.730000000000154969e+00 9.909812086700531708e+00
7.750000000000154543e+00 1.001830047718319072e+01
7.770000000000154117e+00 1.007156205030508822e+01
7.790000000000153690e+00 9.913451180274769570e+00
7.810000000000153264e+00 9.939117752715095122e+00
7.830000000000152838e+00 9.832167380135151902e+00
7.850000000000152411e+00 9.810572009525152737e+00
7.870000000000151985e+00 9.823241070028725375e+00
7.890000000000151559e+00 9.765442961462147409e+00
7.910000000000151132e+00 9.610578851361790242e+00
7.930000000000150706e+00 9.788306019277287717e+00
7.950000000000150280e+00 9.624880094901884675e+00
7.970000000000149853e+00 9.592499277265272184e+00
7.990000000000149427e+00 9.655713261643189327e+00
8.010000000000149001e+00 9.587517755708924838e+00
8.030000000000148574e+00 9.654033517565954625e+00
8.050000000000148148e+00 9.442401402902643071e+00
8.070000000000147722e+00 9.448873917137877498e+00
8.090000000000147296e+00 9.406125811853653929e+00
8.110000000000146869e+00 9.417944219964624608e+00
8.130000000000146443e+00 9.367145137840347857e+00
8.150000000000146017e+00 9.343392110955001328e+00
8.170000000000145590e+00 9.402286686045586706e+00
8.190000000000145164e+00 9.364166113157812887e+00
8.210000000000144738e+00 9.245132844910855852e+00
8.230000000000144311e+00 9.260707720857507042e+00
8.250000000000143885e+00 9.125865547451917692e+00
8.270000000000143459e+00 9.229517886467418109e+00
8.290000000000143032e+00 9.170894582390314298e+00
8.310000000000142606e+00 9.118588786723716311e+00
8.330000000000142180e+00 9.098468029599070306e+00
8.350000000000141753e+00 9.049976907793816139e+00
8.370000000000141327e+00 9.138713804111842975e+00
8.390000000000140901e+00 8.945778820991701963e+00
8.410000000000140474e+00 8.961499059488000185e+00
8.430000000000140048e+00 8.946568964472332297e+00
8.450000000000139622e+00 8.935433182245738237e+00
8.470000000000139195e+00 8.854257230100870402e+00
8.490000000000138769e+00 8.876588614590588122e+00
8.510000000000138343e+00 8.880378171273587640e+00
8.530000000000137916e+00 8.734549575876195959e+00
8.550000000000137490e+00 8.776834627469209948e+00
8.570000000000137064e+00 8.737583322260652707e+00
8.590000000000136637e+00 8.796931744649866047e+00
8.610000000000136211e+00 8.657595311679502359e+00
8.630000000000135785e+00 8.640183445399612694e+00
8.650000000000135358e+00 8.631423861575710177e+00
8.670000000000134932e+00 8.585306186079188606e+00
8.690000000000134506e+00 8.574360081239577269e+00
8.710000000000134079e+00 8.522240667609342069e+00
8.730000000000133653e+00 8.525962361422553926e+00
8.750000000000133227e+00 8.472007599789822763e+00
8.770000000000132800e+00 8.426383203222968632e+00
8.790000000000132374e+00 8.365751098592346224e+00
8.810000000000131948e+00 8.414375772910601015e+00
8.830000000000131521e+00 8.397030110229950495e+00
8.850000000000131095e+00 8.355068705930120743e+00
8.870000000000130669e+00 8.257943192514753505e+00
8.890000000000130242e+00 8.305815903852996840e+00
8.910000000000129816e+00 8.291507285986822851e+00
8.930000000000129390e+00 8.187556146660879719e+00
8.950000000000128964e+00 8.188423549979685134e+00
8.970000000000128537e+00 8.143174736472699848e+00
8.990000000000128111e+00 8.118830178407055342e+00
9.010000000000127685e+00 8.026832508685997070e+00
9.030000000000127258e+00 8.131429469766809248e+00
9.050000000000126832e+00 7.982933525455425894e+00
9.070000000000126406e+00 8.028742663309429872e+00
9.090000000000125979e+00 7.933527180735056028e+00
9.110000000000125553e+00 7.944600870919869884e+00
9.130000000000125127e+00 7.841261921181150285e+00
9.150000000000124700e+00 7.839461942061451083e+00
9.170000000000124274e+00 7.866347149170820785e+00
9.190000000000123848e+00 7.783085518381374079e+00
9.210000000000123421e+00 7.780491621308776473e+00
9.230000000000122995e+00 7.822362478338656722e+00
9.250000000000122569e+00 7.633139402996683032e+00
9.270000000000122142e+00 7.709054999408434306e+00
9.290000000000121716e+00 7.611427618987158361e+00
9.310000000000121290e+00 7.558524788084404200e+00
9.330000000000120863e+00 7.620282411261933397e+00
9.350000000000120437e+00 7.550364797188247934e+00
9.370000000000120011e+00 7.506157638205280591e+00
9.390000000000119584e+00 7.469314574334714685e+00
9.410000000000119158e+00 7.484722085938414260e+00
9.430000000000118732e+00 7.431986471477806333e+00
9.450000000000118305e+00 7.320204363648932677e+00
9.470000000000117879e+00 7.408043095543261458e+00
9.490000000000117453e+00 7.281121991370348212e+00
9.510000000000117026e+00 7.365551303584807030e+00
9.530000000000116600e+00 7.198330133831702504e+00
9.550000000000116174e+00 7.224953802952121862e+00
9.570000000000115747e+00 7.223657181115677339e+00
9.590000000000115321e+00 7.259689756626162449e+00
9.610000000000114895e+00 7.151947979544241107e+00
9.630000000000114468e+00 7.028739315990570447e+00
9.650000000000114042e+00 7.094177736214773766e+00
9.670000000000113616e+00 7.015680961765139223e+00
9.690000000000113189e+00 6.984512372138969916e+00
9.710000000000112763e+00 6.901964198635021752e+00
9.730000000000112337e+00 6.955227896952664857e+00
9.750000000000111910e+00 6.887429848772987917e+00
9.770000000000111484e+00 6.909064420108495419e+00
9.790000000000111058e+00 6.798006455234160583e+00
9.810000000000110632e+00 6.735277338935179436e+00
9.830000000000110205e+00 6.738877943940084769e+00
9.850000000000109779e+00 6.807329409000804965e+00
9.870000000000109353e+00 6.683718210855850828e+00
9.890000000000108926e+00 6.605885131350704320e+00
9.910000000000108500e+00 6.648332155871117699e+00
9.930000000000108074e+00 6.666841280236662115e+00
9.950000000000107647e+00 6.568384148132511591e+00
9.970000000000107221e+00 6.533362588274904681e+00
9.990000000000106795e+00 6.524180426267453647e+00
1.001000000000010637e+01 6.506019440581066071e+00
1.003000000000010594e+01 6.485672741763685245e+00
1.005000000000010552e+01 6.385026531623502422e+00
1.007000000000010509e+01 6.451298541711104839e+00
1.009000000000010466e+01 6.332924803152003790e+00
1.011000000000010424e+01 6.325623861730950814e+00
1.013000000000010381e+01 6.298476559203320946e+00
1.015000000000010338e+01 6.235025864454857292e+00
1.017000000000010296e+01 6.218050277475483334e+00
1.019000000000010253e+01 6.219371891091539872e+00
1.021000000000010210e+01 6.087766064713945546e+00
1.023000000000010168e+01 6.217321189227175360e+00
1.025000000000010125e+01 6.044761312227554306e+00
1.027000000000010083e+01 6.077917322977785197e+00
1.029000000000010040e+01 6.059060222044242217e+00
1.031000000000009997e+01 6.024953434865662594e+00
1.033000000000009955e+01 5.941157317106835478e+00
1.035000000000009912e+01 5.947785375787423057e+00
1.037000000000009869e+01 5.917276386620262230e+00
1.039000000000009827e+01 5.896271816401670307e+00
1.041000000000009784e+01 5.914898483597010426e+00
1.043000000000009742e+01 5.868519183454504962e+00
1.045000000000009699e+01 5.823324937958967773e+00
1.047000000000009656e+01 5.805802666470363249e+00
1.049000000000009614e+01 5.785936347633409582e+00
1.051000000000009571e+01 5.712412869544551519e+00
1.053000000000009528e+01 5.685855406674710011e+00
1.055000000000009486e+01 5.672341940806166605e+00
1.057000000000009443e+01 5.614121285098210734e+00
1.059000000000009400e+01 5.606586117126489910e+00
1.061000000000009358e+01 5.587841313564346990e+00
1.063000000000009315e+01 5.580155633904954726e+00
1.065000000000009273e+01 5.500175495876553633e+00
1.067000000000009230e+01 5.488585757256376318e+00
1.069000000000009187e+01 5.466324916955544566e+00
1.071000000000009145e+01 5.375520549752489607e+00
1.073000000000009102e+01 5.388709901486494758e+00
1.075000000000009059e+01 5.395491362843734429e+00
1.077000000000009017e+01 5.318955143636694416e+00
1.079000000000008974e+01 5.310264217422521860e+00
1.081000000000008932e+01 5.311877152126571744e+00
1.083000000000008889e+01 5.272957010335350247e+00
1.085000000000008846e+01 5.218598925635193453e+00
1.087000000000008804e+01 5.293630972873727636e+00
1.089000000000008761e+01 5.161620717891983290e+00
1.091000000000008718e+01 5.204384860795897794e+00
1.093000000000008676e+01 5.120212570152220088e+00
1.095000000000008633e+01 5.072164031372961013e+00
1.097000000000008590e+01 5.159161275855141504e+00
1.099000000000008548e+01 5.041694648800891798e+00
1.101000000000008505e+01 5.042189064951826616e+00
1.103000000000008463e+01 5.035298066632432956e+00
1.105000000000008420e+01 4.957130794496647397e+00
1.107000000000008377e+01 4.930643080134547773e+00
1.109000000000008335e+01 4.925414921716484429e+00
1.111000000000008292e+01 4.887531453225699707e+00
1.113000000000008249e+01 4.820665462336425122e+00
1.115000000000008207e+01 4.861604553634218284e+00
1.117000000000008164e+01 4.799797839638002550e+00
1.119000000000008122e+01 4.825076420963267054e+00
1.121000000000008079e+01 4.788653732418188369e+00
1.123000000000008036e+01 4.733703057000714587e+00
1.125000000000007994e+01 4.691075567011949055e+00
1.127000000000007951e+01 4.717419770867968154e+00
1.129000000000007908e+01 4.668260949058220532e+00
1.131000000000007866e+01 4.645968210854221958e+00
1.133000000000007823e+01 4.635796996595016317e+00
1.135000000000007780e+01 4.621527880243982978e+00
1.137000000000007738e+01 4.560832777993107712e+00
1.139000000000007695e+01 4.547638253497341410e+00
1.141000000000007653e+01 4.515618380566818857e+00
1.143000000000007610e+01 4.486803065265772439e+00
1.145000000000007567e+01 4.509871240242030233e+00
1.147000000000007525e+01 4.414796634845647993e+00
1.149000000000007482e+01 4.417410263718657859e+00
1.151000000000007439e+01 4.384949270753861761e+00
1.153000000000007397e+01 4.354353865965954640e+00
1.155000000000007354e+01 4.327763352028158650e+00
1.157000000000007311e+01 4.313923600040617146e+00
1.159000000000007269e+01 4.286712679514286251e+00
1.161000000000007226e+01 4.278496064387019793e+00
1.163000000000007184e+01 4.196614098589154018e+00
1.165000000000007141e+01 4.241909793550888708e+00
1.167000000000007098e+01 4.184995569078823863e+00
1.169000000000007056e+01 4.196717649618272539e+00
1.171000000000007013e+01 4.110608933754673622e+00
1.173000000000006970e+01 4.140957417996388834e+00
1.175000000000006928e+01 4.113561176178621714e+00
1.177000000000006885e+01 4.111026494399098397e+00
1.179000000000006843e+01 4.053273941658348534e+00
1.181000000000006800e+01 4.030122478696080535e+00
1.183000000000006757e+01 4.001239252102760879e+00
1.185000000000006715e+01 3.972927074506063860e+00
1.187000000000006672e+01 3.966564349537917256e+00
1.189000000000006629e+01 3.942239757928016175e+00
1.191000000000006587e+01 3.892571255574482247e+00
1.193000000000006544e+01 3.875622033897992758e+00
1.195000000000006501e+01 3.819478286854469218e+00
1.197000000000006459e+01 3.846680938043497644e+00
1.199000000000006416e+01 3.807142393086114573e+00
1.201000000000006374e+01 3.794270562767596555e+00
1.203000000000006331e+01 3.712769056266751910e+00
1.205000000000006288e+01 3.678873191589311809e+00
1.207000000000006246e+01 3.754690046447062279e+00
1.209000000000006203e+01 3.648470118884576063e+00
1.211000000000006160e+01 3.671920126159940789e+00
1.213000000000006118e+01 3.653883351249894051e+00
1.215000000000006075e+01 3.625625897205161596e+00
1.217000000000006033e+01 3.642068411972653408e+00
1.219000000000005990e+01 3.630562194538166310e+00
1.221000000000005947e+01 3.532807555868131999e+00
1.223000000000005905e+01 3.532795153349297834e+00
1.225000000000005862e+01 3.521280760553200384e+00
1.227000000000005819e+01 3.465318917429778267e+00
1.229000000000005777e+01 3.464454363907986778e+00
1.231000000000005734e+01 3.439997233007474176e+00
1.233000000000005691e+01 3.406624652449715906e+00
1.235000000000005649e+01 3.373015907693156734e+00
1.237000000000005606e+01 3.358110842747096036e+00
1.239000000000005564e+01 3.263901174939792149e+00
1.241000000000005521e+01 3.342297187089903421e+00
1.243000000000005478e+01 3.242938079592446954e+00
1.245000000000005436e+01 3.317388366840330338e+00
1.247000000000005393e+01 3.250098239833150160e+00
1.249000000000005350e+01 3.174943010136114019e+00
1.251000000000005308e+01 3.190945097750981674e+00
1.253000000000005265e+01 3.208055874338037405e+00
1.255000000000005222e+01 3.208840655391410834e+00
1.257000000000005180e+01 3.091022241643948121e+00
1.259000000000005137e+01 3.091385062228118930e+00
1.261000000000005095e+01 3.117031962628872499e+00
1.263000000000005052e+01 3.109192263013878410e+00
1.265000000000005009e+01 3.008749500958087353e+00
1.267000000000004967e+01 3.010363027110526168e+00
1.269000000000004924e+01 3.038967957806990139e+00
1.271000000000004881e+01 2.952180196571325244e+00
1.273000000000004839e+01 2.883128924404978033e+00
1.275000000000004796e+01 2.936246019487790182e+00
1.277000000000004754e+01 2.869905456254198572e+00
1.279000000000004711e+01 2.812316832609556005e+00
1.281000000000004668e+01 2.862845755449217489e+00
1.283000000000004626e+01 2.795287128970380675e+00
1.285000000000004583e+01 2.716775804254345061e+00
1.287000000000004540e+01 2.727569208292373482e+00
1.289000000000004498e+01 2.772772112597718497e+00
1.291000000000004455e+01 2.697053818540412706e+00
1.293000000000004412e+01 2.689892188578264953e+00
1.295000000000004370e+01 2.604154063296602040e+00
1.297000000000004327e+01 2.650788870444970691e+00
1.299000000000004285e+01 2.624392214457944128e+00
1.301000000000004242e+01 2.575405923229881822e+00
1.303000000000004199e+01 2.555423072127159578e+00
1.305000000000004157e+01 2.562204491836755249e+00
1.307000000000004114e+01 2.529976411661141622e+00
1.309000000000004071e+01 2.520088870302150230e+00
1.311000000000004029e+01 2.448515171566863380e+00
1.313000000000003986e+01 2.427192257937599074e+00
1.315000000000003944e+01 2.377571075024677683e+00
1.317000000000003901e+01 2.407869354746156265e+00
1.319000000000003858e+01 2.347482474675270048e+00
1.321000000000003816e+01 2.365015485878385171e+00
1.323000000000003773e+01 2.311661371638070950e+00
1.325000000000003730e+01 2.309260442059487772e+00
1.327000000000003688e+01 2.266151850122750666e+00
1.329000000000003645e+01 2.222968995930342029e+00
1.331000000000003602e+01 2.218615279991355660e+00
1.333000000000003560e+01 2.184395563284811548e+00
1.335000000000003517e+01 2.113080201776627920e+00
1.337000000000003475e+01 2.121485554680687891e+00
1.339000000000003432e+01 2.096791389781598181e+00
1.341000000000003389e+01 2.073366624591843177e+00
1.343000000000003347e+01 1.995269215418927100e+00
1.345000000000003304e+01 2.006976673575600945e+00
1.347000000000003261e+01 1.973013545562958493e+00
1.349000000000003219e+01 1.995151605368351788e+00
1.351000000000003176e+01 1.951505645236325082e+00
1.353000000000003133e+01 1.905597058475317018e+00
1.355000000000003091e+01 1.883875237549564430e+00
1.357000000000003048e+01 1.849776195068487672e+00
1.359000000000003006e+01 1.797939863880813061e+00
1.361000000000002963e+01 1.787410122466029261e+00
1.363000000000002920e+01 1.779732238577646397e+00
1.365000000000002878e+01 1.746335187228757579e+00
1.367000000000002835e+01 1.732175000099405837e+00
1.369000000000002792e+01 1.661760356191931409e+00
1.371000000000002750e+01 1.648432855678663822e+00
1.373000000000002707e+01 1.639240778398928233e+00
1.375000000000002665e+01 1.624441565292353395e+00
1.377000000000002622e+01 1.584332791298349363e+00
1.379000000000002579e+01 1.529156365230865511e+00
1.381000000000002537e+01 1.525149216473078662e+00
1.383000000000002494e+01 1.462265841953967582e+00
1.385000000000002451e+01 1.451506043920057776e+00
1.387000000000002409e+01 1.430755595605297525e+00
1.389000000000002366e+01 1.384092373954370458e+00
1.391000000000002323e+01 1.335371314530565678e+00
1.393000000000002281e+01 1.322436484651829280e+00
1.395000000000002238e+01 1.260458290892478184e+00
1.397000000000002196e+01 1.223750640973805925e+00
1.399000000000002153e+01 1.206482415943865627e+00
1.401000000000002110e+01 1.161689392877811589e+00
1.403000000000002068e+01 1.142407976691841132e+00
1.405000000000002025e+01 1.155305356855353738e+00
1.407000000000001982e+01 1.117629067769972062e+00
1.409000000000001940e+01 1.115887392017010038e+00
1.411000000000001897e+01 1.086056545846023624e+00
1.413000000000001855e+01 1.027674899300740519e+00
1.415000000000001812e+01 1.025293235644197942e+00
1.417000000000001769e+01 9.648380897009927182e-01
1.419000000000001727e+01 9.584297678923706654e-01
1.421000000000001684e+01 9.276517999074559429e-01
1.423000000000001641e+01 9.360162020923453730e-01
1.425000000000001599e+01 8.915105552367091901e-01
1.427000000000001556e+01 8.680062749130889044e-01
1.429000000000001513e+01 8.676927608223670152e-01
1.431000000000001471e+01 8.557445918756353409e-01
1.433000000000001428e+01 8.150510370990357023e-01
1.435000000000001386e+01 8.117699456146729720e-01
1.437000000000001343e+01 7.731399862887776697e-01
1.439000000000001300e+01 7.763661707955415991e-01
1.441000000000001258e+01 7.258711739669659879e-01
1.443000000000001215e+01 7.036488188827221268e-01
1.445000000000001172e+01 6.878874124758871389e-01
1.447000000000001130e+01 6.628365062181911238e-01
1.449000000000001087e+01 6.465972754693819491e-01
1.451000000000001044e+01 6.130049576528446842e-01
1.453000000000001002e+01 5.996886281821038889e-01
1.455000000000000959e+01 5.913072486006509809e-01
1.457000000000000917e+01 5.016858493741335190e-01
1.459000000000000874e+01 3.796573611029329665e-01
1.461000000000000831e+01 1.899365915538967775e-01
1.463000000000000789e+01 6.064821531550739636e-02
1.465000000000000746e+01 5.610939762705679547e-03
1.467000000000000703e+01 5.570976885897097053e-03
1.469000000000000661e+01 5.547575081279345136e-03
1.471000000000000618e+01 0.000000000000000000e+00
1.473000000000000576e+01 0.000000000000000000e+00
1.475000000000000533e+01 0.000000000000000000e+00
1.477000000000000490e+01 0.000000000000000000e+00
1.479000000000000448e+01 0.000000000000000000e+00
1.481000000000000405e+01 0.000000000000000000e+00
1.483000000000000362e+01 0.000000000000000000e+00
1.485000000000000320e+01 0.000000000000000000e+00
1.487000000000000277e+01 0.000000000000000000e+00
1.489000000000000234e+01 0.000000000000000000e+00
1.491000000000000192e+01 0.000000000000000000e+00
1.493000000000000149e+01 0.000000000000000000e+00
1.495000000000000107e+01 0.000000000000000000e+00
1.497000000000000064e+01 0.000000000000000000e+00
1.499000000000000021e+01 0.000000000000000000e+00
