# Redshift		Merger Rate Density [Gpc^-3yr^-1]
1.000000000031931770e-02 2.068398427551059626e+01
3.000000000031888964e-02 2.124798163942419649e+01
5.000000000031846331e-02 2.189599936335186570e+01
7.000000000031804392e-02 2.234917466232931460e+01
9.000000000031761760e-02 2.293759542510058935e+01
1.100000000003171913e-01 2.329745229812676399e+01
1.300000000003167511e-01 2.390923228472424000e+01
1.500000000003163247e-01 2.448442978744145293e+01
1.700000000003158984e-01 2.505659149902236393e+01
1.900000000003154721e-01 2.558246141354975478e+01
2.100000000003150458e-01 2.607078345313658829e+01
2.300000000003146194e-01 2.675975246825539244e+01
2.500000000003141931e-01 2.727303185794226081e+01
2.700000000003137668e-01 2.788280559029077210e+01
2.900000000003133405e-01 2.857231525962397356e+01
3.100000000003129141e-01 2.906407673620667254e+01
3.300000000003124878e-01 2.956311064419967138e+01
3.500000000003120615e-01 2.996004876166757924e+01
3.700000000003116352e-01 3.096196771316623497e+01
3.900000000003112088e-01 3.108133485925160144e+01
4.100000000003107825e-01 3.202759794938584292e+01
4.300000000003103562e-01 3.248155657172095090e+01
4.500000000003099299e-01 3.276898141381204255e+01
4.700000000003095035e-01 3.390444450935775933e+01
4.900000000003090772e-01 3.426591381677172876e+01
5.100000000003086509e-01 3.507436087498381028e+01
5.300000000003082246e-01 3.559077998442029411e+01
5.500000000003077982e-01 3.611399789887730094e+01
5.700000000003073719e-01 3.725489988000596497e+01
5.900000000003069456e-01 3.750458057916461030e+01
6.100000000003065193e-01 3.835930471580152101e+01
6.300000000003060929e-01 3.915439461456132619e+01
6.500000000003056666e-01 4.007149905992054784e+01
6.700000000003052403e-01 4.087864636930927276e+01
6.900000000003048140e-01 4.199609010215997529e+01
7.100000000003043876e-01 4.218297945781181824e+01
7.300000000003039613e-01 4.372375033259368138e+01
7.500000000003035350e-01 4.388572738882457003e+01
7.700000000003031086e-01 4.549771781460838582e+01
7.900000000003026823e-01 4.586289058043718825e+01
8.100000000003022560e-01 4.672886171109641396e+01
8.300000000003018297e-01 4.767349521116012312e+01
8.500000000003014033e-01 4.832541399955542971e+01
8.700000000003009770e-01 4.933567043522859308e+01
8.900000000003005507e-01 4.977412160252423234e+01
9.100000000003001244e-01 5.140828811242890595e+01
9.300000000002996980e-01 5.183284037566246383e+01
9.500000000002992717e-01 5.255938649109030791e+01
9.700000000002988454e-01 5.371376106174928111e+01
9.900000000002984191e-01 5.448500436134571601e+01
1.010000000000297993e+00 5.541250396351781404e+01
1.030000000000297566e+00 5.629674002579891123e+01
1.050000000000297140e+00 5.702543101952799276e+01
1.070000000000296714e+00 5.742444476823569488e+01
1.090000000000296287e+00 5.914543275135007150e+01
1.110000000000295861e+00 5.954724286432556823e+01
1.130000000000295435e+00 6.105963925951924409e+01
1.150000000000295008e+00 6.095317261763172212e+01
1.170000000000294582e+00 6.202342350790817704e+01
1.190000000000294156e+00 6.308595993944960867e+01
1.210000000000293729e+00 6.352607242728421255e+01
1.230000000000293303e+00 6.456110784724864970e+01
1.250000000000292877e+00 6.526544012369627978e+01
1.270000000000292451e+00 6.620994205462528726e+01
1.290000000000292024e+00 6.682966448685660055e+01
1.310000000000291598e+00 6.722446585235016414e+01
1.330000000000291172e+00 6.863310427741993180e+01
1.350000000000290745e+00 6.860494694549748829e+01
1.370000000000290319e+00 7.024678053536472078e+01
1.390000000000289893e+00 7.013187361115983265e+01
1.410000000000289466e+00 7.135891167884166464e+01
1.430000000000289040e+00 7.172592536694980936e+01
1.450000000000288614e+00 7.231512501932093073e+01
1.470000000000288187e+00 7.312739232629353126e+01
1.490000000000287761e+00 7.329290877230577905e+01
1.510000000000287335e+00 7.518193192010295434e+01
1.530000000000286908e+00 7.538657732251505195e+01
1.550000000000286482e+00 7.562270655910005246e+01
1.570000000000286056e+00 7.653726978012535653e+01
1.590000000000285629e+00 7.660211953661750783e+01
1.610000000000285203e+00 7.713701256670076134e+01
1.630000000000284777e+00 7.780941571952745051e+01
1.650000000000284350e+00 7.780749001088315708e+01
1.670000000000283924e+00 7.900992954643527355e+01
1.690000000000283498e+00 7.909557019583505166e+01
1.710000000000283071e+00 7.884941606296789018e+01
1.730000000000282645e+00 8.068499094085743195e+01
1.750000000000282219e+00 8.104297820574993239e+01
1.770000000000281792e+00 8.101507173257159877e+01
1.790000000000281366e+00 8.094669823006074694e+01
1.810000000000280940e+00 8.185932413402311170e+01
1.830000000000280513e+00 8.212020975683890356e+01
1.850000000000280087e+00 8.188775576741767281e+01
1.870000000000279661e+00 8.220867142685580120e+01
1.890000000000279234e+00 8.202876986156665851e+01
1.910000000000278808e+00 8.266095813481049959e+01
1.930000000000278382e+00 8.309107648537354862e+01
1.950000000000277955e+00 8.295540711650173193e+01
1.970000000000277529e+00 8.305312293863293860e+01
1.990000000000277103e+00 8.299294625865424280e+01
2.010000000000276899e+00 8.253079623546506127e+01
2.030000000000276472e+00 8.358400006837150897e+01
2.050000000000276046e+00 8.328096348918646186e+01
2.070000000000275620e+00 8.394075391784295448e+01
2.090000000000275193e+00 8.326728426737109601e+01
2.110000000000274767e+00 8.370854179848264209e+01
2.130000000000274341e+00 8.344453604863471696e+01
2.150000000000273914e+00 8.267394073103324104e+01
2.170000000000273488e+00 8.346793468567739183e+01
2.190000000000273062e+00 8.219112215335918847e+01
2.210000000000272635e+00 8.279087383754550444e+01
2.230000000000272209e+00 8.221644240810825011e+01
2.250000000000271783e+00 8.171702131109758227e+01
2.270000000000271356e+00 8.216820751062428485e+01
2.290000000000270930e+00 8.112505412298293095e+01
2.310000000000270504e+00 8.088883437998249804e+01
2.330000000000270077e+00 8.047992111599832299e+01
2.350000000000269651e+00 8.022665232588468598e+01
2.370000000000269225e+00 7.967059890548055989e+01
2.390000000000268798e+00 7.934118711508581612e+01
2.410000000000268372e+00 7.931968444355011627e+01
2.430000000000267946e+00 7.845559824997170040e+01
2.450000000000267519e+00 7.805598093641528123e+01
2.470000000000267093e+00 7.851398491269479507e+01
2.490000000000266667e+00 7.703679754540218028e+01
2.510000000000266240e+00 7.653937382891547259e+01
2.530000000000265814e+00 7.649248553695021258e+01
2.550000000000265388e+00 7.558242743765585203e+01
2.570000000000264961e+00 7.625962428851117636e+01
2.590000000000264535e+00 7.485105970487903448e+01
2.610000000000264109e+00 7.390572829748465722e+01
2.630000000000263682e+00 7.394560639831051674e+01
2.650000000000263256e+00 7.366746750069820848e+01
2.670000000000262830e+00 7.263160389537567596e+01
2.690000000000262403e+00 7.187907664654927942e+01
2.710000000000261977e+00 7.146330429753906799e+01
2.730000000000261551e+00 7.109577062590220464e+01
2.750000000000261124e+00 6.995119063417405414e+01
2.770000000000260698e+00 6.963516590060184797e+01
2.790000000000260272e+00 6.969504223435501444e+01
2.810000000000259845e+00 6.876025100577847127e+01
2.830000000000259419e+00 6.828688318302208415e+01
2.850000000000258993e+00 6.797843899209847507e+01
2.870000000000258567e+00 6.695737847867405890e+01
2.890000000000258140e+00 6.643122571740930482e+01
2.910000000000257714e+00 6.592783726094322105e+01
2.930000000000257288e+00 6.536302411757063169e+01
2.950000000000256861e+00 6.455689663983666549e+01
2.970000000000256435e+00 6.428078362765653253e+01
2.990000000000256009e+00 6.412884555285675958e+01
3.010000000000255582e+00 6.247009626258665094e+01
3.030000000000255156e+00 6.261132050832306817e+01
3.050000000000254730e+00 6.224594101545166325e+01
3.070000000000254303e+00 6.106631441808029592e+01
3.090000000000253877e+00 5.997336005665337666e+01
3.110000000000253451e+00 6.054297161008806683e+01
3.130000000000253024e+00 5.937628105297932990e+01
3.150000000000252598e+00 5.869981267104702738e+01
3.170000000000252172e+00 5.867411426433419308e+01
3.190000000000251745e+00 5.712360007610464407e+01
3.210000000000251319e+00 5.742910866119459001e+01
3.230000000000250893e+00 5.689563755720558191e+01
3.250000000000250466e+00 5.596292896465512712e+01
3.270000000000250040e+00 5.590333767407396692e+01
3.290000000000249614e+00 5.468724064930132300e+01
3.310000000000249187e+00 5.482093454338026817e+01
3.330000000000248761e+00 5.440854206649773062e+01
3.350000000000248335e+00 5.307007497960732678e+01
3.370000000000247908e+00 5.290740511149070358e+01
3.390000000000247482e+00 5.216188474707226419e+01
3.410000000000247056e+00 5.221555660049607184e+01
3.430000000000246629e+00 5.150033940855509940e+01
3.450000000000246203e+00 5.081254032229003315e+01
3.470000000000245777e+00 5.068832603700817430e+01
3.490000000000245350e+00 4.987120314247376740e+01
3.510000000000244924e+00 4.937842810654527170e+01
3.530000000000244498e+00 4.844449636894295708e+01
3.550000000000244071e+00 4.845717500654597387e+01
3.570000000000243645e+00 4.830451101043863815e+01
3.590000000000243219e+00 4.733041595408175795e+01
3.610000000000242792e+00 4.673090123124631390e+01
3.630000000000242366e+00 4.621443026518218744e+01
3.650000000000241940e+00 4.567522597291570463e+01
3.670000000000241513e+00 4.521306269148823986e+01
3.690000000000241087e+00 4.475101940671129341e+01
3.710000000000240661e+00 4.434163594124772345e+01
3.730000000000240234e+00 4.417034940334831106e+01
3.750000000000239808e+00 4.363374531895586728e+01
3.770000000000239382e+00 4.300831439152059943e+01
3.790000000000238956e+00 4.243978555232565952e+01
3.810000000000238529e+00 4.209050528629549603e+01
3.830000000000238103e+00 4.194646347392781394e+01
3.850000000000237677e+00 4.169247149008934628e+01
3.870000000000237250e+00 4.087148012535351427e+01
3.890000000000236824e+00 4.045410760451836296e+01
3.910000000000236398e+00 4.031219826352668179e+01
3.930000000000235971e+00 3.957634582666702272e+01
3.950000000000235545e+00 3.950264780424571143e+01
3.970000000000235119e+00 3.889159890596785374e+01
3.990000000000234692e+00 3.804555657256143775e+01
4.010000000000234266e+00 3.820112890541273032e+01
4.030000000000233840e+00 3.744763855753995330e+01
4.050000000000233413e+00 3.748810633018300109e+01
4.070000000000232987e+00 3.662925649952669716e+01
4.090000000000232561e+00 3.670872013115209143e+01
4.110000000000232134e+00 3.580052463983439992e+01
4.130000000000231708e+00 3.616600452823017520e+01
4.150000000000231282e+00 3.540216507390151435e+01
4.170000000000230855e+00 3.465882280367767976e+01
4.190000000000230429e+00 3.443940391571545234e+01
4.210000000000230003e+00 3.422698609816077919e+01
4.230000000000229576e+00 3.383821665946098278e+01
4.250000000000229150e+00 3.370439274384733608e+01
4.270000000000228724e+00 3.296304551539111571e+01
4.290000000000228297e+00 3.281261639704759858e+01
4.310000000000227871e+00 3.280576314342905420e+01
4.330000000000227445e+00 3.228805971188695878e+01
4.350000000000227018e+00 3.177156047620927026e+01
4.370000000000226592e+00 3.144829484271856401e+01
4.390000000000226166e+00 3.131602442349566928e+01
4.410000000000225739e+00 3.075141437713300974e+01
4.430000000000225313e+00 3.039696630584109727e+01
4.450000000000224887e+00 3.042630344906616102e+01
4.470000000000224460e+00 2.977657806918838190e+01
4.490000000000224034e+00 2.953970527966854220e+01
4.510000000000223608e+00 2.948152039709062677e+01
4.530000000000223181e+00 2.901115895145900225e+01
4.550000000000222755e+00 2.867618469747651844e+01
4.570000000000222329e+00 2.863875672245537274e+01
4.590000000000221902e+00 2.823927397039075871e+01
4.610000000000221476e+00 2.806019254587253542e+01
4.630000000000221050e+00 2.775944057075377103e+01
4.650000000000220624e+00 2.729106861879645152e+01
4.670000000000220197e+00 2.711779726396185097e+01
4.690000000000219771e+00 2.675459315349453249e+01
4.710000000000219345e+00 2.665374453224084306e+01
4.730000000000218918e+00 2.640269153784174705e+01
4.750000000000218492e+00 2.606327916913409481e+01
4.770000000000218066e+00 2.582178478109887365e+01
4.790000000000217639e+00 2.589442556526489270e+01
4.810000000000217213e+00 2.542054491906861458e+01
4.830000000000216787e+00 2.524294618284686464e+01
4.850000000000216360e+00 2.460840201843376462e+01
4.870000000000215934e+00 2.465737283063660712e+01
4.890000000000215508e+00 2.460679260108175725e+01
4.910000000000215081e+00 2.426242807726292128e+01
4.930000000000214655e+00 2.443014047066412786e+01
4.950000000000214229e+00 2.373544740424397759e+01
4.970000000000213802e+00 2.353610393427673131e+01
4.990000000000213376e+00 2.368486863885793170e+01
5.010000000000212950e+00 2.336513240356752164e+01
5.030000000000212523e+00 2.289111542588710790e+01
5.050000000000212097e+00 2.291086563036258639e+01
5.070000000000211671e+00 2.267044715260999510e+01
5.090000000000211244e+00 2.257472165948035681e+01
5.110000000000210818e+00 2.236876210992003422e+01
5.130000000000210392e+00 2.191457781731476828e+01
5.150000000000209965e+00 2.181263128859021450e+01
5.170000000000209539e+00 2.178746189582670212e+01
5.190000000000209113e+00 2.155383248625602377e+01
5.210000000000208686e+00 2.144343102913862253e+01
5.230000000000208260e+00 2.126494094154507408e+01
5.250000000000207834e+00 2.096404506046197369e+01
5.270000000000207407e+00 2.079748737213898835e+01
5.290000000000206981e+00 2.098802485983022237e+01
5.310000000000206555e+00 2.049184801351386298e+01
5.330000000000206128e+00 2.056334225935067650e+01
5.350000000000205702e+00 2.022988283604520277e+01
5.370000000000205276e+00 2.010419377799149743e+01
5.390000000000204849e+00 1.979385959373299997e+01
5.410000000000204423e+00 1.988063520817334151e+01
5.430000000000203997e+00 1.962647677728466533e+01
5.450000000000203570e+00 1.960111173768505921e+01
5.470000000000203144e+00 1.912322218829011078e+01
5.490000000000202718e+00 1.920994421217812942e+01
5.510000000000202292e+00 1.913277912527091118e+01
5.530000000000201865e+00 1.912449704958797625e+01
5.550000000000201439e+00 1.905983993966775714e+01
5.570000000000201013e+00 1.875351744006080423e+01
5.590000000000200586e+00 1.865383056855619159e+01
5.610000000000200160e+00 1.863005449546658099e+01
5.630000000000199734e+00 1.858086458125132623e+01
5.650000000000199307e+00 1.824796989262958746e+01
5.670000000000198881e+00 1.818961713812156233e+01
5.690000000000198455e+00 1.795822495896700133e+01
5.710000000000198028e+00 1.804761558778806219e+01
5.730000000000197602e+00 1.798295770045709219e+01
5.750000000000197176e+00 1.768062009639467647e+01
5.770000000000196749e+00 1.764629006693353119e+01
5.790000000000196323e+00 1.770907564060020079e+01
5.810000000000195897e+00 1.757741856794831037e+01
5.830000000000195470e+00 1.721256944296515812e+01
5.850000000000195044e+00 1.744281453086530576e+01
5.870000000000194618e+00 1.724070618987892800e+01
5.890000000000194191e+00 1.713805254150404167e+01
5.910000000000193765e+00 1.712943514664126710e+01
5.930000000000193339e+00 1.696421327928552714e+01
5.950000000000192912e+00 1.689165162918943963e+01
5.970000000000192486e+00 1.673642101713360475e+01
5.990000000000192060e+00 1.665211944298448543e+01
6.010000000000191633e+00 1.663044528590511462e+01
6.030000000000191207e+00 1.646591749903800661e+01
6.050000000000190781e+00 1.659585050115258653e+01
6.070000000000190354e+00 1.635515808283639316e+01
6.090000000000189928e+00 1.617728246842667872e+01
6.110000000000189502e+00 1.638594138518729437e+01
6.130000000000189075e+00 1.633536684401367367e+01
6.150000000000188649e+00 1.595581287129602188e+01
6.170000000000188223e+00 1.611237958220765520e+01
6.190000000000187796e+00 1.596303326558656366e+01
6.210000000000187370e+00 1.595184349950358005e+01
6.230000000000186944e+00 1.582966230724153256e+01
6.250000000000186517e+00 1.579538286555054327e+01
6.270000000000186091e+00 1.584974806200801112e+01
6.290000000000185665e+00 1.564931877445009789e+01
6.310000000000185238e+00 1.556104871027573999e+01
6.330000000000184812e+00 1.547615655737026685e+01
6.350000000000184386e+00 1.546326350273470318e+01
6.370000000000183960e+00 1.536892797537861277e+01
6.390000000000183533e+00 1.537032433551580368e+01
6.410000000000183107e+00 1.527063764877772734e+01
6.430000000000182681e+00 1.530584168845070536e+01
6.450000000000182254e+00 1.521831956946637199e+01
6.470000000000181828e+00 1.502086951338560361e+01
6.490000000000181402e+00 1.511575318989117989e+01
6.510000000000180975e+00 1.512548652970038177e+01
6.530000000000180549e+00 1.507194775804483022e+01
6.550000000000180123e+00 1.499466285115662956e+01
6.570000000000179696e+00 1.493112895569110954e+01
6.590000000000179270e+00 1.490626140552393686e+01
6.610000000000178844e+00 1.489587111816387477e+01
6.630000000000178417e+00 1.480226902422039537e+01
6.650000000000177991e+00 1.460912146497397046e+01
6.670000000000177565e+00 1.488971086506991170e+01
6.690000000000177138e+00 1.460685704365226911e+01
6.710000000000176712e+00 1.461842671759119128e+01
6.730000000000176286e+00 1.454998463029935074e+01
6.750000000000175859e+00 1.467944245461010766e+01
6.770000000000175433e+00 1.454381097106428733e+01
6.790000000000175007e+00 1.445331553462326113e+01
6.810000000000174580e+00 1.441327935525591997e+01
6.830000000000174154e+00 1.434539802745353576e+01
6.850000000000173728e+00 1.441276973970536268e+01
6.870000000000173301e+00 1.434904947566157851e+01
6.890000000000172875e+00 1.436958860991154552e+01
6.910000000000172449e+00 1.417426459030687624e+01
6.930000000000172022e+00 1.431326966865125883e+01
6.950000000000171596e+00 1.418368911258643550e+01
6.970000000000171170e+00 1.419668594171403875e+01
6.990000000000170743e+00 1.416873638821835257e+01
7.010000000000170317e+00 1.414364625060202663e+01
7.030000000000169891e+00 1.398640617720512402e+01
7.050000000000169464e+00 1.412503650207791495e+01
7.070000000000169038e+00 1.410249124187739156e+01
7.090000000000168612e+00 1.405275347048026191e+01
7.110000000000168185e+00 1.397313605143558846e+01
7.130000000000167759e+00 1.391149376218829481e+01
7.150000000000167333e+00 1.406503997792082572e+01
7.170000000000166906e+00 1.384188813873914548e+01
7.190000000000166480e+00 1.387551562444892639e+01
7.210000000000166054e+00 1.394347637963744901e+01
7.230000000000165628e+00 1.374874065965483894e+01
7.250000000000165201e+00 1.387609686413046006e+01
7.270000000000164775e+00 1.377634226852383570e+01
7.290000000000164349e+00 1.366555364866669997e+01
7.310000000000163922e+00 1.372987040777711343e+01
7.330000000000163496e+00 1.378830688368944557e+01
7.350000000000163070e+00 1.375934205848294489e+01
7.370000000000162643e+00 1.368154560792677366e+01
7.390000000000162217e+00 1.366628577586330628e+01
7.410000000000161791e+00 1.366115213707155718e+01
7.430000000000161364e+00 1.374987704899600161e+01
7.450000000000160938e+00 1.359599326781164841e+01
7.470000000000160512e+00 1.357981132412827741e+01
7.490000000000160085e+00 1.368528051713417071e+01
7.510000000000159659e+00 1.364655640317165464e+01
7.530000000000159233e+00 1.355623923685473287e+01
7.550000000000158806e+00 1.340987402215573887e+01
7.570000000000158380e+00 1.357463210195999181e+01
7.590000000000157954e+00 1.349978880895717204e+01
7.610000000000157527e+00 1.340149623716702720e+01
7.630000000000157101e+00 1.347911540490019000e+01
7.650000000000156675e+00 1.342687132567862740e+01
7.670000000000156248e+00 1.341322107155960097e+01
7.690000000000155822e+00 1.340794882638971863e+01
7.710000000000155396e+00 1.340106653576298434e+01
7.730000000000154969e+00 1.333395630365368056e+01
7.750000000000154543e+00 1.337159142363637265e+01
7.770000000000154117e+00 1.345825643368062963e+01
7.790000000000153690e+00 1.329333014781722966e+01
7.810000000000153264e+00 1.331024015694286433e+01
7.830000000000152838e+00 1.338503967391690530e+01
7.850000000000152411e+00 1.326131689400829394e+01
7.870000000000151985e+00 1.327619639155062004e+01
7.890000000000151559e+00 1.327183331183522874e+01
7.910000000000151132e+00 1.329727864483351674e+01
7.930000000000150706e+00 1.327113835348281690e+01
7.950000000000150280e+00 1.313423101503211399e+01
7.970000000000149853e+00 1.319138319802323878e+01
7.990000000000149427e+00 1.321917525609701016e+01
8.010000000000149001e+00 1.323580553923513570e+01
8.030000000000148574e+00 1.310058114847086230e+01
8.050000000000148148e+00 1.311484017809273084e+01
8.070000000000147722e+00 1.316048744441969909e+01
8.090000000000147296e+00 1.306197558442804230e+01
8.110000000000146869e+00 1.309442868143020711e+01
8.130000000000146443e+00 1.312310504541731504e+01
8.150000000000146017e+00 1.302776923211049365e+01
8.170000000000145590e+00 1.306603396573418685e+01
8.190000000000145164e+00 1.315911689157904263e+01
8.210000000000144738e+00 1.297975437778275776e+01
8.230000000000144311e+00 1.305419411926361128e+01
8.250000000000143885e+00 1.306555935453601336e+01
8.270000000000143459e+00 1.301826915790383943e+01
8.290000000000143032e+00 1.292416194418273179e+01
8.310000000000142606e+00 1.298433537817451722e+01
8.330000000000142180e+00 1.293998229615281481e+01
8.350000000000141753e+00 1.301878025476814038e+01
8.370000000000141327e+00 1.289501529215931086e+01
8.390000000000140901e+00 1.292604173560435044e+01
8.410000000000140474e+00 1.283006978410804955e+01
8.430000000000140048e+00 1.299646671013695709e+01
8.450000000000139622e+00 1.282607128631365967e+01
8.470000000000139195e+00 1.290612422418777783e+01
8.490000000000138769e+00 1.287212671557347932e+01
8.510000000000138343e+00 1.284607935037604776e+01
8.530000000000137916e+00 1.293177885387324366e+01
8.550000000000137490e+00 1.286245849643484007e+01
8.570000000000137064e+00 1.285474320413231197e+01
8.590000000000136637e+00 1.275782239934303597e+01
8.610000000000136211e+00 1.277201406842012510e+01
8.630000000000135785e+00 1.277817863793735675e+01
8.650000000000135358e+00 1.273688748765092882e+01
8.670000000000134932e+00 1.276615217349052323e+01
8.690000000000134506e+00 1.270539900758058849e+01
8.710000000000134079e+00 1.273501675773521491e+01
8.730000000000133653e+00 1.273673938304998821e+01
8.750000000000133227e+00 1.275571657112959123e+01
8.770000000000132800e+00 1.269608127995216051e+01
8.790000000000132374e+00 1.261782721162746235e+01
8.810000000000131948e+00 1.271411429144112049e+01
8.830000000000131521e+00 1.258049724272254011e+01
8.850000000000131095e+00 1.268698264140141241e+01
8.870000000000130669e+00 1.256226301772796994e+01
8.890000000000130242e+00 1.270796034064193059e+01
8.910000000000129816e+00 1.265140046402995466e+01
8.930000000000129390e+00 1.247582407691748330e+01
8.950000000000128964e+00 1.255599935587062888e+01
8.970000000000128537e+00 1.253023993410081616e+01
8.990000000000128111e+00 1.257098176073744789e+01
9.010000000000127685e+00 1.243696366087196381e+01
9.030000000000127258e+00 1.254788993221214888e+01
9.050000000000126832e+00 1.254110388519463370e+01
9.070000000000126406e+00 1.245122021169091475e+01
9.090000000000125979e+00 1.240715147856688283e+01
9.110000000000125553e+00 1.247165725106721368e+01
9.130000000000125127e+00 1.242834583061698517e+01
9.150000000000124700e+00 1.234774864466410804e+01
9.170000000000124274e+00 1.237956683338439845e+01
9.190000000000123848e+00 1.230367021529963090e+01
9.210000000000123421e+00 1.238778053106660515e+01
9.230000000000122995e+00 1.229973100751917414e+01
9.250000000000122569e+00 1.230490689376445523e+01
9.270000000000122142e+00 1.236949753780551653e+01
9.290000000000121716e+00 1.220763010289340222e+01
9.310000000000121290e+00 1.228778608515746029e+01
9.330000000000120863e+00 1.230143655912813294e+01
9.350000000000120437e+00 1.221999517222820053e+01
9.370000000000120011e+00 1.219046825653719957e+01
9.390000000000119584e+00 1.217105501513968946e+01
9.410000000000119158e+00 1.212195070724155599e+01
9.430000000000118732e+00 1.205597732143786693e+01
9.450000000000118305e+00 1.208822213697400016e+01
9.470000000000117879e+00 1.211377219442120357e+01
9.490000000000117453e+00 1.211122765874807250e+01
9.510000000000117026e+00 1.209500207354993684e+01
9.530000000000116600e+00 1.198282747662086756e+01
9.550000000000116174e+00 1.202045008471988652e+01
9.570000000000115747e+00 1.193604298405765718e+01
9.590000000000115321e+00 1.202754477540350742e+01
9.610000000000114895e+00 1.190585923954048120e+01
9.630000000000114468e+00 1.184644997693338020e+01
9.650000000000114042e+00 1.186754868142139863e+01
9.670000000000113616e+00 1.188299312671412444e+01
9.690000000000113189e+00 1.184322111446533476e+01
9.710000000000112763e+00 1.182903902624777004e+01
9.730000000000112337e+00 1.173846522749668253e+01
9.750000000000111910e+00 1.176705080937833436e+01
9.770000000000111484e+00 1.173750370770509299e+01
9.790000000000111058e+00 1.167378401362446105e+01
9.810000000000110632e+00 1.169157874383735063e+01
9.830000000000110205e+00 1.167560695961020478e+01
9.850000000000109779e+00 1.160880877051627103e+01
9.870000000000109353e+00 1.163027815454262459e+01
9.890000000000108926e+00 1.155983331483874466e+01
9.910000000000108500e+00 1.154973815573630347e+01
9.930000000000108074e+00 1.153539381746359105e+01
9.950000000000107647e+00 1.149038706965952983e+01
9.970000000000107221e+00 1.144086563522423639e+01
9.990000000000106795e+00 1.142482449953097401e+01
1.001000000000010637e+01 1.139787472840451699e+01
1.003000000000010594e+01 1.133877401972979548e+01
1.005000000000010552e+01 1.134245932558682490e+01
1.007000000000010509e+01 1.125103092285615958e+01
1.009000000000010466e+01 1.143557051231929123e+01
1.011000000000010424e+01 1.125371217341215058e+01
1.013000000000010381e+01 1.120878512512860148e+01
1.015000000000010338e+01 1.121064946060032419e+01
1.017000000000010296e+01 1.108352936116032872e+01
1.019000000000010253e+01 1.116106097215617687e+01
1.021000000000010210e+01 1.108210419446710482e+01
1.023000000000010168e+01 1.106018986263270776e+01
1.025000000000010125e+01 1.095502894531575500e+01
1.027000000000010083e+01 1.097646736769218911e+01
1.029000000000010040e+01 1.100186024890798642e+01
1.031000000000009997e+01 1.099646273586401435e+01
1.033000000000009955e+01 1.088560114311256832e+01
1.035000000000009912e+01 1.096470035750640726e+01
1.037000000000009869e+01 1.084996372742887871e+01
1.039000000000009827e+01 1.076484832709680362e+01
1.041000000000009784e+01 1.082275849708901383e+01
1.043000000000009742e+01 1.071496915945310313e+01
1.045000000000009699e+01 1.060347777599043795e+01
1.047000000000009656e+01 1.070969270318714983e+01
1.049000000000009614e+01 1.070290729520188755e+01
1.051000000000009571e+01 1.057053766035633302e+01
1.053000000000009528e+01 1.062903720716150069e+01
1.055000000000009486e+01 1.057170100818669845e+01
1.057000000000009443e+01 1.055773137399292594e+01
1.059000000000009400e+01 1.053215435238294440e+01
1.061000000000009358e+01 1.043246806275461402e+01
1.063000000000009315e+01 1.035919442861558437e+01
1.065000000000009273e+01 1.040901129507272849e+01
1.067000000000009230e+01 1.036301508715476949e+01
1.069000000000009187e+01 1.029166422700899908e+01
1.071000000000009145e+01 1.033623352074376456e+01
1.073000000000009102e+01 1.021289761929044815e+01
1.075000000000009059e+01 1.017444471978824794e+01
1.077000000000009017e+01 1.015077448246331215e+01
1.079000000000008974e+01 1.012803736351853168e+01
1.081000000000008932e+01 1.010215052941444291e+01
1.083000000000008889e+01 1.007437129370504358e+01
1.085000000000008846e+01 1.006080106521145545e+01
1.087000000000008804e+01 9.910588131752652075e+00
1.089000000000008761e+01 9.951541266800099095e+00
1.091000000000008718e+01 9.906592992043103507e+00
1.093000000000008676e+01 9.818081345759042122e+00
1.095000000000008633e+01 9.875613830196382281e+00
1.097000000000008590e+01 9.778725485107166548e+00
1.099000000000008548e+01 9.735747741227889662e+00
1.101000000000008505e+01 9.751538908137389328e+00
1.103000000000008463e+01 9.689018652077558968e+00
1.105000000000008420e+01 9.624686258300707564e+00
1.107000000000008377e+01 9.567229111973052369e+00
1.109000000000008335e+01 9.547671791805480979e+00
1.111000000000008292e+01 9.560396593232949769e+00
1.113000000000008249e+01 9.458613830540283374e+00
1.115000000000008207e+01 9.448921011330597253e+00
1.117000000000008164e+01 9.404925766790302788e+00
1.119000000000008122e+01 9.334270214706815949e+00
1.121000000000008079e+01 9.342440201687564283e+00
1.123000000000008036e+01 9.315017705056339636e+00
1.125000000000007994e+01 9.255715768743645100e+00
1.127000000000007951e+01 9.229157021193527655e+00
1.129000000000007908e+01 9.152398457629772111e+00
1.131000000000007866e+01 9.074001417320117113e+00
1.133000000000007823e+01 9.131375797061410893e+00
1.135000000000007780e+01 9.062800699473520183e+00
1.137000000000007738e+01 9.039535705041469527e+00
1.139000000000007695e+01 8.986099763553156095e+00
1.141000000000007653e+01 8.960826470322356130e+00
1.143000000000007610e+01 8.866849325337966548e+00
1.145000000000007567e+01 8.905305582131756381e+00
1.147000000000007525e+01 8.809629811689672962e+00
1.149000000000007482e+01 8.743694496382575565e+00
1.151000000000007439e+01 8.758165453077426221e+00
1.153000000000007397e+01 8.678408159579685588e+00
1.155000000000007354e+01 8.630364004611555728e+00
1.157000000000007311e+01 8.598977579321807951e+00
1.159000000000007269e+01 8.591410582487291947e+00
1.161000000000007226e+01 8.568082008085172063e+00
1.163000000000007184e+01 8.521823345049966747e+00
1.165000000000007141e+01 8.480522564758055992e+00
1.167000000000007098e+01 8.463336383916042038e+00
1.169000000000007056e+01 8.385369260066886099e+00
1.171000000000007013e+01 8.291511820286514123e+00
1.173000000000006970e+01 8.228543000998977064e+00
1.175000000000006928e+01 8.270310166567218957e+00
1.177000000000006885e+01 8.181392406656939897e+00
1.179000000000006843e+01 8.130137645908368071e+00
1.181000000000006800e+01 8.194760008960056297e+00
1.183000000000006757e+01 8.037061997685118087e+00
1.185000000000006715e+01 8.071138287258616373e+00
1.187000000000006672e+01 8.000279322699856976e+00
1.189000000000006629e+01 7.934149643254230000e+00
1.191000000000006587e+01 7.890921557348017146e+00
1.193000000000006544e+01 7.840867340290622600e+00
1.195000000000006501e+01 7.953896124670556844e+00
1.197000000000006459e+01 7.769916449436927053e+00
1.199000000000006416e+01 7.821992171774853730e+00
1.201000000000006374e+01 7.741337519290879321e+00
1.203000000000006331e+01 7.630212552695613049e+00
1.205000000000006288e+01 7.670814137054172477e+00
1.207000000000006246e+01 7.665171254331690776e+00
1.209000000000006203e+01 7.519071026223235421e+00
1.211000000000006160e+01 7.541940240741364931e+00
1.213000000000006118e+01 7.515400258910411857e+00
1.215000000000006075e+01 7.396335485036201085e+00
1.217000000000006033e+01 7.439458561806417514e+00
1.219000000000005990e+01 7.302429800921397707e+00
1.221000000000005947e+01 7.399838243173824104e+00
1.223000000000005905e+01 7.339809328155652679e+00
1.225000000000005862e+01 7.273219136455478129e+00
1.227000000000005819e+01 7.278025337246504911e+00
1.229000000000005777e+01 7.157895851085525507e+00
1.231000000000005734e+01 7.140975811861099309e+00
1.233000000000005691e+01 7.019936280999620415e+00
1.235000000000005649e+01 6.976685907259421171e+00
1.237000000000005606e+01 7.031487397580436394e+00
1.239000000000005564e+01 7.048352126700354603e+00
1.241000000000005521e+01 6.976878483676955511e+00
1.243000000000005478e+01 6.804342067803879957e+00
1.245000000000005436e+01 6.855594621344573980e+00
1.247000000000005393e+01 6.820905255704448500e+00
1.249000000000005350e+01 6.840275839715833861e+00
1.251000000000005308e+01 6.728988772064854018e+00
1.253000000000005265e+01 6.669727891121869590e+00
1.255000000000005222e+01 6.636024835621466167e+00
1.257000000000005180e+01 6.647366134844774344e+00
1.259000000000005137e+01 6.522770061938231834e+00
1.261000000000005095e+01 6.471742086391208737e+00
1.263000000000005052e+01 6.566294928344681203e+00
1.265000000000005009e+01 6.376019000645183787e+00
1.267000000000004967e+01 6.405466242240110297e+00
1.269000000000004924e+01 6.350778663115831613e+00
1.271000000000004881e+01 6.295460579757077291e+00
1.273000000000004839e+01 6.196500553526639088e+00
1.275000000000004796e+01 6.332035410113109108e+00
1.277000000000004754e+01 6.187977879689869454e+00
1.279000000000004711e+01 6.198335618216036735e+00
1.281000000000004668e+01 6.138402584116547267e+00
1.283000000000004626e+01 6.075877626109007501e+00
1.285000000000004583e+01 6.038646548994827334e+00
1.287000000000004540e+01 6.004320342417276635e+00
1.289000000000004498e+01 5.913333645315852927e+00
1.291000000000004455e+01 5.865460230715275891e+00
1.293000000000004412e+01 5.835814287119099220e+00
1.295000000000004370e+01 5.833755612363404452e+00
1.297000000000004327e+01 5.774646753652239006e+00
1.299000000000004285e+01 5.701854654416331769e+00
1.301000000000004242e+01 5.713451073910340128e+00
1.303000000000004199e+01 5.604177910069946478e+00
1.305000000000004157e+01 5.610344796972515979e+00
1.307000000000004114e+01 5.570713674000482563e+00
1.309000000000004071e+01 5.494342508749636700e+00
1.311000000000004029e+01 5.454457461127187656e+00
1.313000000000003986e+01 5.375128043005251932e+00
1.315000000000003944e+01 5.422486972916845005e+00
1.317000000000003901e+01 5.365162051204596771e+00
1.319000000000003858e+01 5.269543843506506065e+00
1.321000000000003816e+01 5.322577883366627738e+00
1.323000000000003773e+01 5.159420259962509192e+00
1.325000000000003730e+01 5.291601573566416583e+00
1.327000000000003688e+01 5.130826621979351465e+00
1.329000000000003645e+01 5.099282302135695666e+00
1.331000000000003602e+01 5.051638164691856225e+00
1.333000000000003560e+01 5.017464434903900816e+00
1.335000000000003517e+01 4.905949795511532763e+00
1.337000000000003475e+01 4.860156558740550636e+00
1.339000000000003432e+01 4.833626472345373237e+00
1.341000000000003389e+01 4.843092288379987842e+00
1.343000000000003347e+01 4.770935229531901633e+00
1.345000000000003304e+01 4.755105985014775882e+00
1.347000000000003261e+01 4.694053707161825351e+00
1.349000000000003219e+01 4.653019694226778746e+00
1.351000000000003176e+01 4.565849961216339459e+00
1.353000000000003133e+01 4.550547672147684963e+00
1.355000000000003091e+01 4.473224948854276128e+00
1.357000000000003048e+01 4.448208919833737340e+00
1.359000000000003006e+01 4.439202618779837906e+00
1.361000000000002963e+01 4.342392069504835916e+00
1.363000000000002920e+01 4.287819560190636814e+00
1.365000000000002878e+01 4.237642494375326585e+00
1.367000000000002835e+01 4.162314185915819031e+00
1.369000000000002792e+01 4.199098365399645871e+00
1.371000000000002750e+01 4.107340275081166503e+00
1.373000000000002707e+01 4.046274967717445215e+00
1.375000000000002665e+01 4.018252281666621073e+00
1.377000000000002622e+01 3.953358790661247735e+00
1.379000000000002579e+01 3.863316845824118051e+00
1.381000000000002537e+01 3.860156748519599557e+00
1.383000000000002494e+01 3.823086341455024684e+00
1.385000000000002451e+01 3.745213005788459171e+00
1.387000000000002409e+01 3.695083704861340301e+00
1.389000000000002366e+01 3.582496209775233975e+00
1.391000000000002323e+01 3.502898702296505018e+00
1.393000000000002281e+01 3.516873189607464312e+00
1.395000000000002238e+01 3.393458673737605569e+00
1.397000000000002196e+01 3.341868738190031607e+00
1.399000000000002153e+01 3.280667144422264148e+00
1.401000000000002110e+01 3.252692325715626609e+00
1.403000000000002068e+01 3.147274933165421729e+00
1.405000000000002025e+01 3.058858242419144169e+00
1.407000000000001982e+01 2.991680226804241727e+00
1.409000000000001940e+01 2.920857731374331578e+00
1.411000000000001897e+01 2.886171552707047283e+00
1.413000000000001855e+01 2.766049137650960166e+00
1.415000000000001812e+01 2.719493094398361066e+00
1.417000000000001769e+01 2.623895455991979375e+00
1.419000000000001727e+01 2.455716549800999626e+00
1.421000000000001684e+01 2.336199738422711558e+00
1.423000000000001641e+01 2.224012165603222790e+00
1.425000000000001599e+01 1.987550842177146171e+00
1.427000000000001556e+01 1.898221671703675506e+00
1.429000000000001513e+01 1.759691697289089252e+00
1.431000000000001471e+01 1.548914378602781472e+00
1.433000000000001428e+01 1.373877785959173758e+00
1.435000000000001386e+01 1.232647031834758877e+00
1.437000000000001343e+01 1.044519740701190136e+00
1.439000000000001300e+01 8.819322921138142979e-01
1.441000000000001258e+01 7.544497157586097513e-01
1.443000000000001215e+01 6.380125909224213521e-01
1.445000000000001172e+01 5.662835567480577481e-01
1.447000000000001130e+01 4.976308584467781237e-01
1.449000000000001087e+01 4.540159558477200874e-01
1.451000000000001044e+01 4.120748356759690312e-01
1.453000000000001002e+01 3.454531781378241129e-01
1.455000000000000959e+01 2.764793327956875935e-01
1.457000000000000917e+01 2.099232576902118341e-01
1.459000000000000874e+01 1.306274814879919421e-01
1.461000000000000831e+01 4.101802649300805015e-02
1.463000000000000789e+01 1.382908200813769660e-02
1.465000000000000746e+01 2.798231346539184049e-03
1.467000000000000703e+01 2.732090348093337961e-03
1.469000000000000661e+01 2.722368662666296586e-03
1.471000000000000618e+01 0.000000000000000000e+00
1.473000000000000576e+01 0.000000000000000000e+00
1.475000000000000533e+01 0.000000000000000000e+00
1.477000000000000490e+01 0.000000000000000000e+00
1.479000000000000448e+01 0.000000000000000000e+00
1.481000000000000405e+01 0.000000000000000000e+00
1.483000000000000362e+01 0.000000000000000000e+00
1.485000000000000320e+01 0.000000000000000000e+00
1.487000000000000277e+01 0.000000000000000000e+00
1.489000000000000234e+01 0.000000000000000000e+00
1.491000000000000192e+01 0.000000000000000000e+00
1.493000000000000149e+01 0.000000000000000000e+00
1.495000000000000107e+01 0.000000000000000000e+00
1.497000000000000064e+01 0.000000000000000000e+00
1.499000000000000021e+01 0.000000000000000000e+00
