# Redshift		Merger Rate Density [Gpc^-3yr^-1]
1.000000000031931770e-02 2.219866498944232092e+01
3.000000000031888964e-02 2.296062520489219594e+01
5.000000000031846331e-02 2.330072299227994037e+01
7.000000000031804392e-02 2.383450524170365625e+01
9.000000000031761760e-02 2.391926598631138745e+01
1.100000000003171913e-01 2.424843709065584463e+01
1.300000000003167511e-01 2.460811742808120073e+01
1.500000000003163247e-01 2.483583432008730441e+01
1.700000000003158984e-01 2.535877747950219430e+01
1.900000000003154721e-01 2.590093084462951012e+01
2.100000000003150458e-01 2.583309062550750568e+01
2.300000000003146194e-01 2.706492613720929441e+01
2.500000000003141931e-01 2.718606568675898316e+01
2.700000000003137668e-01 2.816092129245032183e+01
2.900000000003133405e-01 2.874217327909475728e+01
3.100000000003129141e-01 2.900626899077188980e+01
3.300000000003124878e-01 2.925309169684422628e+01
3.500000000003120615e-01 3.014784649259088312e+01
3.700000000003116352e-01 3.014901020137779142e+01
3.900000000003112088e-01 3.069191508415688219e+01
4.100000000003107825e-01 3.149658079755793594e+01
4.300000000003103562e-01 3.201410542520024194e+01
4.500000000003099299e-01 3.236567401144049683e+01
4.700000000003095035e-01 3.284683996255542127e+01
4.900000000003090772e-01 3.360144289714144605e+01
5.100000000003086509e-01 3.448709725134091997e+01
5.300000000003082246e-01 3.466156391838185158e+01
5.500000000003077982e-01 3.508427819702073691e+01
5.700000000003073719e-01 3.645053819272488482e+01
5.900000000003069456e-01 3.676087384124154056e+01
6.100000000003065193e-01 3.711466173205443653e+01
6.300000000003060929e-01 3.775070520910276883e+01
6.500000000003056666e-01 3.907105416307003765e+01
6.700000000003052403e-01 3.895376155798817308e+01
6.900000000003048140e-01 3.978531038827316735e+01
7.100000000003043876e-01 3.997595810956240570e+01
7.300000000003039613e-01 4.095845464573240235e+01
7.500000000003035350e-01 4.135408204371388763e+01
7.700000000003031086e-01 4.269812624980655613e+01
7.900000000003026823e-01 4.251315012800662174e+01
8.100000000003022560e-01 4.254798821277354648e+01
8.300000000003018297e-01 4.435318372354600314e+01
8.500000000003014033e-01 4.370060208868010676e+01
8.700000000003009770e-01 4.429150676896561123e+01
8.900000000003005507e-01 4.443625678300693949e+01
9.100000000003001244e-01 4.481291988038186958e+01
9.300000000002996980e-01 4.544703333667799683e+01
9.500000000002992717e-01 4.571518733803330292e+01
9.700000000002988454e-01 4.659914579798073220e+01
9.900000000002984191e-01 4.630764989112162056e+01
1.010000000000297993e+00 4.764173655075253322e+01
1.030000000000297566e+00 4.747591478807513710e+01
1.050000000000297140e+00 4.776436186633429060e+01
1.070000000000296714e+00 4.843134920018474787e+01
1.090000000000296287e+00 4.909784543173608284e+01
1.110000000000295861e+00 4.907587704793176897e+01
1.130000000000295435e+00 4.941734029827803454e+01
1.150000000000295008e+00 4.933587031758032992e+01
1.170000000000294582e+00 5.049563540870273926e+01
1.190000000000294156e+00 5.078515467954339613e+01
1.210000000000293729e+00 4.956177440135910217e+01
1.230000000000293303e+00 5.125040578533270974e+01
1.250000000000292877e+00 5.190711001268144287e+01
1.270000000000292451e+00 5.101897341325959445e+01
1.290000000000292024e+00 5.147923521331265562e+01
1.310000000000291598e+00 5.179138835228235394e+01
1.330000000000291172e+00 5.292833710135064251e+01
1.350000000000290745e+00 5.302509770879908046e+01
1.370000000000290319e+00 5.206693512368491383e+01
1.390000000000289893e+00 5.281320515443518815e+01
1.410000000000289466e+00 5.342214617361010909e+01
1.430000000000289040e+00 5.341147784404436294e+01
1.450000000000288614e+00 5.335356670819219005e+01
1.470000000000288187e+00 5.335260598054536274e+01
1.490000000000287761e+00 5.375988064898807295e+01
1.510000000000287335e+00 5.426918468716785782e+01
1.530000000000286908e+00 5.481256626602259985e+01
1.550000000000286482e+00 5.344515421837044755e+01
1.570000000000286056e+00 5.442157974442826429e+01
1.590000000000285629e+00 5.444136843122465308e+01
1.610000000000285203e+00 5.487830901663063798e+01
1.630000000000284777e+00 5.616749029197083587e+01
1.650000000000284350e+00 5.404982001280625070e+01
1.670000000000283924e+00 5.587740493909975470e+01
1.690000000000283498e+00 5.459939762551537257e+01
1.710000000000283071e+00 5.484695758276863842e+01
1.730000000000282645e+00 5.495386649247586774e+01
1.750000000000282219e+00 5.591581904182699958e+01
1.770000000000281792e+00 5.433628118131660045e+01
1.790000000000281366e+00 5.606491965652122644e+01
1.810000000000280940e+00 5.514517159626333864e+01
1.830000000000280513e+00 5.531078411986164411e+01
1.850000000000280087e+00 5.550591046684323260e+01
1.870000000000279661e+00 5.493225017638254570e+01
1.890000000000279234e+00 5.498038533821347329e+01
1.910000000000278808e+00 5.391246969877618511e+01
1.930000000000278382e+00 5.514642047966393790e+01
1.950000000000277955e+00 5.460318278008352877e+01
1.970000000000277529e+00 5.444593531559642940e+01
1.990000000000277103e+00 5.398537964995688299e+01
2.010000000000276899e+00 5.340019767363164505e+01
2.030000000000276472e+00 5.370205768717011097e+01
2.050000000000276046e+00 5.397557661491435255e+01
2.070000000000275620e+00 5.359041041240045189e+01
2.090000000000275193e+00 5.297305542976009463e+01
2.110000000000274767e+00 5.275941921454422356e+01
2.130000000000274341e+00 5.398093782560250986e+01
2.150000000000273914e+00 5.211819896198932156e+01
2.170000000000273488e+00 5.261835972500546887e+01
2.190000000000273062e+00 5.273008667012484096e+01
2.210000000000272635e+00 5.224372280966935023e+01
2.230000000000272209e+00 5.226621696241623738e+01
2.250000000000271783e+00 5.163391245894332826e+01
2.270000000000271356e+00 5.124359077247601135e+01
2.290000000000270930e+00 5.156667255526569704e+01
2.310000000000270504e+00 5.097049208862001990e+01
2.330000000000270077e+00 5.074125195770098173e+01
2.350000000000269651e+00 5.084918512953087344e+01
2.370000000000269225e+00 5.101189368457959716e+01
2.390000000000268798e+00 5.051978928277660685e+01
2.410000000000268372e+00 5.080482604737977681e+01
2.430000000000267946e+00 4.936582816201019597e+01
2.450000000000267519e+00 4.975403280092888991e+01
2.470000000000267093e+00 4.879928038405012103e+01
2.490000000000266667e+00 4.945834828233181923e+01
2.510000000000266240e+00 4.878017916264885656e+01
2.530000000000265814e+00 4.894332785081247295e+01
2.550000000000265388e+00 4.808335892450718774e+01
2.570000000000264961e+00 4.826943283966894427e+01
2.590000000000264535e+00 4.728753440236930317e+01
2.610000000000264109e+00 4.800839459956613808e+01
2.630000000000263682e+00 4.658214320733349467e+01
2.650000000000263256e+00 4.713031504276855799e+01
2.670000000000262830e+00 4.678467553515447719e+01
2.690000000000262403e+00 4.562347882736898441e+01
2.710000000000261977e+00 4.601859268112667678e+01
2.730000000000261551e+00 4.606299219960673241e+01
2.750000000000261124e+00 4.544360849373261146e+01
2.770000000000260698e+00 4.471095130226965608e+01
2.790000000000260272e+00 4.535458405495105438e+01
2.810000000000259845e+00 4.470731559355193951e+01
2.830000000000259419e+00 4.459597154576142941e+01
2.850000000000258993e+00 4.393190139660696758e+01
2.870000000000258567e+00 4.392452512701503053e+01
2.890000000000258140e+00 4.353974469748849430e+01
2.910000000000257714e+00 4.315660951598241013e+01
2.930000000000257288e+00 4.311659075669091834e+01
2.950000000000256861e+00 4.245006503304453815e+01
2.970000000000256435e+00 4.238880714478812450e+01
2.990000000000256009e+00 4.229689266943746873e+01
3.010000000000255582e+00 4.161473531135938941e+01
3.030000000000255156e+00 4.115623548089315165e+01
3.050000000000254730e+00 4.178943018378143393e+01
3.070000000000254303e+00 4.122555821410049504e+01
3.090000000000253877e+00 4.049805696734973282e+01
3.110000000000253451e+00 4.093381012507257566e+01
3.130000000000253024e+00 3.991978058211392977e+01
3.150000000000252598e+00 4.036820196103823832e+01
3.170000000000252172e+00 3.950219179758859411e+01
3.190000000000251745e+00 3.982417318447738808e+01
3.210000000000251319e+00 3.936299732881869318e+01
3.230000000000250893e+00 3.888812944642342728e+01
3.250000000000250466e+00 3.882498650728187783e+01
3.270000000000250040e+00 3.820488765969790990e+01
3.290000000000249614e+00 3.815429226884268132e+01
3.310000000000249187e+00 3.784559168445551336e+01
3.330000000000248761e+00 3.781312933189641257e+01
3.350000000000248335e+00 3.756443268748915898e+01
3.370000000000247908e+00 3.693712961537485739e+01
3.390000000000247482e+00 3.672835269155410032e+01
3.410000000000247056e+00 3.665288816769820812e+01
3.430000000000246629e+00 3.653982481576777985e+01
3.450000000000246203e+00 3.597372711032291193e+01
3.470000000000245777e+00 3.560490120850372620e+01
3.490000000000245350e+00 3.578982714327869985e+01
3.510000000000244924e+00 3.521965916781178407e+01
3.530000000000244498e+00 3.510464302391203972e+01
3.550000000000244071e+00 3.460982989844965374e+01
3.570000000000243645e+00 3.471799286983464583e+01
3.590000000000243219e+00 3.403920471795546376e+01
3.610000000000242792e+00 3.366796345005249691e+01
3.630000000000242366e+00 3.420066389039023846e+01
3.650000000000241940e+00 3.351523668617634399e+01
3.670000000000241513e+00 3.322516150928315426e+01
3.690000000000241087e+00 3.235520882489960570e+01
3.710000000000240661e+00 3.296041317145828486e+01
3.730000000000240234e+00 3.246591933711948741e+01
3.750000000000239808e+00 3.243874490218323103e+01
3.770000000000239382e+00 3.160908999865046809e+01
3.790000000000238956e+00 3.184628957519787562e+01
3.810000000000238529e+00 3.173920400198174718e+01
3.830000000000238103e+00 3.097030416973803923e+01
3.850000000000237677e+00 3.083030332685084218e+01
3.870000000000237250e+00 3.047489317097683070e+01
3.890000000000236824e+00 3.060106709095948929e+01
3.910000000000236398e+00 3.041417962852009182e+01
3.930000000000235971e+00 2.999786271572935803e+01
3.950000000000235545e+00 2.987911353070345655e+01
3.970000000000235119e+00 2.949700762857921532e+01
3.990000000000234692e+00 2.927627775212560124e+01
4.010000000000234266e+00 2.883050951456221966e+01
4.030000000000233840e+00 2.897396771812684335e+01
4.050000000000233413e+00 2.858178075755374081e+01
4.070000000000232987e+00 2.839827992574484838e+01
4.090000000000232561e+00 2.829090395484669429e+01
4.110000000000232134e+00 2.815152351624586302e+01
4.130000000000231708e+00 2.762233518700420021e+01
4.150000000000231282e+00 2.802774976701969933e+01
4.170000000000230855e+00 2.740752716635090280e+01
4.190000000000230429e+00 2.709802047841333206e+01
4.210000000000230003e+00 2.680626256764742621e+01
4.230000000000229576e+00 2.649283979322165195e+01
4.250000000000229150e+00 2.676968275712714274e+01
4.270000000000228724e+00 2.627351892213391338e+01
4.290000000000228297e+00 2.609926166185453056e+01
4.310000000000227871e+00 2.593272555207292029e+01
4.330000000000227445e+00 2.564367057837644737e+01
4.350000000000227018e+00 2.573466740416070309e+01
4.370000000000226592e+00 2.519269110892334496e+01
4.390000000000226166e+00 2.518289459772261552e+01
4.410000000000225739e+00 2.492313308053748599e+01
4.430000000000225313e+00 2.475063925197110137e+01
4.450000000000224887e+00 2.448553777422306865e+01
4.470000000000224460e+00 2.415879079909649718e+01
4.490000000000224034e+00 2.432088573230270256e+01
4.510000000000223608e+00 2.419380952201199975e+01
4.530000000000223181e+00 2.380370486702696198e+01
4.550000000000222755e+00 2.362955433472144406e+01
4.570000000000222329e+00 2.339589397683378635e+01
4.590000000000221902e+00 2.311673169944110029e+01
4.610000000000221476e+00 2.332707858654567090e+01
4.630000000000221050e+00 2.315232064096796094e+01
4.650000000000220624e+00 2.284703196500151634e+01
4.670000000000220197e+00 2.233664346743643492e+01
4.690000000000219771e+00 2.240605875612919462e+01
4.710000000000219345e+00 2.229602501756768618e+01
4.730000000000218918e+00 2.215686357003342266e+01
4.750000000000218492e+00 2.180881441511148822e+01
4.770000000000218066e+00 2.173915949070266862e+01
4.790000000000217639e+00 2.172509477333029437e+01
4.810000000000217213e+00 2.124160211694363909e+01
4.830000000000216787e+00 2.106320071806445071e+01
4.850000000000216360e+00 2.113588337085100832e+01
4.870000000000215934e+00 2.108006244873423540e+01
4.890000000000215508e+00 2.093743289793613371e+01
4.910000000000215081e+00 2.103150402248254736e+01
4.930000000000214655e+00 2.042999538199851983e+01
4.950000000000214229e+00 2.030561547675302947e+01
4.970000000000213802e+00 1.995314337526372128e+01
4.990000000000213376e+00 1.991929355609993380e+01
5.010000000000212950e+00 1.989283853011678005e+01
5.030000000000212523e+00 2.009422916726067854e+01
5.050000000000212097e+00 1.988978718835416259e+01
5.070000000000211671e+00 1.937273259918102042e+01
5.090000000000211244e+00 1.957214922923604661e+01
5.110000000000210818e+00 1.926834334455561404e+01
5.130000000000210392e+00 1.889864064055136694e+01
5.150000000000209965e+00 1.884736048201514791e+01
5.170000000000209539e+00 1.851571041775702042e+01
5.190000000000209113e+00 1.906181135984655128e+01
5.210000000000208686e+00 1.878108384838757772e+01
5.230000000000208260e+00 1.860518536686729263e+01
5.250000000000207834e+00 1.823736374301294205e+01
5.270000000000207407e+00 1.811804575850636922e+01
5.290000000000206981e+00 1.805925594862665662e+01
5.310000000000206555e+00 1.800496870219155809e+01
5.330000000000206128e+00 1.795939506991349432e+01
5.350000000000205702e+00 1.764374496556300898e+01
5.370000000000205276e+00 1.732173639617767336e+01
5.390000000000204849e+00 1.737815226557293613e+01
5.410000000000204423e+00 1.735186047136351917e+01
5.430000000000203997e+00 1.725269249619679712e+01
5.450000000000203570e+00 1.703349270222093992e+01
5.470000000000203144e+00 1.673500752423554516e+01
5.490000000000202718e+00 1.695440693137155819e+01
5.510000000000202292e+00 1.647493326542830516e+01
5.530000000000201865e+00 1.654753481554560679e+01
5.550000000000201439e+00 1.644746930478386560e+01
5.570000000000201013e+00 1.622027811471813763e+01
5.590000000000200586e+00 1.602734584200547019e+01
5.610000000000200160e+00 1.598384457417260229e+01
5.630000000000199734e+00 1.600434976737494708e+01
5.650000000000199307e+00 1.547951692270851254e+01
5.670000000000198881e+00 1.565396573435609895e+01
5.690000000000198455e+00 1.529862467685620508e+01
5.710000000000198028e+00 1.520314420893911311e+01
5.730000000000197602e+00 1.551423066048894128e+01
5.750000000000197176e+00 1.486673323087950571e+01
5.770000000000196749e+00 1.484590265360488814e+01
5.790000000000196323e+00 1.478548146320837553e+01
5.810000000000195897e+00 1.455111336430760716e+01
5.830000000000195470e+00 1.428843961418659525e+01
5.850000000000195044e+00 1.455040388496840720e+01
5.870000000000194618e+00 1.413582010526018351e+01
5.890000000000194191e+00 1.400750196653341106e+01
5.910000000000193765e+00 1.391734238741173257e+01
5.930000000000193339e+00 1.387589405988312485e+01
5.950000000000192912e+00 1.363324338043154249e+01
5.970000000000192486e+00 1.376970527271999423e+01
5.990000000000192060e+00 1.329577379213493238e+01
6.010000000000191633e+00 1.343688909808560084e+01
6.030000000000191207e+00 1.310512801208350631e+01
6.050000000000190781e+00 1.322193721486548768e+01
6.070000000000190354e+00 1.272014501754937932e+01
6.090000000000189928e+00 1.275202375478018624e+01
6.110000000000189502e+00 1.291421134908532409e+01
6.130000000000189075e+00 1.236375847140889128e+01
6.150000000000188649e+00 1.236064950551883790e+01
6.170000000000188223e+00 1.242612706268301004e+01
6.190000000000187796e+00 1.201890016701435115e+01
6.210000000000187370e+00 1.227926913311002899e+01
6.230000000000186944e+00 1.188037774522134526e+01
6.250000000000186517e+00 1.171457351046573336e+01
6.270000000000186091e+00 1.173478007535283041e+01
6.290000000000185665e+00 1.157651328065462870e+01
6.310000000000185238e+00 1.135153779845388655e+01
6.330000000000184812e+00 1.132043188681515566e+01
6.350000000000184386e+00 1.116206714221305241e+01
6.370000000000183960e+00 1.103378731556196080e+01
6.390000000000183533e+00 1.104046459451593876e+01
6.410000000000183107e+00 1.076035851995605519e+01
6.430000000000182681e+00 1.069782031130272237e+01
6.450000000000182254e+00 1.066112650817630225e+01
6.470000000000181828e+00 1.046178674357365423e+01
6.490000000000181402e+00 1.035582697179977352e+01
6.510000000000180975e+00 1.035674095109374981e+01
6.530000000000180549e+00 1.005736467066071249e+01
6.550000000000180123e+00 1.031894559803111200e+01
6.570000000000179696e+00 1.002555972921920358e+01
6.590000000000179270e+00 9.782483149810699885e+00
6.610000000000178844e+00 9.741430503627336535e+00
6.630000000000178417e+00 9.536226033468434338e+00
6.650000000000177991e+00 9.570923382054905559e+00
6.670000000000177565e+00 9.496652321782136141e+00
6.690000000000177138e+00 9.378134675749409510e+00
6.710000000000176712e+00 9.076707426512337307e+00
6.730000000000176286e+00 9.305685546520200191e+00
6.750000000000175859e+00 9.158950204479612722e+00
6.770000000000175433e+00 8.923777082816780393e+00
6.790000000000175007e+00 8.808356852594943831e+00
6.810000000000174580e+00 8.772261254034317446e+00
6.830000000000174154e+00 8.804672596776464744e+00
6.850000000000173728e+00 8.514969211823910200e+00
6.870000000000173301e+00 8.426283693238449501e+00
6.890000000000172875e+00 8.380866684612410467e+00
6.910000000000172449e+00 8.395399003321646347e+00
6.930000000000172022e+00 8.299872000209456147e+00
6.950000000000171596e+00 8.215662495060238157e+00
6.970000000000171170e+00 8.123922705011979772e+00
6.990000000000170743e+00 7.892600006334279605e+00
7.010000000000170317e+00 7.887428259385073304e+00
7.030000000000169891e+00 7.893683865039911041e+00
7.050000000000169464e+00 7.672214714284532278e+00
7.070000000000169038e+00 7.786478659714327399e+00
7.090000000000168612e+00 7.629712842333183254e+00
7.110000000000168185e+00 7.495885773630873494e+00
7.130000000000167759e+00 7.390991299995514296e+00
7.150000000000167333e+00 7.376344363683841721e+00
7.170000000000166906e+00 7.353897263886388203e+00
7.190000000000166480e+00 7.272351082469096006e+00
7.210000000000166054e+00 7.274809699947624608e+00
7.230000000000165628e+00 7.201935609591565424e+00
7.250000000000165201e+00 6.961748497455638507e+00
7.270000000000164775e+00 7.119705104105960025e+00
7.290000000000164349e+00 7.036296307251095783e+00
7.310000000000163922e+00 6.824712264274839235e+00
7.330000000000163496e+00 6.890572969851177731e+00
7.350000000000163070e+00 6.859687743069295074e+00
7.370000000000162643e+00 6.692348818504120445e+00
7.390000000000162217e+00 6.711332363148253322e+00
7.410000000000161791e+00 6.659917068616413083e+00
7.430000000000161364e+00 6.547151895018652468e+00
7.450000000000160938e+00 6.539228103538995640e+00
7.470000000000160512e+00 6.480954446310159156e+00
7.490000000000160085e+00 6.456286632143430460e+00
7.510000000000159659e+00 6.440709701453607217e+00
7.530000000000159233e+00 6.330658850540161531e+00
7.550000000000158806e+00 6.376505872419895304e+00
7.570000000000158380e+00 6.257713607195807271e+00
7.590000000000157954e+00 6.277785662027722147e+00
7.610000000000157527e+00 6.261895279489058552e+00
7.630000000000157101e+00 6.155466649679968150e+00
7.650000000000156675e+00 6.218270073684272425e+00
7.670000000000156248e+00 5.994801844505563970e+00
7.690000000000155822e+00 6.076914442461602839e+00
7.710000000000155396e+00 6.001941710958538678e+00
7.730000000000154969e+00 5.994058545178376995e+00
7.750000000000154543e+00 5.860380020106833676e+00
7.770000000000154117e+00 5.994005578605161588e+00
7.790000000000153690e+00 5.835127617707147607e+00
7.810000000000153264e+00 5.852083664351558134e+00
7.830000000000152838e+00 5.808548798670813973e+00
7.850000000000152411e+00 5.847582711375951980e+00
7.870000000000151985e+00 5.753308901252460750e+00
7.890000000000151559e+00 5.797154314230205330e+00
7.910000000000151132e+00 5.789331048430757853e+00
7.930000000000150706e+00 5.670756959531917829e+00
7.950000000000150280e+00 5.592480027794112907e+00
7.970000000000149853e+00 5.746956767617734663e+00
7.990000000000149427e+00 5.591370192624840030e+00
8.010000000000149001e+00 5.565927983996554751e+00
8.030000000000148574e+00 5.609800066823014575e+00
8.050000000000148148e+00 5.597287511632893064e+00
8.070000000000147722e+00 5.549712758117617994e+00
8.090000000000147296e+00 5.488167047191138792e+00
8.110000000000146869e+00 5.497091225160822603e+00
8.130000000000146443e+00 5.411353535106600887e+00
8.150000000000146017e+00 5.419976481455643480e+00
8.170000000000145590e+00 5.417188511158351538e+00
8.190000000000145164e+00 5.385711444057256436e+00
8.210000000000144738e+00 5.413639087249274340e+00
8.230000000000144311e+00 5.377602002594702668e+00
8.250000000000143885e+00 5.436347278543139261e+00
8.270000000000143459e+00 5.266578453214020072e+00
8.290000000000143032e+00 5.307504762280172095e+00
8.310000000000142606e+00 5.228696329485211791e+00
8.330000000000142180e+00 5.208316414786069437e+00
8.350000000000141753e+00 5.297816330663615680e+00
8.370000000000141327e+00 5.220737548266395578e+00
8.390000000000140901e+00 5.215852196382216199e+00
8.410000000000140474e+00 5.181887130589552193e+00
8.430000000000140048e+00 5.095019310158992454e+00
8.450000000000139622e+00 5.099554701736813023e+00
8.470000000000139195e+00 5.119191569533755093e+00
8.490000000000138769e+00 5.119096538470772728e+00
8.510000000000138343e+00 5.058647085889366402e+00
8.530000000000137916e+00 5.051877437134507431e+00
8.550000000000137490e+00 5.087760701688730514e+00
8.570000000000137064e+00 5.156681803018305033e+00
8.590000000000136637e+00 5.038372169506924791e+00
8.610000000000136211e+00 4.982665162044384033e+00
8.630000000000135785e+00 4.987333486540626915e+00
8.650000000000135358e+00 4.983781799814572366e+00
8.670000000000134932e+00 4.984428528170122163e+00
8.690000000000134506e+00 4.911806429236470706e+00
8.710000000000134079e+00 4.924297439541646781e+00
8.730000000000133653e+00 4.927772616614282342e+00
8.750000000000133227e+00 4.923998235918726429e+00
8.770000000000132800e+00 4.861584315402319945e+00
8.790000000000132374e+00 4.844053671079026735e+00
8.810000000000131948e+00 4.861286525729552110e+00
8.830000000000131521e+00 4.931276163848781202e+00
8.850000000000131095e+00 4.927432711156282785e+00
8.870000000000130669e+00 4.782138372096726542e+00
8.890000000000130242e+00 4.853361602701243172e+00
8.910000000000129816e+00 4.841864503730137770e+00
8.930000000000129390e+00 4.828095610554710149e+00
8.950000000000128964e+00 4.771933240154560885e+00
8.970000000000128537e+00 4.820416334791625346e+00
8.990000000000128111e+00 4.765244966973346763e+00
9.010000000000127685e+00 4.776741033477514442e+00
9.030000000000127258e+00 4.769966312604990044e+00
9.050000000000126832e+00 4.700820418682441826e+00
9.070000000000126406e+00 4.765381816094786060e+00
9.090000000000125979e+00 4.757391963306267790e+00
9.110000000000125553e+00 4.721502972890093019e+00
9.130000000000125127e+00 4.685256058277198044e+00
9.150000000000124700e+00 4.676819306086085426e+00
9.170000000000124274e+00 4.759358996906349226e+00
9.190000000000123848e+00 4.692255297364255284e+00
9.210000000000123421e+00 4.682331971617122335e+00
9.230000000000122995e+00 4.676758823216383476e+00
9.250000000000122569e+00 4.683907387975304815e+00
9.270000000000122142e+00 4.639510972335456174e+00
9.290000000000121716e+00 4.569200918131508971e+00
9.310000000000121290e+00 4.624016834966808709e+00
9.330000000000120863e+00 4.633168065179928519e+00
9.350000000000120437e+00 4.620363958774469815e+00
9.370000000000120011e+00 4.597075929306988940e+00
9.390000000000119584e+00 4.656318790528905183e+00
9.410000000000119158e+00 4.558564950155209239e+00
9.430000000000118732e+00 4.629458657946132760e+00
9.450000000000118305e+00 4.608071230427085219e+00
9.470000000000117879e+00 4.577516116492499343e+00
9.490000000000117453e+00 4.540780061518654875e+00
9.510000000000117026e+00 4.544267348292964748e+00
9.530000000000116600e+00 4.576572170895221170e+00
9.550000000000116174e+00 4.590248255448808656e+00
9.570000000000115747e+00 4.567497590129247165e+00
9.590000000000115321e+00 4.549787169820369570e+00
9.610000000000114895e+00 4.452095059570247315e+00
9.630000000000114468e+00 4.549990100485948652e+00
9.650000000000114042e+00 4.496497339755813449e+00
9.670000000000113616e+00 4.536114177990236307e+00
9.690000000000113189e+00 4.472908911190200953e+00
9.710000000000112763e+00 4.464103843269469074e+00
9.730000000000112337e+00 4.514065153651218409e+00
9.750000000000111910e+00 4.473806533847919376e+00
9.770000000000111484e+00 4.433348022056132542e+00
9.790000000000111058e+00 4.476808502314971960e+00
9.810000000000110632e+00 4.431084405552822680e+00
9.830000000000110205e+00 4.407753037126343365e+00
9.850000000000109779e+00 4.423942281013629518e+00
9.870000000000109353e+00 4.396443188181646811e+00
9.890000000000108926e+00 4.475631406704692949e+00
9.910000000000108500e+00 4.365036556290336378e+00
9.930000000000108074e+00 4.375103882702699565e+00
9.950000000000107647e+00 4.387895301847906104e+00
9.970000000000107221e+00 4.421115471115546924e+00
9.990000000000106795e+00 4.369585050688843175e+00
1.001000000000010637e+01 4.436347974024662300e+00
1.003000000000010594e+01 4.300339774402253568e+00
1.005000000000010552e+01 4.321217199791781205e+00
1.007000000000010509e+01 4.352189426322322419e+00
1.009000000000010466e+01 4.325216731268003656e+00
1.011000000000010424e+01 4.325008180212861930e+00
1.013000000000010381e+01 4.296588944457565340e+00
1.015000000000010338e+01 4.264823230839848378e+00
1.017000000000010296e+01 4.255386348940623620e+00
1.019000000000010253e+01 4.277681278158955713e+00
1.021000000000010210e+01 4.255408956177581636e+00
1.023000000000010168e+01 4.261434222303615904e+00
1.025000000000010125e+01 4.177386081633669868e+00
1.027000000000010083e+01 4.255932328647243246e+00
1.029000000000010040e+01 4.199475748324595692e+00
1.031000000000009997e+01 4.212782357655429522e+00
1.033000000000009955e+01 4.204270386243829094e+00
1.035000000000009912e+01 4.167661252922124859e+00
1.037000000000009869e+01 4.172674712755204851e+00
1.039000000000009827e+01 4.182855873815749526e+00
1.041000000000009784e+01 4.140595968265905036e+00
1.043000000000009742e+01 4.170187672751076491e+00
1.045000000000009699e+01 4.144133585403803721e+00
1.047000000000009656e+01 4.142126513341296778e+00
1.049000000000009614e+01 4.101883643362016052e+00
1.051000000000009571e+01 4.089043323277496533e+00
1.053000000000009528e+01 4.096506758509771196e+00
1.055000000000009486e+01 4.069383082913683225e+00
1.057000000000009443e+01 4.058202077369484684e+00
1.059000000000009400e+01 4.106172932161239686e+00
1.061000000000009358e+01 3.977620594582458313e+00
1.063000000000009315e+01 3.993775170915518480e+00
1.065000000000009273e+01 4.037692399643336039e+00
1.067000000000009230e+01 4.016355778689209011e+00
1.069000000000009187e+01 3.958713283288223472e+00
1.071000000000009145e+01 4.027178376792711845e+00
1.073000000000009102e+01 3.944824506073039583e+00
1.075000000000009059e+01 3.945569626831706866e+00
1.077000000000009017e+01 3.941258969026330661e+00
1.079000000000008974e+01 3.907594079302503243e+00
1.081000000000008932e+01 3.928509554328092790e+00
1.083000000000008889e+01 3.910091582399839893e+00
1.085000000000008846e+01 3.931415790166694180e+00
1.087000000000008804e+01 3.823746323747205800e+00
1.089000000000008761e+01 3.884488828490330725e+00
1.091000000000008718e+01 3.909924214275389165e+00
1.093000000000008676e+01 3.842798835618027820e+00
1.095000000000008633e+01 3.796287001614755408e+00
1.097000000000008590e+01 3.825754223034168344e+00
1.099000000000008548e+01 3.837097711678880696e+00
1.101000000000008505e+01 3.750292419708343594e+00
1.103000000000008463e+01 3.825753210860267206e+00
1.105000000000008420e+01 3.759418701967189413e+00
1.107000000000008377e+01 3.756964021894682038e+00
1.109000000000008335e+01 3.742246111663459551e+00
1.111000000000008292e+01 3.709955917530013636e+00
1.113000000000008249e+01 3.698550334290974018e+00
1.115000000000008207e+01 3.734067292067099419e+00
1.117000000000008164e+01 3.683020280274192260e+00
1.119000000000008122e+01 3.669019239556903678e+00
1.121000000000008079e+01 3.648315686090174648e+00
1.123000000000008036e+01 3.676672084424238207e+00
1.125000000000007994e+01 3.621274449979027477e+00
1.127000000000007951e+01 3.656323351790823128e+00
1.129000000000007908e+01 3.606677311245074957e+00
1.131000000000007866e+01 3.550280119020784220e+00
1.133000000000007823e+01 3.612367472123016565e+00
1.135000000000007780e+01 3.527465259331131975e+00
1.137000000000007738e+01 3.553080441042030913e+00
1.139000000000007695e+01 3.573955114075078932e+00
1.141000000000007653e+01 3.523747784947878881e+00
1.143000000000007610e+01 3.526195558380027073e+00
1.145000000000007567e+01 3.431130891151578322e+00
1.147000000000007525e+01 3.480469851525994862e+00
1.149000000000007482e+01 3.451455104472560098e+00
1.151000000000007439e+01 3.485102513736606511e+00
1.153000000000007397e+01 3.362281997354177321e+00
1.155000000000007354e+01 3.405519789114047846e+00
1.157000000000007311e+01 3.378896169561016460e+00
1.159000000000007269e+01 3.386522808567980825e+00
1.161000000000007226e+01 3.369149970338705113e+00
1.163000000000007184e+01 3.307892382448719637e+00
1.165000000000007141e+01 3.329974940801235128e+00
1.167000000000007098e+01 3.278213212399972321e+00
1.169000000000007056e+01 3.283059416102452222e+00
1.171000000000007013e+01 3.288286415776964233e+00
1.173000000000006970e+01 3.326571115335124951e+00
1.175000000000006928e+01 3.152003978233950843e+00
1.177000000000006885e+01 3.236162365244817707e+00
1.179000000000006843e+01 3.265283032648470307e+00
1.181000000000006800e+01 3.174712618418999099e+00
1.183000000000006757e+01 3.167588907059289305e+00
1.185000000000006715e+01 3.154042386393501207e+00
1.187000000000006672e+01 3.126476678899885453e+00
1.189000000000006629e+01 3.099791894177786666e+00
1.191000000000006587e+01 3.092395881291086557e+00
1.193000000000006544e+01 3.121183294767651439e+00
1.195000000000006501e+01 3.109980803112762260e+00
1.197000000000006459e+01 3.037245764736050013e+00
1.199000000000006416e+01 3.016216254057722423e+00
1.201000000000006374e+01 2.970470168986085735e+00
1.203000000000006331e+01 2.989543369125879479e+00
1.205000000000006288e+01 2.941513791424922530e+00
1.207000000000006246e+01 2.993274051438774119e+00
1.209000000000006203e+01 2.903307463298805402e+00
1.211000000000006160e+01 2.945210021353287022e+00
1.213000000000006118e+01 2.901624337032309597e+00
1.215000000000006075e+01 2.917000425904913818e+00
1.217000000000006033e+01 2.856627991165519020e+00
1.219000000000005990e+01 2.851370003468622460e+00
1.221000000000005947e+01 2.838752835361830318e+00
1.223000000000005905e+01 2.834506919587456153e+00
1.225000000000005862e+01 2.819437186684370378e+00
1.227000000000005819e+01 2.729907605068503607e+00
1.229000000000005777e+01 2.781025432329689462e+00
1.231000000000005734e+01 2.700873797597588499e+00
1.233000000000005691e+01 2.749036561982127314e+00
1.235000000000005649e+01 2.695594662741376712e+00
1.237000000000005606e+01 2.650017711475280979e+00
1.239000000000005564e+01 2.644436176985920373e+00
1.241000000000005521e+01 2.673754351318436306e+00
1.243000000000005478e+01 2.577124176169748093e+00
1.245000000000005436e+01 2.583783676950974773e+00
1.247000000000005393e+01 2.594379720923980503e+00
1.249000000000005350e+01 2.565686916633986847e+00
1.251000000000005308e+01 2.462684772265134381e+00
1.253000000000005265e+01 2.537376696063692982e+00
1.255000000000005222e+01 2.561797446564152203e+00
1.257000000000005180e+01 2.459647132579077855e+00
1.259000000000005137e+01 2.466229134915621568e+00
1.261000000000005095e+01 2.397118834390696840e+00
1.263000000000005052e+01 2.430705964242847461e+00
1.265000000000005009e+01 2.417837735527756937e+00
1.267000000000004967e+01 2.362259682466664401e+00
1.269000000000004924e+01 2.304311348615817767e+00
1.271000000000004881e+01 2.277291379943517935e+00
1.273000000000004839e+01 2.324331709789347222e+00
1.275000000000004796e+01 2.258683630803568931e+00
1.277000000000004754e+01 2.221230256251430113e+00
1.279000000000004711e+01 2.277673060079967282e+00
1.281000000000004668e+01 2.188668918863843071e+00
1.283000000000004626e+01 2.157207200678312287e+00
1.285000000000004583e+01 2.170145799343399240e+00
1.287000000000004540e+01 2.190962917852728786e+00
1.289000000000004498e+01 2.127268939196621300e+00
1.291000000000004455e+01 2.107263807559636160e+00
1.293000000000004412e+01 2.063687356934021722e+00
1.295000000000004370e+01 2.044968573332579975e+00
1.297000000000004327e+01 2.035768761736428623e+00
1.299000000000004285e+01 2.035806211469959326e+00
1.301000000000004242e+01 1.962777101231427013e+00
1.303000000000004199e+01 1.939526647312970864e+00
1.305000000000004157e+01 1.912443520931057961e+00
1.307000000000004114e+01 1.898890326866751854e+00
1.309000000000004071e+01 1.933152682236320974e+00
1.311000000000004029e+01 1.829688897234842404e+00
1.313000000000003986e+01 1.806916038588517237e+00
1.315000000000003944e+01 1.735440603733833242e+00
1.317000000000003901e+01 1.735090090227549675e+00
1.319000000000003858e+01 1.760523911120672746e+00
1.321000000000003816e+01 1.670031869249243517e+00
1.323000000000003773e+01 1.641507644369758268e+00
1.325000000000003730e+01 1.646395139265429464e+00
1.327000000000003688e+01 1.572558881699535727e+00
1.329000000000003645e+01 1.567709634055087342e+00
1.331000000000003602e+01 1.550729735739948323e+00
1.333000000000003560e+01 1.505655082582102455e+00
1.335000000000003517e+01 1.460680662152662013e+00
1.337000000000003475e+01 1.459954768498986200e+00
1.339000000000003432e+01 1.389812850874293737e+00
1.341000000000003389e+01 1.377708078386414181e+00
1.343000000000003347e+01 1.348181864693812626e+00
1.345000000000003304e+01 1.322594462202896670e+00
1.347000000000003261e+01 1.308063789882434547e+00
1.349000000000003219e+01 1.254000474298994305e+00
1.351000000000003176e+01 1.247305055069894975e+00
1.353000000000003133e+01 1.215981084301547277e+00
1.355000000000003091e+01 1.149901010678621827e+00
1.357000000000003048e+01 1.154868487320764192e+00
1.359000000000003006e+01 1.100831204545931419e+00
1.361000000000002963e+01 1.079386433495164610e+00
1.363000000000002920e+01 1.023421472323052805e+00
1.365000000000002878e+01 1.003755691993186039e+00
1.367000000000002835e+01 9.809509748683321595e-01
1.369000000000002792e+01 9.550191977661437459e-01
1.371000000000002750e+01 9.203235312368355237e-01
1.373000000000002707e+01 9.230721045559123761e-01
1.375000000000002665e+01 8.962891549397724589e-01
1.377000000000002622e+01 8.285015251358734956e-01
1.379000000000002579e+01 8.136970273245787144e-01
1.381000000000002537e+01 7.682533432648243066e-01
1.383000000000002494e+01 7.629801331291882205e-01
1.385000000000002451e+01 7.523298465632769494e-01
1.387000000000002409e+01 6.878609922192531201e-01
1.389000000000002366e+01 6.575063724187621972e-01
1.391000000000002323e+01 6.236157518465632599e-01
1.393000000000002281e+01 6.231086627651157839e-01
1.395000000000002238e+01 5.722091291445253747e-01
1.397000000000002196e+01 5.609906786479280649e-01
1.399000000000002153e+01 4.926895628421747997e-01
1.401000000000002110e+01 5.210600422212492422e-01
1.403000000000002068e+01 4.470355312568853323e-01
1.405000000000002025e+01 4.286486793795758476e-01
1.407000000000001982e+01 3.879711135275284994e-01
1.409000000000001940e+01 3.128614078329636228e-01
1.411000000000001897e+01 3.265170973696653323e-01
1.413000000000001855e+01 2.887792062988002173e-01
1.415000000000001812e+01 2.670172312174469709e-01
1.417000000000001769e+01 2.519253661326262272e-01
1.419000000000001727e+01 2.407241731946626606e-01
1.421000000000001684e+01 2.363838553587399860e-01
1.423000000000001641e+01 2.152535689910787531e-01
1.425000000000001599e+01 1.991246523547871849e-01
1.427000000000001556e+01 1.874373310661532066e-01
1.429000000000001513e+01 1.678737252909414945e-01
1.431000000000001471e+01 1.758434370700593108e-01
1.433000000000001428e+01 1.584043119351234985e-01
1.435000000000001386e+01 1.692445896845903297e-01
1.437000000000001343e+01 1.520572175483186073e-01
1.439000000000001300e+01 1.460807424523603848e-01
1.441000000000001258e+01 1.342808936983918566e-01
1.443000000000001215e+01 1.336137080951477207e-01
1.445000000000001172e+01 1.275841886798451119e-01
1.447000000000001130e+01 1.326492603695435535e-01
1.449000000000001087e+01 1.294791580921374197e-01
1.451000000000001044e+01 1.315716939606001445e-01
1.453000000000001002e+01 1.170734074826944721e-01
1.455000000000000959e+01 1.138391160383225714e-01
1.457000000000000917e+01 1.023189599060347621e-01
1.459000000000000874e+01 7.728785387466000079e-02
1.461000000000000831e+01 4.140681241210392854e-02
1.463000000000000789e+01 1.660310746483755623e-02
1.465000000000000746e+01 5.532830080240981260e-03
1.467000000000000703e+01 2.764952557085864192e-03
1.469000000000000661e+01 8.283804217442464413e-11
1.471000000000000618e+01 7.172781839902555690e-11
1.473000000000000576e+01 0.000000000000000000e+00
1.475000000000000533e+01 0.000000000000000000e+00
1.477000000000000490e+01 0.000000000000000000e+00
1.479000000000000448e+01 0.000000000000000000e+00
1.481000000000000405e+01 0.000000000000000000e+00
1.483000000000000362e+01 0.000000000000000000e+00
1.485000000000000320e+01 0.000000000000000000e+00
1.487000000000000277e+01 0.000000000000000000e+00
1.489000000000000234e+01 0.000000000000000000e+00
1.491000000000000192e+01 0.000000000000000000e+00
1.493000000000000149e+01 0.000000000000000000e+00
1.495000000000000107e+01 0.000000000000000000e+00
1.497000000000000064e+01 0.000000000000000000e+00
1.499000000000000021e+01 0.000000000000000000e+00
