# Redshift		Merger Rate Density [Gpc^-3yr^-1]
1.000000000031931770e-02 1.320718972247587786e+01
3.000000000031888964e-02 1.346012046650113625e+01
5.000000000031846331e-02 1.372236566398717805e+01
7.000000000031804392e-02 1.364756014412543905e+01
9.000000000031761760e-02 1.387446757232026329e+01
1.100000000003171913e-01 1.399203854682501813e+01
1.300000000003167511e-01 1.426694519132173511e+01
1.500000000003163247e-01 1.425030674874330039e+01
1.700000000003158984e-01 1.480158662411734305e+01
1.900000000003154721e-01 1.535995383781011903e+01
2.100000000003150458e-01 1.514696943262799778e+01
2.300000000003146194e-01 1.562574198719723739e+01
2.500000000003141931e-01 1.600750217298505973e+01
2.700000000003137668e-01 1.630556819636682775e+01
2.900000000003133405e-01 1.652329376851765019e+01
3.100000000003129141e-01 1.659272750538431396e+01
3.300000000003124878e-01 1.706573765755825889e+01
3.500000000003120615e-01 1.702843144066653380e+01
3.700000000003116352e-01 1.767511922684401782e+01
3.900000000003112088e-01 1.792284033981213298e+01
4.100000000003107825e-01 1.776051487680321372e+01
4.300000000003103562e-01 1.839338176162605265e+01
4.500000000003099299e-01 1.842337405202627920e+01
4.700000000003095035e-01 1.881237620117070364e+01
4.900000000003090772e-01 1.923323544131053353e+01
5.100000000003086509e-01 1.968733915557856662e+01
5.300000000003082246e-01 1.978602157478258405e+01
5.500000000003077982e-01 1.990935173650718681e+01
5.700000000003073719e-01 2.076527308900885060e+01
5.900000000003069456e-01 2.055144081871561568e+01
6.100000000003065193e-01 2.124144459095102633e+01
6.300000000003060929e-01 2.150453395866668416e+01
6.500000000003056666e-01 2.144257977777573743e+01
6.700000000003052403e-01 2.215148544115039542e+01
6.900000000003048140e-01 2.245595242850730600e+01
7.100000000003043876e-01 2.202920130335191473e+01
7.300000000003039613e-01 2.300763527795284347e+01
7.500000000003035350e-01 2.327938833375451466e+01
7.700000000003031086e-01 2.333285835356182147e+01
7.900000000003026823e-01 2.429558769968384269e+01
8.100000000003022560e-01 2.382912603103488891e+01
8.300000000003018297e-01 2.432747946107691206e+01
8.500000000003014033e-01 2.452827922476805611e+01
8.700000000003009770e-01 2.515217564115855353e+01
8.900000000003005507e-01 2.506246016188883985e+01
9.100000000003001244e-01 2.487544050484238412e+01
9.300000000002996980e-01 2.582178791836366116e+01
9.500000000002992717e-01 2.606057897425938563e+01
9.700000000002988454e-01 2.588517920052725785e+01
9.900000000002984191e-01 2.621859926538284924e+01
1.010000000000297993e+00 2.663410636657096831e+01
1.030000000000297566e+00 2.641260093545674081e+01
1.050000000000297140e+00 2.727726737523507339e+01
1.070000000000296714e+00 2.738663114312590352e+01
1.090000000000296287e+00 2.758305973329454730e+01
1.110000000000295861e+00 2.783198849371646588e+01
1.130000000000295435e+00 2.769445800569148020e+01
1.150000000000295008e+00 2.824526636280476666e+01
1.170000000000294582e+00 2.835887200223261218e+01
1.190000000000294156e+00 2.864820106308031100e+01
1.210000000000293729e+00 2.807892197408549606e+01
1.230000000000293303e+00 2.893568429170280254e+01
1.250000000000292877e+00 2.852296522239776522e+01
1.270000000000292451e+00 2.891429459744457731e+01
1.290000000000292024e+00 2.924451111436927775e+01
1.310000000000291598e+00 2.909890752110861456e+01
1.330000000000291172e+00 2.946440983076378117e+01
1.350000000000290745e+00 2.954664962892323743e+01
1.370000000000290319e+00 2.965919487751224537e+01
1.390000000000289893e+00 2.949119357788039153e+01
1.410000000000289466e+00 3.021093724552132898e+01
1.430000000000289040e+00 2.972794744954500956e+01
1.450000000000288614e+00 3.061981224717692385e+01
1.470000000000288187e+00 2.976177876324984339e+01
1.490000000000287761e+00 2.986148988287987649e+01
1.510000000000287335e+00 3.036374550145384177e+01
1.530000000000286908e+00 3.061945622119421984e+01
1.550000000000286482e+00 3.090844978367606188e+01
1.570000000000286056e+00 3.059688806163685015e+01
1.590000000000285629e+00 3.094034010825830094e+01
1.610000000000285203e+00 3.118914691584906862e+01
1.630000000000284777e+00 3.104525311047039793e+01
1.650000000000284350e+00 3.088494086943253691e+01
1.670000000000283924e+00 3.143544778511134652e+01
1.690000000000283498e+00 3.142521733555020802e+01
1.710000000000283071e+00 3.187884331908053070e+01
1.730000000000282645e+00 3.123361163349766656e+01
1.750000000000282219e+00 3.139438253825851888e+01
1.770000000000281792e+00 3.236112016306709904e+01
1.790000000000281366e+00 3.117379211887817547e+01
1.810000000000280940e+00 3.244762200570572475e+01
1.830000000000280513e+00 3.167002809579830114e+01
1.850000000000280087e+00 3.236072456682952492e+01
1.870000000000279661e+00 3.229958965803312054e+01
1.890000000000279234e+00 3.168680086431226783e+01
1.910000000000278808e+00 3.185642598218696975e+01
1.930000000000278382e+00 3.310418613410915611e+01
1.950000000000277955e+00 3.219943085358089263e+01
1.970000000000277529e+00 3.236817484563514569e+01
1.990000000000277103e+00 3.231375251735288145e+01
2.010000000000276899e+00 3.242881972524108392e+01
2.030000000000276472e+00 3.234510014919984400e+01
2.050000000000276046e+00 3.206295501860140718e+01
2.070000000000275620e+00 3.219508654477774456e+01
2.090000000000275193e+00 3.265732481513689578e+01
2.110000000000274767e+00 3.218835664614987735e+01
2.130000000000274341e+00 3.192437755861771365e+01
2.150000000000273914e+00 3.182848881246059847e+01
2.170000000000273488e+00 3.173361502810848123e+01
2.190000000000273062e+00 3.232355894227151794e+01
2.210000000000272635e+00 3.188735106836792355e+01
2.230000000000272209e+00 3.123893805269163693e+01
2.250000000000271783e+00 3.125834173300176744e+01
2.270000000000271356e+00 3.154792559386236661e+01
2.290000000000270930e+00 3.103505050369921392e+01
2.310000000000270504e+00 3.118842229784188902e+01
2.330000000000270077e+00 3.081727335888200514e+01
2.350000000000269651e+00 2.992811156313798548e+01
2.370000000000269225e+00 3.059299212855377093e+01
2.390000000000268798e+00 2.995824615641383204e+01
2.410000000000268372e+00 3.056031692782806530e+01
2.430000000000267946e+00 2.959651253879326660e+01
2.450000000000267519e+00 2.945172850376194162e+01
2.470000000000267093e+00 2.975667844800157624e+01
2.490000000000266667e+00 2.875599647444111184e+01
2.510000000000266240e+00 2.862478225168451473e+01
2.530000000000265814e+00 2.974182785404067886e+01
2.550000000000265388e+00 2.813145393659755555e+01
2.570000000000264961e+00 2.807493530383418801e+01
2.590000000000264535e+00 2.830037643567735728e+01
2.610000000000264109e+00 2.789518845633650201e+01
2.630000000000263682e+00 2.767264998270602661e+01
2.650000000000263256e+00 2.814062258982209030e+01
2.670000000000262830e+00 2.657280385751917962e+01
2.690000000000262403e+00 2.736657268582208147e+01
2.710000000000261977e+00 2.702881829576709194e+01
2.730000000000261551e+00 2.642262894658211891e+01
2.750000000000261124e+00 2.647389514647058562e+01
2.770000000000260698e+00 2.613446242422464749e+01
2.790000000000260272e+00 2.598201048153746839e+01
2.810000000000259845e+00 2.519255293955904662e+01
2.830000000000259419e+00 2.580084998773805438e+01
2.850000000000258993e+00 2.498146225565843537e+01
2.870000000000258567e+00 2.465744804510912047e+01
2.890000000000258140e+00 2.463768372336786072e+01
2.910000000000257714e+00 2.456188539107246527e+01
2.930000000000257288e+00 2.451431576436656457e+01
2.950000000000256861e+00 2.348052511143745491e+01
2.970000000000256435e+00 2.378269021742444167e+01
2.990000000000256009e+00 2.311893909688549442e+01
3.010000000000255582e+00 2.315059699366180368e+01
3.030000000000255156e+00 2.304630836782443026e+01
3.050000000000254730e+00 2.249583422757904927e+01
3.070000000000254303e+00 2.266321048780994118e+01
3.090000000000253877e+00 2.243164334499401491e+01
3.110000000000253451e+00 2.191564503401199815e+01
3.130000000000253024e+00 2.165874123067035484e+01
3.150000000000252598e+00 2.150328840999683067e+01
3.170000000000252172e+00 2.142279137073654383e+01
3.190000000000251745e+00 2.075433837970716056e+01
3.210000000000251319e+00 2.061029328161898277e+01
3.230000000000250893e+00 2.083496175917303006e+01
3.250000000000250466e+00 2.017790952657905379e+01
3.270000000000250040e+00 2.019890358880372716e+01
3.290000000000249614e+00 1.966294510091508840e+01
3.310000000000249187e+00 1.959120994181636277e+01
3.330000000000248761e+00 1.946814789869875995e+01
3.350000000000248335e+00 1.908266604748095929e+01
3.370000000000247908e+00 1.872142060888893056e+01
3.390000000000247482e+00 1.854674338929715560e+01
3.410000000000247056e+00 1.860352781699613089e+01
3.430000000000246629e+00 1.789667407148740708e+01
3.450000000000246203e+00 1.791360125872845188e+01
3.470000000000245777e+00 1.777594430006498882e+01
3.490000000000245350e+00 1.778756562892748505e+01
3.510000000000244924e+00 1.727624339916376428e+01
3.530000000000244498e+00 1.686656648855477769e+01
3.550000000000244071e+00 1.697633095344955478e+01
3.570000000000243645e+00 1.660634284886472756e+01
3.590000000000243219e+00 1.635405473376916419e+01
3.610000000000242792e+00 1.607357505661010677e+01
3.630000000000242366e+00 1.603139477259839296e+01
3.650000000000241940e+00 1.569837631733886241e+01
3.670000000000241513e+00 1.535433530925674894e+01
3.690000000000241087e+00 1.517286009003773017e+01
3.710000000000240661e+00 1.517073181221512890e+01
3.730000000000240234e+00 1.483307372020323811e+01
3.750000000000239808e+00 1.471296672853761933e+01
3.770000000000239382e+00 1.436044752572019689e+01
3.790000000000238956e+00 1.417443033692831200e+01
3.810000000000238529e+00 1.405145871965824789e+01
3.830000000000238103e+00 1.359097170036663194e+01
3.850000000000237677e+00 1.377409939710823039e+01
3.870000000000237250e+00 1.338583231639612592e+01
3.890000000000236824e+00 1.332361512390615133e+01
3.910000000000236398e+00 1.312218677609793538e+01
3.930000000000235971e+00 1.281753555348719331e+01
3.950000000000235545e+00 1.282825946897383673e+01
3.970000000000235119e+00 1.272440745066018764e+01
3.990000000000234692e+00 1.221775292606377583e+01
4.010000000000234266e+00 1.232663955154315438e+01
4.030000000000233840e+00 1.197894441752444195e+01
4.050000000000233413e+00 1.183377561015730883e+01
4.070000000000232987e+00 1.177261081855675506e+01
4.090000000000232561e+00 1.160894687070609521e+01
4.110000000000232134e+00 1.125132250707706660e+01
4.130000000000231708e+00 1.120184435865222028e+01
4.150000000000231282e+00 1.087455700953182891e+01
4.170000000000230855e+00 1.106657789860086183e+01
4.190000000000230429e+00 1.066397010938658418e+01
4.210000000000230003e+00 1.056338726870915856e+01
4.230000000000229576e+00 1.012440790001156898e+01
4.250000000000229150e+00 1.027796802311094204e+01
4.270000000000228724e+00 9.929816943344532021e+00
4.290000000000228297e+00 9.850492136264552556e+00
4.310000000000227871e+00 9.796797930908745400e+00
4.330000000000227445e+00 9.617913170804527567e+00
4.350000000000227018e+00 9.368194812941787575e+00
4.370000000000226592e+00 9.062630440031606227e+00
4.390000000000226166e+00 9.033889646098927528e+00
4.410000000000225739e+00 8.857758160439271222e+00
4.430000000000225313e+00 8.767437240423632261e+00
4.450000000000224887e+00 8.634857904637916803e+00
4.470000000000224460e+00 8.387537095418872823e+00
4.490000000000224034e+00 8.278391769285285307e+00
4.510000000000223608e+00 8.027400596029641733e+00
4.530000000000223181e+00 7.800204613287545996e+00
4.550000000000222755e+00 7.985258922661786052e+00
4.570000000000222329e+00 7.602359511104280543e+00
4.590000000000221902e+00 7.695471552743669896e+00
4.610000000000221476e+00 7.519841628597983885e+00
4.630000000000221050e+00 7.275976725694943248e+00
4.650000000000220624e+00 7.231558165350136846e+00
4.670000000000220197e+00 6.979847328238156123e+00
4.690000000000219771e+00 7.005485533145949795e+00
4.710000000000219345e+00 6.882747297960057686e+00
4.730000000000218918e+00 6.802457824995489233e+00
4.750000000000218492e+00 6.513928771764549985e+00
4.770000000000218066e+00 6.472020326412732949e+00
4.790000000000217639e+00 6.182632792385616582e+00
4.810000000000217213e+00 6.114413471639455366e+00
4.830000000000216787e+00 6.239531781272269484e+00
4.850000000000216360e+00 6.064615368301142340e+00
4.870000000000215934e+00 5.940145002850393929e+00
4.890000000000215508e+00 5.807009799687125273e+00
4.910000000000215081e+00 5.691551439523611755e+00
4.930000000000214655e+00 5.524695120741889731e+00
4.950000000000214229e+00 5.420765067649697677e+00
4.970000000000213802e+00 5.320858817112160466e+00
4.990000000000213376e+00 5.157688351776577917e+00
5.010000000000212950e+00 5.257283978205331110e+00
5.030000000000212523e+00 5.042365920703096194e+00
5.050000000000212097e+00 4.903805240345503691e+00
5.070000000000211671e+00 4.962909212532969683e+00
5.090000000000211244e+00 4.659528118670259289e+00
5.110000000000210818e+00 4.722117625551198294e+00
5.130000000000210392e+00 4.623241056883594879e+00
5.150000000000209965e+00 4.444082319992717522e+00
5.170000000000209539e+00 4.438470601606365307e+00
5.190000000000209113e+00 4.417605183241569478e+00
5.210000000000208686e+00 4.254179445245036995e+00
5.230000000000208260e+00 4.202957076222616273e+00
5.250000000000207834e+00 4.126208387875682781e+00
5.270000000000207407e+00 3.991144419160190360e+00
5.290000000000206981e+00 3.981540363083656775e+00
5.310000000000206555e+00 3.880478686334114524e+00
5.330000000000206128e+00 3.827917803808073671e+00
5.350000000000205702e+00 3.793120026008970136e+00
5.370000000000205276e+00 3.727503290945546333e+00
5.390000000000204849e+00 3.670743393534332544e+00
5.410000000000204423e+00 3.608564797810183133e+00
5.430000000000203997e+00 3.408573599542094712e+00
5.450000000000203570e+00 3.427279137704108969e+00
5.470000000000203144e+00 3.472556116031479956e+00
5.490000000000202718e+00 3.297224726621405200e+00
5.510000000000202292e+00 3.304726622113608236e+00
5.530000000000201865e+00 3.141609528759895742e+00
5.550000000000201439e+00 3.265336424771439372e+00
5.570000000000201013e+00 3.106761528090908442e+00
5.590000000000200586e+00 3.044569303988285736e+00
5.610000000000200160e+00 3.036918968672400521e+00
5.630000000000199734e+00 2.925777721999514469e+00
5.650000000000199307e+00 2.877028739872333762e+00
5.670000000000198881e+00 2.945205838400868803e+00
5.690000000000198455e+00 2.762798035316882839e+00
5.710000000000198028e+00 2.787664292381370590e+00
5.730000000000197602e+00 2.668291572214053442e+00
5.750000000000197176e+00 2.716901764659525043e+00
5.770000000000196749e+00 2.617184194946750253e+00
5.790000000000196323e+00 2.593671679104818661e+00
5.810000000000195897e+00 2.590334109453302780e+00
5.830000000000195470e+00 2.515869345872761897e+00
5.850000000000195044e+00 2.453224193439198508e+00
5.870000000000194618e+00 2.551386872326419475e+00
5.890000000000194191e+00 2.317347201378566535e+00
5.910000000000193765e+00 2.457143353305638822e+00
5.930000000000193339e+00 2.380788106780433289e+00
5.950000000000192912e+00 2.331631032791046554e+00
5.970000000000192486e+00 2.265919081879891106e+00
5.990000000000192060e+00 2.310335764583220541e+00
6.010000000000191633e+00 2.262268040082783038e+00
6.030000000000191207e+00 2.196175289599414437e+00
6.050000000000190781e+00 2.236716500353220116e+00
6.070000000000190354e+00 2.120836710281500448e+00
6.090000000000189928e+00 2.095568331584821031e+00
6.110000000000189502e+00 2.065392671544895364e+00
6.130000000000189075e+00 2.116800406954128189e+00
6.150000000000188649e+00 2.040326832377174160e+00
6.170000000000188223e+00 2.012454176868440303e+00
6.190000000000187796e+00 1.991991240854134260e+00
6.210000000000187370e+00 1.958972026543910783e+00
6.230000000000186944e+00 1.981102305140724384e+00
6.250000000000186517e+00 1.954405525249234277e+00
6.270000000000186091e+00 1.888687989954449087e+00
6.290000000000185665e+00 1.891831171168516734e+00
6.310000000000185238e+00 1.875051971989071919e+00
6.330000000000184812e+00 1.876716777536398650e+00
6.350000000000184386e+00 1.799112440908767541e+00
6.370000000000183960e+00 1.833246702285889151e+00
6.390000000000183533e+00 1.825389041856012584e+00
6.410000000000183107e+00 1.765819100715251722e+00
6.430000000000182681e+00 1.775193506629253237e+00
6.450000000000182254e+00 1.724682982631455364e+00
6.470000000000181828e+00 1.786925453433778399e+00
6.490000000000181402e+00 1.721813331463208918e+00
6.510000000000180975e+00 1.637169905140084980e+00
6.530000000000180549e+00 1.720340825312710153e+00
6.550000000000180123e+00 1.707854389072918089e+00
6.570000000000179696e+00 1.624644311083129455e+00
6.590000000000179270e+00 1.687498805874264374e+00
6.610000000000178844e+00 1.615703345807412150e+00
6.630000000000178417e+00 1.602365213107141528e+00
6.650000000000177991e+00 1.592183073791168191e+00
6.670000000000177565e+00 1.579172095595926528e+00
6.690000000000177138e+00 1.601469567467987076e+00
6.710000000000176712e+00 1.555074542672023608e+00
6.730000000000176286e+00 1.556564938913247653e+00
6.750000000000175859e+00 1.513760738789436289e+00
6.770000000000175433e+00 1.519428812155878328e+00
6.790000000000175007e+00 1.523420492260326053e+00
6.810000000000174580e+00 1.480566427855408929e+00
6.830000000000174154e+00 1.517731969939154046e+00
6.850000000000173728e+00 1.507787652773361353e+00
6.870000000000173301e+00 1.477065842504255322e+00
6.890000000000172875e+00 1.477250818983492753e+00
6.910000000000172449e+00 1.476134713920977726e+00
6.930000000000172022e+00 1.413455636298669660e+00
6.950000000000171596e+00 1.465736933297714151e+00
6.970000000000171170e+00 1.475340108065650524e+00
6.990000000000170743e+00 1.401973374667045080e+00
7.010000000000170317e+00 1.402734101168569225e+00
7.030000000000169891e+00 1.422368145020650676e+00
7.050000000000169464e+00 1.357309479518764128e+00
7.070000000000169038e+00 1.419693883283745128e+00
7.090000000000168612e+00 1.495654794209883232e+00
7.110000000000168185e+00 1.402675832013311252e+00
7.130000000000167759e+00 1.400394283105328652e+00
7.150000000000167333e+00 1.367300164662884843e+00
7.170000000000166906e+00 1.372255096520750062e+00
7.190000000000166480e+00 1.314626606923212204e+00
7.210000000000166054e+00 1.341228497790488472e+00
7.230000000000165628e+00 1.359779234196282216e+00
7.250000000000165201e+00 1.317223900679745707e+00
7.270000000000164775e+00 1.380281455524559053e+00
7.290000000000164349e+00 1.315628101228208280e+00
7.310000000000163922e+00 1.354183367294832241e+00
7.330000000000163496e+00 1.314628218100669432e+00
7.350000000000163070e+00 1.321548523269906461e+00
7.370000000000162643e+00 1.277908853459612359e+00
7.390000000000162217e+00 1.329889284152832696e+00
7.410000000000161791e+00 1.266974939475371098e+00
7.430000000000161364e+00 1.296744848335432021e+00
7.450000000000160938e+00 1.272873483470406297e+00
7.470000000000160512e+00 1.295348736239754883e+00
7.490000000000160085e+00 1.313899559410131701e+00
7.510000000000159659e+00 1.254100972705232353e+00
7.530000000000159233e+00 1.273573300747122605e+00
7.550000000000158806e+00 1.298372163073544527e+00
7.570000000000158380e+00 1.291567963850654754e+00
7.590000000000157954e+00 1.234583180547322190e+00
7.610000000000157527e+00 1.276857840862422711e+00
7.630000000000157101e+00 1.257648261502255727e+00
7.650000000000156675e+00 1.273963359374006954e+00
7.670000000000156248e+00 1.226128080502065787e+00
7.690000000000155822e+00 1.241856834627044659e+00
7.710000000000155396e+00 1.248294263398264103e+00
7.730000000000154969e+00 1.265145861562244622e+00
7.750000000000154543e+00 1.213481353945258245e+00
7.770000000000154117e+00 1.219130206298291608e+00
7.790000000000153690e+00 1.252573805753432135e+00
7.810000000000153264e+00 1.206776136632493834e+00
7.830000000000152838e+00 1.218630831477779619e+00
7.850000000000152411e+00 1.233959645847692910e+00
7.870000000000151985e+00 1.249495853061780126e+00
7.890000000000151559e+00 1.218663155674421184e+00
7.910000000000151132e+00 1.200176082211612760e+00
7.930000000000150706e+00 1.190950185276124840e+00
7.950000000000150280e+00 1.192031514562694738e+00
7.970000000000149853e+00 1.201741530594004237e+00
7.990000000000149427e+00 1.208999906421581061e+00
8.010000000000149001e+00 1.202386725068754769e+00
8.030000000000148574e+00 1.191646504671991957e+00
8.050000000000148148e+00 1.236108149596330863e+00
8.070000000000147722e+00 1.190343102802127628e+00
8.090000000000147296e+00 1.170624913453012006e+00
8.110000000000146869e+00 1.177833317297471760e+00
8.130000000000146443e+00 1.236788581847657831e+00
8.150000000000146017e+00 1.176301797166592999e+00
8.170000000000145590e+00 1.180677129085115462e+00
8.190000000000145164e+00 1.179889495736653915e+00
8.210000000000144738e+00 1.193732223508866319e+00
8.230000000000144311e+00 1.145788377254982837e+00
8.250000000000143885e+00 1.160543681007772276e+00
8.270000000000143459e+00 1.156087851738640149e+00
8.290000000000143032e+00 1.199880213588352396e+00
8.310000000000142606e+00 1.126039668085837109e+00
8.330000000000142180e+00 1.112402331904626562e+00
8.350000000000141753e+00 1.154558854318555872e+00
8.370000000000141327e+00 1.118813173610486711e+00
8.390000000000140901e+00 1.171962382643423783e+00
8.410000000000140474e+00 1.120513215602433776e+00
8.430000000000140048e+00 1.135395780787598952e+00
8.450000000000139622e+00 1.133780525106775627e+00
8.470000000000139195e+00 1.140609837044970876e+00
8.490000000000138769e+00 1.150531078777753846e+00
8.510000000000138343e+00 1.096128819833791734e+00
8.530000000000137916e+00 1.124002506998963424e+00
8.550000000000137490e+00 1.100609549505732643e+00
8.570000000000137064e+00 1.107979575344017142e+00
8.590000000000136637e+00 1.145816877736618222e+00
8.610000000000136211e+00 1.108194518868197198e+00
8.630000000000135785e+00 1.099599315795227739e+00
8.650000000000135358e+00 1.101710480518785173e+00
8.670000000000134932e+00 1.074576287920456119e+00
8.690000000000134506e+00 1.103843737101131151e+00
8.710000000000134079e+00 1.099403814900232312e+00
8.730000000000133653e+00 1.098200001546536964e+00
8.750000000000133227e+00 1.103172737057711350e+00
8.770000000000132800e+00 1.053068417992924610e+00
8.790000000000132374e+00 1.092172084612049510e+00
8.810000000000131948e+00 1.086675874032316358e+00
8.830000000000131521e+00 1.092085061528017542e+00
8.850000000000131095e+00 1.071575175363263188e+00
8.870000000000130669e+00 1.062797393261385892e+00
8.890000000000130242e+00 1.081288307159726569e+00
8.910000000000129816e+00 1.062420783235600741e+00
8.930000000000129390e+00 1.045740792408335063e+00
8.950000000000128964e+00 1.062071760658592545e+00
8.970000000000128537e+00 1.073353620800455932e+00
8.990000000000128111e+00 1.053814197305571687e+00
9.010000000000127685e+00 1.059185426835190791e+00
9.030000000000127258e+00 1.027427560779667681e+00
9.050000000000126832e+00 1.062580497207037622e+00
9.070000000000126406e+00 1.037865584367749339e+00
9.090000000000125979e+00 1.036818306892917096e+00
9.110000000000125553e+00 1.034304118472680223e+00
9.130000000000125127e+00 1.057102893051883319e+00
9.150000000000124700e+00 1.025781655602640452e+00
9.170000000000124274e+00 1.045548759541146344e+00
9.190000000000123848e+00 1.041900254109548118e+00
9.210000000000123421e+00 1.017522037027683846e+00
9.230000000000122995e+00 1.037713060742586180e+00
9.250000000000122569e+00 1.021829380524593267e+00
9.270000000000122142e+00 1.052328525413687821e+00
9.290000000000121716e+00 9.935006985765009180e-01
9.310000000000121290e+00 1.009031313104173933e+00
9.330000000000120863e+00 1.010048048248336494e+00
9.350000000000120437e+00 1.001690389903162393e+00
9.370000000000120011e+00 1.002963015438318672e+00
9.390000000000119584e+00 1.026478890188931237e+00
9.410000000000119158e+00 9.848671034151715853e-01
9.430000000000118732e+00 1.005644666456031899e+00
9.450000000000118305e+00 9.963813756622890150e-01
9.470000000000117879e+00 9.970746279178551719e-01
9.490000000000117453e+00 1.008607527209303800e+00
9.510000000000117026e+00 9.795454650603672153e-01
9.530000000000116600e+00 1.008155451087839882e+00
9.550000000000116174e+00 9.805124274532931450e-01
9.570000000000115747e+00 9.933104670304476747e-01
9.590000000000115321e+00 1.000040795862532361e+00
9.610000000000114895e+00 1.000360281027945275e+00
9.630000000000114468e+00 9.715639054851918921e-01
9.650000000000114042e+00 9.561296882464301872e-01
9.670000000000113616e+00 9.664251199789242186e-01
9.690000000000113189e+00 9.795770176270235385e-01
9.710000000000112763e+00 9.598395647157911270e-01
9.730000000000112337e+00 9.684081649527677138e-01
9.750000000000111910e+00 9.695565894957447473e-01
9.770000000000111484e+00 9.584255169713956635e-01
9.790000000000111058e+00 9.661218524060766200e-01
9.810000000000110632e+00 9.488520348866266163e-01
9.830000000000110205e+00 9.836090438838029915e-01
9.850000000000109779e+00 9.278742917095463838e-01
9.870000000000109353e+00 9.571943887608422852e-01
9.890000000000108926e+00 9.468305373832422989e-01
9.910000000000108500e+00 9.648973382627952233e-01
9.930000000000108074e+00 9.076957453060015002e-01
9.950000000000107647e+00 9.436026117995525153e-01
9.970000000000107221e+00 9.000356512775377071e-01
9.990000000000106795e+00 9.388546297245067285e-01
1.001000000000010637e+01 9.299817290902743228e-01
1.003000000000010594e+01 9.144270101931444295e-01
1.005000000000010552e+01 9.110177071483794853e-01
1.007000000000010509e+01 9.192786438206785871e-01
1.009000000000010466e+01 9.264329596388107824e-01
1.011000000000010424e+01 9.148235920989521430e-01
1.013000000000010381e+01 8.921332468216527367e-01
1.015000000000010338e+01 9.089531947351483510e-01
1.017000000000010296e+01 8.946208265187172159e-01
1.019000000000010253e+01 8.750732440958536307e-01
1.021000000000010210e+01 8.890571491298125961e-01
1.023000000000010168e+01 8.674726957706312414e-01
1.025000000000010125e+01 8.797009389689394165e-01
1.027000000000010083e+01 9.007811211596428169e-01
1.029000000000010040e+01 8.778409481177569251e-01
1.031000000000009997e+01 8.492482663690893441e-01
1.033000000000009955e+01 8.488718946858946346e-01
1.035000000000009912e+01 8.608322056564231550e-01
1.037000000000009869e+01 8.647569874096547871e-01
1.039000000000009827e+01 8.517828039897137327e-01
1.041000000000009784e+01 8.339594058481406558e-01
1.043000000000009742e+01 8.409095522012002277e-01
1.045000000000009699e+01 8.552296992998599245e-01
1.047000000000009656e+01 8.195376717319009519e-01
1.049000000000009614e+01 8.362388544830690051e-01
1.051000000000009571e+01 8.514494464283933750e-01
1.053000000000009528e+01 8.217443490402193129e-01
1.055000000000009486e+01 8.037546948770702970e-01
1.057000000000009443e+01 8.202569193066977515e-01
1.059000000000009400e+01 8.019940728316522494e-01
1.061000000000009358e+01 8.140165608445089074e-01
1.063000000000009315e+01 8.015764602453591126e-01
1.065000000000009273e+01 7.923501168882197687e-01
1.067000000000009230e+01 7.864722190653206102e-01
1.069000000000009187e+01 7.977821366513845325e-01
1.071000000000009145e+01 7.842890264317826654e-01
1.073000000000009102e+01 7.615795225197002916e-01
1.075000000000009059e+01 7.664982869220242634e-01
1.077000000000009017e+01 7.610198256743891942e-01
1.079000000000008974e+01 7.584722930340058733e-01
1.081000000000008932e+01 7.645469572229884880e-01
1.083000000000008889e+01 7.650602785771088987e-01
1.085000000000008846e+01 7.469889254316162130e-01
1.087000000000008804e+01 7.483539690752212259e-01
1.089000000000008761e+01 7.373963979185540474e-01
1.091000000000008718e+01 7.445914185633368820e-01
1.093000000000008676e+01 7.271490732843074456e-01
1.095000000000008633e+01 7.488656921451954940e-01
1.097000000000008590e+01 7.203134391537260317e-01
1.099000000000008548e+01 7.215629276615094234e-01
1.101000000000008505e+01 7.002582993030149749e-01
1.103000000000008463e+01 7.009618041044376469e-01
1.105000000000008420e+01 7.177267726110444501e-01
1.107000000000008377e+01 7.030093685467219133e-01
1.109000000000008335e+01 7.009886210145030994e-01
1.111000000000008292e+01 6.868981299009897512e-01
1.113000000000008249e+01 6.962235641672787079e-01
1.115000000000008207e+01 6.819359832310907255e-01
1.117000000000008164e+01 6.896835945477138852e-01
1.119000000000008122e+01 6.668674018552928073e-01
1.121000000000008079e+01 6.625289575706018175e-01
1.123000000000008036e+01 6.842461102625834179e-01
1.125000000000007994e+01 6.626191281065846317e-01
1.127000000000007951e+01 6.707200286139538559e-01
1.129000000000007908e+01 6.598138958997069592e-01
1.131000000000007866e+01 6.617151395849159012e-01
1.133000000000007823e+01 6.700044660340694902e-01
1.135000000000007780e+01 6.733278318601177981e-01
1.137000000000007738e+01 6.546371525959767679e-01
1.139000000000007695e+01 6.377987936713155337e-01
1.141000000000007653e+01 6.220946700639120586e-01
1.143000000000007610e+01 6.348404287104050248e-01
1.145000000000007567e+01 6.253478518404640418e-01
1.147000000000007525e+01 6.370254604917632291e-01
1.149000000000007482e+01 6.301215610785543264e-01
1.151000000000007439e+01 6.203691086482227002e-01
1.153000000000007397e+01 6.358585177195813509e-01
1.155000000000007354e+01 6.140231340842997598e-01
1.157000000000007311e+01 6.315859857416071810e-01
1.159000000000007269e+01 6.144349635811321431e-01
1.161000000000007226e+01 6.264162665189493273e-01
1.163000000000007184e+01 6.051152724336964495e-01
1.165000000000007141e+01 5.894532108904776413e-01
1.167000000000007098e+01 6.307859113082296965e-01
1.169000000000007056e+01 6.058928021635590078e-01
1.171000000000007013e+01 6.096899607986824288e-01
1.173000000000006970e+01 6.342269550288976987e-01
1.175000000000006928e+01 6.243018893948810710e-01
1.177000000000006885e+01 5.994311599150682346e-01
1.179000000000006843e+01 6.124786623356031079e-01
1.181000000000006800e+01 5.980790706200022067e-01
1.183000000000006757e+01 5.957152556576209568e-01
1.185000000000006715e+01 5.955528284844934239e-01
1.187000000000006672e+01 5.966694840209575412e-01
1.189000000000006629e+01 6.082677068078785609e-01
1.191000000000006587e+01 5.843157393638583885e-01
1.193000000000006544e+01 6.066550341759456844e-01
1.195000000000006501e+01 6.033668170536622410e-01
1.197000000000006459e+01 6.078995531408761810e-01
1.199000000000006416e+01 5.942375431808508690e-01
1.201000000000006374e+01 6.146175585933918439e-01
1.203000000000006331e+01 5.824202855469056139e-01
1.205000000000006288e+01 5.934942030344476649e-01
1.207000000000006246e+01 6.121477526681348147e-01
1.209000000000006203e+01 6.029000408343465622e-01
1.211000000000006160e+01 6.149786739342208985e-01
1.213000000000006118e+01 5.891890492555532655e-01
1.215000000000006075e+01 6.038960615891360018e-01
1.217000000000006033e+01 6.131336204107239451e-01
1.219000000000005990e+01 6.168748386708413634e-01
1.221000000000005947e+01 5.935714182371852887e-01
1.223000000000005905e+01 6.117490489870045511e-01
1.225000000000005862e+01 6.139962279234202347e-01
1.227000000000005819e+01 6.153359933248102598e-01
1.229000000000005777e+01 6.287409966220367519e-01
1.231000000000005734e+01 6.134328750671942387e-01
1.233000000000005691e+01 6.017205128901461642e-01
1.235000000000005649e+01 6.145870815645857466e-01
1.237000000000005606e+01 6.131803552418403358e-01
1.239000000000005564e+01 6.128816579090001770e-01
1.241000000000005521e+01 6.304148121488043488e-01
1.243000000000005478e+01 6.059157350655567376e-01
1.245000000000005436e+01 6.149065580938223308e-01
1.247000000000005393e+01 6.206242312897236602e-01
1.249000000000005350e+01 6.228913583279985788e-01
1.251000000000005308e+01 6.064155967098183719e-01
1.253000000000005265e+01 6.382543138023275553e-01
1.255000000000005222e+01 6.388257951747287056e-01
1.257000000000005180e+01 6.094317019454967843e-01
1.259000000000005137e+01 6.299916389887486590e-01
1.261000000000005095e+01 6.201801008846248298e-01
1.263000000000005052e+01 6.225369746847723151e-01
1.265000000000005009e+01 6.255419158285787651e-01
1.267000000000004967e+01 6.438609141517678269e-01
1.269000000000004924e+01 6.259673830070497935e-01
1.271000000000004881e+01 6.136146189862924372e-01
1.273000000000004839e+01 6.413413439213061507e-01
1.275000000000004796e+01 6.190357511964404980e-01
1.277000000000004754e+01 6.045710290128135656e-01
1.279000000000004711e+01 6.190073975953340746e-01
1.281000000000004668e+01 6.198202016257130520e-01
1.283000000000004626e+01 6.244412024689108831e-01
1.285000000000004583e+01 5.963178455631565900e-01
1.287000000000004540e+01 6.167793409401894911e-01
1.289000000000004498e+01 6.282259820396048910e-01
1.291000000000004455e+01 6.148030066831843277e-01
1.293000000000004412e+01 6.363341824752979381e-01
1.295000000000004370e+01 6.275814467853385592e-01
1.297000000000004327e+01 6.043086792367995397e-01
1.299000000000004285e+01 6.179399353384893434e-01
1.301000000000004242e+01 6.031093337083337502e-01
1.303000000000004199e+01 6.083218245183433792e-01
1.305000000000004157e+01 6.106079090617400063e-01
1.307000000000004114e+01 6.174794375844643302e-01
1.309000000000004071e+01 6.123772390667059362e-01
1.311000000000004029e+01 5.958465509068806565e-01
1.313000000000003986e+01 5.970611876171203480e-01
1.315000000000003944e+01 6.171322342867224808e-01
1.317000000000003901e+01 6.018410018358717473e-01
1.319000000000003858e+01 5.905716451727712757e-01
1.321000000000003816e+01 6.006252055657035349e-01
1.323000000000003773e+01 6.078989142547528424e-01
1.325000000000003730e+01 5.849400012341836597e-01
1.327000000000003688e+01 5.916039506480577082e-01
1.329000000000003645e+01 5.776731125132215094e-01
1.331000000000003602e+01 5.774872499049437113e-01
1.333000000000003560e+01 5.956106944965163796e-01
1.335000000000003517e+01 5.806155204633907108e-01
1.337000000000003475e+01 5.778301973190433927e-01
1.339000000000003432e+01 5.906170625277283870e-01
1.341000000000003389e+01 5.642288195747878765e-01
1.343000000000003347e+01 5.544770371129399411e-01
1.345000000000003304e+01 5.824570375033167879e-01
1.347000000000003261e+01 5.704300644745472493e-01
1.349000000000003219e+01 5.511176319839025117e-01
1.351000000000003176e+01 5.533827109981537262e-01
1.353000000000003133e+01 5.629189236501421778e-01
1.355000000000003091e+01 5.576799486914334469e-01
1.357000000000003048e+01 5.665578658319823102e-01
1.359000000000003006e+01 5.415435970283456468e-01
1.361000000000002963e+01 5.271846753644371386e-01
1.363000000000002920e+01 5.274709751533304125e-01
1.365000000000002878e+01 5.097802316473668549e-01
1.367000000000002835e+01 5.223841032828699937e-01
1.369000000000002792e+01 5.364425156892329571e-01
1.371000000000002750e+01 5.374287311641203768e-01
1.373000000000002707e+01 5.149477949923710884e-01
1.375000000000002665e+01 5.057200099669442173e-01
1.377000000000002622e+01 4.826818306659979574e-01
1.379000000000002579e+01 4.725562602875799656e-01
1.381000000000002537e+01 5.094536545002132932e-01
1.383000000000002494e+01 4.945249246932356124e-01
1.385000000000002451e+01 4.750638150798447978e-01
1.387000000000002409e+01 4.854978330363231565e-01
1.389000000000002366e+01 4.941408959637244025e-01
1.391000000000002323e+01 4.481619980714972584e-01
1.393000000000002281e+01 4.426576264911072922e-01
1.395000000000002238e+01 4.669406096848607857e-01
1.397000000000002196e+01 4.706043214639623606e-01
1.399000000000002153e+01 4.593281277980095778e-01
1.401000000000002110e+01 4.467189341023189431e-01
1.403000000000002068e+01 4.439607896290582167e-01
1.405000000000002025e+01 4.563500341609005861e-01
1.407000000000001982e+01 4.147931929317487110e-01
1.409000000000001940e+01 4.286501959485955471e-01
1.411000000000001897e+01 4.146315179309084109e-01
1.413000000000001855e+01 4.207439109295638135e-01
1.415000000000001812e+01 4.104434170431380813e-01
1.417000000000001769e+01 4.072313459773509448e-01
1.419000000000001727e+01 4.073978809061241102e-01
1.421000000000001684e+01 3.914164990522374654e-01
1.423000000000001641e+01 3.791099590274442099e-01
1.425000000000001599e+01 3.834876089406861754e-01
1.427000000000001556e+01 3.840339468064006279e-01
1.429000000000001513e+01 3.544944326158472880e-01
1.431000000000001471e+01 3.619201082561663840e-01
1.433000000000001428e+01 3.602768456206864589e-01
1.435000000000001386e+01 3.452263561172035367e-01
1.437000000000001343e+01 3.242504736706081636e-01
1.439000000000001300e+01 3.429940123637106320e-01
1.441000000000001258e+01 3.301989149513673283e-01
1.443000000000001215e+01 3.127032666526574634e-01
1.445000000000001172e+01 3.035024199532890266e-01
1.447000000000001130e+01 2.801811411215842651e-01
1.449000000000001087e+01 3.037691311207522671e-01
1.451000000000001044e+01 2.723568743285265659e-01
1.453000000000001002e+01 2.605051691189791407e-01
1.455000000000000959e+01 2.376934230577597562e-01
1.457000000000000917e+01 2.204428555732886874e-01
1.459000000000000874e+01 1.705499895133389676e-01
1.461000000000000831e+01 8.805019801069760566e-02
1.463000000000000789e+01 4.127949731184682447e-02
1.465000000000000746e+01 8.268460968416536244e-03
1.467000000000000703e+01 1.780185542528530108e-10
1.469000000000000661e+01 1.535471289694383575e-10
1.471000000000000618e+01 7.172781839902555690e-11
1.473000000000000576e+01 0.000000000000000000e+00
1.475000000000000533e+01 0.000000000000000000e+00
1.477000000000000490e+01 0.000000000000000000e+00
1.479000000000000448e+01 0.000000000000000000e+00
1.481000000000000405e+01 0.000000000000000000e+00
1.483000000000000362e+01 0.000000000000000000e+00
1.485000000000000320e+01 0.000000000000000000e+00
1.487000000000000277e+01 0.000000000000000000e+00
1.489000000000000234e+01 0.000000000000000000e+00
1.491000000000000192e+01 0.000000000000000000e+00
1.493000000000000149e+01 0.000000000000000000e+00
1.495000000000000107e+01 0.000000000000000000e+00
1.497000000000000064e+01 0.000000000000000000e+00
1.499000000000000021e+01 0.000000000000000000e+00
