# Redshift		Merger Rate Density [Gpc^-3yr^-1]
1.000000000031931770e-02 1.843744093421205221e+01
3.000000000031888964e-02 1.876539265281246216e+01
5.000000000031846331e-02 1.900338446144201754e+01
7.000000000031804392e-02 1.974120046069107914e+01
9.000000000031761760e-02 1.997282863402167052e+01
1.100000000003171913e-01 2.037388785251891221e+01
1.300000000003167511e-01 2.064824989737478234e+01
1.500000000003163247e-01 2.114911683092703498e+01
1.700000000003158984e-01 2.149719435379457622e+01
1.900000000003154721e-01 2.222908473157581710e+01
2.100000000003150458e-01 2.216967290045664285e+01
2.300000000003146194e-01 2.293870772845530936e+01
2.500000000003141931e-01 2.348089133950540131e+01
2.700000000003137668e-01 2.346486168901463287e+01
2.900000000003133405e-01 2.427987506384368288e+01
3.100000000003129141e-01 2.487405160308841090e+01
3.300000000003124878e-01 2.487471641470380135e+01
3.500000000003120615e-01 2.563764705827901835e+01
3.700000000003116352e-01 2.646153546303595050e+01
3.900000000003112088e-01 2.629927581857037922e+01
4.100000000003107825e-01 2.702069418671851508e+01
4.300000000003103562e-01 2.759281304170775329e+01
4.500000000003099299e-01 2.813619678843069494e+01
4.700000000003095035e-01 2.830142459709586689e+01
4.900000000003090772e-01 2.886704028810102685e+01
5.100000000003086509e-01 3.013414327554305316e+01
5.300000000003082246e-01 3.007252763411553076e+01
5.500000000003077982e-01 3.093730212618305231e+01
5.700000000003073719e-01 3.144967829234111534e+01
5.900000000003069456e-01 3.170326360903756324e+01
6.100000000003065193e-01 3.266492118397671618e+01
6.300000000003060929e-01 3.302659771850106551e+01
6.500000000003056666e-01 3.406446740961555975e+01
6.700000000003052403e-01 3.408532777799703695e+01
6.900000000003048140e-01 3.476163196907438646e+01
7.100000000003043876e-01 3.509505141420373064e+01
7.300000000003039613e-01 3.578201288946766567e+01
7.500000000003035350e-01 3.632385522319511040e+01
7.700000000003031086e-01 3.643916192569690793e+01
7.900000000003026823e-01 3.758531040394557721e+01
8.100000000003022560e-01 3.752970572798040649e+01
8.300000000003018297e-01 3.766851787073448321e+01
8.500000000003014033e-01 3.885083723999015604e+01
8.700000000003009770e-01 3.878987983119630201e+01
8.900000000003005507e-01 3.921533189531045593e+01
9.100000000003001244e-01 3.976981458970877270e+01
9.300000000002996980e-01 4.029213559185770777e+01
9.500000000002992717e-01 4.022060020335069908e+01
9.700000000002988454e-01 4.078907884146433815e+01
9.900000000002984191e-01 4.120924351535129659e+01
1.010000000000297993e+00 4.176773232328791607e+01
1.030000000000297566e+00 4.202403713042129851e+01
1.050000000000297140e+00 4.226709153885189352e+01
1.070000000000296714e+00 4.275907427408353101e+01
1.090000000000296287e+00 4.251177889959813427e+01
1.110000000000295861e+00 4.334171989341798792e+01
1.130000000000295435e+00 4.377521350792330423e+01
1.150000000000295008e+00 4.404537091906676238e+01
1.170000000000294582e+00 4.350926114656623866e+01
1.190000000000294156e+00 4.489572006507192015e+01
1.210000000000293729e+00 4.395342784180032680e+01
1.230000000000293303e+00 4.538679707569158239e+01
1.250000000000292877e+00 4.509662294441372410e+01
1.270000000000292451e+00 4.515996924826722392e+01
1.290000000000292024e+00 4.548936937033408157e+01
1.310000000000291598e+00 4.598245693732418715e+01
1.330000000000291172e+00 4.608933316088602083e+01
1.350000000000290745e+00 4.631852006491114082e+01
1.370000000000290319e+00 4.660614983206660611e+01
1.390000000000289893e+00 4.668372360584227465e+01
1.410000000000289466e+00 4.683365541158877221e+01
1.430000000000289040e+00 4.705825455455413220e+01
1.450000000000288614e+00 4.765717941985486306e+01
1.470000000000288187e+00 4.743068526053668421e+01
1.490000000000287761e+00 4.772728562686903331e+01
1.510000000000287335e+00 4.798137265212591274e+01
1.530000000000286908e+00 4.765138115436987221e+01
1.550000000000286482e+00 4.790121446824825568e+01
1.570000000000286056e+00 4.882494388983032962e+01
1.590000000000285629e+00 4.814263669797158229e+01
1.610000000000285203e+00 4.842397829270628051e+01
1.630000000000284777e+00 4.851878887152396658e+01
1.650000000000284350e+00 4.856115748790200826e+01
1.670000000000283924e+00 4.956511154925293283e+01
1.690000000000283498e+00 4.934816822422135374e+01
1.710000000000283071e+00 4.893156426000285819e+01
1.730000000000282645e+00 4.902231958935902867e+01
1.750000000000282219e+00 4.943677137868112936e+01
1.770000000000281792e+00 4.956388409347992052e+01
1.790000000000281366e+00 4.924924906921053491e+01
1.810000000000280940e+00 4.962761491531757230e+01
1.830000000000280513e+00 4.890734304366389296e+01
1.850000000000280087e+00 4.952935881991244571e+01
1.870000000000279661e+00 4.991246678095754419e+01
1.890000000000279234e+00 4.925529960319654776e+01
1.910000000000278808e+00 4.932349883448119243e+01
1.930000000000278382e+00 4.955107853498279979e+01
1.950000000000277955e+00 4.968508415334504491e+01
1.970000000000277529e+00 4.963256767506548073e+01
1.990000000000277103e+00 4.894837394974592115e+01
2.010000000000276899e+00 4.911527012569109019e+01
2.030000000000276472e+00 4.941852754888379451e+01
2.050000000000276046e+00 4.907443367299350001e+01
2.070000000000275620e+00 4.912401426333101995e+01
2.090000000000275193e+00 4.894654445012857025e+01
2.110000000000274767e+00 4.902855314451795721e+01
2.130000000000274341e+00 4.915767414155263282e+01
2.150000000000273914e+00 4.824889451051515721e+01
2.170000000000273488e+00 4.899426132934119238e+01
2.190000000000273062e+00 4.847469969184783878e+01
2.210000000000272635e+00 4.832527482869082291e+01
2.230000000000272209e+00 4.793353189785204904e+01
2.250000000000271783e+00 4.761482549296344757e+01
2.270000000000271356e+00 4.742424124709089028e+01
2.290000000000270930e+00 4.757215376061795808e+01
2.310000000000270504e+00 4.724561383216212818e+01
2.330000000000270077e+00 4.694562881005239774e+01
2.350000000000269651e+00 4.686579502057924174e+01
2.370000000000269225e+00 4.684448505140480989e+01
2.390000000000268798e+00 4.645231201627284889e+01
2.410000000000268372e+00 4.576849810821957476e+01
2.430000000000267946e+00 4.598054933290023882e+01
2.450000000000267519e+00 4.528024659039475353e+01
2.470000000000267093e+00 4.550344310620607047e+01
2.490000000000266667e+00 4.466022983058652329e+01
2.510000000000266240e+00 4.489196632683758992e+01
2.530000000000265814e+00 4.481766089835905120e+01
2.550000000000265388e+00 4.428316152658041460e+01
2.570000000000264961e+00 4.364979455757649163e+01
2.590000000000264535e+00 4.391505822073455079e+01
2.610000000000264109e+00 4.343609937940897936e+01
2.630000000000263682e+00 4.320988200329676943e+01
2.650000000000263256e+00 4.345858250992400684e+01
2.670000000000262830e+00 4.230442717722780088e+01
2.690000000000262403e+00 4.214534707024921545e+01
2.710000000000261977e+00 4.231022412133552280e+01
2.730000000000261551e+00 4.157471650993601742e+01
2.750000000000261124e+00 4.171157309328220464e+01
2.770000000000260698e+00 4.148340947257430145e+01
2.790000000000260272e+00 4.040091864057656323e+01
2.810000000000259845e+00 4.113536478594869550e+01
2.830000000000259419e+00 4.042867789977117354e+01
2.850000000000258993e+00 4.010255126218922328e+01
2.870000000000258567e+00 3.970163506409203791e+01
2.890000000000258140e+00 3.975120161620972681e+01
2.910000000000257714e+00 3.936765071060803933e+01
2.930000000000257288e+00 3.900568837812132728e+01
2.950000000000256861e+00 3.908386721313549828e+01
2.970000000000256435e+00 3.818758503828199480e+01
2.990000000000256009e+00 3.801724052200911075e+01
3.010000000000255582e+00 3.770047327723482766e+01
3.030000000000255156e+00 3.851694375271195980e+01
3.050000000000254730e+00 3.715209284524996747e+01
3.070000000000254303e+00 3.707478581920070582e+01
3.090000000000253877e+00 3.707573935553180888e+01
3.110000000000253451e+00 3.699758274623014387e+01
3.130000000000253024e+00 3.582952297652877860e+01
3.150000000000252598e+00 3.651002859320662708e+01
3.170000000000252172e+00 3.622471162832681557e+01
3.190000000000251745e+00 3.580836171875844087e+01
3.210000000000251319e+00 3.494165029532261002e+01
3.230000000000250893e+00 3.548665689343932428e+01
3.250000000000250466e+00 3.511665747315911545e+01
3.270000000000250040e+00 3.475519720196335527e+01
3.290000000000249614e+00 3.473683937941390099e+01
3.310000000000249187e+00 3.424389817085071996e+01
3.330000000000248761e+00 3.373950349396175596e+01
3.350000000000248335e+00 3.393028334726449202e+01
3.370000000000247908e+00 3.381704880072469166e+01
3.390000000000247482e+00 3.335116199702316209e+01
3.410000000000247056e+00 3.293927424560045125e+01
3.430000000000246629e+00 3.233012343830514368e+01
3.450000000000246203e+00 3.287412145321584234e+01
3.470000000000245777e+00 3.237816958654568822e+01
3.490000000000245350e+00 3.238089836293235635e+01
3.510000000000244924e+00 3.173180668776218738e+01
3.530000000000244498e+00 3.160021104584578566e+01
3.550000000000244071e+00 3.161894464913058300e+01
3.570000000000243645e+00 3.152888114256385421e+01
3.590000000000243219e+00 3.102877871560190925e+01
3.610000000000242792e+00 3.101761104113757028e+01
3.630000000000242366e+00 3.040816587753539224e+01
3.650000000000241940e+00 3.052162338197891245e+01
3.670000000000241513e+00 3.028029245729503316e+01
3.690000000000241087e+00 2.985166720215448777e+01
3.710000000000240661e+00 2.991694309686634412e+01
3.730000000000240234e+00 2.945748192270027133e+01
3.750000000000239808e+00 2.951757268393878064e+01
3.770000000000239382e+00 2.904160941518134464e+01
3.790000000000238956e+00 2.907428507287193398e+01
3.810000000000238529e+00 2.870960515840546279e+01
3.830000000000238103e+00 2.847748462026420313e+01
3.850000000000237677e+00 2.822789369821451899e+01
3.870000000000237250e+00 2.820031361777992984e+01
3.890000000000236824e+00 2.825537176156800356e+01
3.910000000000236398e+00 2.785439921738304037e+01
3.930000000000235971e+00 2.758351286497684995e+01
3.950000000000235545e+00 2.768849785438569100e+01
3.970000000000235119e+00 2.726835771650551266e+01
3.990000000000234692e+00 2.692387248144728673e+01
4.010000000000234266e+00 2.677333419928660874e+01
4.030000000000233840e+00 2.668153962241844823e+01
4.050000000000233413e+00 2.663453579693582540e+01
4.070000000000232987e+00 2.610950120590977974e+01
4.090000000000232561e+00 2.622678112099057657e+01
4.110000000000232134e+00 2.553880162957783639e+01
4.130000000000231708e+00 2.577113244317184026e+01
4.150000000000231282e+00 2.582062210305932481e+01
4.170000000000230855e+00 2.545507190865092539e+01
4.190000000000230429e+00 2.530050752276783044e+01
4.210000000000230003e+00 2.504725099757943951e+01
4.230000000000229576e+00 2.489692936398363798e+01
4.250000000000229150e+00 2.471700054489316045e+01
4.270000000000228724e+00 2.448851248832031757e+01
4.290000000000228297e+00 2.425438059665431823e+01
4.310000000000227871e+00 2.443742665778984957e+01
4.330000000000227445e+00 2.415865298537279671e+01
4.350000000000227018e+00 2.372852437110955393e+01
4.370000000000226592e+00 2.377869592880985650e+01
4.390000000000226166e+00 2.374543234363202160e+01
4.410000000000225739e+00 2.346987538760262026e+01
4.430000000000225313e+00 2.338293966151677239e+01
4.450000000000224887e+00 2.291972432314062758e+01
4.470000000000224460e+00 2.314194629897881939e+01
4.490000000000224034e+00 2.302287385034118472e+01
4.510000000000223608e+00 2.271197479520053975e+01
4.530000000000223181e+00 2.260774094450040650e+01
4.550000000000222755e+00 2.227018790580555674e+01
4.570000000000222329e+00 2.231018136436150812e+01
4.590000000000221902e+00 2.214781999392200618e+01
4.610000000000221476e+00 2.209921305175750561e+01
4.630000000000221050e+00 2.158180051462071347e+01
4.650000000000220624e+00 2.195759948706880138e+01
4.670000000000220197e+00 2.193879651099120309e+01
4.690000000000219771e+00 2.140658498246679642e+01
4.710000000000219345e+00 2.133584349360683419e+01
4.730000000000218918e+00 2.120348308238362733e+01
4.750000000000218492e+00 2.107263551244816924e+01
4.770000000000218066e+00 2.096723558147645861e+01
4.790000000000217639e+00 2.089894503340189402e+01
4.810000000000217213e+00 2.087404692345106838e+01
4.830000000000216787e+00 2.067338516851737040e+01
4.850000000000216360e+00 2.040552401377457059e+01
4.870000000000215934e+00 2.083663353913388860e+01
4.890000000000215508e+00 2.028641891429840882e+01
4.910000000000215081e+00 1.991209213163591940e+01
4.930000000000214655e+00 2.038573363143789408e+01
4.950000000000214229e+00 1.978474996567913280e+01
4.970000000000213802e+00 2.004685480381698426e+01
4.990000000000213376e+00 1.964735991117229119e+01
5.010000000000212950e+00 1.971168945553021601e+01
5.030000000000212523e+00 1.955035368350170089e+01
5.050000000000212097e+00 1.959944194470171297e+01
5.070000000000211671e+00 1.915067506006264253e+01
5.090000000000211244e+00 1.929661930523962710e+01
5.110000000000210818e+00 1.916705849253996519e+01
5.130000000000210392e+00 1.881634677326094973e+01
5.150000000000209965e+00 1.894495868927424098e+01
5.170000000000209539e+00 1.877636631056009264e+01
5.190000000000209113e+00 1.894210446444123974e+01
5.210000000000208686e+00 1.880420498761721504e+01
5.230000000000208260e+00 1.841100381466944569e+01
5.250000000000207834e+00 1.834275105368230641e+01
5.270000000000207407e+00 1.822295459851686417e+01
5.290000000000206981e+00 1.834095566634574226e+01
5.310000000000206555e+00 1.802025362672820208e+01
5.330000000000206128e+00 1.799041541444954362e+01
5.350000000000205702e+00 1.819556134163059724e+01
5.370000000000205276e+00 1.786008604421700952e+01
5.390000000000204849e+00 1.783743455783866949e+01
5.410000000000204423e+00 1.767817252312887177e+01
5.430000000000203997e+00 1.768252456799827854e+01
5.450000000000203570e+00 1.751246225042601878e+01
5.470000000000203144e+00 1.709035633435564350e+01
5.490000000000202718e+00 1.741392203593124322e+01
5.510000000000202292e+00 1.757267579626500265e+01
5.530000000000201865e+00 1.740251806687993152e+01
5.550000000000201439e+00 1.701344767113122103e+01
5.570000000000201013e+00 1.717327102612950895e+01
5.590000000000200586e+00 1.708413053908215318e+01
5.610000000000200160e+00 1.685738005411317886e+01
5.630000000000199734e+00 1.673946989057854040e+01
5.650000000000199307e+00 1.674814855287060311e+01
5.670000000000198881e+00 1.665527569426258836e+01
5.690000000000198455e+00 1.665578856908922134e+01
5.710000000000198028e+00 1.657507375390467885e+01
5.730000000000197602e+00 1.659951852960965724e+01
5.750000000000197176e+00 1.634155582800275752e+01
5.770000000000196749e+00 1.622092929367341085e+01
5.790000000000196323e+00 1.622453760258328614e+01
5.810000000000195897e+00 1.606585857835999320e+01
5.830000000000195470e+00 1.609233425910524318e+01
5.850000000000195044e+00 1.602850409418904221e+01
5.870000000000194618e+00 1.601971123821673970e+01
5.890000000000194191e+00 1.605252193029397034e+01
5.910000000000193765e+00 1.570239418096155148e+01
5.930000000000193339e+00 1.568156565596513019e+01
5.950000000000192912e+00 1.562453413919022971e+01
5.970000000000192486e+00 1.564402879070862795e+01
5.990000000000192060e+00 1.555777729858396974e+01
6.010000000000191633e+00 1.543810658949345616e+01
6.030000000000191207e+00 1.541474107273008620e+01
6.050000000000190781e+00 1.517841751367078196e+01
6.070000000000190354e+00 1.514962991738131137e+01
6.090000000000189928e+00 1.516680740167285180e+01
6.110000000000189502e+00 1.528708619786775103e+01
6.130000000000189075e+00 1.500795258901687745e+01
6.150000000000188649e+00 1.504691203402729371e+01
6.170000000000188223e+00 1.505395387181015820e+01
6.190000000000187796e+00 1.470504684382826710e+01
6.210000000000187370e+00 1.473397361075731204e+01
6.230000000000186944e+00 1.478163451909340864e+01
6.250000000000186517e+00 1.461232059829557350e+01
6.270000000000186091e+00 1.465678639373530423e+01
6.290000000000185665e+00 1.435681305678825126e+01
6.310000000000185238e+00 1.433817899542596486e+01
6.330000000000184812e+00 1.445537643996891397e+01
6.350000000000184386e+00 1.435361881362356229e+01
6.370000000000183960e+00 1.419209973623548215e+01
6.390000000000183533e+00 1.426179886998188806e+01
6.410000000000183107e+00 1.422635662893219610e+01
6.430000000000182681e+00 1.400101193148728917e+01
6.450000000000182254e+00 1.406572207899596627e+01
6.470000000000181828e+00 1.401244827297058215e+01
6.490000000000181402e+00 1.390585961318554098e+01
6.510000000000180975e+00 1.377385010400957555e+01
6.530000000000180549e+00 1.395645488613222618e+01
6.550000000000180123e+00 1.349358545698282974e+01
6.570000000000179696e+00 1.370914926344919849e+01
6.590000000000179270e+00 1.368948904795853849e+01
6.610000000000178844e+00 1.363557028720003039e+01
6.630000000000178417e+00 1.329008935216431553e+01
6.650000000000177991e+00 1.339367055184710331e+01
6.670000000000177565e+00 1.342264390253373563e+01
6.690000000000177138e+00 1.335315476105803256e+01
6.710000000000176712e+00 1.333687677980421427e+01
6.730000000000176286e+00 1.319481345096391500e+01
6.750000000000175859e+00 1.330218646126554916e+01
6.770000000000175433e+00 1.303831343834844247e+01
6.790000000000175007e+00 1.323008261859183499e+01
6.810000000000174580e+00 1.301819800485931466e+01
6.830000000000174154e+00 1.283794806160874380e+01
6.850000000000173728e+00 1.288026815699422833e+01
6.870000000000173301e+00 1.281085163872158006e+01
6.890000000000172875e+00 1.270741653793399095e+01
6.910000000000172449e+00 1.278805535526020876e+01
6.930000000000172022e+00 1.250072082577593946e+01
6.950000000000171596e+00 1.274632413106988515e+01
6.970000000000171170e+00 1.263292189626143980e+01
6.990000000000170743e+00 1.235094361311299771e+01
7.010000000000170317e+00 1.246166376655157038e+01
7.030000000000169891e+00 1.255198145994093117e+01
7.050000000000169464e+00 1.235203804131579908e+01
7.070000000000169038e+00 1.231382036883662323e+01
7.090000000000168612e+00 1.222343483757855154e+01
7.110000000000168185e+00 1.226250543129654424e+01
7.130000000000167759e+00 1.225297005849600218e+01
7.150000000000167333e+00 1.205399889033008520e+01
7.170000000000166906e+00 1.208259545116276179e+01
7.190000000000166480e+00 1.201435128356025572e+01
7.210000000000166054e+00 1.193440212432280845e+01
7.230000000000165628e+00 1.196779429415355978e+01
7.250000000000165201e+00 1.190802822276115869e+01
7.270000000000164775e+00 1.169810084574377029e+01
7.290000000000164349e+00 1.178919597637396777e+01
7.310000000000163922e+00 1.179686771052418059e+01
7.330000000000163496e+00 1.174541241510408618e+01
7.350000000000163070e+00 1.166639762012795956e+01
7.370000000000162643e+00 1.156987313447018551e+01
7.390000000000162217e+00 1.147477810376554430e+01
7.410000000000161791e+00 1.141488903376110464e+01
7.430000000000161364e+00 1.157728949429416332e+01
7.450000000000160938e+00 1.145805328725243655e+01
7.470000000000160512e+00 1.134252314257186889e+01
7.490000000000160085e+00 1.132754991460030780e+01
7.510000000000159659e+00 1.136606567480672680e+01
7.530000000000159233e+00 1.136538337105715080e+01
7.550000000000158806e+00 1.116615688373783577e+01
7.570000000000158380e+00 1.109112908403038844e+01
7.590000000000157954e+00 1.106459249715829607e+01
7.610000000000157527e+00 1.104303466643182041e+01
7.630000000000157101e+00 1.094086357839488244e+01
7.650000000000156675e+00 1.101725760428068845e+01
7.670000000000156248e+00 1.095482020076014962e+01
7.690000000000155822e+00 1.075190994860924043e+01
7.710000000000155396e+00 1.094885032227596433e+01
7.730000000000154969e+00 1.072325692571046751e+01
7.750000000000154543e+00 1.077856497159382165e+01
7.770000000000154117e+00 1.083250607876603944e+01
7.790000000000153690e+00 1.066061719593004753e+01
7.810000000000153264e+00 1.068591784336887685e+01
7.830000000000152838e+00 1.055965668399604418e+01
7.850000000000152411e+00 1.053599647155201957e+01
7.870000000000151985e+00 1.053831587578505768e+01
7.890000000000151559e+00 1.045985596550622354e+01
7.910000000000151132e+00 1.030059976640316499e+01
7.930000000000150706e+00 1.045527768085441345e+01
7.950000000000150280e+00 1.032671315341505647e+01
7.970000000000149853e+00 1.026237715859732802e+01
7.990000000000149427e+00 1.027837509238448277e+01
8.010000000000149001e+00 1.024478157961739910e+01
8.030000000000148574e+00 1.026121643200456290e+01
8.050000000000148148e+00 1.005000356597096811e+01
8.070000000000147722e+00 1.004176644344998337e+01
8.090000000000147296e+00 1.000050902526067453e+01
8.110000000000146869e+00 9.993389503213570890e+00
8.130000000000146443e+00 9.934047400887385137e+00
8.150000000000146017e+00 9.912131301144210482e+00
8.170000000000145590e+00 9.946492564912949419e+00
8.190000000000145164e+00 9.887937107654584779e+00
8.210000000000144738e+00 9.786327756858407056e+00
8.230000000000144311e+00 9.791946171974281299e+00
8.250000000000143885e+00 9.641097089244910379e+00
8.270000000000143459e+00 9.732673162893856755e+00
8.290000000000143032e+00 9.636475780563658944e+00
8.310000000000142606e+00 9.580315534364993724e+00
8.330000000000142180e+00 9.580465218201300814e+00
8.350000000000141753e+00 9.487984685754399905e+00
8.370000000000141327e+00 9.571411097870353046e+00
8.390000000000140901e+00 9.414649637880527777e+00
8.410000000000140474e+00 9.385204433537451152e+00
8.430000000000140048e+00 9.385059634371945236e+00
8.450000000000139622e+00 9.341973256796965330e+00
8.470000000000139195e+00 9.245093626447667745e+00
8.490000000000138769e+00 9.272197724219017445e+00
8.510000000000138343e+00 9.248714390220873938e+00
8.530000000000137916e+00 9.122808722366823275e+00
8.550000000000137490e+00 9.178747753439900237e+00
8.570000000000137064e+00 9.111300318059212699e+00
8.590000000000136637e+00 9.117905983037477569e+00
8.610000000000136211e+00 8.994999085229727243e+00
8.630000000000135785e+00 8.999236835898352993e+00
8.650000000000135358e+00 8.930546869644608421e+00
8.670000000000134932e+00 8.926274071138241339e+00
8.690000000000134506e+00 8.884760522299769647e+00
8.710000000000134079e+00 8.827663652539042616e+00
8.730000000000133653e+00 8.824277430372672981e+00
8.750000000000133227e+00 8.734807226836824867e+00
8.770000000000132800e+00 8.730219045143460477e+00
8.790000000000132374e+00 8.652446224082776638e+00
8.810000000000131948e+00 8.689565739266397415e+00
8.830000000000131521e+00 8.659126989290573562e+00
8.850000000000131095e+00 8.627683711036638670e+00
8.870000000000130669e+00 8.519262906114253298e+00
8.890000000000130242e+00 8.552074586931929900e+00
8.910000000000129816e+00 8.527578766872595750e+00
8.930000000000129390e+00 8.419325300224805630e+00
8.950000000000128964e+00 8.427559896375584003e+00
8.970000000000128537e+00 8.373028700377094680e+00
8.990000000000128111e+00 8.323779727359095659e+00
9.010000000000127685e+00 8.266314318197450106e+00
9.030000000000127258e+00 8.318115126138442506e+00
9.050000000000126832e+00 8.189619708310917900e+00
9.070000000000126406e+00 8.235690084954997658e+00
9.090000000000125979e+00 8.141352882707558081e+00
9.110000000000125553e+00 8.136981325665091802e+00
9.130000000000125127e+00 8.043053283625031469e+00
9.150000000000124700e+00 8.050844975280924132e+00
9.170000000000124274e+00 8.030334061145939728e+00
9.190000000000123848e+00 7.957198752105501427e+00
9.210000000000123421e+00 7.953561988842238861e+00
9.230000000000122995e+00 7.976799472118641710e+00
9.250000000000122569e+00 7.802437279536801995e+00
9.270000000000122142e+00 7.852910410710923550e+00
9.290000000000121716e+00 7.756771704500869724e+00
9.310000000000121290e+00 7.730041283373686234e+00
9.330000000000120863e+00 7.770821524393787705e+00
9.350000000000120437e+00 7.690518211133987592e+00
9.370000000000120011e+00 7.674448968750488653e+00
9.390000000000119584e+00 7.607890137618806392e+00
9.410000000000119158e+00 7.616393048355601714e+00
9.430000000000118732e+00 7.563003857069385383e+00
9.450000000000118305e+00 7.468783108353289180e+00
9.470000000000117879e+00 7.541943561115126649e+00
9.490000000000117453e+00 7.441048637863906912e+00
9.510000000000117026e+00 7.470464416957470988e+00
9.530000000000116600e+00 7.349893049569384829e+00
9.550000000000116174e+00 7.355887919067920500e+00
9.570000000000115747e+00 7.348681552968631792e+00
9.590000000000115321e+00 7.385189717344434079e+00
9.610000000000114895e+00 7.246674222679452271e+00
9.630000000000114468e+00 7.163694375031074202e+00
9.650000000000114042e+00 7.211705065568468243e+00
9.670000000000113616e+00 7.124076825060128293e+00
9.690000000000113189e+00 7.100602018149512418e+00
9.710000000000112763e+00 7.021435053901838863e+00
9.730000000000112337e+00 7.037974438438777014e+00
9.750000000000111910e+00 7.013545525358046540e+00
9.770000000000111484e+00 7.000422374545022919e+00
9.790000000000111058e+00 6.927790858984108624e+00
9.810000000000110632e+00 6.849042242945459158e+00
9.830000000000110205e+00 6.858189186310821306e+00
9.850000000000109779e+00 6.897264994239503899e+00
9.870000000000109353e+00 6.783701991991571312e+00
9.890000000000108926e+00 6.700050362078193267e+00
9.910000000000108500e+00 6.755477580382401648e+00
9.930000000000108074e+00 6.763586710905482136e+00
9.950000000000107647e+00 6.672782228688294737e+00
9.970000000000107221e+00 6.634043931245685144e+00
9.990000000000106795e+00 6.625369285129417030e+00
1.001000000000010637e+01 6.603094085127283464e+00
1.003000000000010594e+01 6.563199002402369864e+00
1.005000000000010552e+01 6.487517110889023719e+00
1.007000000000010509e+01 6.571956469954793434e+00
1.009000000000010466e+01 6.429309510658778315e+00
1.011000000000010424e+01 6.408558703198086626e+00
1.013000000000010381e+01 6.392279998728844781e+00
1.015000000000010338e+01 6.326616791817890828e+00
1.017000000000010296e+01 6.327605275158261655e+00
1.019000000000010253e+01 6.302526233315701276e+00
1.021000000000010210e+01 6.206598583673528680e+00
1.023000000000010168e+01 6.296744490630930002e+00
1.025000000000010125e+01 6.140613748140388850e+00
1.027000000000010083e+01 6.172017377389496851e+00
1.029000000000010040e+01 6.130643201072619064e+00
1.031000000000009997e+01 6.134732423227684528e+00
1.033000000000009955e+01 6.031198209046909398e+00
1.035000000000009912e+01 6.032308200843789159e+00
1.037000000000009869e+01 5.992333273761052403e+00
1.039000000000009827e+01 5.982667563992845494e+00
1.041000000000009784e+01 5.991986824489367258e+00
1.043000000000009742e+01 5.947203196567710570e+00
1.045000000000009699e+01 5.903022324113339714e+00
1.047000000000009656e+01 5.872414513577394857e+00
1.049000000000009614e+01 5.861059437854664544e+00
1.051000000000009571e+01 5.779693945881988704e+00
1.053000000000009528e+01 5.790453169150369561e+00
1.055000000000009486e+01 5.741748945525807279e+00
1.057000000000009443e+01 5.708930453311523934e+00
1.059000000000009400e+01 5.688816052472455809e+00
1.061000000000009358e+01 5.658515286097433261e+00
1.063000000000009315e+01 5.664170898175917124e+00
1.065000000000009273e+01 5.574040623410893680e+00
1.067000000000009230e+01 5.548931512800487909e+00
1.069000000000009187e+01 5.533215993588095571e+00
1.071000000000009145e+01 5.450499662091619513e+00
1.073000000000009102e+01 5.451849716463905260e+00
1.075000000000009059e+01 5.464943601989680211e+00
1.077000000000009017e+01 5.405795233967329416e+00
1.079000000000008974e+01 5.379003478596382060e+00
1.081000000000008932e+01 5.355100661421734465e+00
1.083000000000008889e+01 5.320306349542758717e+00
1.085000000000008846e+01 5.267448810204919951e+00
1.087000000000008804e+01 5.341663223757314505e+00
1.089000000000008761e+01 5.211155967578942949e+00
1.091000000000008718e+01 5.281398797982772564e+00
1.093000000000008676e+01 5.177964030173766830e+00
1.095000000000008633e+01 5.127693430811866904e+00
1.097000000000008590e+01 5.176505656548144430e+00
1.099000000000008548e+01 5.106973410899777299e+00
1.101000000000008505e+01 5.084051214940243035e+00
1.103000000000008463e+01 5.077662410590075837e+00
1.105000000000008420e+01 5.010052726297851144e+00
1.107000000000008377e+01 4.987544400045010207e+00
1.109000000000008335e+01 4.955116007488181040e+00
1.111000000000008292e+01 4.932699788699280496e+00
1.113000000000008249e+01 4.868027334775159254e+00
1.115000000000008207e+01 4.898755545900872477e+00
1.117000000000008164e+01 4.836868241544436842e+00
1.119000000000008122e+01 4.850846204045082821e+00
1.121000000000008079e+01 4.825052981922671513e+00
1.123000000000008036e+01 4.764936452180999815e+00
1.125000000000007994e+01 4.716210700320544902e+00
1.127000000000007951e+01 4.740580768655267896e+00
1.129000000000007908e+01 4.685292626262130611e+00
1.131000000000007866e+01 4.682506403413866813e+00
1.133000000000007823e+01 4.654429256997542730e+00
1.135000000000007780e+01 4.640162984324192941e+00
1.137000000000007738e+01 4.582892716013106771e+00
1.139000000000007695e+01 4.573371179071279435e+00
1.141000000000007653e+01 4.532193868430868910e+00
1.143000000000007610e+01 4.510519643525848998e+00
1.145000000000007567e+01 4.537301214497675872e+00
1.147000000000007525e+01 4.417824142538112397e+00
1.149000000000007482e+01 4.443550266424559858e+00
1.151000000000007439e+01 4.410465400502607380e+00
1.153000000000007397e+01 4.364360342624432398e+00
1.155000000000007354e+01 4.335250506499931156e+00
1.157000000000007311e+01 4.320542725966291187e+00
1.159000000000007269e+01 4.299592846332655149e+00
1.161000000000007226e+01 4.272476516794204926e+00
1.163000000000007184e+01 4.216150736611760763e+00
1.165000000000007141e+01 4.246891778509098714e+00
1.167000000000007098e+01 4.210375618156003696e+00
1.169000000000007056e+01 4.185327094716749130e+00
1.171000000000007013e+01 4.134730847501315587e+00
1.173000000000006970e+01 4.136551738050672000e+00
1.175000000000006928e+01 4.113030461027018525e+00
1.177000000000006885e+01 4.107428479056847159e+00
1.179000000000006843e+01 4.064373654155954974e+00
1.181000000000006800e+01 4.029938121229429626e+00
1.183000000000006757e+01 3.999054748315055363e+00
1.185000000000006715e+01 3.976273222386003336e+00
1.187000000000006672e+01 3.959506923539221290e+00
1.189000000000006629e+01 3.940394960560945847e+00
1.191000000000006587e+01 3.896095731568317788e+00
1.193000000000006544e+01 3.876047967861191879e+00
1.195000000000006501e+01 3.821578714731597159e+00
1.197000000000006459e+01 3.845463129384586676e+00
1.199000000000006416e+01 3.788166122845012751e+00
1.201000000000006374e+01 3.796303280476353237e+00
1.203000000000006331e+01 3.715286411247082921e+00
1.205000000000006288e+01 3.681942278076117958e+00
1.207000000000006246e+01 3.738231934503202680e+00
1.209000000000006203e+01 3.642736970262228091e+00
1.211000000000006160e+01 3.665961572503454668e+00
1.213000000000006118e+01 3.645739725868399894e+00
1.215000000000006075e+01 3.618190389726739564e+00
1.217000000000006033e+01 3.631704458098337085e+00
1.219000000000005990e+01 3.623666317505796819e+00
1.221000000000005947e+01 3.530011074576933083e+00
1.223000000000005905e+01 3.523641029778175948e+00
1.225000000000005862e+01 3.511945381259750754e+00
1.227000000000005819e+01 3.461112775358101246e+00
1.229000000000005777e+01 3.453588824947856128e+00
1.231000000000005734e+01 3.431746988823695776e+00
1.233000000000005691e+01 3.400566190872151839e+00
1.235000000000005649e+01 3.357721910171177715e+00
1.237000000000005606e+01 3.345888119482065104e+00
1.239000000000005564e+01 3.253177618729099940e+00
1.241000000000005521e+01 3.330233214386979501e+00
1.243000000000005478e+01 3.237409484149434746e+00
1.245000000000005436e+01 3.303216260101943469e+00
1.247000000000005393e+01 3.237274398606925452e+00
1.249000000000005350e+01 3.166142922179273622e+00
1.251000000000005308e+01 3.180092520619252738e+00
1.253000000000005265e+01 3.191570344157513617e+00
1.255000000000005222e+01 3.199457729097086478e+00
1.257000000000005180e+01 3.079798789507944612e+00
1.259000000000005137e+01 3.079394001429001548e+00
1.261000000000005095e+01 3.102013069475491047e+00
1.263000000000005052e+01 3.096393011827219155e+00
1.265000000000005009e+01 2.996241009172058156e+00
1.267000000000004967e+01 3.000039475644975973e+00
1.269000000000004924e+01 3.022715634408783103e+00
1.271000000000004881e+01 2.939743051970467480e+00
1.273000000000004839e+01 2.869216241839764869e+00
1.275000000000004796e+01 2.923385732384536251e+00
1.277000000000004754e+01 2.858385634936827291e+00
1.279000000000004711e+01 2.800656287983013026e+00
1.281000000000004668e+01 2.845210330497268902e+00
1.283000000000004626e+01 2.782395484821287734e+00
1.285000000000004583e+01 2.706434088972835994e+00
1.287000000000004540e+01 2.717245259635312049e+00
1.289000000000004498e+01 2.756218250579665519e+00
1.291000000000004455e+01 2.684044902775788000e+00
1.293000000000004412e+01 2.676204389693069619e+00
1.295000000000004370e+01 2.590704122823886735e+00
1.297000000000004327e+01 2.635353007297279504e+00
1.299000000000004285e+01 2.610156595110430633e+00
1.301000000000004242e+01 2.564131059739066743e+00
1.303000000000004199e+01 2.541559152724290893e+00
1.305000000000004157e+01 2.547476453433741295e+00
1.307000000000004114e+01 2.515792492834873606e+00
1.309000000000004071e+01 2.506795431830949106e+00
1.311000000000004029e+01 2.436434233773011382e+00
1.313000000000003986e+01 2.413964521282628617e+00
1.315000000000003944e+01 2.365364521315347357e+00
1.317000000000003901e+01 2.395485716580335822e+00
1.319000000000003858e+01 2.335575538059741607e+00
1.321000000000003816e+01 2.349614864731288222e+00
1.323000000000003773e+01 2.300051029467135688e+00
1.325000000000003730e+01 2.297229286184338637e+00
1.327000000000003688e+01 2.253528158813334681e+00
1.329000000000003645e+01 2.211334067022233008e+00
1.331000000000003602e+01 2.206612075937774531e+00
1.333000000000003560e+01 2.171356315073193599e+00
1.335000000000003517e+01 2.102478357951542254e+00
1.337000000000003475e+01 2.109258042077660100e+00
1.339000000000003432e+01 2.085104788562158973e+00
1.341000000000003389e+01 2.062221165526529454e+00
1.343000000000003347e+01 1.985704182513225113e+00
1.345000000000003304e+01 1.996097919916397290e+00
1.347000000000003261e+01 1.961320073478191706e+00
1.349000000000003219e+01 1.983842482061782375e+00
1.351000000000003176e+01 1.938979861644011260e+00
1.353000000000003133e+01 1.895908991881373629e+00
1.355000000000003091e+01 1.874299165786602384e+00
1.357000000000003048e+01 1.839564261547472102e+00
1.359000000000003006e+01 1.789712619432601848e+00
1.361000000000002963e+01 1.776833688880837814e+00
1.363000000000002920e+01 1.769825947810477418e+00
1.365000000000002878e+01 1.736288324132196248e+00
1.367000000000002835e+01 1.721131080774651156e+00
1.369000000000002792e+01 1.654505437469068196e+00
1.371000000000002750e+01 1.639880862638949388e+00
1.373000000000002707e+01 1.630226643408429821e+00
1.375000000000002665e+01 1.613870699237758055e+00
1.377000000000002622e+01 1.574671012327163666e+00
1.379000000000002579e+01 1.521595229340425348e+00
1.381000000000002537e+01 1.517801270198215313e+00
1.383000000000002494e+01 1.454493182139576346e+00
1.385000000000002451e+01 1.443951111673543064e+00
1.387000000000002409e+01 1.422207787253192857e+00
1.389000000000002366e+01 1.377635808143379492e+00
1.391000000000002323e+01 1.328349772526485673e+00
1.393000000000002281e+01 1.316442555367150380e+00
1.395000000000002238e+01 1.255105858236157168e+00
1.397000000000002196e+01 1.218114346161052186e+00
1.399000000000002153e+01 1.199295015241992113e+00
1.401000000000002110e+01 1.156765121880429792e+00
1.403000000000002068e+01 1.136566329550457111e+00
1.405000000000002025e+01 1.148146027793905954e+00
1.407000000000001982e+01 1.111763235373600889e+00
1.409000000000001940e+01 1.108813595076428848e+00
1.411000000000001897e+01 1.080238249984561527e+00
1.413000000000001855e+01 1.022380016280687531e+00
1.415000000000001812e+01 1.019852196509772879e+00
1.417000000000001769e+01 9.608636782335653326e-01
1.419000000000001727e+01 9.531626379696910289e-01
1.421000000000001684e+01 9.236499984991694001e-01
1.423000000000001641e+01 9.307977209995330625e-01
1.425000000000001599e+01 8.878075101718095885e-01
1.427000000000001556e+01 8.647971195227962538e-01
1.429000000000001513e+01 8.646019916847896836e-01
1.431000000000001471e+01 8.524182217846848486e-01
1.433000000000001428e+01 8.118177430192151656e-01
1.435000000000001386e+01 8.082174116158696853e-01
1.437000000000001343e+01 7.700297033011263004e-01
1.439000000000001300e+01 7.727963338618347722e-01
1.441000000000001258e+01 7.232583512426552508e-01
1.443000000000001215e+01 7.011430666827233038e-01
1.445000000000001172e+01 6.855424623145375262e-01
1.447000000000001130e+01 6.609098807670273912e-01
1.449000000000001087e+01 6.446582810898835447e-01
1.451000000000001044e+01 6.114521449524826791e-01
1.453000000000001002e+01 5.982371440191585066e-01
1.455000000000000959e+01 5.893251840792106400e-01
1.457000000000000917e+01 4.999865460438007725e-01
1.459000000000000874e+01 3.769393219614015633e-01
1.461000000000000831e+01 1.880969883555221878e-01
1.463000000000000789e+01 5.999820822819939420e-02
1.465000000000000746e+01 5.599237986842363866e-03
1.467000000000000703e+01 5.464369595393190650e-03
1.469000000000000661e+01 5.445091827401648057e-03
1.471000000000000618e+01 0.000000000000000000e+00
1.473000000000000576e+01 0.000000000000000000e+00
1.475000000000000533e+01 0.000000000000000000e+00
1.477000000000000490e+01 0.000000000000000000e+00
1.479000000000000448e+01 0.000000000000000000e+00
1.481000000000000405e+01 0.000000000000000000e+00
1.483000000000000362e+01 0.000000000000000000e+00
1.485000000000000320e+01 0.000000000000000000e+00
1.487000000000000277e+01 0.000000000000000000e+00
1.489000000000000234e+01 0.000000000000000000e+00
1.491000000000000192e+01 0.000000000000000000e+00
1.493000000000000149e+01 0.000000000000000000e+00
1.495000000000000107e+01 0.000000000000000000e+00
1.497000000000000064e+01 0.000000000000000000e+00
1.499000000000000021e+01 0.000000000000000000e+00
