# Redshift		Merger Rate Density [Gpc^-3yr^-1]
1.000000000031931770e-02 3.766929567068019846e+00
3.000000000031888964e-02 3.916165962010768276e+00
5.000000000031846331e-02 4.159873522665058054e+00
7.000000000031804392e-02 4.125682892038405214e+00
9.000000000031761760e-02 4.235887241043877260e+00
1.100000000003171913e-01 4.371217984844030013e+00
1.300000000003167511e-01 4.373351318290045420e+00
1.500000000003163247e-01 4.597119840934575485e+00
1.700000000003158984e-01 4.656322227506640488e+00
1.900000000003154721e-01 4.803559271319313595e+00
2.100000000003150458e-01 5.104502056546397881e+00
2.300000000003146194e-01 5.216289625180266398e+00
2.500000000003141931e-01 5.153608183488048944e+00
2.700000000003137668e-01 5.323748527221235705e+00
2.900000000003133405e-01 5.424551556043785361e+00
3.100000000003129141e-01 5.503875769089501269e+00
3.300000000003124878e-01 5.656628030338707092e+00
3.500000000003120615e-01 5.536444320866302782e+00
3.700000000003116352e-01 5.964516927739081709e+00
3.900000000003112088e-01 6.031059804811067515e+00
4.100000000003107825e-01 6.171223076689815734e+00
4.300000000003103562e-01 6.258895112661755356e+00
4.500000000003099299e-01 6.463859612985753955e+00
4.700000000003095035e-01 6.459521268333388022e+00
4.900000000003090772e-01 6.858803358878177825e+00
5.100000000003086509e-01 6.801806866279783037e+00
5.300000000003082246e-01 6.941340677843872875e+00
5.500000000003077982e-01 6.980542530526888001e+00
5.700000000003073719e-01 7.154633694748815387e+00
5.900000000003069456e-01 7.383371727859578293e+00
6.100000000003065193e-01 7.430894259075165209e+00
6.300000000003060929e-01 7.423032533482402329e+00
6.500000000003056666e-01 7.205760850482081814e+00
6.700000000003052403e-01 7.698719792451819366e+00
6.900000000003048140e-01 7.316689345775873043e+00
7.100000000003043876e-01 7.337219343026346152e+00
7.300000000003039613e-01 7.677438582877271323e+00
7.500000000003035350e-01 7.644752971480963666e+00
7.700000000003031086e-01 7.529773485651757525e+00
7.900000000003026823e-01 8.173469896572113313e+00
8.100000000003022560e-01 7.932312362021574970e+00
8.300000000003018297e-01 8.121900920062735452e+00
8.500000000003014033e-01 8.306943813668899779e+00
8.700000000003009770e-01 8.544700514899604471e+00
8.900000000003005507e-01 8.545002957162628476e+00
9.100000000003001244e-01 8.608644985296562524e+00
9.300000000002996980e-01 8.721154297723424875e+00
9.500000000002992717e-01 9.161014196555671063e+00
9.700000000002988454e-01 8.893922108689555017e+00
9.900000000002984191e-01 9.281923116650329320e+00
1.010000000000297993e+00 9.486501137183280363e+00
1.030000000000297566e+00 9.576195787565330519e+00
1.050000000000297140e+00 9.858132374959852839e+00
1.070000000000296714e+00 9.824550187979406601e+00
1.090000000000296287e+00 9.957976168698104757e+00
1.110000000000295861e+00 1.025597098906316518e+01
1.130000000000295435e+00 1.031731118960686189e+01
1.150000000000295008e+00 1.038116365064787416e+01
1.170000000000294582e+00 1.067745938259915128e+01
1.190000000000294156e+00 1.094102236938148742e+01
1.210000000000293729e+00 1.128024675315190350e+01
1.230000000000293303e+00 1.103516233578765871e+01
1.250000000000292877e+00 1.144440777578948243e+01
1.270000000000292451e+00 1.123579947201391427e+01
1.290000000000292024e+00 1.175960029205784352e+01
1.310000000000291598e+00 1.196900152488919211e+01
1.330000000000291172e+00 1.170067494209216541e+01
1.350000000000290745e+00 1.222610441543581672e+01
1.370000000000290319e+00 1.227316812937347024e+01
1.390000000000289893e+00 1.248370537849606521e+01
1.410000000000289466e+00 1.241504316629658788e+01
1.430000000000289040e+00 1.268419742892889523e+01
1.450000000000288614e+00 1.289906321584529003e+01
1.470000000000288187e+00 1.312244303858221350e+01
1.490000000000287761e+00 1.310979283876537060e+01
1.510000000000287335e+00 1.342945202914039982e+01
1.530000000000286908e+00 1.345873052917584189e+01
1.550000000000286482e+00 1.345231523854643463e+01
1.570000000000286056e+00 1.400047653943190085e+01
1.590000000000285629e+00 1.401601660449573394e+01
1.610000000000285203e+00 1.401853187542525525e+01
1.630000000000284777e+00 1.417928286849087272e+01
1.650000000000284350e+00 1.421939853973662871e+01
1.670000000000283924e+00 1.471176191113371878e+01
1.690000000000283498e+00 1.424810477384982121e+01
1.710000000000283071e+00 1.470339655982973071e+01
1.730000000000282645e+00 1.487806657475680616e+01
1.750000000000282219e+00 1.499268639270835379e+01
1.770000000000281792e+00 1.489335683784436171e+01
1.790000000000281366e+00 1.519166000181573573e+01
1.810000000000280940e+00 1.477970914209826603e+01
1.830000000000280513e+00 1.563796148647999118e+01
1.850000000000280087e+00 1.483359255382531039e+01
1.870000000000279661e+00 1.582622117690690366e+01
1.890000000000279234e+00 1.517378841541661849e+01
1.910000000000278808e+00 1.550395448232298712e+01
1.930000000000278382e+00 1.559181979787977035e+01
1.950000000000277955e+00 1.552525089140502779e+01
1.970000000000277529e+00 1.551711402923352168e+01
1.990000000000277103e+00 1.628839712146803365e+01
2.010000000000276899e+00 1.547547745628785876e+01
2.030000000000276472e+00 1.596317838125476563e+01
2.050000000000276046e+00 1.620571646769237972e+01
2.070000000000275620e+00 1.604027696706435435e+01
2.090000000000275193e+00 1.580946275547870528e+01
2.110000000000274767e+00 1.648194201692895433e+01
2.130000000000274341e+00 1.600007775853660874e+01
2.150000000000273914e+00 1.622055044547258618e+01
2.170000000000273488e+00 1.632051194626599155e+01
2.190000000000273062e+00 1.611216121889043862e+01
2.210000000000272635e+00 1.659523668156047549e+01
2.230000000000272209e+00 1.621278223224835813e+01
2.250000000000271783e+00 1.635871581922568296e+01
2.270000000000271356e+00 1.635713653751582441e+01
2.290000000000270930e+00 1.628319300238118927e+01
2.310000000000270504e+00 1.653596191307428143e+01
2.330000000000270077e+00 1.649727639942106094e+01
2.350000000000269651e+00 1.651118900013315738e+01
2.370000000000269225e+00 1.633314760482937089e+01
2.390000000000268798e+00 1.653378862595313237e+01
2.410000000000268372e+00 1.667696758518225764e+01
2.430000000000267946e+00 1.673742311629527890e+01
2.450000000000267519e+00 1.654196689850753899e+01
2.470000000000267093e+00 1.645208523908554810e+01
2.490000000000266667e+00 1.648881525815609450e+01
2.510000000000266240e+00 1.671835034608043102e+01
2.530000000000265814e+00 1.648380805593212628e+01
2.550000000000265388e+00 1.669005064468981203e+01
2.570000000000264961e+00 1.643708607092656138e+01
2.590000000000264535e+00 1.652355926147822629e+01
2.610000000000264109e+00 1.642798993073069269e+01
2.630000000000263682e+00 1.653780496424137780e+01
2.650000000000263256e+00 1.660538022282115023e+01
2.670000000000262830e+00 1.636681938421964588e+01
2.690000000000262403e+00 1.712706989378018463e+01
2.710000000000261977e+00 1.629481624455584665e+01
2.730000000000261551e+00 1.650313707168905353e+01
2.750000000000261124e+00 1.632943136734442646e+01
2.770000000000260698e+00 1.636788933243222388e+01
2.790000000000260272e+00 1.613065197117526495e+01
2.810000000000259845e+00 1.632994993189773680e+01
2.830000000000259419e+00 1.636227742530306628e+01
2.850000000000258993e+00 1.607378128518399407e+01
2.870000000000258567e+00 1.635160265971660820e+01
2.890000000000258140e+00 1.608394870963033085e+01
2.910000000000257714e+00 1.582316628512084122e+01
2.930000000000257288e+00 1.598870015724634541e+01
2.950000000000256861e+00 1.596612437615598523e+01
2.970000000000256435e+00 1.618647880223382174e+01
2.990000000000256009e+00 1.610577418595650201e+01
3.010000000000255582e+00 1.560794525643957797e+01
3.030000000000255156e+00 1.584178838135770384e+01
3.050000000000254730e+00 1.555536880231899133e+01
3.070000000000254303e+00 1.586621197475549216e+01
3.090000000000253877e+00 1.539353597844223742e+01
3.110000000000253451e+00 1.561421298941843361e+01
3.130000000000253024e+00 1.567618527331781841e+01
3.150000000000252598e+00 1.524744487022526940e+01
3.170000000000252172e+00 1.538233373554872863e+01
3.190000000000251745e+00 1.516300316769324574e+01
3.210000000000251319e+00 1.521973994036647504e+01
3.230000000000250893e+00 1.552058652909983927e+01
3.250000000000250466e+00 1.520291138308840750e+01
3.270000000000250040e+00 1.498204397495392648e+01
3.290000000000249614e+00 1.513710680224348515e+01
3.310000000000249187e+00 1.491556150195479979e+01
3.330000000000248761e+00 1.477278030060696246e+01
3.350000000000248335e+00 1.499648391890823085e+01
3.370000000000247908e+00 1.487181838274148404e+01
3.390000000000247482e+00 1.483563537232435081e+01
3.410000000000247056e+00 1.462046901673484278e+01
3.430000000000246629e+00 1.476061545341060111e+01
3.450000000000246203e+00 1.447081081222754584e+01
3.470000000000245777e+00 1.441277204675079382e+01
3.490000000000245350e+00 1.433406631893159577e+01
3.510000000000244924e+00 1.425677958434472714e+01
3.530000000000244498e+00 1.445651373481686797e+01
3.550000000000244071e+00 1.410940521460227259e+01
3.570000000000243645e+00 1.451920324062117551e+01
3.590000000000243219e+00 1.391658349988040477e+01
3.610000000000242792e+00 1.411900645838430890e+01
3.630000000000242366e+00 1.388298171411662985e+01
3.650000000000241940e+00 1.373493946355245043e+01
3.670000000000241513e+00 1.416519001567939817e+01
3.690000000000241087e+00 1.371183048366431656e+01
3.710000000000240661e+00 1.376743677912778097e+01
3.730000000000240234e+00 1.354932397249146270e+01
3.750000000000239808e+00 1.334401215476987446e+01
3.770000000000239382e+00 1.356974210511287104e+01
3.790000000000238956e+00 1.343346571358660668e+01
3.810000000000238529e+00 1.320707010142790772e+01
3.830000000000238103e+00 1.340326041650866884e+01
3.850000000000237677e+00 1.291827269102351572e+01
3.870000000000237250e+00 1.325650811060402567e+01
3.890000000000236824e+00 1.291941436659131170e+01
3.910000000000236398e+00 1.301683301562247053e+01
3.930000000000235971e+00 1.295907031955131217e+01
3.950000000000235545e+00 1.272275647747488847e+01
3.970000000000235119e+00 1.259107901450456346e+01
3.990000000000234692e+00 1.269602147472937581e+01
4.010000000000234266e+00 1.267759845956606135e+01
4.030000000000233840e+00 1.227026134375522126e+01
4.050000000000233413e+00 1.251901584875470164e+01
4.070000000000232987e+00 1.232823808962618095e+01
4.090000000000232561e+00 1.205276962442829358e+01
4.110000000000232134e+00 1.210295495803450905e+01
4.130000000000231708e+00 1.213549351708851098e+01
4.150000000000231282e+00 1.225259734438611048e+01
4.170000000000230855e+00 1.196844695312829643e+01
4.190000000000230429e+00 1.169071059890952924e+01
4.210000000000230003e+00 1.176959839125550822e+01
4.230000000000229576e+00 1.149568163564203260e+01
4.250000000000229150e+00 1.169979485346549275e+01
4.270000000000228724e+00 1.157783872142095838e+01
4.290000000000228297e+00 1.130224705117157491e+01
4.310000000000227871e+00 1.134625090205194908e+01
4.330000000000227445e+00 1.135626448262891230e+01
4.350000000000227018e+00 1.105162249430707710e+01
4.370000000000226592e+00 1.128839242162937850e+01
4.390000000000226166e+00 1.118567315585606892e+01
4.410000000000225739e+00 1.118818694584666495e+01
4.430000000000225313e+00 1.076371482524815093e+01
4.450000000000224887e+00 1.077653641322801903e+01
4.470000000000224460e+00 1.094923002160764902e+01
4.490000000000224034e+00 1.075264403928697377e+01
4.510000000000223608e+00 1.051142611183054498e+01
4.530000000000223181e+00 1.058368906433852175e+01
4.550000000000222755e+00 1.050897073257835324e+01
4.570000000000222329e+00 1.058603820599020651e+01
4.590000000000221902e+00 1.018005308930959529e+01
4.610000000000221476e+00 1.032195358447268063e+01
4.630000000000221050e+00 1.014965279588377989e+01
4.650000000000220624e+00 9.971409034432088703e+00
4.670000000000220197e+00 1.005580377424638350e+01
4.690000000000219771e+00 9.999502406799589238e+00
4.710000000000219345e+00 9.753438385207765293e+00
4.730000000000218918e+00 9.799816152597200514e+00
4.750000000000218492e+00 9.691377938593564778e+00
4.770000000000218066e+00 9.654296504781248345e+00
4.790000000000217639e+00 9.559656063696426287e+00
4.810000000000217213e+00 9.440610210619096776e+00
4.830000000000216787e+00 9.516149976547685796e+00
4.850000000000216360e+00 9.362537163132799378e+00
4.870000000000215934e+00 9.272294826057674300e+00
4.890000000000215508e+00 9.302021974938137205e+00
4.910000000000215081e+00 9.009273110777641591e+00
4.930000000000214655e+00 8.968038776723496142e+00
4.950000000000214229e+00 8.906467404403340282e+00
4.970000000000213802e+00 9.012034582240296743e+00
4.990000000000213376e+00 8.673804707248301327e+00
5.010000000000212950e+00 8.931847008950613898e+00
5.030000000000212523e+00 8.799933225581821006e+00
5.050000000000212097e+00 8.697787121171957736e+00
5.070000000000211671e+00 8.422827793678527186e+00
5.090000000000211244e+00 8.454199014095493681e+00
5.110000000000210818e+00 8.451296212149557618e+00
5.130000000000210392e+00 8.369391888544447156e+00
5.150000000000209965e+00 8.127239159737344565e+00
5.170000000000209539e+00 8.248151429714241090e+00
5.190000000000209113e+00 8.150648244623495131e+00
5.210000000000208686e+00 8.121418546658205173e+00
5.230000000000208260e+00 8.120609145761667591e+00
5.250000000000207834e+00 7.774189645121332148e+00
5.270000000000207407e+00 7.740060094971219051e+00
5.290000000000206981e+00 7.827191806631897286e+00
5.310000000000206555e+00 7.787086280845454844e+00
5.330000000000206128e+00 7.698147769617388114e+00
5.350000000000205702e+00 7.634983705600531856e+00
5.370000000000205276e+00 7.455940135930918977e+00
5.390000000000204849e+00 7.603366222828915610e+00
5.410000000000204423e+00 7.310560353881126794e+00
5.430000000000203997e+00 7.172107554278330355e+00
5.450000000000203570e+00 7.261639786046319323e+00
5.470000000000203144e+00 7.148039764848769018e+00
5.490000000000202718e+00 6.930293280722765736e+00
5.510000000000202292e+00 7.043614744656518489e+00
5.530000000000201865e+00 6.881620977369788505e+00
5.550000000000201439e+00 6.938943678775679302e+00
5.570000000000201013e+00 6.888812603400549683e+00
5.590000000000200586e+00 6.741707129905867291e+00
5.610000000000200160e+00 6.686653205220399521e+00
5.630000000000199734e+00 6.600407475550087000e+00
5.650000000000199307e+00 6.601549287503771346e+00
5.670000000000198881e+00 6.550421969318487747e+00
5.690000000000198455e+00 6.434698944491942463e+00
5.710000000000198028e+00 6.444163960280072878e+00
5.730000000000197602e+00 6.322948266255053795e+00
5.750000000000197176e+00 6.420879823068371017e+00
5.770000000000196749e+00 6.097188376058858772e+00
5.790000000000196323e+00 6.137158630238598533e+00
5.810000000000195897e+00 5.995046611403398451e+00
5.830000000000195470e+00 5.976809945151956072e+00
5.850000000000195044e+00 6.002737687958913604e+00
5.870000000000194618e+00 5.873505554585308985e+00
5.890000000000194191e+00 5.839976367736448459e+00
5.910000000000193765e+00 5.813251851927165426e+00
5.930000000000193339e+00 5.682240799612764626e+00
5.950000000000192912e+00 5.654366912775141252e+00
5.970000000000192486e+00 5.511374651321623297e+00
5.990000000000192060e+00 5.495633720744659279e+00
6.010000000000191633e+00 5.428785120702851685e+00
6.030000000000191207e+00 5.394611036112303637e+00
6.050000000000190781e+00 5.402761224258544104e+00
6.070000000000190354e+00 5.320791674375746183e+00
6.090000000000189928e+00 5.212766951118608105e+00
6.110000000000189502e+00 5.208570081361017401e+00
6.130000000000189075e+00 5.156785653099349886e+00
6.150000000000188649e+00 5.055568298576265107e+00
6.170000000000188223e+00 5.071183080015062572e+00
6.190000000000187796e+00 5.040304277774059649e+00
6.210000000000187370e+00 4.917863436569747115e+00
6.230000000000186944e+00 4.726166283090071474e+00
6.250000000000186517e+00 4.969377820462723250e+00
6.270000000000186091e+00 4.824961333785742212e+00
6.290000000000185665e+00 4.756760658008367670e+00
6.310000000000185238e+00 4.667744768499794361e+00
6.330000000000184812e+00 4.552008141398450114e+00
6.350000000000184386e+00 4.625612808618658534e+00
6.370000000000183960e+00 4.418068431029766430e+00
6.390000000000183533e+00 4.513504292430590148e+00
6.410000000000183107e+00 4.463775552849860162e+00
6.430000000000182681e+00 4.372284908409716842e+00
6.450000000000182254e+00 4.397391003453954283e+00
6.470000000000181828e+00 4.300287970927477943e+00
6.490000000000181402e+00 4.262173180074405821e+00
6.510000000000180975e+00 4.241127984831286390e+00
6.530000000000180549e+00 4.256336903323118648e+00
6.550000000000180123e+00 4.070756780703306710e+00
6.570000000000179696e+00 4.117894448565876608e+00
6.590000000000179270e+00 4.099168512198687608e+00
6.610000000000178844e+00 4.000428804258342907e+00
6.630000000000178417e+00 4.036352916168359783e+00
6.650000000000177991e+00 3.969839550868927702e+00
6.670000000000177565e+00 3.853196025043895023e+00
6.690000000000177138e+00 3.838207427759630530e+00
6.710000000000176712e+00 3.770749913215877047e+00
6.730000000000176286e+00 3.816220125121578377e+00
6.750000000000175859e+00 3.732392978532582895e+00
6.770000000000175433e+00 3.780973977584832557e+00
6.790000000000175007e+00 3.650287232580867514e+00
6.810000000000174580e+00 3.548922369657192100e+00
6.830000000000174154e+00 3.620620293264303680e+00
6.850000000000173728e+00 3.601994992238433557e+00
6.870000000000173301e+00 3.535965195750084611e+00
6.890000000000172875e+00 3.455499269674715102e+00
6.910000000000172449e+00 3.461605713764325021e+00
6.930000000000172022e+00 3.519575000102044271e+00
6.950000000000171596e+00 3.380688127768764595e+00
6.970000000000171170e+00 3.346612958938195437e+00
6.990000000000170743e+00 3.426202161001192792e+00
7.010000000000170317e+00 3.356819010367981360e+00
7.030000000000169891e+00 3.250331693614691098e+00
7.050000000000169464e+00 3.251032536097217651e+00
7.070000000000169038e+00 3.250122725471777496e+00
7.090000000000168612e+00 3.160285787674379065e+00
7.110000000000168185e+00 3.231627623991660148e+00
7.130000000000167759e+00 3.191102643799882177e+00
7.150000000000167333e+00 3.193722699949506527e+00
7.170000000000166906e+00 3.184987457958238455e+00
7.190000000000166480e+00 3.118714791260502661e+00
7.210000000000166054e+00 3.066104606114591569e+00
7.230000000000165628e+00 3.078159750529645411e+00
7.250000000000165201e+00 3.009687533906674428e+00
7.270000000000164775e+00 3.030883078036169742e+00
7.290000000000164349e+00 3.022788707577741540e+00
7.310000000000163922e+00 3.009637963661843330e+00
7.330000000000163496e+00 3.054667072206210143e+00
7.350000000000163070e+00 2.922734089279614977e+00
7.370000000000162643e+00 2.987205076112915414e+00
7.390000000000162217e+00 2.914839476656667649e+00
7.410000000000161791e+00 2.849317978213848690e+00
7.430000000000161364e+00 2.898285983802933785e+00
7.450000000000160938e+00 2.893072474770209901e+00
7.470000000000160512e+00 2.960534310004286684e+00
7.490000000000160085e+00 2.856912774216957995e+00
7.510000000000159659e+00 2.868008592700448389e+00
7.530000000000159233e+00 2.835460608078789413e+00
7.550000000000158806e+00 2.752384174226052860e+00
7.570000000000158380e+00 2.748862528459111054e+00
7.590000000000157954e+00 2.796484128136677683e+00
7.610000000000157527e+00 2.777219197881970913e+00
7.630000000000157101e+00 2.819942417063223683e+00
7.650000000000156675e+00 2.726190670534869742e+00
7.670000000000156248e+00 2.747623344754718033e+00
7.690000000000155822e+00 2.708952249639362986e+00
7.710000000000155396e+00 2.751638557045949174e+00
7.730000000000154969e+00 2.696909769398360357e+00
7.750000000000154543e+00 2.722005391865873314e+00
7.770000000000154117e+00 2.659294643672513114e+00
7.790000000000153690e+00 2.649486885608079323e+00
7.810000000000153264e+00 2.698209887519103400e+00
7.830000000000152838e+00 2.608179690996452749e+00
7.850000000000152411e+00 2.705254940036621480e+00
7.870000000000151985e+00 2.597953609082658044e+00
7.890000000000151559e+00 2.609562043600828662e+00
7.910000000000151132e+00 2.600094835575917696e+00
7.930000000000150706e+00 2.607270417655440209e+00
7.950000000000150280e+00 2.592261930677962400e+00
7.970000000000149853e+00 2.513124751324152140e+00
7.990000000000149427e+00 2.534297001177870268e+00
8.010000000000149001e+00 2.623147962849841974e+00
8.030000000000148574e+00 2.554688458690139718e+00
8.050000000000148148e+00 2.545493085382174669e+00
8.070000000000147722e+00 2.532750756460858010e+00
8.090000000000147296e+00 2.525062742831395202e+00
8.110000000000146869e+00 2.524375270522918324e+00
8.130000000000146443e+00 2.497779654350739786e+00
8.150000000000146017e+00 2.487826759054248882e+00
8.170000000000145590e+00 2.505720731745906704e+00
8.190000000000145164e+00 2.392146545524813206e+00
8.210000000000144738e+00 2.530851666398539201e+00
8.230000000000144311e+00 2.404822600776788555e+00
8.250000000000143885e+00 2.420690663532392595e+00
8.270000000000143459e+00 2.399513443951532210e+00
8.290000000000143032e+00 2.410463916747753732e+00
8.310000000000142606e+00 2.420780602528400216e+00
8.330000000000142180e+00 2.400713589247664981e+00
8.350000000000141753e+00 2.369346187665904768e+00
8.370000000000141327e+00 2.366974238658142049e+00
8.390000000000140901e+00 2.375828850596532593e+00
8.410000000000140474e+00 2.363922894117873597e+00
8.430000000000140048e+00 2.356755844213111128e+00
8.450000000000139622e+00 2.316846509773552221e+00
8.470000000000139195e+00 2.349292215240581960e+00
8.490000000000138769e+00 2.345147911644149374e+00
8.510000000000138343e+00 2.284034729328579427e+00
8.530000000000137916e+00 2.268356583920629443e+00
8.550000000000137490e+00 2.311589575503143479e+00
8.570000000000137064e+00 2.236026709025853876e+00
8.590000000000136637e+00 2.266988590720887320e+00
8.610000000000136211e+00 2.251655971207085383e+00
8.630000000000135785e+00 2.275726023422522726e+00
8.650000000000135358e+00 2.211114681617009747e+00
8.670000000000134932e+00 2.223223072973723458e+00
8.690000000000134506e+00 2.193160006996588418e+00
8.710000000000134079e+00 2.189067252723660317e+00
8.730000000000133653e+00 2.235181305961488896e+00
8.750000000000133227e+00 2.164408677574519935e+00
8.770000000000132800e+00 2.156491441535425491e+00
8.790000000000132374e+00 2.151157155338188076e+00
8.810000000000131948e+00 2.146290630277840172e+00
8.830000000000131521e+00 2.137001486669403150e+00
8.850000000000131095e+00 2.148473279550417114e+00
8.870000000000130669e+00 2.119113742111434107e+00
8.890000000000130242e+00 2.091275874981012084e+00
8.910000000000129816e+00 2.109207215092673948e+00
8.930000000000129390e+00 2.085863661224259147e+00
8.950000000000128964e+00 2.069234828599353371e+00
8.970000000000128537e+00 2.042287105734736485e+00
8.990000000000128111e+00 2.089053062535157768e+00
9.010000000000127685e+00 2.034256469518947785e+00
9.030000000000127258e+00 2.091913133466472008e+00
9.050000000000126832e+00 2.042437493216193278e+00
9.070000000000126406e+00 2.002540775863556721e+00
9.090000000000125979e+00 1.987695207406062092e+00
9.110000000000125553e+00 2.014293985848036872e+00
9.130000000000125127e+00 2.030321942598850349e+00
9.150000000000124700e+00 1.989055278485572842e+00
9.170000000000124274e+00 1.945175809085439633e+00
9.190000000000123848e+00 1.978836457079252709e+00
9.210000000000123421e+00 1.926320626942062297e+00
9.230000000000122995e+00 1.934090444932138997e+00
9.250000000000122569e+00 1.916556709314215068e+00
9.270000000000122142e+00 1.907280617106230869e+00
9.290000000000121716e+00 1.918168417137716686e+00
9.310000000000121290e+00 1.914528158454980922e+00
9.330000000000120863e+00 1.890557712972770643e+00
9.350000000000120437e+00 1.896631711291911992e+00
9.370000000000120011e+00 1.866591556829348963e+00
9.390000000000119584e+00 1.841717358225170242e+00
9.410000000000119158e+00 1.822047077891455480e+00
9.430000000000118732e+00 1.829035262155420005e+00
9.450000000000118305e+00 1.849962783793665189e+00
9.470000000000117879e+00 1.803743808888623512e+00
9.490000000000117453e+00 1.813597046679869429e+00
9.510000000000117026e+00 1.791304841364565359e+00
9.530000000000116600e+00 1.789165924658546958e+00
9.550000000000116174e+00 1.794573387256138020e+00
9.570000000000115747e+00 1.760793847646197063e+00
9.590000000000115321e+00 1.794510538736454386e+00
9.610000000000114895e+00 1.728081918067478240e+00
9.630000000000114468e+00 1.730761464125314397e+00
9.650000000000114042e+00 1.733317567298921391e+00
9.670000000000113616e+00 1.756921568586997662e+00
9.690000000000113189e+00 1.712810738982424308e+00
9.710000000000112763e+00 1.671491606515502104e+00
9.730000000000112337e+00 1.715847160185867804e+00
9.750000000000111910e+00 1.660604370830799370e+00
9.770000000000111484e+00 1.683897730772265122e+00
9.790000000000111058e+00 1.662136066580907956e+00
9.810000000000110632e+00 1.667241682375850020e+00
9.830000000000110205e+00 1.638041809934048576e+00
9.850000000000109779e+00 1.650617283267529878e+00
9.870000000000109353e+00 1.664862029603539462e+00
9.890000000000108926e+00 1.602686992132321686e+00
9.910000000000108500e+00 1.599489070356443943e+00
9.930000000000108074e+00 1.606762746027788458e+00
9.950000000000107647e+00 1.600822719318220733e+00
9.970000000000107221e+00 1.569702841849128339e+00
9.990000000000106795e+00 1.595274821855555247e+00
1.001000000000010637e+01 1.568252115616857179e+00
1.003000000000010594e+01 1.543993097024027872e+00
1.005000000000010552e+01 1.544911479322970793e+00
1.007000000000010509e+01 1.511952335449565199e+00
1.009000000000010466e+01 1.536971683262299493e+00
1.011000000000010424e+01 1.542095024301218587e+00
1.013000000000010381e+01 1.514550081256530678e+00
1.015000000000010338e+01 1.508826182072600997e+00
1.017000000000010296e+01 1.475742454825009542e+00
1.019000000000010253e+01 1.495689128329806383e+00
1.021000000000010210e+01 1.469062141492412987e+00
1.023000000000010168e+01 1.461053446540789835e+00
1.025000000000010125e+01 1.448050968333226995e+00
1.027000000000010083e+01 1.472100142350929231e+00
1.029000000000010040e+01 1.473148569993356638e+00
1.031000000000009997e+01 1.441149226623238633e+00
1.033000000000009955e+01 1.436340633316804283e+00
1.035000000000009912e+01 1.437306137686110707e+00
1.037000000000009869e+01 1.405730919831381209e+00
1.039000000000009827e+01 1.419910978534695056e+00
1.041000000000009784e+01 1.369192650189910765e+00
1.043000000000009742e+01 1.404160206105522501e+00
1.045000000000009699e+01 1.366869547659016915e+00
1.047000000000009656e+01 1.409194199633538203e+00
1.049000000000009614e+01 1.370767864464833341e+00
1.051000000000009571e+01 1.385339059100716863e+00
1.053000000000009528e+01 1.379976656844717819e+00
1.055000000000009486e+01 1.372036645017884027e+00
1.057000000000009443e+01 1.338900214230466901e+00
1.059000000000009400e+01 1.317907788647077805e+00
1.061000000000009358e+01 1.343130776517057701e+00
1.063000000000009315e+01 1.340922051546923344e+00
1.065000000000009273e+01 1.308946130152571330e+00
1.067000000000009230e+01 1.327158395141724290e+00
1.069000000000009187e+01 1.357065463954861384e+00
1.071000000000009145e+01 1.312623331713846264e+00
1.073000000000009102e+01 1.290160159764698555e+00
1.075000000000009059e+01 1.291634834100617191e+00
1.077000000000009017e+01 1.316372697300389749e+00
1.079000000000008974e+01 1.292225011880082874e+00
1.081000000000008932e+01 1.263022811549122437e+00
1.083000000000008889e+01 1.317229205769965938e+00
1.085000000000008846e+01 1.260801878529874243e+00
1.087000000000008804e+01 1.253961386495628938e+00
1.089000000000008761e+01 1.257051810177086226e+00
1.091000000000008718e+01 1.255280258760321122e+00
1.093000000000008676e+01 1.230446851555888843e+00
1.095000000000008633e+01 1.248268917384248278e+00
1.097000000000008590e+01 1.234242908003001515e+00
1.099000000000008548e+01 1.234450611962752742e+00
1.101000000000008505e+01 1.243595476979650671e+00
1.103000000000008463e+01 1.209572113779435298e+00
1.105000000000008420e+01 1.218745849700197725e+00
1.107000000000008377e+01 1.197026928493395426e+00
1.109000000000008335e+01 1.210302606020634553e+00
1.111000000000008292e+01 1.208061905720571261e+00
1.113000000000008249e+01 1.186555197976712384e+00
1.115000000000008207e+01 1.188228065007475243e+00
1.117000000000008164e+01 1.186318261228449966e+00
1.119000000000008122e+01 1.167101186500902221e+00
1.121000000000008079e+01 1.168734728311704218e+00
1.123000000000008036e+01 1.171623428610510720e+00
1.125000000000007994e+01 1.155032636310786787e+00
1.127000000000007951e+01 1.141098659418386063e+00
1.129000000000007908e+01 1.163613854341339682e+00
1.131000000000007866e+01 1.152142676286307843e+00
1.133000000000007823e+01 1.116137441262119223e+00
1.135000000000007780e+01 1.124598977958165102e+00
1.137000000000007738e+01 1.156420758266087034e+00
1.139000000000007695e+01 1.148241944898308553e+00
1.141000000000007653e+01 1.103516035947358365e+00
1.143000000000007610e+01 1.117710265153349258e+00
1.145000000000007567e+01 1.135468198983329069e+00
1.147000000000007525e+01 1.078587619830874367e+00
1.149000000000007482e+01 1.131562116249559269e+00
1.151000000000007439e+01 1.088000333577422651e+00
1.153000000000007397e+01 1.054279576278307040e+00
1.155000000000007354e+01 1.075856558727831702e+00
1.157000000000007311e+01 1.067181772084101032e+00
1.159000000000007269e+01 1.109658506726998617e+00
1.161000000000007226e+01 1.046217296874630387e+00
1.163000000000007184e+01 1.052029752314009414e+00
1.165000000000007141e+01 1.060847840515534157e+00
1.167000000000007098e+01 1.058614135040490067e+00
1.169000000000007056e+01 1.045275736649966758e+00
1.171000000000007013e+01 1.041573695857281212e+00
1.173000000000006970e+01 1.029236239024814648e+00
1.175000000000006928e+01 1.052299998336535980e+00
1.177000000000006885e+01 1.010524290331507258e+00
1.179000000000006843e+01 1.005970612323766167e+00
1.181000000000006800e+01 1.031169118919417871e+00
1.183000000000006757e+01 1.015892995780773633e+00
1.185000000000006715e+01 9.781040810748742320e-01
1.187000000000006672e+01 9.870933224364262237e-01
1.189000000000006629e+01 9.951765603818523154e-01
1.191000000000006587e+01 9.586801771323102406e-01
1.193000000000006544e+01 1.006806182096442459e+00
1.195000000000006501e+01 9.774830972415472496e-01
1.197000000000006459e+01 9.609197820556929504e-01
1.199000000000006416e+01 9.377644254573314075e-01
1.201000000000006374e+01 9.762001298739017008e-01
1.203000000000006331e+01 9.120489358398131685e-01
1.205000000000006288e+01 9.645984459372175523e-01
1.207000000000006246e+01 9.465876832202310132e-01
1.209000000000006203e+01 9.314826308483319384e-01
1.211000000000006160e+01 9.302291059799786543e-01
1.213000000000006118e+01 9.101167822760436454e-01
1.215000000000006075e+01 9.046599915217320431e-01
1.217000000000006033e+01 9.025593064936688892e-01
1.219000000000005990e+01 9.118057514016910670e-01
1.221000000000005947e+01 8.600776427734313501e-01
1.223000000000005905e+01 8.698184281780282356e-01
1.225000000000005862e+01 8.918331956847712627e-01
1.227000000000005819e+01 8.431926680798342844e-01
1.229000000000005777e+01 8.818466867043708302e-01
1.231000000000005734e+01 8.464773063133108622e-01
1.233000000000005691e+01 8.440397420805091366e-01
1.235000000000005649e+01 8.271346111661520561e-01
1.237000000000005606e+01 8.511461360032209766e-01
1.239000000000005564e+01 8.420051783772789511e-01
1.241000000000005521e+01 8.206441665542575370e-01
1.243000000000005478e+01 8.167507717292876723e-01
1.245000000000005436e+01 8.390060664358202080e-01
1.247000000000005393e+01 7.996091454963150102e-01
1.249000000000005350e+01 7.899073558262643679e-01
1.251000000000005308e+01 7.995374217979853704e-01
1.253000000000005265e+01 7.611733583465527531e-01
1.255000000000005222e+01 7.859325715601671591e-01
1.257000000000005180e+01 7.867179701920532509e-01
1.259000000000005137e+01 7.564869760174894875e-01
1.261000000000005095e+01 7.492049336391185532e-01
1.263000000000005052e+01 7.622322204993011718e-01
1.265000000000005009e+01 7.363373094198712998e-01
1.267000000000004967e+01 7.445556950073983771e-01
1.269000000000004924e+01 7.263790387940763926e-01
1.271000000000004881e+01 7.199307585785588159e-01
1.273000000000004839e+01 7.066063304843162030e-01
1.275000000000004796e+01 7.222122901709961962e-01
1.277000000000004754e+01 7.110029660443994981e-01
1.279000000000004711e+01 7.084210036208840044e-01
1.281000000000004668e+01 6.844034576789133073e-01
1.283000000000004626e+01 6.970385670493698393e-01
1.285000000000004583e+01 6.962362090925565683e-01
1.287000000000004540e+01 6.878435224970940176e-01
1.289000000000004498e+01 6.585710427336753936e-01
1.291000000000004455e+01 6.646068950567557421e-01
1.293000000000004412e+01 6.668668852450155837e-01
1.295000000000004370e+01 6.272851262231710079e-01
1.297000000000004327e+01 6.436594711033204463e-01
1.299000000000004285e+01 6.392753600133332936e-01
1.301000000000004242e+01 6.491575159494856750e-01
1.303000000000004199e+01 6.397372190958601212e-01
1.305000000000004157e+01 6.109506871408653117e-01
1.307000000000004114e+01 5.982216185409937603e-01
1.309000000000004071e+01 5.787015072839063468e-01
1.311000000000004029e+01 5.806736329409711850e-01
1.313000000000003986e+01 5.766964498449393961e-01
1.315000000000003944e+01 5.750734273949510422e-01
1.317000000000003901e+01 5.498871091045900439e-01
1.319000000000003858e+01 5.801290771947776870e-01
1.321000000000003816e+01 5.591417788628678665e-01
1.323000000000003773e+01 5.337284272228532966e-01
1.325000000000003730e+01 5.377165644505841335e-01
1.327000000000003688e+01 5.364164037731947721e-01
1.329000000000003645e+01 5.287456021201609735e-01
1.331000000000003602e+01 5.095180830464914878e-01
1.333000000000003560e+01 5.116749863792627862e-01
1.335000000000003517e+01 5.106144956059786022e-01
1.337000000000003475e+01 5.100000949783386472e-01
1.339000000000003432e+01 4.888974836471220997e-01
1.341000000000003389e+01 4.768697084061670477e-01
1.343000000000003347e+01 4.675808265575970291e-01
1.345000000000003304e+01 4.735339902304772641e-01
1.347000000000003261e+01 4.523823709023642170e-01
1.349000000000003219e+01 4.516600767394126636e-01
1.351000000000003176e+01 4.482066454248898602e-01
1.353000000000003133e+01 4.542903268340872103e-01
1.355000000000003091e+01 4.179770237888140172e-01
1.357000000000003048e+01 4.416064826238907948e-01
1.359000000000003006e+01 4.238649429588763895e-01
1.361000000000002963e+01 4.384637680192124409e-01
1.363000000000002920e+01 4.092375498321991212e-01
1.365000000000002878e+01 4.114921745026783872e-01
1.367000000000002835e+01 3.945004989860564915e-01
1.369000000000002792e+01 3.799517360562110202e-01
1.371000000000002750e+01 3.812377787831404685e-01
1.373000000000002707e+01 3.928574347318816162e-01
1.375000000000002665e+01 3.808134877735828705e-01
1.377000000000002622e+01 3.546741983344662286e-01
1.379000000000002579e+01 3.688766514534371210e-01
1.381000000000002537e+01 3.538172365945117526e-01
1.383000000000002494e+01 3.476445632654661111e-01
1.385000000000002451e+01 3.666644888843466621e-01
1.387000000000002409e+01 3.399871427151905379e-01
1.389000000000002366e+01 3.260213660066634267e-01
1.391000000000002323e+01 3.150263321025766894e-01
1.393000000000002281e+01 3.145455736780619072e-01
1.395000000000002238e+01 3.081479408781086504e-01
1.397000000000002196e+01 3.012412962456923471e-01
1.399000000000002153e+01 2.900927618779209349e-01
1.401000000000002110e+01 2.725600115174616200e-01
1.403000000000002068e+01 2.767673529850580572e-01
1.405000000000002025e+01 2.734000541178732147e-01
1.407000000000001982e+01 2.607655647524542708e-01
1.409000000000001940e+01 2.766967869867703045e-01
1.411000000000001897e+01 2.612625816770364762e-01
1.413000000000001855e+01 2.363307649390573029e-01
1.415000000000001812e+01 2.302352350733660458e-01
1.417000000000001769e+01 2.324224139986580118e-01
1.419000000000001727e+01 2.400671219190452510e-01
1.421000000000001684e+01 2.109764343990329916e-01
1.423000000000001641e+01 2.021597887946676997e-01
1.425000000000001599e+01 2.069876142534661234e-01
1.427000000000001556e+01 1.935465991746738446e-01
1.429000000000001513e+01 1.812996471818451860e-01
1.431000000000001471e+01 1.855403842518890678e-01
1.433000000000001428e+01 1.768712943168448959e-01
1.435000000000001386e+01 1.759934319158046323e-01
1.437000000000001343e+01 1.680460383684119208e-01
1.439000000000001300e+01 1.484227092933066705e-01
1.441000000000001258e+01 1.397294605059817563e-01
1.443000000000001215e+01 1.068257691528743669e-01
1.445000000000001172e+01 1.068548367220025636e-01
1.447000000000001130e+01 9.288923329157615372e-02
1.449000000000001087e+01 7.603495364797339950e-02
1.451000000000001044e+01 7.579827349343257192e-02
1.453000000000001002e+01 6.733779862969843655e-02
1.455000000000000959e+01 5.631258564460162042e-02
1.457000000000000917e+01 5.326746781555719013e-02
1.459000000000000874e+01 5.035725489142856698e-02
1.461000000000000831e+01 3.906971571538694205e-02
1.463000000000000789e+01 2.247112001108717005e-02
1.465000000000000746e+01 1.689523740789596398e-02
1.467000000000000703e+01 1.683075952632469632e-02
1.469000000000000661e+01 1.122738551609402113e-02
1.471000000000000618e+01 1.117189299181810085e-02
1.473000000000000576e+01 5.583017001718467397e-03
1.475000000000000533e+01 8.520471347227154630e-11
1.477000000000000490e+01 7.239466816864204333e-11
1.479000000000000448e+01 0.000000000000000000e+00
1.481000000000000405e+01 0.000000000000000000e+00
1.483000000000000362e+01 0.000000000000000000e+00
1.485000000000000320e+01 0.000000000000000000e+00
1.487000000000000277e+01 0.000000000000000000e+00
1.489000000000000234e+01 0.000000000000000000e+00
1.491000000000000192e+01 0.000000000000000000e+00
1.493000000000000149e+01 0.000000000000000000e+00
1.495000000000000107e+01 0.000000000000000000e+00
1.497000000000000064e+01 0.000000000000000000e+00
1.499000000000000021e+01 0.000000000000000000e+00
