# Redshift		Merger Rate Density [Gpc^-3yr^-1]
1.000000000031931770e-02 2.618518654823429515e+01
3.000000000031888964e-02 2.658014393784382179e+01
5.000000000031846331e-02 2.715207101744019269e+01
7.000000000031804392e-02 2.803590192384283952e+01
9.000000000031761760e-02 2.860841963900226048e+01
1.100000000003171913e-01 2.926228262661602031e+01
1.300000000003167511e-01 3.018783882350253123e+01
1.500000000003163247e-01 3.107546712548631618e+01
1.700000000003158984e-01 3.201432748140889828e+01
1.900000000003154721e-01 3.284913050280528068e+01
2.100000000003150458e-01 3.343071660922869626e+01
2.300000000003146194e-01 3.455555478562676086e+01
2.500000000003141931e-01 3.477008804058074531e+01
2.700000000003137668e-01 3.580547234358773778e+01
2.900000000003133405e-01 3.636862550624022106e+01
3.100000000003129141e-01 3.724226311592897787e+01
3.300000000003124878e-01 3.812077970265352889e+01
3.500000000003120615e-01 3.839805015400698807e+01
3.700000000003116352e-01 3.945632371859789345e+01
3.900000000003112088e-01 3.963086978587396914e+01
4.100000000003107825e-01 4.072377224596486656e+01
4.300000000003103562e-01 4.141684430147591911e+01
4.500000000003099299e-01 4.198527640622049972e+01
4.700000000003095035e-01 4.249022653359884316e+01
4.900000000003090772e-01 4.347580752939835946e+01
5.100000000003086509e-01 4.397491056008246346e+01
5.300000000003082246e-01 4.461630794639090425e+01
5.500000000003077982e-01 4.553749880420834728e+01
5.700000000003073719e-01 4.628394342670171824e+01
5.900000000003069456e-01 4.668892919546667741e+01
6.100000000003065193e-01 4.782752944477523727e+01
6.300000000003060929e-01 4.845498520330653491e+01
6.500000000003056666e-01 4.939606625047778721e+01
6.700000000003052403e-01 4.966962852273815798e+01
6.900000000003048140e-01 5.119886706429129930e+01
7.100000000003043876e-01 5.120529093808215038e+01
7.300000000003039613e-01 5.220395175336662419e+01
7.500000000003035350e-01 5.342442654524673173e+01
7.700000000003031086e-01 5.394182529390736391e+01
7.900000000003026823e-01 5.504375703068457426e+01
8.100000000003022560e-01 5.547479749039599994e+01
8.300000000003018297e-01 5.675791504675520827e+01
8.500000000003014033e-01 5.726856284402737884e+01
8.700000000003009770e-01 5.805153659642151354e+01
8.900000000003005507e-01 5.840229790142345934e+01
9.100000000003001244e-01 6.010373158997200704e+01
9.300000000002996980e-01 6.017483296551580452e+01
9.500000000002992717e-01 6.177579364872131862e+01
9.700000000002988454e-01 6.230242820873073128e+01
9.900000000002984191e-01 6.292138329488555826e+01
1.010000000000297993e+00 6.441030989444232091e+01
1.030000000000297566e+00 6.455454563341284313e+01
1.050000000000297140e+00 6.502693689142016353e+01
1.070000000000296714e+00 6.660522108772865124e+01
1.090000000000296287e+00 6.644009714694915658e+01
1.110000000000295861e+00 6.799798704011081441e+01
1.130000000000295435e+00 6.809516787524937342e+01
1.150000000000295008e+00 6.955795478776127538e+01
1.170000000000294582e+00 6.938661246054317644e+01
1.190000000000294156e+00 7.166158684581644422e+01
1.210000000000293729e+00 7.180967074647769266e+01
1.230000000000293303e+00 7.223229833682550804e+01
1.250000000000292877e+00 7.358221648623818112e+01
1.270000000000292451e+00 7.379961609903833164e+01
1.290000000000292024e+00 7.480760644534937853e+01
1.310000000000291598e+00 7.518244143038104710e+01
1.330000000000291172e+00 7.700936387510803627e+01
1.350000000000290745e+00 7.725962077849719378e+01
1.370000000000290319e+00 7.768093039896368168e+01
1.390000000000289893e+00 7.792622196568176207e+01
1.410000000000289466e+00 7.900574443902245036e+01
1.430000000000289040e+00 8.002369494893359558e+01
1.450000000000288614e+00 8.034553077822931755e+01
1.470000000000288187e+00 8.081101420386001166e+01
1.490000000000287761e+00 8.219944215136429477e+01
1.510000000000287335e+00 8.260892520000881234e+01
1.530000000000286908e+00 8.266622518631736227e+01
1.550000000000286482e+00 8.369311436568686702e+01
1.570000000000286056e+00 8.516949847377384231e+01
1.590000000000285629e+00 8.460336648102146739e+01
1.610000000000285203e+00 8.550583861175724110e+01
1.630000000000284777e+00 8.576167828459786335e+01
1.650000000000284350e+00 8.696330569169718672e+01
1.670000000000283924e+00 8.739907406698573311e+01
1.690000000000283498e+00 8.717467029771580656e+01
1.710000000000283071e+00 8.799690696883745034e+01
1.730000000000282645e+00 8.922130269389113266e+01
1.750000000000282219e+00 8.917999729240472107e+01
1.770000000000281792e+00 8.980901087497977642e+01
1.790000000000281366e+00 9.043874810428614808e+01
1.810000000000280940e+00 9.077228053122286155e+01
1.830000000000280513e+00 9.138568069047575193e+01
1.850000000000280087e+00 9.018474839175740954e+01
1.870000000000279661e+00 9.272469625887067934e+01
1.890000000000279234e+00 9.208467063982598688e+01
1.910000000000278808e+00 9.200811791210718127e+01
1.930000000000278382e+00 9.305222923479135488e+01
1.950000000000277955e+00 9.292517542551657073e+01
1.970000000000277529e+00 9.252705592732276330e+01
1.990000000000277103e+00 9.411858997407890115e+01
2.010000000000276899e+00 9.358051289379517357e+01
2.030000000000276472e+00 9.437188171845789952e+01
2.050000000000276046e+00 9.404707200561151126e+01
2.070000000000275620e+00 9.464321715694110537e+01
2.090000000000275193e+00 9.415253852772855225e+01
2.110000000000274767e+00 9.495151533334393434e+01
2.130000000000274341e+00 9.557711078546573447e+01
2.150000000000273914e+00 9.549649966192298223e+01
2.170000000000273488e+00 9.527823568280010136e+01
2.190000000000273062e+00 9.546199879406803745e+01
2.210000000000272635e+00 9.525743310514154416e+01
2.230000000000272209e+00 9.632656093033476452e+01
2.250000000000271783e+00 9.454608457726099857e+01
2.270000000000271356e+00 9.554926651045667541e+01
2.290000000000270930e+00 9.417525044730390960e+01
2.310000000000270504e+00 9.547869930842398389e+01
2.330000000000270077e+00 9.562430010767285182e+01
2.350000000000269651e+00 9.455884335479862557e+01
2.370000000000269225e+00 9.522386762497458790e+01
2.390000000000268798e+00 9.551549187471668745e+01
2.410000000000268372e+00 9.429392977959329869e+01
2.430000000000267946e+00 9.457630587023005830e+01
2.450000000000267519e+00 9.380102338197345091e+01
2.470000000000267093e+00 9.443252396024440998e+01
2.490000000000266667e+00 9.438679837439626397e+01
2.510000000000266240e+00 9.352995185526879141e+01
2.530000000000265814e+00 9.425771081558340825e+01
2.550000000000265388e+00 9.411548995214954516e+01
2.570000000000264961e+00 9.423131788155932043e+01
2.590000000000264535e+00 9.320448939669910260e+01
2.610000000000264109e+00 9.401261688113406478e+01
2.630000000000263682e+00 9.178306067030676729e+01
2.650000000000263256e+00 9.241780740268809780e+01
2.670000000000262830e+00 9.223132183423307140e+01
2.690000000000262403e+00 9.035366900435350601e+01
2.710000000000261977e+00 9.068213738921356537e+01
2.730000000000261551e+00 9.078737561421185376e+01
2.750000000000261124e+00 8.964305804470519945e+01
2.770000000000260698e+00 8.963728032871249241e+01
2.790000000000260272e+00 8.837348803502779049e+01
2.810000000000259845e+00 8.916812434857892811e+01
2.830000000000259419e+00 8.869871706322386729e+01
2.850000000000258993e+00 8.793272826049881985e+01
2.870000000000258567e+00 8.709781657348933948e+01
2.890000000000258140e+00 8.765737177075867237e+01
2.910000000000257714e+00 8.728268295016614786e+01
2.930000000000257288e+00 8.626031465521855068e+01
2.950000000000256861e+00 8.590143550555595198e+01
2.970000000000256435e+00 8.484712814332566211e+01
2.990000000000256009e+00 8.574949422756024831e+01
3.010000000000255582e+00 8.476554236427072908e+01
3.030000000000255156e+00 8.428899849894011709e+01
3.050000000000254730e+00 8.406054390735364734e+01
3.070000000000254303e+00 8.396899625896928399e+01
3.090000000000253877e+00 8.294938916354062997e+01
3.110000000000253451e+00 8.269724756215973116e+01
3.130000000000253024e+00 8.207113666266809560e+01
3.150000000000252598e+00 8.271089940081868974e+01
3.170000000000252172e+00 8.134369376797545215e+01
3.190000000000251745e+00 8.164700763767920932e+01
3.210000000000251319e+00 8.100307103772894379e+01
3.230000000000250893e+00 8.049437815128870000e+01
3.250000000000250466e+00 7.967760398420134038e+01
3.270000000000250040e+00 7.956246710203311068e+01
3.290000000000249614e+00 7.940318684069957555e+01
3.310000000000249187e+00 7.876456614047133087e+01
3.330000000000248761e+00 7.844530591582440593e+01
3.350000000000248335e+00 7.803822904156527329e+01
3.370000000000247908e+00 7.763667994838350239e+01
3.390000000000247482e+00 7.734983558454690922e+01
3.410000000000247056e+00 7.664808552438253741e+01
3.430000000000246629e+00 7.649763977110795565e+01
3.450000000000246203e+00 7.629034364660813594e+01
3.470000000000245777e+00 7.493394864809158662e+01
3.490000000000245350e+00 7.533546400585116487e+01
3.510000000000244924e+00 7.494376345939895145e+01
3.530000000000244498e+00 7.408300658757541157e+01
3.550000000000244071e+00 7.448011581447298113e+01
3.570000000000243645e+00 7.325515076213081045e+01
3.590000000000243219e+00 7.355680132412153682e+01
3.610000000000242792e+00 7.298566689527692120e+01
3.630000000000242366e+00 7.217957584371694679e+01
3.650000000000241940e+00 7.214741660692165226e+01
3.670000000000241513e+00 7.196951748879789079e+01
3.690000000000241087e+00 7.109893215788092391e+01
3.710000000000240661e+00 7.091148560253600408e+01
3.730000000000240234e+00 7.034102019812041817e+01
3.750000000000239808e+00 6.998203018198856284e+01
3.770000000000239382e+00 6.988793587643125704e+01
3.790000000000238956e+00 6.979928786221235271e+01
3.810000000000238529e+00 6.890847280142602926e+01
3.830000000000238103e+00 6.906350210499419973e+01
3.850000000000237677e+00 6.793400225716226259e+01
3.870000000000237250e+00 6.818165093852658742e+01
3.890000000000236824e+00 6.811700258556021481e+01
3.910000000000236398e+00 6.784191486659727843e+01
3.930000000000235971e+00 6.685890502506478583e+01
3.950000000000235545e+00 6.731552446210240248e+01
3.970000000000235119e+00 6.659324629645263371e+01
3.990000000000234692e+00 6.619163791431174104e+01
4.010000000000234266e+00 6.534115177574912536e+01
4.030000000000233840e+00 6.556542536267150467e+01
4.050000000000233413e+00 6.520919193374112410e+01
4.070000000000232987e+00 6.454930610407984659e+01
4.090000000000232561e+00 6.367185978063491802e+01
4.110000000000232134e+00 6.390766225392123090e+01
4.130000000000231708e+00 6.344428908858593275e+01
4.150000000000231282e+00 6.324000707920377806e+01
4.170000000000230855e+00 6.266551908602050247e+01
4.190000000000230429e+00 6.255152446092247942e+01
4.210000000000230003e+00 6.234811976701738701e+01
4.230000000000229576e+00 6.197481472559464066e+01
4.250000000000229150e+00 6.164150001034352044e+01
4.270000000000228724e+00 6.124458818328854903e+01
4.290000000000228297e+00 6.066350557831751189e+01
4.310000000000227871e+00 6.039951593946038599e+01
4.330000000000227445e+00 6.002464176589963785e+01
4.350000000000227018e+00 5.966401919569823775e+01
4.370000000000226592e+00 5.947415415159763796e+01
4.390000000000226166e+00 5.865873845969684197e+01
4.410000000000225739e+00 5.911807354096345080e+01
4.430000000000225313e+00 5.880140465447328779e+01
4.450000000000224887e+00 5.771349974888536849e+01
4.470000000000224460e+00 5.752728870727120380e+01
4.490000000000224034e+00 5.788486907190043951e+01
4.510000000000223608e+00 5.761346821609539859e+01
4.530000000000223181e+00 5.707829819430356366e+01
4.550000000000222755e+00 5.685250461535023447e+01
4.570000000000222329e+00 5.663398520225728561e+01
4.590000000000221902e+00 5.606895073940261653e+01
4.610000000000221476e+00 5.600318200228124255e+01
4.630000000000221050e+00 5.578344916243646878e+01
4.650000000000220624e+00 5.486813878656884924e+01
4.670000000000220197e+00 5.409598954192148312e+01
4.690000000000219771e+00 5.464702472213807027e+01
4.710000000000219345e+00 5.352435132611019952e+01
4.730000000000218918e+00 5.354657079263056829e+01
4.750000000000218492e+00 5.275854926089901653e+01
4.770000000000218066e+00 5.294253598947337025e+01
4.790000000000217639e+00 5.245105021210310525e+01
4.810000000000217213e+00 5.200040552793169013e+01
4.830000000000216787e+00 5.171105297009865609e+01
4.850000000000216360e+00 5.153996351101949358e+01
4.870000000000215934e+00 5.114719466282923577e+01
4.890000000000215508e+00 5.074680302857733238e+01
4.910000000000215081e+00 5.035935530016511308e+01
4.930000000000214655e+00 5.006334355073918374e+01
4.950000000000214229e+00 4.992518505964849851e+01
4.970000000000213802e+00 4.980351006472667308e+01
4.990000000000213376e+00 4.972337958199239694e+01
5.010000000000212950e+00 4.910752717213630802e+01
5.030000000000212523e+00 4.866739251412799661e+01
5.050000000000212097e+00 4.841905956972845360e+01
5.070000000000211671e+00 4.840254518440901421e+01
5.090000000000211244e+00 4.782881651021572367e+01
5.110000000000210818e+00 4.746436166281789326e+01
5.130000000000210392e+00 4.753051315102245411e+01
5.150000000000209965e+00 4.656219855129992879e+01
5.170000000000209539e+00 4.649653866201099106e+01
5.190000000000209113e+00 4.636765321193438183e+01
5.210000000000208686e+00 4.600528402835779218e+01
5.230000000000208260e+00 4.556602007714334945e+01
5.250000000000207834e+00 4.520662363182608345e+01
5.270000000000207407e+00 4.524288316895921724e+01
5.290000000000206981e+00 4.485452473522704508e+01
5.310000000000206555e+00 4.427904867488359741e+01
5.330000000000206128e+00 4.436358906756757392e+01
5.350000000000205702e+00 4.403844552512143906e+01
5.370000000000205276e+00 4.344711884641604627e+01
5.390000000000204849e+00 4.334735859734413310e+01
5.410000000000204423e+00 4.323228359858781289e+01
5.430000000000203997e+00 4.264121543369994782e+01
5.450000000000203570e+00 4.250775981350462018e+01
5.470000000000203144e+00 4.205238530130691998e+01
5.490000000000202718e+00 4.202663896359446483e+01
5.510000000000202292e+00 4.184082903167038836e+01
5.530000000000201865e+00 4.152948569526629541e+01
5.550000000000201439e+00 4.099843283777458680e+01
5.570000000000201013e+00 4.072212472694476304e+01
5.590000000000200586e+00 4.039924293695439417e+01
5.610000000000200160e+00 4.043486317331944235e+01
5.630000000000199734e+00 4.009348338900963427e+01
5.650000000000199307e+00 3.966663648782368057e+01
5.670000000000198881e+00 3.931980813421705534e+01
5.690000000000198455e+00 3.904681552212585416e+01
5.710000000000198028e+00 3.904248989181898821e+01
5.730000000000197602e+00 3.877170209793145261e+01
5.750000000000197176e+00 3.864426393262481696e+01
5.770000000000196749e+00 3.830327153658513595e+01
5.790000000000196323e+00 3.801957741729120244e+01
5.810000000000195897e+00 3.805014200858322937e+01
5.830000000000195470e+00 3.752629587564835134e+01
5.850000000000195044e+00 3.724314457301364456e+01
5.870000000000194618e+00 3.681223660643760809e+01
5.890000000000194191e+00 3.689621083588406947e+01
5.910000000000193765e+00 3.616646291703261795e+01
5.930000000000193339e+00 3.579451582769799245e+01
5.950000000000192912e+00 3.589427525772740069e+01
5.970000000000192486e+00 3.542734295118618348e+01
5.990000000000192060e+00 3.522799505223076721e+01
6.010000000000191633e+00 3.507196904248699099e+01
6.030000000000191207e+00 3.420205798072148440e+01
6.050000000000190781e+00 3.408162825458406786e+01
6.070000000000190354e+00 3.387899925861621853e+01
6.090000000000189928e+00 3.363580661281774553e+01
6.110000000000189502e+00 3.336509275749616421e+01
6.130000000000189075e+00 3.311552698760682745e+01
6.150000000000188649e+00 3.272691587058719165e+01
6.170000000000188223e+00 3.270206233451150268e+01
6.190000000000187796e+00 3.233075861959981268e+01
6.210000000000187370e+00 3.191705285049582841e+01
6.230000000000186944e+00 3.160487867437981890e+01
6.250000000000186517e+00 3.130869577082025756e+01
6.270000000000186091e+00 3.136659409641373131e+01
6.290000000000185665e+00 3.122588612189276702e+01
6.310000000000185238e+00 3.058843536138509123e+01
6.330000000000184812e+00 3.022776696342679870e+01
6.350000000000184386e+00 3.018331303747895333e+01
6.370000000000183960e+00 3.008635187283551460e+01
6.390000000000183533e+00 2.968377605368002037e+01
6.410000000000183107e+00 2.961813447597720028e+01
6.430000000000182681e+00 2.908470199704893133e+01
6.450000000000182254e+00 2.897330808516827361e+01
6.470000000000181828e+00 2.881811383021020490e+01
6.490000000000181402e+00 2.842831839764069812e+01
6.510000000000180975e+00 2.804738038533650268e+01
6.530000000000180549e+00 2.780531386457887066e+01
6.550000000000180123e+00 2.766779954274006670e+01
6.570000000000179696e+00 2.759856858742993069e+01
6.590000000000179270e+00 2.709558110864992742e+01
6.610000000000178844e+00 2.699993461514933912e+01
6.630000000000178417e+00 2.653329945411466184e+01
6.650000000000177991e+00 2.647826816951558371e+01
6.670000000000177565e+00 2.641412746009926238e+01
6.690000000000177138e+00 2.578859734741685372e+01
6.710000000000176712e+00 2.578911106875381876e+01
6.730000000000176286e+00 2.559037251353109355e+01
6.750000000000175859e+00 2.546469078634698846e+01
6.770000000000175433e+00 2.518694672244880550e+01
6.790000000000175007e+00 2.482079548476366071e+01
6.810000000000174580e+00 2.450902478217565061e+01
6.830000000000174154e+00 2.435252844223762736e+01
6.850000000000173728e+00 2.412369305058691182e+01
6.870000000000173301e+00 2.388033503927577428e+01
6.890000000000172875e+00 2.357663523701823038e+01
6.910000000000172449e+00 2.340963855551298423e+01
6.930000000000172022e+00 2.322555944449992893e+01
6.950000000000171596e+00 2.299957591700084336e+01
6.970000000000171170e+00 2.272796247081493348e+01
6.990000000000170743e+00 2.236168420191460626e+01
7.010000000000170317e+00 2.217991109876204803e+01
7.030000000000169891e+00 2.213934183049372351e+01
7.050000000000169464e+00 2.191337952997247385e+01
7.070000000000169038e+00 2.147241377283791408e+01
7.090000000000168612e+00 2.141451029679086204e+01
7.110000000000168185e+00 2.116103439125136987e+01
7.130000000000167759e+00 2.092885361169021863e+01
7.150000000000167333e+00 2.078276388249964413e+01
7.170000000000166906e+00 2.046342552010043292e+01
7.190000000000166480e+00 2.021023166628084411e+01
7.210000000000166054e+00 2.004116928260080144e+01
7.230000000000165628e+00 2.003648964880622785e+01
7.250000000000165201e+00 1.963389676143157203e+01
7.270000000000164775e+00 1.942119954105206503e+01
7.290000000000164349e+00 1.916503569552378394e+01
7.310000000000163922e+00 1.915698428426965094e+01
7.330000000000163496e+00 1.896410555454953695e+01
7.350000000000163070e+00 1.855927559639156144e+01
7.370000000000162643e+00 1.845357515511058111e+01
7.390000000000162217e+00 1.825103687129727348e+01
7.410000000000161791e+00 1.815838030120836422e+01
7.430000000000161364e+00 1.771493054455170224e+01
7.450000000000160938e+00 1.771614790515624449e+01
7.470000000000160512e+00 1.757459280545720048e+01
7.490000000000160085e+00 1.751461009569481320e+01
7.510000000000159659e+00 1.704580079726477138e+01
7.530000000000159233e+00 1.686879844939517525e+01
7.550000000000158806e+00 1.688266898325113630e+01
7.570000000000158380e+00 1.660798682713779328e+01
7.590000000000157954e+00 1.643304922899228870e+01
7.610000000000157527e+00 1.629902663060726198e+01
7.630000000000157101e+00 1.614057524026148371e+01
7.650000000000156675e+00 1.585449431111570462e+01
7.670000000000156248e+00 1.579135112905959026e+01
7.690000000000155822e+00 1.551251433810692149e+01
7.710000000000155396e+00 1.547914686043656118e+01
7.730000000000154969e+00 1.509678250495662333e+01
7.750000000000154543e+00 1.509467457017311709e+01
7.770000000000154117e+00 1.477240637139989410e+01
7.790000000000153690e+00 1.471200256501146164e+01
7.810000000000153264e+00 1.450158316818318838e+01
7.830000000000152838e+00 1.449289783347998117e+01
7.850000000000152411e+00 1.419716136910569126e+01
7.870000000000151985e+00 1.401412497824867032e+01
7.890000000000151559e+00 1.382400697035648385e+01
7.910000000000151132e+00 1.369876419179444582e+01
7.930000000000150706e+00 1.365794029812776955e+01
7.950000000000150280e+00 1.338054682921386807e+01
7.970000000000149853e+00 1.321819941976255031e+01
7.990000000000149427e+00 1.310199825205562441e+01
8.010000000000149001e+00 1.295930953104335615e+01
8.030000000000148574e+00 1.278261407646302850e+01
8.050000000000148148e+00 1.266336284946959090e+01
8.070000000000147722e+00 1.249348646914655170e+01
8.090000000000147296e+00 1.244243972945166732e+01
8.110000000000146869e+00 1.227283763907303005e+01
8.130000000000146443e+00 1.195187968802210143e+01
8.150000000000146017e+00 1.204076307925783595e+01
8.170000000000145590e+00 1.180324048420414407e+01
8.190000000000145164e+00 1.174337452652524050e+01
8.210000000000144738e+00 1.158265317727972388e+01
8.230000000000144311e+00 1.147236281107721112e+01
8.250000000000143885e+00 1.128407356850637555e+01
8.270000000000143459e+00 1.124908031568460309e+01
8.290000000000143032e+00 1.106018952130425781e+01
8.310000000000142606e+00 1.097548033928395128e+01
8.330000000000142180e+00 1.089117994505469511e+01
8.350000000000141753e+00 1.081244853065994249e+01
8.370000000000141327e+00 1.052581133611661635e+01
8.390000000000140901e+00 1.057738179120720012e+01
8.410000000000140474e+00 1.038172730765410456e+01
8.430000000000140048e+00 1.022690466376267437e+01
8.450000000000139622e+00 1.013500695150851705e+01
8.470000000000139195e+00 9.991975756509850370e+00
8.490000000000138769e+00 9.900726112923656785e+00
8.510000000000138343e+00 9.817185753986500174e+00
8.530000000000137916e+00 9.692215864418926685e+00
8.550000000000137490e+00 9.592491981861371642e+00
8.570000000000137064e+00 9.448121146441854634e+00
8.590000000000136637e+00 9.389305780584427552e+00
8.610000000000136211e+00 9.291597281744506276e+00
8.630000000000135785e+00 9.042713276344608531e+00
8.650000000000135358e+00 8.963098071275053869e+00
8.670000000000134932e+00 8.987557672542100917e+00
8.690000000000134506e+00 8.843797477914685956e+00
8.710000000000134079e+00 8.801850624258767297e+00
8.730000000000133653e+00 8.658260394718885422e+00
8.750000000000133227e+00 8.540557701751096076e+00
8.770000000000132800e+00 8.458056142598058713e+00
8.790000000000132374e+00 8.395796331448483585e+00
8.810000000000131948e+00 8.395340040214227528e+00
8.830000000000131521e+00 8.204512625518050939e+00
8.850000000000131095e+00 8.132055317706067044e+00
8.870000000000130669e+00 8.043941623085332893e+00
8.890000000000130242e+00 7.993782682840337550e+00
8.910000000000129816e+00 7.876221020589539101e+00
8.930000000000129390e+00 7.727514870410656656e+00
8.950000000000128964e+00 7.784053460686203962e+00
8.970000000000128537e+00 7.639590812860241442e+00
8.990000000000128111e+00 7.522982459568708258e+00
9.010000000000127685e+00 7.431840337094597793e+00
9.030000000000127258e+00 7.382453170253744368e+00
9.050000000000126832e+00 7.345162185212916306e+00
9.070000000000126406e+00 7.279730201283650892e+00
9.090000000000125979e+00 7.119796774125665806e+00
9.110000000000125553e+00 7.105980900167189418e+00
9.130000000000125127e+00 7.023933050002120204e+00
9.150000000000124700e+00 6.899575238988237658e+00
9.170000000000124274e+00 6.873526591882230363e+00
9.190000000000123848e+00 6.799397777496848150e+00
9.210000000000123421e+00 6.692321173515327182e+00
9.230000000000122995e+00 6.659367407164804575e+00
9.250000000000122569e+00 6.620421666596999266e+00
9.270000000000122142e+00 6.541486289219910155e+00
9.290000000000121716e+00 6.446105380531189866e+00
9.310000000000121290e+00 6.359024511743736952e+00
9.330000000000120863e+00 6.316769152344564375e+00
9.350000000000120437e+00 6.231963890808644102e+00
9.370000000000120011e+00 6.192477437113121930e+00
9.390000000000119584e+00 6.124385454613628710e+00
9.410000000000119158e+00 6.067514455677792462e+00
9.430000000000118732e+00 6.017031105309711414e+00
9.450000000000118305e+00 5.977847589120093730e+00
9.470000000000117879e+00 5.888387103394041588e+00
9.490000000000117453e+00 5.851745840688048261e+00
9.510000000000117026e+00 5.809625755835688743e+00
9.530000000000116600e+00 5.722907216540631836e+00
9.550000000000116174e+00 5.664127003407345207e+00
9.570000000000115747e+00 5.633569279452931511e+00
9.590000000000115321e+00 5.610525240556184734e+00
9.610000000000114895e+00 5.540131202915561381e+00
9.630000000000114468e+00 5.460302205198479975e+00
9.650000000000114042e+00 5.435476152355572133e+00
9.670000000000113616e+00 5.353767088279799857e+00
9.690000000000113189e+00 5.313568549037076316e+00
9.710000000000112763e+00 5.239096459343914880e+00
9.730000000000112337e+00 5.196021063100278781e+00
9.750000000000111910e+00 5.123897755300440338e+00
9.770000000000111484e+00 5.142413329646384312e+00
9.790000000000111058e+00 5.011623872407488633e+00
9.810000000000110632e+00 5.022765899670086576e+00
9.830000000000110205e+00 4.965373380127040548e+00
9.850000000000109779e+00 4.896540564996993972e+00
9.870000000000109353e+00 4.837024521167134772e+00
9.890000000000108926e+00 4.796135899476897890e+00
9.910000000000108500e+00 4.795666824032062792e+00
9.930000000000108074e+00 4.755555676648255847e+00
9.950000000000107647e+00 4.722009476249139581e+00
9.970000000000107221e+00 4.622340019661872468e+00
9.990000000000106795e+00 4.624289071383985039e+00
1.001000000000010637e+01 4.563593276374417584e+00
1.003000000000010594e+01 4.515323378357332551e+00
1.005000000000010552e+01 4.471685785609743391e+00
1.007000000000010509e+01 4.457799452014151065e+00
1.009000000000010466e+01 4.419908348476633719e+00
1.011000000000010424e+01 4.355368365589676216e+00
1.013000000000010381e+01 4.308882468323290915e+00
1.015000000000010338e+01 4.299437139216941262e+00
1.017000000000010296e+01 4.241270066420842255e+00
1.019000000000010253e+01 4.184703442915179039e+00
1.021000000000010210e+01 4.139110723508341749e+00
1.023000000000010168e+01 4.141514850284170990e+00
1.025000000000010125e+01 4.053538270318623127e+00
1.027000000000010083e+01 4.080684326372464810e+00
1.029000000000010040e+01 4.010884105503090602e+00
1.031000000000009997e+01 4.007817501791158143e+00
1.033000000000009955e+01 3.910749976222144042e+00
1.035000000000009912e+01 3.916409158518245448e+00
1.037000000000009869e+01 3.871611371373162580e+00
1.039000000000009827e+01 3.815651427242695348e+00
1.041000000000009784e+01 3.812087117535037262e+00
1.043000000000009742e+01 3.771853722643202733e+00
1.045000000000009699e+01 3.698047476179760373e+00
1.047000000000009656e+01 3.694158106661192154e+00
1.049000000000009614e+01 3.712056382254048437e+00
1.051000000000009571e+01 3.627399564118011899e+00
1.053000000000009528e+01 3.599312450914157857e+00
1.055000000000009486e+01 3.554575166391190866e+00
1.057000000000009443e+01 3.499052202045933146e+00
1.059000000000009400e+01 3.517340187415026520e+00
1.061000000000009358e+01 3.441294297558203041e+00
1.063000000000009315e+01 3.424648032850348134e+00
1.065000000000009273e+01 3.414089931257813681e+00
1.067000000000009230e+01 3.354433162650714895e+00
1.069000000000009187e+01 3.344422561625424617e+00
1.071000000000009145e+01 3.283775919600679050e+00
1.073000000000009102e+01 3.256305755062642415e+00
1.075000000000009059e+01 3.219923629652511110e+00
1.077000000000009017e+01 3.229505308527096386e+00
1.079000000000008974e+01 3.179692852984576934e+00
1.081000000000008932e+01 3.141808027020767558e+00
1.083000000000008889e+01 3.089976700738314097e+00
1.085000000000008846e+01 3.057292164677531066e+00
1.087000000000008804e+01 3.084354140731207838e+00
1.089000000000008761e+01 3.013143672612554447e+00
1.091000000000008718e+01 3.003861152271085189e+00
1.093000000000008676e+01 2.976354619527937562e+00
1.095000000000008633e+01 2.957205991371437914e+00
1.097000000000008590e+01 2.908741242878126521e+00
1.099000000000008548e+01 2.866509646100069642e+00
1.101000000000008505e+01 2.878294954129671179e+00
1.103000000000008463e+01 2.859903093788917605e+00
1.105000000000008420e+01 2.785714973239542314e+00
1.107000000000008377e+01 2.799531762820623104e+00
1.109000000000008335e+01 2.796729046942672881e+00
1.111000000000008292e+01 2.712560002259916114e+00
1.113000000000008249e+01 2.719491145532757947e+00
1.115000000000008207e+01 2.681576613180959967e+00
1.117000000000008164e+01 2.692816687856662838e+00
1.119000000000008122e+01 2.641939256848577333e+00
1.121000000000008079e+01 2.586242269898149537e+00
1.123000000000008036e+01 2.591638885146022808e+00
1.125000000000007994e+01 2.557527913133221364e+00
1.127000000000007951e+01 2.515428012680303471e+00
1.129000000000007908e+01 2.525798522684671976e+00
1.131000000000007866e+01 2.488374527286175031e+00
1.133000000000007823e+01 2.481826157902988328e+00
1.135000000000007780e+01 2.459618630673586992e+00
1.137000000000007738e+01 2.410535467160516809e+00
1.139000000000007695e+01 2.447752390178534743e+00
1.141000000000007653e+01 2.392425364895252482e+00
1.143000000000007610e+01 2.347989801254050768e+00
1.145000000000007567e+01 2.319530367851891928e+00
1.147000000000007525e+01 2.307693931388773656e+00
1.149000000000007482e+01 2.272453345647009293e+00
1.151000000000007439e+01 2.287536326736380854e+00
1.153000000000007397e+01 2.251156193304001629e+00
1.155000000000007354e+01 2.214770731455656172e+00
1.157000000000007311e+01 2.198316977986594090e+00
1.159000000000007269e+01 2.140975449816734599e+00
1.161000000000007226e+01 2.149966236012434972e+00
1.163000000000007184e+01 2.137432739560634065e+00
1.165000000000007141e+01 2.104961269170587457e+00
1.167000000000007098e+01 2.091046326322738569e+00
1.169000000000007056e+01 2.089105287911710906e+00
1.171000000000007013e+01 2.071276710841680746e+00
1.173000000000006970e+01 2.022068289345534176e+00
1.175000000000006928e+01 2.000969966316310522e+00
1.177000000000006885e+01 1.989423616914753223e+00
1.179000000000006843e+01 1.989209896984747594e+00
1.181000000000006800e+01 1.939554576855635482e+00
1.183000000000006757e+01 1.925066234119260811e+00
1.185000000000006715e+01 1.915192640104961042e+00
1.187000000000006672e+01 1.895707585091471081e+00
1.189000000000006629e+01 1.868627497099080603e+00
1.191000000000006587e+01 1.845713147892802386e+00
1.193000000000006544e+01 1.841673047080250036e+00
1.195000000000006501e+01 1.787722467342893307e+00
1.197000000000006459e+01 1.796429802673337406e+00
1.199000000000006416e+01 1.789990223826091853e+00
1.201000000000006374e+01 1.773691437037098417e+00
1.203000000000006331e+01 1.755768578675000802e+00
1.205000000000006288e+01 1.721712373197187063e+00
1.207000000000006246e+01 1.718976592568979278e+00
1.209000000000006203e+01 1.704210090063965177e+00
1.211000000000006160e+01 1.686090821345291868e+00
1.213000000000006118e+01 1.670173870458778076e+00
1.215000000000006075e+01 1.643407160148680823e+00
1.217000000000006033e+01 1.667584911656992297e+00
1.219000000000005990e+01 1.649273172316839009e+00
1.221000000000005947e+01 1.580215991277245102e+00
1.223000000000005905e+01 1.571909995661532555e+00
1.225000000000005862e+01 1.570321444544164668e+00
1.227000000000005819e+01 1.528137452353244718e+00
1.229000000000005777e+01 1.515384508921953977e+00
1.231000000000005734e+01 1.531760401198428490e+00
1.233000000000005691e+01 1.496954521632614332e+00
1.235000000000005649e+01 1.475079571556819680e+00
1.237000000000005606e+01 1.487450766977985062e+00
1.239000000000005564e+01 1.441935108419554856e+00
1.241000000000005521e+01 1.444032276594033437e+00
1.243000000000005478e+01 1.445916360252290422e+00
1.245000000000005436e+01 1.433762241574956908e+00
1.247000000000005393e+01 1.386576040558677336e+00
1.249000000000005350e+01 1.402316422118718320e+00
1.251000000000005308e+01 1.364199487442323999e+00
1.253000000000005265e+01 1.377018521041818211e+00
1.255000000000005222e+01 1.314144946480360288e+00
1.257000000000005180e+01 1.342075792048971428e+00
1.259000000000005137e+01 1.322314823543621065e+00
1.261000000000005095e+01 1.288470050956463275e+00
1.263000000000005052e+01 1.287978213254104665e+00
1.265000000000005009e+01 1.260086672241230499e+00
1.267000000000004967e+01 1.285926586560887097e+00
1.269000000000004924e+01 1.262459956326032806e+00
1.271000000000004881e+01 1.225781706222251355e+00
1.273000000000004839e+01 1.219358901991223876e+00
1.275000000000004796e+01 1.239986672204332008e+00
1.277000000000004754e+01 1.209786088270107696e+00
1.279000000000004711e+01 1.189341999015436357e+00
1.281000000000004668e+01 1.194493085500400120e+00
1.283000000000004626e+01 1.167701706100508385e+00
1.285000000000004583e+01 1.153497873867648238e+00
1.287000000000004540e+01 1.144868641128035769e+00
1.289000000000004498e+01 1.136920621800179054e+00
1.291000000000004455e+01 1.125265541395170210e+00
1.293000000000004412e+01 1.126466348752601432e+00
1.295000000000004370e+01 1.096012593893974874e+00
1.297000000000004327e+01 1.121956245949651709e+00
1.299000000000004285e+01 1.079210856797539808e+00
1.301000000000004242e+01 1.079305574792566835e+00
1.303000000000004199e+01 1.092361095515711922e+00
1.305000000000004157e+01 1.077034671970841240e+00
1.307000000000004114e+01 1.050544286332862010e+00
1.309000000000004071e+01 1.043142613183741130e+00
1.311000000000004029e+01 1.005201771234339736e+00
1.313000000000003986e+01 1.050356740565793423e+00
1.315000000000003944e+01 1.032831144865338002e+00
1.317000000000003901e+01 1.004366309878415464e+00
1.319000000000003858e+01 9.975235808683338146e-01
1.321000000000003816e+01 9.992237312479047562e-01
1.323000000000003773e+01 9.726929279861034061e-01
1.325000000000003730e+01 9.498428730648599272e-01
1.327000000000003688e+01 9.273045806099411426e-01
1.329000000000003645e+01 9.435112015296059917e-01
1.331000000000003602e+01 9.281998218195204320e-01
1.333000000000003560e+01 9.326501692138198241e-01
1.335000000000003517e+01 9.245862145096236384e-01
1.337000000000003475e+01 8.995539461238799550e-01
1.339000000000003432e+01 8.858090014289408121e-01
1.341000000000003389e+01 8.802161386782777486e-01
1.343000000000003347e+01 8.543030831658662283e-01
1.345000000000003304e+01 8.668360313247328586e-01
1.347000000000003261e+01 8.555680365144743282e-01
1.349000000000003219e+01 8.730757906526429579e-01
1.351000000000003176e+01 8.102755367954870280e-01
1.353000000000003133e+01 8.065229685780053170e-01
1.355000000000003091e+01 7.728001943341437086e-01
1.357000000000003048e+01 7.689687445755379880e-01
1.359000000000003006e+01 7.680256615520892893e-01
1.361000000000002963e+01 7.763917683273782178e-01
1.363000000000002920e+01 7.495008890185468342e-01
1.365000000000002878e+01 7.313594520483235328e-01
1.367000000000002835e+01 7.375949245356999695e-01
1.369000000000002792e+01 7.316820408178623669e-01
1.371000000000002750e+01 7.213596428788954240e-01
1.373000000000002707e+01 7.170338588589854067e-01
1.375000000000002665e+01 7.125582311085956189e-01
1.377000000000002622e+01 6.990294790736378827e-01
1.379000000000002579e+01 6.929819301730765213e-01
1.381000000000002537e+01 6.628824380747619927e-01
1.383000000000002494e+01 6.420203648302788002e-01
1.385000000000002451e+01 6.496401800910591717e-01
1.387000000000002409e+01 6.594714454067259757e-01
1.389000000000002366e+01 6.359416102824310135e-01
1.391000000000002323e+01 6.366048646190697324e-01
1.393000000000002281e+01 6.279176609330341385e-01
1.395000000000002238e+01 5.955789089441948514e-01
1.397000000000002196e+01 5.869324476668577040e-01
1.399000000000002153e+01 5.891708979806699054e-01
1.401000000000002110e+01 5.614458629564834657e-01
1.403000000000002068e+01 5.881624641054867819e-01
1.405000000000002025e+01 5.822365276061167716e-01
1.407000000000001982e+01 5.748690133559534177e-01
1.409000000000001940e+01 5.625786721283266845e-01
1.411000000000001897e+01 5.425041797500954610e-01
1.413000000000001855e+01 5.504562275711004649e-01
1.415000000000001812e+01 5.318555946887982833e-01
1.417000000000001769e+01 5.188123121932065596e-01
1.419000000000001727e+01 5.055357738294139480e-01
1.421000000000001684e+01 4.987144459885301528e-01
1.423000000000001641e+01 4.902032622865874489e-01
1.425000000000001599e+01 4.696775330268921356e-01
1.427000000000001556e+01 4.752885284806701027e-01
1.429000000000001513e+01 4.559441063655101933e-01
1.431000000000001471e+01 4.445944046709488506e-01
1.433000000000001428e+01 4.588541817101267628e-01
1.435000000000001386e+01 4.289937129114783643e-01
1.437000000000001343e+01 4.223240584874078385e-01
1.439000000000001300e+01 3.975279104682836739e-01
1.441000000000001258e+01 3.825348300524453182e-01
1.443000000000001215e+01 3.599469630386333829e-01
1.445000000000001172e+01 3.341068269906596888e-01
1.447000000000001130e+01 3.261891575114035380e-01
1.449000000000001087e+01 3.224813540051095773e-01
1.451000000000001044e+01 2.855339660912245558e-01
1.453000000000001002e+01 2.565715582038229914e-01
1.455000000000000959e+01 1.800105773712250279e-01
1.457000000000000917e+01 1.328118186703690362e-01
1.459000000000000874e+01 9.878292993303211533e-02
1.461000000000000831e+01 8.439043176125962664e-02
1.463000000000000789e+01 6.429073708759495964e-02
1.465000000000000746e+01 2.502015610892283776e-02
1.467000000000000703e+01 1.097828562888617659e-02
1.469000000000000661e+01 2.722463207362877790e-03
1.471000000000000618e+01 7.231742879393254850e-09
1.473000000000000576e+01 0.000000000000000000e+00
1.475000000000000533e+01 0.000000000000000000e+00
1.477000000000000490e+01 0.000000000000000000e+00
1.479000000000000448e+01 0.000000000000000000e+00
1.481000000000000405e+01 0.000000000000000000e+00
1.483000000000000362e+01 0.000000000000000000e+00
1.485000000000000320e+01 0.000000000000000000e+00
1.487000000000000277e+01 0.000000000000000000e+00
1.489000000000000234e+01 0.000000000000000000e+00
1.491000000000000192e+01 0.000000000000000000e+00
1.493000000000000149e+01 0.000000000000000000e+00
1.495000000000000107e+01 0.000000000000000000e+00
1.497000000000000064e+01 0.000000000000000000e+00
1.499000000000000021e+01 0.000000000000000000e+00
