# Redshift		Merger Rate Density [Gpc^-3yr^-1]
1.000000000031931770e-02 1.136810630530840704e+01
3.000000000031888964e-02 1.159582488073860418e+01
5.000000000031846331e-02 1.208787890563142220e+01
7.000000000031804392e-02 1.216074992078799966e+01
9.000000000031761760e-02 1.249302150731969618e+01
1.100000000003171913e-01 1.269908444247355916e+01
1.300000000003167511e-01 1.305083529044142843e+01
1.500000000003163247e-01 1.320068785023131497e+01
1.700000000003158984e-01 1.325922860839985873e+01
1.900000000003154721e-01 1.356942928456523489e+01
2.100000000003150458e-01 1.366884228259180034e+01
2.300000000003146194e-01 1.419387849399241830e+01
2.500000000003141931e-01 1.438052104101381445e+01
2.700000000003137668e-01 1.444747718132584957e+01
2.900000000003133405e-01 1.468820352544602237e+01
3.100000000003129141e-01 1.502638367430091471e+01
3.300000000003124878e-01 1.516078701402970275e+01
3.500000000003120615e-01 1.551313576114459281e+01
3.700000000003116352e-01 1.552882343043152069e+01
3.900000000003112088e-01 1.599623969310496463e+01
4.100000000003107825e-01 1.629278256646302481e+01
4.300000000003103562e-01 1.662997198888797001e+01
4.500000000003099299e-01 1.671006932905357090e+01
4.700000000003095035e-01 1.753672192379871930e+01
4.900000000003090772e-01 1.747149502907485896e+01
5.100000000003086509e-01 1.808272896002215191e+01
5.300000000003082246e-01 1.786485679991717390e+01
5.500000000003077982e-01 1.872665001873191315e+01
5.700000000003073719e-01 1.893939797772180711e+01
5.900000000003069456e-01 1.884850377050149106e+01
6.100000000003065193e-01 1.942653991075726694e+01
6.300000000003060929e-01 1.958173272524366837e+01
6.500000000003056666e-01 2.022680016608622111e+01
6.700000000003052403e-01 2.053845973822700799e+01
6.900000000003048140e-01 2.068459995825265807e+01
7.100000000003043876e-01 2.116183050386845821e+01
7.300000000003039613e-01 2.157632330294983802e+01
7.500000000003035350e-01 2.214463427998923706e+01
7.700000000003031086e-01 2.216430310162812489e+01
7.900000000003026823e-01 2.261431679673912498e+01
8.100000000003022560e-01 2.304558795135852023e+01
8.300000000003018297e-01 2.330303702831233892e+01
8.500000000003014033e-01 2.394847869325205991e+01
8.700000000003009770e-01 2.455525661952065519e+01
8.900000000003005507e-01 2.493128488363478112e+01
9.100000000003001244e-01 2.464580726087277540e+01
9.300000000002996980e-01 2.566500589527801779e+01
9.500000000002992717e-01 2.561801527874560236e+01
9.700000000002988454e-01 2.611643319284856446e+01
9.900000000002984191e-01 2.630203317892187442e+01
1.010000000000297993e+00 2.704426362454601573e+01
1.030000000000297566e+00 2.727098609494663606e+01
1.050000000000297140e+00 2.726094874436723003e+01
1.070000000000296714e+00 2.808980441499991798e+01
1.090000000000296287e+00 2.762079389553757380e+01
1.110000000000295861e+00 2.794302066111502825e+01
1.130000000000295435e+00 2.893739566161885790e+01
1.150000000000295008e+00 2.876299372856567871e+01
1.170000000000294582e+00 2.922731086544016676e+01
1.190000000000294156e+00 2.943908386741344785e+01
1.210000000000293729e+00 2.978323468092877135e+01
1.230000000000293303e+00 3.006335584077332612e+01
1.250000000000292877e+00 3.062203685000715581e+01
1.270000000000292451e+00 3.051595861871224002e+01
1.290000000000292024e+00 3.167673446204351606e+01
1.310000000000291598e+00 3.182302730680953928e+01
1.330000000000291172e+00 3.185030076958879164e+01
1.350000000000290745e+00 3.259726601311339778e+01
1.370000000000290319e+00 3.216873907184976389e+01
1.390000000000289893e+00 3.295570993446774821e+01
1.410000000000289466e+00 3.290668945863497186e+01
1.430000000000289040e+00 3.380595667394207027e+01
1.450000000000288614e+00 3.388228533560342015e+01
1.470000000000288187e+00 3.464588798189573282e+01
1.490000000000287761e+00 3.377137460428637183e+01
1.510000000000287335e+00 3.454000340405733027e+01
1.530000000000286908e+00 3.568457394614874545e+01
1.550000000000286482e+00 3.447358241964545300e+01
1.570000000000286056e+00 3.589673183964006853e+01
1.590000000000285629e+00 3.579566904159808161e+01
1.610000000000285203e+00 3.558070695005643813e+01
1.630000000000284777e+00 3.604527459681360568e+01
1.650000000000284350e+00 3.701497495433163465e+01
1.670000000000283924e+00 3.618553021077126175e+01
1.690000000000283498e+00 3.673623064295225760e+01
1.710000000000283071e+00 3.708932280437476692e+01
1.730000000000282645e+00 3.657783668684733414e+01
1.750000000000282219e+00 3.774441010472556712e+01
1.770000000000281792e+00 3.714182049004348585e+01
1.790000000000281366e+00 3.744278255391012777e+01
1.810000000000280940e+00 3.778828776139646095e+01
1.830000000000280513e+00 3.805600424008341776e+01
1.850000000000280087e+00 3.789989399417318339e+01
1.870000000000279661e+00 3.790406657868759055e+01
1.890000000000279234e+00 3.843332219227243485e+01
1.910000000000278808e+00 3.848385828523885976e+01
1.930000000000278382e+00 3.831999597080945819e+01
1.950000000000277955e+00 3.860958616539399912e+01
1.970000000000277529e+00 3.828036567784462818e+01
1.990000000000277103e+00 3.837573822938188073e+01
2.010000000000276899e+00 3.938692453520839365e+01
2.030000000000276472e+00 3.831034984804011145e+01
2.050000000000276046e+00 3.910193445916725352e+01
2.070000000000275620e+00 3.839779625910896499e+01
2.090000000000275193e+00 3.920852819567816283e+01
2.110000000000274767e+00 3.799719097291305303e+01
2.130000000000274341e+00 3.885017263464243342e+01
2.150000000000273914e+00 3.858779771983898144e+01
2.170000000000273488e+00 3.861446054387003102e+01
2.190000000000273062e+00 3.887545032344787899e+01
2.210000000000272635e+00 3.836078446661191066e+01
2.230000000000272209e+00 3.944642398136896588e+01
2.250000000000271783e+00 3.780470321577122661e+01
2.270000000000271356e+00 3.869458431436446233e+01
2.290000000000270930e+00 3.829906538468749488e+01
2.310000000000270504e+00 3.862113586774103879e+01
2.330000000000270077e+00 3.831715104751634726e+01
2.350000000000269651e+00 3.792480606521423425e+01
2.370000000000269225e+00 3.741787501093476465e+01
2.390000000000268798e+00 3.766984553647661471e+01
2.410000000000268372e+00 3.773352601926127647e+01
2.430000000000267946e+00 3.806467998576071921e+01
2.450000000000267519e+00 3.801243508571655383e+01
2.470000000000267093e+00 3.699800376542700775e+01
2.490000000000266667e+00 3.860037840130907938e+01
2.510000000000266240e+00 3.665012447894934411e+01
2.530000000000265814e+00 3.674553797706321490e+01
2.550000000000265388e+00 3.705642206410429651e+01
2.570000000000264961e+00 3.688748394732655811e+01
2.590000000000264535e+00 3.629409357786532553e+01
2.610000000000264109e+00 3.651768771799450519e+01
2.630000000000263682e+00 3.623747047900788232e+01
2.650000000000263256e+00 3.589759093824931568e+01
2.670000000000262830e+00 3.598198356607294812e+01
2.690000000000262403e+00 3.572741925902909088e+01
2.710000000000261977e+00 3.535570933987690267e+01
2.730000000000261551e+00 3.587852569699261096e+01
2.750000000000261124e+00 3.532171211121283960e+01
2.770000000000260698e+00 3.514221930830645846e+01
2.790000000000260272e+00 3.510952734317532986e+01
2.810000000000259845e+00 3.438409150509905032e+01
2.830000000000259419e+00 3.418331727728433833e+01
2.850000000000258993e+00 3.443943637961425708e+01
2.870000000000258567e+00 3.358053168500826757e+01
2.890000000000258140e+00 3.441396273136155770e+01
2.910000000000257714e+00 3.383543876315660981e+01
2.930000000000257288e+00 3.333462251936541065e+01
2.950000000000256861e+00 3.336968044840246250e+01
2.970000000000256435e+00 3.309133000564944638e+01
2.990000000000256009e+00 3.310437916185722429e+01
3.010000000000255582e+00 3.249624444440502202e+01
3.030000000000255156e+00 3.194372318118408671e+01
3.050000000000254730e+00 3.257635980059662018e+01
3.070000000000254303e+00 3.178534479662539525e+01
3.090000000000253877e+00 3.219326200192463716e+01
3.110000000000253451e+00 3.136320890056865451e+01
3.130000000000253024e+00 3.136665451957777151e+01
3.150000000000252598e+00 3.163994130690365125e+01
3.170000000000252172e+00 3.096760331273418387e+01
3.190000000000251745e+00 3.103479029980015724e+01
3.210000000000251319e+00 3.017954452645798469e+01
3.230000000000250893e+00 3.030280570323083822e+01
3.250000000000250466e+00 3.054392083545372927e+01
3.270000000000250040e+00 3.004081032786217165e+01
3.290000000000249614e+00 2.949172306639284713e+01
3.310000000000249187e+00 2.987550526991135769e+01
3.330000000000248761e+00 2.911128745746882629e+01
3.350000000000248335e+00 2.954190048270658053e+01
3.370000000000247908e+00 2.867458914375645662e+01
3.390000000000247482e+00 2.921689976254719312e+01
3.410000000000247056e+00 2.855784108696842694e+01
3.430000000000246629e+00 2.832126200001884797e+01
3.450000000000246203e+00 2.815407962015625642e+01
3.470000000000245777e+00 2.815388217391461367e+01
3.490000000000245350e+00 2.777792099953405369e+01
3.510000000000244924e+00 2.768058805903550734e+01
3.530000000000244498e+00 2.757801880949296702e+01
3.550000000000244071e+00 2.763231266978288048e+01
3.570000000000243645e+00 2.694074551890411229e+01
3.590000000000243219e+00 2.680019434863850947e+01
3.610000000000242792e+00 2.660324931431357953e+01
3.630000000000242366e+00 2.654345571915017032e+01
3.650000000000241940e+00 2.647726264733791979e+01
3.670000000000241513e+00 2.646542157450901556e+01
3.690000000000241087e+00 2.597875752784607428e+01
3.710000000000240661e+00 2.621133117989220906e+01
3.730000000000240234e+00 2.562260876002441279e+01
3.750000000000239808e+00 2.536010869895554976e+01
3.770000000000239382e+00 2.543331537870363945e+01
3.790000000000238956e+00 2.508342805641905926e+01
3.810000000000238529e+00 2.515756623157923499e+01
3.830000000000238103e+00 2.507883430794350232e+01
3.850000000000237677e+00 2.469910404524735981e+01
3.870000000000237250e+00 2.444403570384093172e+01
3.890000000000236824e+00 2.430849384131347435e+01
3.910000000000236398e+00 2.424057396987466007e+01
3.930000000000235971e+00 2.408907042115386332e+01
3.950000000000235545e+00 2.372927399473992693e+01
3.970000000000235119e+00 2.389909676103724578e+01
3.990000000000234692e+00 2.351086101221372004e+01
4.010000000000234266e+00 2.314940506180792212e+01
4.030000000000233840e+00 2.323814268003013694e+01
4.050000000000233413e+00 2.319044346040671556e+01
4.070000000000232987e+00 2.293920244299104994e+01
4.090000000000232561e+00 2.299169095178328703e+01
4.110000000000232134e+00 2.250983230763423038e+01
4.130000000000231708e+00 2.246479593179212131e+01
4.150000000000231282e+00 2.245719148508581142e+01
4.170000000000230855e+00 2.287208927557728799e+01
4.190000000000230429e+00 2.169110920396767028e+01
4.210000000000230003e+00 2.220196051089495271e+01
4.230000000000229576e+00 2.127613993573423556e+01
4.250000000000229150e+00 2.167320906192780328e+01
4.270000000000228724e+00 2.146556399541044158e+01
4.290000000000228297e+00 2.137576459891361580e+01
4.310000000000227871e+00 2.123469070861841601e+01
4.330000000000227445e+00 2.075535782914970540e+01
4.350000000000227018e+00 2.086158101662055842e+01
4.370000000000226592e+00 2.091419192465438570e+01
4.390000000000226166e+00 2.043940065254010108e+01
4.410000000000225739e+00 2.054661583022337368e+01
4.430000000000225313e+00 2.012640016881178440e+01
4.450000000000224887e+00 2.000530416976033266e+01
4.470000000000224460e+00 1.989865849281257582e+01
4.490000000000224034e+00 1.992769939963591952e+01
4.510000000000223608e+00 1.961589946119114458e+01
4.530000000000223181e+00 1.975375278320928629e+01
4.550000000000222755e+00 1.926383514616155068e+01
4.570000000000222329e+00 1.935205018092667828e+01
4.590000000000221902e+00 1.895342842866167388e+01
4.610000000000221476e+00 1.888683861629170124e+01
4.630000000000221050e+00 1.867236199537671126e+01
4.650000000000220624e+00 1.846522521115100801e+01
4.670000000000220197e+00 1.837595331421769629e+01
4.690000000000219771e+00 1.808901842682945826e+01
4.710000000000219345e+00 1.846321156393532803e+01
4.730000000000218918e+00 1.789751880992530531e+01
4.750000000000218492e+00 1.766186253780608695e+01
4.770000000000218066e+00 1.781413242618643622e+01
4.790000000000217639e+00 1.748719049368120437e+01
4.810000000000217213e+00 1.762863692141324634e+01
4.830000000000216787e+00 1.741007381047290536e+01
4.850000000000216360e+00 1.749913496826606973e+01
4.870000000000215934e+00 1.728643036196489291e+01
4.890000000000215508e+00 1.698299170287454984e+01
4.910000000000215081e+00 1.663710560047268316e+01
4.930000000000214655e+00 1.675838808991587570e+01
4.950000000000214229e+00 1.666469800020693981e+01
4.970000000000213802e+00 1.631875404396954110e+01
4.990000000000213376e+00 1.617793566518953696e+01
5.010000000000212950e+00 1.656253176525267889e+01
5.030000000000212523e+00 1.570398859216243714e+01
5.050000000000212097e+00 1.623370235743724521e+01
5.070000000000211671e+00 1.575037000990097624e+01
5.090000000000211244e+00 1.536554336971001966e+01
5.110000000000210818e+00 1.582012381334306106e+01
5.130000000000210392e+00 1.560746901387896912e+01
5.150000000000209965e+00 1.534173434695758331e+01
5.170000000000209539e+00 1.508760536049696377e+01
5.190000000000209113e+00 1.475162647702418361e+01
5.210000000000208686e+00 1.479714148601251189e+01
5.230000000000208260e+00 1.492440275078103795e+01
5.250000000000207834e+00 1.446529741944257452e+01
5.270000000000207407e+00 1.466899039314276543e+01
5.290000000000206981e+00 1.436699513998567568e+01
5.310000000000206555e+00 1.439469209216834500e+01
5.330000000000206128e+00 1.398044068561470432e+01
5.350000000000205702e+00 1.424618296619498992e+01
5.370000000000205276e+00 1.394067711686593647e+01
5.390000000000204849e+00 1.329486708901754533e+01
5.410000000000204423e+00 1.372419549219842239e+01
5.430000000000203997e+00 1.347434966458198957e+01
5.450000000000203570e+00 1.344939993000988565e+01
5.470000000000203144e+00 1.316148659240402274e+01
5.490000000000202718e+00 1.306067513043630335e+01
5.510000000000202292e+00 1.303841625221082445e+01
5.530000000000201865e+00 1.283255858743389766e+01
5.550000000000201439e+00 1.285481756290388766e+01
5.570000000000201013e+00 1.252807300387699740e+01
5.590000000000200586e+00 1.272180231553953789e+01
5.610000000000200160e+00 1.237429141465423577e+01
5.630000000000199734e+00 1.205961683994520861e+01
5.650000000000199307e+00 1.214969926626285357e+01
5.670000000000198881e+00 1.208842401201866501e+01
5.690000000000198455e+00 1.198631465882057334e+01
5.710000000000198028e+00 1.203542330427908524e+01
5.730000000000197602e+00 1.165018854685601113e+01
5.750000000000197176e+00 1.164058844435898443e+01
5.770000000000196749e+00 1.145623039260694043e+01
5.790000000000196323e+00 1.159561541756974101e+01
5.810000000000195897e+00 1.115944119340041318e+01
5.830000000000195470e+00 1.116695436735687785e+01
5.850000000000195044e+00 1.102869026420498777e+01
5.870000000000194618e+00 1.102683842182140950e+01
5.890000000000194191e+00 1.073214989047204249e+01
5.910000000000193765e+00 1.071510261763129712e+01
5.930000000000193339e+00 1.052796329023497535e+01
5.950000000000192912e+00 1.061835424985941145e+01
5.970000000000192486e+00 1.045928752639371062e+01
5.990000000000192060e+00 1.037657119761392899e+01
6.010000000000191633e+00 1.026468641675433879e+01
6.030000000000191207e+00 1.032698660141911162e+01
6.050000000000190781e+00 1.001536273264775545e+01
6.070000000000190354e+00 9.873112652987394711e+00
6.090000000000189928e+00 9.821830945386189171e+00
6.110000000000189502e+00 9.763183249232623595e+00
6.130000000000189075e+00 9.616335279433181782e+00
6.150000000000188649e+00 9.608948417777423145e+00
6.170000000000188223e+00 9.335874670788102847e+00
6.190000000000187796e+00 9.443276212600027364e+00
6.210000000000187370e+00 9.271419070472886048e+00
6.230000000000186944e+00 9.410096423919100062e+00
6.250000000000186517e+00 9.050875412886108862e+00
6.270000000000186091e+00 9.059665407189823938e+00
6.290000000000185665e+00 8.928180975347036252e+00
6.310000000000185238e+00 8.598158876590872524e+00
6.330000000000184812e+00 8.736565817627219843e+00
6.350000000000184386e+00 8.737757661729046887e+00
6.370000000000183960e+00 8.693793920931222274e+00
6.390000000000183533e+00 8.464108314125263988e+00
6.410000000000183107e+00 8.385614154257162056e+00
6.430000000000182681e+00 8.326857575504671871e+00
6.450000000000182254e+00 8.179733961871740178e+00
6.470000000000181828e+00 8.218038785550222158e+00
6.490000000000181402e+00 8.002847566011025648e+00
6.510000000000180975e+00 8.017552124354738297e+00
6.530000000000180549e+00 7.967257578791524963e+00
6.550000000000180123e+00 7.744039209679691282e+00
6.570000000000179696e+00 7.746313706653646491e+00
6.590000000000179270e+00 7.659787858762226342e+00
6.610000000000178844e+00 7.634390008193874699e+00
6.630000000000178417e+00 7.641541594529251746e+00
6.650000000000177991e+00 7.341356572586250628e+00
6.670000000000177565e+00 7.386838711369021482e+00
6.690000000000177138e+00 7.377372982130193435e+00
6.710000000000176712e+00 7.159771395658097504e+00
6.730000000000176286e+00 7.158921856366688097e+00
6.750000000000175859e+00 7.199257004525222214e+00
6.770000000000175433e+00 7.017231646611082674e+00
6.790000000000175007e+00 6.867127616941084867e+00
6.810000000000174580e+00 6.948311534480349216e+00
6.830000000000174154e+00 6.877265957378617678e+00
6.850000000000173728e+00 6.891456703405586026e+00
6.870000000000173301e+00 6.718154471364641722e+00
6.890000000000172875e+00 6.605837044244355916e+00
6.910000000000172449e+00 6.648781878854342686e+00
6.930000000000172022e+00 6.420301633438887379e+00
6.950000000000171596e+00 6.543527710025790256e+00
6.970000000000171170e+00 6.503297900497279294e+00
6.990000000000170743e+00 6.383505566602438286e+00
7.010000000000170317e+00 6.263082974682086856e+00
7.030000000000169891e+00 6.183285611314794927e+00
7.050000000000169464e+00 6.292100279138663765e+00
7.070000000000169038e+00 6.203444429158132323e+00
7.090000000000168612e+00 6.220411184663399595e+00
7.110000000000168185e+00 6.026196978945293381e+00
7.130000000000167759e+00 6.073015717993119011e+00
7.150000000000167333e+00 6.104075968946220954e+00
7.170000000000166906e+00 5.905895187960830128e+00
7.190000000000166480e+00 5.758276261455365308e+00
7.210000000000166054e+00 5.972005964877262763e+00
7.230000000000165628e+00 5.775204686102939355e+00
7.250000000000165201e+00 5.719950909618194856e+00
7.270000000000164775e+00 5.869101892500287576e+00
7.290000000000164349e+00 5.676246093212325761e+00
7.310000000000163922e+00 5.637225924124578569e+00
7.330000000000163496e+00 5.581945092425540267e+00
7.350000000000163070e+00 5.528212650530513805e+00
7.370000000000162643e+00 5.617321661067935068e+00
7.390000000000162217e+00 5.475828394072791205e+00
7.410000000000161791e+00 5.420672206750721145e+00
7.430000000000161364e+00 5.458218154980675862e+00
7.450000000000160938e+00 5.429760446538447916e+00
7.470000000000160512e+00 5.343253837001266326e+00
7.490000000000160085e+00 5.372337166380248163e+00
7.510000000000159659e+00 5.300431923107783660e+00
7.530000000000159233e+00 5.266612122617107872e+00
7.550000000000158806e+00 5.205134015517725921e+00
7.570000000000158380e+00 5.232064315211721883e+00
7.590000000000157954e+00 5.139301400502556127e+00
7.610000000000157527e+00 5.245732682446755391e+00
7.630000000000157101e+00 5.113145704293762250e+00
7.650000000000156675e+00 5.067471030452042946e+00
7.670000000000156248e+00 5.111913152890069867e+00
7.690000000000155822e+00 5.060895359125876958e+00
7.710000000000155396e+00 5.000491321749764850e+00
7.730000000000154969e+00 4.967832966528653138e+00
7.750000000000154543e+00 4.894907103570360185e+00
7.770000000000154117e+00 4.968693966192725853e+00
7.790000000000153690e+00 4.865012315458638881e+00
7.810000000000153264e+00 4.847535866327699061e+00
7.830000000000152838e+00 4.836901067950819311e+00
7.850000000000152411e+00 4.874101191559738311e+00
7.870000000000151985e+00 4.774144042544931743e+00
7.890000000000151559e+00 4.798598666484050312e+00
7.910000000000151132e+00 4.787293272979631809e+00
7.930000000000150706e+00 4.740530580053699872e+00
7.950000000000150280e+00 4.683463727349157502e+00
7.970000000000149853e+00 4.682029205622157519e+00
7.990000000000149427e+00 4.609880891863433305e+00
8.010000000000149001e+00 4.612612216194558634e+00
8.030000000000148574e+00 4.647966142024804626e+00
8.050000000000148148e+00 4.554997928838254495e+00
8.070000000000147722e+00 4.592290053745944789e+00
8.090000000000147296e+00 4.548343094826450717e+00
8.110000000000146869e+00 4.542884684339962398e+00
8.130000000000146443e+00 4.521349497307746823e+00
8.150000000000146017e+00 4.532606361052563315e+00
8.170000000000145590e+00 4.470511511497649693e+00
8.190000000000145164e+00 4.454033596305740694e+00
8.210000000000144738e+00 4.382648651459161826e+00
8.230000000000144311e+00 4.429438443614776233e+00
8.250000000000143885e+00 4.369916193875120314e+00
8.270000000000143459e+00 4.409337902019252908e+00
8.290000000000143032e+00 4.376592542605197700e+00
8.310000000000142606e+00 4.341611137639502793e+00
8.330000000000142180e+00 4.341421830424470052e+00
8.350000000000141753e+00 4.364659923445965539e+00
8.370000000000141327e+00 4.314636458001151809e+00
8.390000000000140901e+00 4.301008737402364446e+00
8.410000000000140474e+00 4.292511741271887615e+00
8.430000000000140048e+00 4.302202532179783212e+00
8.450000000000139622e+00 4.245907675375311108e+00
8.470000000000139195e+00 4.261973123368957062e+00
8.490000000000138769e+00 4.224234919422976020e+00
8.510000000000138343e+00 4.211219331614550754e+00
8.530000000000137916e+00 4.163699608674586550e+00
8.550000000000137490e+00 4.188448738141531180e+00
8.570000000000137064e+00 4.206659009293701956e+00
8.590000000000136637e+00 4.129564720566396119e+00
8.610000000000136211e+00 4.113674133721786141e+00
8.630000000000135785e+00 4.172738693661621312e+00
8.650000000000135358e+00 4.135106798816612361e+00
8.670000000000134932e+00 4.103966561886386089e+00
8.690000000000134506e+00 4.087818520530261068e+00
8.710000000000134079e+00 3.998498578786201740e+00
8.730000000000133653e+00 4.077151519176736905e+00
8.750000000000133227e+00 4.023466057039037480e+00
8.770000000000132800e+00 4.014292905672047773e+00
8.790000000000132374e+00 4.053487001876526108e+00
8.810000000000131948e+00 3.951603522104799371e+00
8.830000000000131521e+00 4.021629623792960295e+00
8.850000000000131095e+00 3.943296327748372132e+00
8.870000000000130669e+00 3.939001869383681687e+00
8.890000000000130242e+00 3.984240236011977743e+00
8.910000000000129816e+00 3.928293719080383273e+00
8.930000000000129390e+00 3.914778319878390533e+00
8.950000000000128964e+00 3.913741222407438158e+00
8.970000000000128537e+00 3.869944100438307721e+00
8.990000000000128111e+00 3.876898957891847797e+00
9.010000000000127685e+00 3.873585807315736762e+00
9.030000000000127258e+00 3.816077599202187365e+00
9.050000000000126832e+00 3.871112104729524717e+00
9.070000000000126406e+00 3.797832546349799721e+00
9.090000000000125979e+00 3.867221784700837439e+00
9.110000000000125553e+00 3.768155368513066428e+00
9.130000000000125127e+00 3.785163023851436659e+00
9.150000000000124700e+00 3.739488029099019339e+00
9.170000000000124274e+00 3.754748666578028526e+00
9.190000000000123848e+00 3.781413230525845215e+00
9.210000000000123421e+00 3.751845455443138633e+00
9.230000000000122995e+00 3.725117794700039120e+00
9.250000000000122569e+00 3.723667250407364016e+00
9.270000000000122142e+00 3.727730317059105847e+00
9.290000000000121716e+00 3.664108067359411081e+00
9.310000000000121290e+00 3.664286733261267415e+00
9.330000000000120863e+00 3.706734887660195543e+00
9.350000000000120437e+00 3.651189687650107540e+00
9.370000000000120011e+00 3.645023845550719344e+00
9.390000000000119584e+00 3.648610594995120859e+00
9.410000000000119158e+00 3.612277773460652597e+00
9.430000000000118732e+00 3.591673834856903280e+00
9.450000000000118305e+00 3.616190958389911891e+00
9.470000000000117879e+00 3.609135233467991810e+00
9.490000000000117453e+00 3.546104683664001112e+00
9.510000000000117026e+00 3.560162805019074561e+00
9.530000000000116600e+00 3.532895690270946520e+00
9.550000000000116174e+00 3.537781501842095278e+00
9.570000000000115747e+00 3.486833778359789360e+00
9.590000000000115321e+00 3.544120126725033515e+00
9.610000000000114895e+00 3.524461811867094063e+00
9.630000000000114468e+00 3.540288066330810945e+00
9.650000000000114042e+00 3.478264110713924495e+00
9.670000000000113616e+00 3.403222064714431561e+00
9.690000000000113189e+00 3.484065974247772424e+00
9.710000000000112763e+00 3.456621041437704100e+00
9.730000000000112337e+00 3.422682973908337534e+00
9.750000000000111910e+00 3.435106055027118632e+00
9.770000000000111484e+00 3.405347198115992402e+00
9.790000000000111058e+00 3.370245245922439015e+00
9.810000000000110632e+00 3.393806027788700774e+00
9.830000000000110205e+00 3.351120738951646860e+00
9.850000000000109779e+00 3.331911788988953571e+00
9.870000000000109353e+00 3.339291873413150036e+00
9.890000000000108926e+00 3.326115070129692874e+00
9.910000000000108500e+00 3.335832966801429489e+00
9.930000000000108074e+00 3.278470207234124079e+00
9.950000000000107647e+00 3.279060478366446763e+00
9.970000000000107221e+00 3.269502234165159393e+00
9.990000000000106795e+00 3.210378093649514319e+00
1.001000000000010637e+01 3.265783477677536961e+00
1.003000000000010594e+01 3.211173742643583573e+00
1.005000000000010552e+01 3.166635808219739889e+00
1.007000000000010509e+01 3.251938263289444464e+00
1.009000000000010466e+01 3.172517774191320861e+00
1.011000000000010424e+01 3.136763399264700158e+00
1.013000000000010381e+01 3.162820127736130082e+00
1.015000000000010338e+01 3.138611225151520578e+00
1.017000000000010296e+01 3.159181789047436073e+00
1.019000000000010253e+01 3.121958919437036961e+00
1.021000000000010210e+01 3.070272008472121783e+00
1.023000000000010168e+01 3.062245531385948905e+00
1.025000000000010125e+01 3.116773122547811692e+00
1.027000000000010083e+01 3.030612806555979866e+00
1.029000000000010040e+01 2.999510006947191609e+00
1.031000000000009997e+01 3.053868591684580025e+00
1.033000000000009955e+01 3.002345923432797381e+00
1.035000000000009912e+01 3.003155805715114646e+00
1.037000000000009869e+01 2.956217741498258889e+00
1.039000000000009827e+01 2.943536782891594594e+00
1.041000000000009784e+01 2.969139988401114483e+00
1.043000000000009742e+01 2.950836875046263685e+00
1.045000000000009699e+01 2.914088525482522396e+00
1.047000000000009656e+01 2.865916475876987501e+00
1.049000000000009614e+01 2.878613802389776044e+00
1.051000000000009571e+01 2.899655588324419053e+00
1.053000000000009528e+01 2.826350679248604170e+00
1.055000000000009486e+01 2.868190323837807032e+00
1.057000000000009443e+01 2.782146069827639234e+00
1.059000000000009400e+01 2.827635308783627899e+00
1.061000000000009358e+01 2.825472335114419753e+00
1.063000000000009315e+01 2.762785524758872846e+00
1.065000000000009273e+01 2.737466436016677385e+00
1.067000000000009230e+01 2.714682560020609259e+00
1.069000000000009187e+01 2.746796633448236324e+00
1.071000000000009145e+01 2.707964997891254111e+00
1.073000000000009102e+01 2.659344381765709198e+00
1.075000000000009059e+01 2.688005017857722834e+00
1.077000000000009017e+01 2.666170646925162924e+00
1.079000000000008974e+01 2.659774193552696175e+00
1.081000000000008932e+01 2.640542241669514567e+00
1.083000000000008889e+01 2.614606965965848850e+00
1.085000000000008846e+01 2.598032762958251585e+00
1.087000000000008804e+01 2.574949624687556504e+00
1.089000000000008761e+01 2.575248494212466710e+00
1.091000000000008718e+01 2.561659267152392339e+00
1.093000000000008676e+01 2.544334667876907652e+00
1.095000000000008633e+01 2.554123529010886351e+00
1.097000000000008590e+01 2.467865884248951147e+00
1.099000000000008548e+01 2.476971359402189599e+00
1.101000000000008505e+01 2.502736811704634246e+00
1.103000000000008463e+01 2.424848667371831024e+00
1.105000000000008420e+01 2.472567056665014196e+00
1.107000000000008377e+01 2.385266693590146314e+00
1.109000000000008335e+01 2.417671137364081346e+00
1.111000000000008292e+01 2.430766243462652909e+00
1.113000000000008249e+01 2.381106062024649361e+00
1.115000000000008207e+01 2.339504223360283852e+00
1.117000000000008164e+01 2.376347699411880399e+00
1.119000000000008122e+01 2.357638847570487695e+00
1.121000000000008079e+01 2.329431219758375970e+00
1.123000000000008036e+01 2.313583277085945245e+00
1.125000000000007994e+01 2.291337800982143680e+00
1.127000000000007951e+01 2.292492204159394920e+00
1.129000000000007908e+01 2.270472274447945082e+00
1.131000000000007866e+01 2.253837162844633202e+00
1.133000000000007823e+01 2.224808849107495767e+00
1.135000000000007780e+01 2.247803834389446642e+00
1.137000000000007738e+01 2.201697756992625266e+00
1.139000000000007695e+01 2.183160377515400263e+00
1.141000000000007653e+01 2.230460273695049178e+00
1.143000000000007610e+01 2.168895042906955783e+00
1.145000000000007567e+01 2.159592648894133493e+00
1.147000000000007525e+01 2.129723026421455501e+00
1.149000000000007482e+01 2.141467941000068986e+00
1.151000000000007439e+01 2.085326767573874029e+00
1.153000000000007397e+01 2.111457413451519383e+00
1.155000000000007354e+01 2.103751025378810535e+00
1.157000000000007311e+01 2.069937628447824807e+00
1.159000000000007269e+01 2.033488486154296560e+00
1.161000000000007226e+01 2.057570197061642681e+00
1.163000000000007184e+01 2.034446430610003187e+00
1.165000000000007141e+01 1.994793973639599649e+00
1.167000000000007098e+01 2.000490307387895683e+00
1.169000000000007056e+01 2.010454717865660879e+00
1.171000000000007013e+01 1.951718686043999673e+00
1.173000000000006970e+01 1.993629407004424481e+00
1.175000000000006928e+01 1.966432678355782171e+00
1.177000000000006885e+01 1.971705894722050489e+00
1.179000000000006843e+01 1.965950735943979177e+00
1.181000000000006800e+01 1.908739821561452832e+00
1.183000000000006757e+01 1.906569733311468395e+00
1.185000000000006715e+01 1.890849257259211491e+00
1.187000000000006672e+01 1.882350684387137152e+00
1.189000000000006629e+01 1.838888006249637108e+00
1.191000000000006587e+01 1.858531334850413330e+00
1.193000000000006544e+01 1.838686859571112331e+00
1.195000000000006501e+01 1.825534908022689695e+00
1.197000000000006459e+01 1.838546404109285826e+00
1.199000000000006416e+01 1.801160364961403637e+00
1.201000000000006374e+01 1.821866566452277736e+00
1.203000000000006331e+01 1.758536903244453331e+00
1.205000000000006288e+01 1.732228329161209723e+00
1.207000000000006246e+01 1.735600341673766867e+00
1.209000000000006203e+01 1.741895921756667409e+00
1.211000000000006160e+01 1.727016964507944730e+00
1.213000000000006118e+01 1.687548996679674174e+00
1.215000000000006075e+01 1.686931289718536231e+00
1.217000000000006033e+01 1.705362526787727262e+00
1.219000000000005990e+01 1.634481412100918130e+00
1.221000000000005947e+01 1.653099241106112061e+00
1.223000000000005905e+01 1.638875364225875986e+00
1.225000000000005862e+01 1.592753938500618194e+00
1.227000000000005819e+01 1.664020410112960979e+00
1.229000000000005777e+01 1.601854817429775757e+00
1.231000000000005734e+01 1.597809357544333064e+00
1.233000000000005691e+01 1.538283277458609266e+00
1.235000000000005649e+01 1.578589146553281974e+00
1.237000000000005606e+01 1.579838915033324520e+00
1.239000000000005564e+01 1.547881466732715428e+00
1.241000000000005521e+01 1.532685393412508645e+00
1.243000000000005478e+01 1.553017157036541640e+00
1.245000000000005436e+01 1.495888985938731874e+00
1.247000000000005393e+01 1.506178807773519646e+00
1.249000000000005350e+01 1.469019528848755085e+00
1.251000000000005308e+01 1.479532570552954285e+00
1.253000000000005265e+01 1.477265796635998107e+00
1.255000000000005222e+01 1.410092347460737416e+00
1.257000000000005180e+01 1.405689243491489160e+00
1.259000000000005137e+01 1.416150431011146349e+00
1.261000000000005095e+01 1.412277032218161477e+00
1.263000000000005052e+01 1.369063320817551332e+00
1.265000000000005009e+01 1.397288659520528942e+00
1.267000000000004967e+01 1.381467027944102810e+00
1.269000000000004924e+01 1.312290167314399625e+00
1.271000000000004881e+01 1.346634893056731785e+00
1.273000000000004839e+01 1.291719225541478888e+00
1.275000000000004796e+01 1.302392727205327283e+00
1.277000000000004754e+01 1.301975082074708023e+00
1.279000000000004711e+01 1.301191300116688154e+00
1.281000000000004668e+01 1.268861743613688864e+00
1.283000000000004626e+01 1.238935229465098598e+00
1.285000000000004583e+01 1.263013570697520516e+00
1.287000000000004540e+01 1.225001227498356826e+00
1.289000000000004498e+01 1.209169320932038438e+00
1.291000000000004455e+01 1.174965798505255954e+00
1.293000000000004412e+01 1.177009622171690140e+00
1.295000000000004370e+01 1.234870858387973058e+00
1.297000000000004327e+01 1.178147430656147687e+00
1.299000000000004285e+01 1.151181212170998780e+00
1.301000000000004242e+01 1.140807742922544055e+00
1.303000000000004199e+01 1.123172364440720328e+00
1.305000000000004157e+01 1.151763985516941036e+00
1.307000000000004114e+01 1.110784107410802690e+00
1.309000000000004071e+01 1.085575320518946896e+00
1.311000000000004029e+01 1.092119351004518180e+00
1.313000000000003986e+01 1.114819734391508499e+00
1.315000000000003944e+01 1.043133884438090409e+00
1.317000000000003901e+01 1.068609895507371954e+00
1.319000000000003858e+01 1.059409445228165492e+00
1.321000000000003816e+01 1.015013016721060257e+00
1.323000000000003773e+01 1.028857426990072099e+00
1.325000000000003730e+01 1.007431310525176427e+00
1.327000000000003688e+01 9.874407149256261285e-01
1.329000000000003645e+01 9.523754637149606239e-01
1.331000000000003602e+01 9.851509336209809398e-01
1.333000000000003560e+01 9.561671801575039042e-01
1.335000000000003517e+01 9.474593113034895930e-01
1.337000000000003475e+01 9.123099749395043867e-01
1.339000000000003432e+01 8.975137255321878893e-01
1.341000000000003389e+01 8.706571879057538599e-01
1.343000000000003347e+01 8.572995162594561069e-01
1.345000000000003304e+01 8.724911647677059401e-01
1.347000000000003261e+01 8.662138121967243309e-01
1.349000000000003219e+01 8.321622176148592009e-01
1.351000000000003176e+01 7.926296624848123695e-01
1.353000000000003133e+01 8.227828315667610193e-01
1.355000000000003091e+01 7.856848903774569237e-01
1.357000000000003048e+01 7.677045471153763900e-01
1.359000000000003006e+01 7.567058633497469877e-01
1.361000000000002963e+01 7.658188609933358482e-01
1.363000000000002920e+01 7.430653557753621463e-01
1.365000000000002878e+01 7.376630692359799069e-01
1.367000000000002835e+01 7.263340990462742175e-01
1.369000000000002792e+01 7.008267094244272633e-01
1.371000000000002750e+01 6.867108303851470197e-01
1.373000000000002707e+01 6.740397930541845994e-01
1.375000000000002665e+01 6.670625684093939300e-01
1.377000000000002622e+01 6.708962680063959017e-01
1.379000000000002579e+01 6.176126486810281646e-01
1.381000000000002537e+01 6.119428685202790152e-01
1.383000000000002494e+01 5.973610857863955736e-01
1.385000000000002451e+01 5.921980660646898320e-01
1.387000000000002409e+01 5.678710571266588625e-01
1.389000000000002366e+01 5.471161446536656481e-01
1.391000000000002323e+01 5.491243986135956323e-01
1.393000000000002281e+01 5.424650644997687232e-01
1.395000000000002238e+01 5.174944884896599540e-01
1.397000000000002196e+01 4.930537482877414557e-01
1.399000000000002153e+01 4.881827569591394855e-01
1.401000000000002110e+01 4.770972921603027772e-01
1.403000000000002068e+01 4.760027011913842698e-01
1.405000000000002025e+01 4.467218565783279138e-01
1.407000000000001982e+01 4.427537774256432579e-01
1.409000000000001940e+01 4.586535592962507901e-01
1.411000000000001897e+01 4.267072188594859261e-01
1.413000000000001855e+01 4.341195919232916922e-01
1.415000000000001812e+01 3.964371399485513980e-01
1.417000000000001769e+01 3.709498647482060707e-01
1.419000000000001727e+01 3.821994035734538886e-01
1.421000000000001684e+01 3.393152916319856494e-01
1.423000000000001641e+01 3.305059849531629124e-01
1.425000000000001599e+01 3.272026236006522204e-01
1.427000000000001556e+01 3.059956026294143872e-01
1.429000000000001513e+01 2.923921610694609208e-01
1.431000000000001471e+01 2.748691668351790351e-01
1.433000000000001428e+01 2.472694068878758533e-01
1.435000000000001386e+01 2.434331167926281070e-01
1.437000000000001343e+01 2.265019634537278614e-01
1.439000000000001300e+01 2.122429623808298749e-01
1.441000000000001258e+01 2.008214152282154219e-01
1.443000000000001215e+01 1.812546669996414062e-01
1.445000000000001172e+01 1.752986241580602456e-01
1.447000000000001130e+01 1.341521079179993359e-01
1.449000000000001087e+01 1.175131460127370187e-01
1.451000000000001044e+01 1.121484749883296106e-01
1.453000000000001002e+01 8.739332544481097365e-02
1.455000000000000959e+01 5.682706753299795327e-02
1.457000000000000917e+01 5.110026763214763068e-02
1.459000000000000874e+01 5.108378468230575370e-02
1.461000000000000831e+01 5.082361970736816448e-02
1.463000000000000789e+01 3.945016643946067103e-02
1.465000000000000746e+01 3.654534875470317329e-02
1.467000000000000703e+01 3.364835305797125864e-02
1.469000000000000661e+01 2.243345302148078840e-02
1.471000000000000618e+01 1.682518067418874164e-02
1.473000000000000576e+01 5.632869651675655696e-03
1.475000000000000533e+01 5.600818248530196886e-03
1.477000000000000490e+01 0.000000000000000000e+00
1.479000000000000448e+01 0.000000000000000000e+00
1.481000000000000405e+01 0.000000000000000000e+00
1.483000000000000362e+01 0.000000000000000000e+00
1.485000000000000320e+01 0.000000000000000000e+00
1.487000000000000277e+01 0.000000000000000000e+00
1.489000000000000234e+01 0.000000000000000000e+00
1.491000000000000192e+01 0.000000000000000000e+00
1.493000000000000149e+01 0.000000000000000000e+00
1.495000000000000107e+01 0.000000000000000000e+00
1.497000000000000064e+01 0.000000000000000000e+00
1.499000000000000021e+01 0.000000000000000000e+00
