# Redshift		Merger Rate Density [Gpc^-3yr^-1]
1.000000000031931770e-02 3.390160230672516377e+02
3.000000000031888964e-02 3.522254788745384531e+02
5.000000000031846331e-02 3.631148504081606916e+02
7.000000000031804392e-02 3.761718421580609402e+02
9.000000000031761760e-02 3.885999588094211390e+02
1.100000000003171913e-01 4.010485119523010553e+02
1.300000000003167511e-01 4.150285204211839982e+02
1.500000000003163247e-01 4.253363793078692083e+02
1.700000000003158984e-01 4.368162463412660372e+02
1.900000000003154721e-01 4.488057250780846630e+02
2.100000000003150458e-01 4.603062204886960558e+02
2.300000000003146194e-01 4.759474208103868591e+02
2.500000000003141931e-01 4.894859614150131506e+02
2.700000000003137668e-01 5.019661780471523684e+02
2.900000000003133405e-01 5.186214781692060569e+02
3.100000000003129141e-01 5.274412558424583040e+02
3.300000000003124878e-01 5.435684623003354545e+02
3.500000000003120615e-01 5.588418310767006005e+02
3.700000000003116352e-01 5.696195430607943990e+02
3.900000000003112088e-01 5.844593255418254785e+02
4.100000000003107825e-01 5.967061317843511006e+02
4.300000000003103562e-01 6.126178669952781775e+02
4.500000000003099299e-01 6.222973567863931521e+02
4.700000000003095035e-01 6.379732317810189670e+02
4.900000000003090772e-01 6.480149941008988890e+02
5.100000000003086509e-01 6.626241355583118775e+02
5.300000000003082246e-01 6.765953962176828327e+02
5.500000000003077982e-01 6.845786139172649882e+02
5.700000000003073719e-01 7.007258024960921148e+02
5.900000000003069456e-01 7.059555052109772078e+02
6.100000000003065193e-01 7.225732641967213112e+02
6.300000000003060929e-01 7.334781664699978592e+02
6.500000000003056666e-01 7.358997597489233158e+02
6.700000000003052403e-01 7.495552601551221414e+02
6.900000000003048140e-01 7.629565637458075571e+02
7.100000000003043876e-01 7.727717537117872553e+02
7.300000000003039613e-01 7.751720779052401440e+02
7.500000000003035350e-01 7.935537260859573507e+02
7.700000000003031086e-01 7.988976652333334414e+02
7.900000000003026823e-01 8.133844068216535561e+02
8.100000000003022560e-01 8.183265720422099321e+02
8.300000000003018297e-01 8.243488241640228580e+02
8.500000000003014033e-01 8.324007510144421076e+02
8.700000000003009770e-01 8.409121668904598437e+02
8.900000000003005507e-01 8.444137478335886726e+02
9.100000000003001244e-01 8.539767741911606436e+02
9.300000000002996980e-01 8.600448639701043021e+02
9.500000000002992717e-01 8.594847078773626663e+02
9.700000000002988454e-01 8.717949628263415889e+02
9.900000000002984191e-01 8.787751840047167207e+02
1.010000000000297993e+00 8.777694412763195260e+02
1.030000000000297566e+00 8.824463255222076441e+02
1.050000000000297140e+00 8.865122420234249603e+02
1.070000000000296714e+00 8.939114761666600089e+02
1.090000000000296287e+00 8.900141321653816249e+02
1.110000000000295861e+00 8.926480118028489414e+02
1.130000000000295435e+00 8.965673466145502744e+02
1.150000000000295008e+00 8.984785439117163151e+02
1.170000000000294582e+00 8.968005527514711730e+02
1.190000000000294156e+00 8.982855220409863932e+02
1.210000000000293729e+00 8.979756356256771141e+02
1.230000000000293303e+00 8.920656685826961620e+02
1.250000000000292877e+00 8.991490688145888726e+02
1.270000000000292451e+00 8.950361149599935970e+02
1.290000000000292024e+00 8.897603498202669243e+02
1.310000000000291598e+00 8.873364073927094751e+02
1.330000000000291172e+00 8.876026553752802783e+02
1.350000000000290745e+00 8.759136722533443162e+02
1.370000000000290319e+00 8.785528258529038794e+02
1.390000000000289893e+00 8.697520018318064103e+02
1.410000000000289466e+00 8.658125740765389082e+02
1.430000000000289040e+00 8.527455709912703696e+02
1.450000000000288614e+00 8.560417940896952587e+02
1.470000000000288187e+00 8.392146088895584626e+02
1.490000000000287761e+00 8.384348152374315077e+02
1.510000000000287335e+00 8.298543495495154048e+02
1.530000000000286908e+00 8.218129737173521789e+02
1.550000000000286482e+00 8.094228324652792708e+02
1.570000000000286056e+00 7.962255782197220242e+02
1.590000000000285629e+00 7.950163765343886553e+02
1.610000000000285203e+00 7.902600893074741180e+02
1.630000000000284777e+00 7.695409347689825381e+02
1.650000000000284350e+00 7.612656361295300940e+02
1.670000000000283924e+00 7.525342602781136065e+02
1.690000000000283498e+00 7.427479762655896138e+02
1.710000000000283071e+00 7.326155373558904103e+02
1.730000000000282645e+00 7.180904804458507442e+02
1.750000000000282219e+00 7.060673417673372114e+02
1.770000000000281792e+00 6.906056323737105913e+02
1.790000000000281366e+00 6.903642000878454610e+02
1.810000000000280940e+00 6.694695825360195158e+02
1.830000000000280513e+00 6.621040633674268747e+02
1.850000000000280087e+00 6.461998409668110526e+02
1.870000000000279661e+00 6.358193421219523316e+02
1.890000000000279234e+00 6.230950082989526209e+02
1.910000000000278808e+00 6.131721865037111456e+02
1.930000000000278382e+00 5.949491528862199630e+02
1.950000000000277955e+00 5.867490745893505846e+02
1.970000000000277529e+00 5.744392688943204348e+02
1.990000000000277103e+00 5.601426729858745830e+02
2.010000000000276899e+00 5.519971328018449412e+02
2.030000000000276472e+00 5.359168420458780702e+02
2.050000000000276046e+00 5.245046892626289718e+02
2.070000000000275620e+00 5.132008656576401791e+02
2.090000000000275193e+00 5.045081165939940320e+02
2.110000000000274767e+00 4.904859931245148914e+02
2.130000000000274341e+00 4.823117397556789001e+02
2.150000000000273914e+00 4.695787599071216505e+02
2.170000000000273488e+00 4.557355486243464497e+02
2.190000000000273062e+00 4.437851376471313642e+02
2.210000000000272635e+00 4.365610802557906709e+02
2.230000000000272209e+00 4.223376448333148119e+02
2.250000000000271783e+00 4.118263697750910524e+02
2.270000000000271356e+00 4.020740063740124128e+02
2.290000000000270930e+00 3.945858676515877050e+02
2.310000000000270504e+00 3.833488123113455117e+02
2.330000000000270077e+00 3.750098521636558644e+02
2.350000000000269651e+00 3.629187976190967788e+02
2.370000000000269225e+00 3.540318627323431997e+02
2.390000000000268798e+00 3.490489277109877548e+02
2.410000000000268372e+00 3.374893239059060193e+02
2.430000000000267946e+00 3.308517699145231177e+02
2.450000000000267519e+00 3.210588574910105990e+02
2.470000000000267093e+00 3.140094806660115978e+02
2.490000000000266667e+00 3.029659101394696563e+02
2.510000000000266240e+00 2.970176648734381502e+02
2.530000000000265814e+00 2.884093023389412451e+02
2.550000000000265388e+00 2.824506382523361481e+02
2.570000000000264961e+00 2.740986409950844518e+02
2.590000000000264535e+00 2.671069344115790614e+02
2.610000000000264109e+00 2.633279707449787566e+02
2.630000000000263682e+00 2.568591564056501966e+02
2.650000000000263256e+00 2.492605353014459411e+02
2.670000000000262830e+00 2.446868545253330467e+02
2.690000000000262403e+00 2.371530247869968093e+02
2.710000000000261977e+00 2.323481301249269677e+02
2.730000000000261551e+00 2.254817166675226474e+02
2.750000000000261124e+00 2.221246205083403709e+02
2.770000000000260698e+00 2.181333532900173680e+02
2.790000000000260272e+00 2.130539257385310066e+02
2.810000000000259845e+00 2.089581806770995343e+02
2.830000000000259419e+00 2.036975632432615271e+02
2.850000000000258993e+00 1.987635746891129145e+02
2.870000000000258567e+00 1.950770043973053589e+02
2.890000000000258140e+00 1.927071303519541630e+02
2.910000000000257714e+00 1.846793671883312413e+02
2.930000000000257288e+00 1.838888718116588450e+02
2.950000000000256861e+00 1.814492424828830224e+02
2.970000000000256435e+00 1.783318160376509809e+02
2.990000000000256009e+00 1.727729173071430182e+02
3.010000000000255582e+00 1.716480030239810333e+02
3.030000000000255156e+00 1.673398954427519243e+02
3.050000000000254730e+00 1.658181209564282597e+02
3.070000000000254303e+00 1.649316358565820337e+02
3.090000000000253877e+00 1.596935807206115499e+02
3.110000000000253451e+00 1.565343793826687602e+02
3.130000000000253024e+00 1.573951042962017368e+02
3.150000000000252598e+00 1.534496479054000986e+02
3.170000000000252172e+00 1.501011687498925937e+02
3.190000000000251745e+00 1.497965090705914406e+02
3.210000000000251319e+00 1.472683126930138258e+02
3.230000000000250893e+00 1.467005525663175831e+02
3.250000000000250466e+00 1.433459756127859634e+02
3.270000000000250040e+00 1.425880198963293140e+02
3.290000000000249614e+00 1.418017094572706469e+02
3.310000000000249187e+00 1.408310277162872239e+02
3.330000000000248761e+00 1.397132745909218272e+02
3.350000000000248335e+00 1.364988957565311694e+02
3.370000000000247908e+00 1.369320870440529347e+02
3.390000000000247482e+00 1.362415185557309485e+02
3.410000000000247056e+00 1.361356186235641701e+02
3.430000000000246629e+00 1.326870926723983359e+02
3.450000000000246203e+00 1.329231636775985521e+02
3.470000000000245777e+00 1.334862629062929216e+02
3.490000000000245350e+00 1.313555729736541764e+02
3.510000000000244924e+00 1.307828050764119041e+02
3.530000000000244498e+00 1.317268720766349475e+02
3.550000000000244071e+00 1.292051471308930388e+02
3.570000000000243645e+00 1.293923485146260930e+02
3.590000000000243219e+00 1.291356537369208581e+02
3.610000000000242792e+00 1.298581013846213636e+02
3.630000000000242366e+00 1.282172203745030856e+02
3.650000000000241940e+00 1.286818575185610598e+02
3.670000000000241513e+00 1.289450398574875294e+02
3.690000000000241087e+00 1.265873673277254881e+02
3.710000000000240661e+00 1.284225847587761962e+02
3.730000000000240234e+00 1.278581000408998563e+02
3.750000000000239808e+00 1.266974267654810831e+02
3.770000000000239382e+00 1.271091836801385284e+02
3.790000000000238956e+00 1.267555086872484509e+02
3.810000000000238529e+00 1.277296527733252844e+02
3.830000000000238103e+00 1.272474377427895291e+02
3.850000000000237677e+00 1.276735261307887725e+02
3.870000000000237250e+00 1.274059450477138569e+02
3.890000000000236824e+00 1.269142254016609996e+02
3.910000000000236398e+00 1.280468831138186090e+02
3.930000000000235971e+00 1.265467794205022187e+02
3.950000000000235545e+00 1.286475302528958480e+02
3.970000000000235119e+00 1.282816023910908996e+02
3.990000000000234692e+00 1.271079910610066150e+02
4.010000000000234266e+00 1.273595113040373406e+02
4.030000000000233840e+00 1.276672770138508355e+02
4.050000000000233413e+00 1.278094730298572728e+02
4.070000000000232987e+00 1.277521006814442330e+02
4.090000000000232561e+00 1.280470498038728522e+02
4.110000000000232134e+00 1.282566473224189565e+02
4.130000000000231708e+00 1.295461600736087462e+02
4.150000000000231282e+00 1.276421979153662392e+02
4.170000000000230855e+00 1.272538506899906707e+02
4.190000000000230429e+00 1.288233966279322260e+02
4.210000000000230003e+00 1.279085424132249926e+02
4.230000000000229576e+00 1.282482945572920130e+02
4.250000000000229150e+00 1.286436489743485083e+02
4.270000000000228724e+00 1.282192403766447342e+02
4.290000000000228297e+00 1.280976148960212981e+02
4.310000000000227871e+00 1.282913893292811736e+02
4.330000000000227445e+00 1.285017475997301517e+02
4.350000000000227018e+00 1.282223343236489086e+02
4.370000000000226592e+00 1.262179036056317045e+02
4.390000000000226166e+00 1.281739300831023627e+02
4.410000000000225739e+00 1.274720925898453743e+02
4.430000000000225313e+00 1.266435990351337466e+02
4.450000000000224887e+00 1.275594187235635673e+02
4.470000000000224460e+00 1.271083063022311563e+02
4.490000000000224034e+00 1.277674676394313735e+02
4.510000000000223608e+00 1.261042221941433468e+02
4.530000000000223181e+00 1.264421667157979812e+02
4.550000000000222755e+00 1.260820328433946145e+02
4.570000000000222329e+00 1.252510130652430433e+02
4.590000000000221902e+00 1.260909230328683748e+02
4.610000000000221476e+00 1.250104912301087126e+02
4.630000000000221050e+00 1.256978323433267946e+02
4.650000000000220624e+00 1.248867532585166344e+02
4.670000000000220197e+00 1.248088766437733312e+02
4.690000000000219771e+00 1.244928494197787643e+02
4.710000000000219345e+00 1.240410885394536820e+02
4.730000000000218918e+00 1.237481355806425256e+02
4.750000000000218492e+00 1.229793925109638622e+02
4.770000000000218066e+00 1.233425892760731415e+02
4.790000000000217639e+00 1.222823768438560421e+02
4.810000000000217213e+00 1.215224173824909286e+02
4.830000000000216787e+00 1.220580227996703542e+02
4.850000000000216360e+00 1.216411090525350147e+02
4.870000000000215934e+00 1.206443554694168370e+02
4.890000000000215508e+00 1.208258838310670313e+02
4.910000000000215081e+00 1.209172394585881278e+02
4.930000000000214655e+00 1.198344360666415724e+02
4.950000000000214229e+00 1.193982005630471264e+02
4.970000000000213802e+00 1.184467518648711888e+02
4.990000000000213376e+00 1.184512237287316765e+02
5.010000000000212950e+00 1.180577333084760738e+02
5.030000000000212523e+00 1.174513134168564363e+02
5.050000000000212097e+00 1.173648829155175122e+02
5.070000000000211671e+00 1.167110591252357779e+02
5.090000000000211244e+00 1.155811114156653190e+02
5.110000000000210818e+00 1.153700401648261220e+02
5.130000000000210392e+00 1.158083853849497302e+02
5.150000000000209965e+00 1.130292210074729411e+02
5.170000000000209539e+00 1.136093932652626251e+02
5.190000000000209113e+00 1.130581282019151530e+02
5.210000000000208686e+00 1.121721544758257352e+02
5.230000000000208260e+00 1.115981908204058612e+02
5.250000000000207834e+00 1.119932472368754617e+02
5.270000000000207407e+00 1.092826025017188840e+02
5.290000000000206981e+00 1.093676915096747848e+02
5.310000000000206555e+00 1.091249116821038143e+02
5.330000000000206128e+00 1.087062535359217748e+02
5.350000000000205702e+00 1.080765666831386653e+02
5.370000000000205276e+00 1.076565014402598166e+02
5.390000000000204849e+00 1.065716292445312661e+02
5.410000000000204423e+00 1.057035416803791463e+02
5.430000000000203997e+00 1.043372966257646794e+02
5.450000000000203570e+00 1.035257089954592828e+02
5.470000000000203144e+00 1.022628731389332444e+02
5.490000000000202718e+00 1.029789482102803788e+02
5.510000000000202292e+00 9.989953995766813932e+01
5.530000000000201865e+00 1.002419332641178897e+02
5.550000000000201439e+00 9.954267665132432796e+01
5.570000000000201013e+00 9.865898085150217867e+01
5.590000000000200586e+00 9.722860636068905649e+01
5.610000000000200160e+00 9.712115625886565340e+01
5.630000000000199734e+00 9.482563779918827152e+01
5.650000000000199307e+00 9.420074753493969411e+01
5.670000000000198881e+00 9.402374046674481178e+01
5.690000000000198455e+00 9.217822151673416897e+01
5.710000000000198028e+00 9.122329399557729346e+01
5.730000000000197602e+00 9.077356202443772304e+01
5.750000000000197176e+00 8.905268721476520000e+01
5.770000000000196749e+00 8.759884827638528293e+01
5.790000000000196323e+00 8.652113322836370912e+01
5.810000000000195897e+00 8.497077691408310329e+01
5.830000000000195470e+00 8.365280272906989012e+01
5.850000000000195044e+00 8.283323267958340352e+01
5.870000000000194618e+00 8.249123410760081754e+01
5.890000000000194191e+00 8.002266539580634230e+01
5.910000000000193765e+00 7.885553625958795010e+01
5.930000000000193339e+00 7.811125568945639941e+01
5.950000000000192912e+00 7.624751399374733296e+01
5.970000000000192486e+00 7.466400843625640960e+01
5.990000000000192060e+00 7.361000528535463161e+01
6.010000000000191633e+00 7.272826676980488969e+01
6.030000000000191207e+00 7.101572313617144516e+01
6.050000000000190781e+00 7.052002576153360280e+01
6.070000000000190354e+00 6.797231527499103265e+01
6.090000000000189928e+00 6.726896397195046973e+01
6.110000000000189502e+00 6.513826050281942059e+01
6.130000000000189075e+00 6.384535830351625663e+01
6.150000000000188649e+00 6.244052286522880024e+01
6.170000000000188223e+00 6.166455947260583770e+01
6.190000000000187796e+00 5.980245268215825405e+01
6.210000000000187370e+00 5.841056790057397308e+01
6.230000000000186944e+00 5.711155850608198392e+01
6.250000000000186517e+00 5.576097842887309497e+01
6.270000000000186091e+00 5.420073296657982809e+01
6.290000000000185665e+00 5.265356203317036687e+01
6.310000000000185238e+00 5.189878501058465332e+01
6.330000000000184812e+00 5.054097490520446456e+01
6.350000000000184386e+00 4.860949620577050467e+01
6.370000000000183960e+00 4.729540716535704803e+01
6.390000000000183533e+00 4.609129652966695545e+01
6.410000000000183107e+00 4.500130930865609002e+01
6.430000000000182681e+00 4.337359783334456864e+01
6.450000000000182254e+00 4.288878438138522142e+01
6.470000000000181828e+00 4.075039433064371508e+01
6.490000000000181402e+00 3.999026527029263889e+01
6.510000000000180975e+00 3.809723403130151809e+01
6.530000000000180549e+00 3.753822422242439671e+01
6.550000000000180123e+00 3.625742244990016161e+01
6.570000000000179696e+00 3.533160524021909055e+01
6.590000000000179270e+00 3.435539604173001038e+01
6.610000000000178844e+00 3.297628043968349942e+01
6.630000000000178417e+00 3.203657242874444933e+01
6.650000000000177991e+00 3.107002167917357838e+01
6.670000000000177565e+00 2.996321957974413763e+01
6.690000000000177138e+00 2.937834053054531225e+01
6.710000000000176712e+00 2.809697528332350558e+01
6.730000000000176286e+00 2.699089581093289070e+01
6.750000000000175859e+00 2.674357932014405748e+01
6.770000000000175433e+00 2.502628730565744775e+01
6.790000000000175007e+00 2.485431804357943264e+01
6.810000000000174580e+00 2.417492848498193325e+01
6.830000000000174154e+00 2.293738153051045714e+01
6.850000000000173728e+00 2.257786333348527918e+01
6.870000000000173301e+00 2.151978881446091307e+01
6.890000000000172875e+00 2.126225054303189310e+01
6.910000000000172449e+00 2.052292745994487433e+01
6.930000000000172022e+00 1.993106462254226230e+01
6.950000000000171596e+00 1.937993599127425526e+01
6.970000000000171170e+00 1.881836826891305137e+01
6.990000000000170743e+00 1.796602486718990477e+01
7.010000000000170317e+00 1.750488318706358015e+01
7.030000000000169891e+00 1.720409600707677811e+01
7.050000000000169464e+00 1.649905868698740719e+01
7.070000000000169038e+00 1.611883904296474057e+01
7.090000000000168612e+00 1.580862935791732582e+01
7.110000000000168185e+00 1.537618561714351451e+01
7.130000000000167759e+00 1.485503630416736343e+01
7.150000000000167333e+00 1.457888796866178183e+01
7.170000000000166906e+00 1.414923754290241753e+01
7.190000000000166480e+00 1.355052966867624420e+01
7.210000000000166054e+00 1.323063438709390915e+01
7.230000000000165628e+00 1.313220200114067815e+01
7.250000000000165201e+00 1.253702634283492756e+01
7.270000000000164775e+00 1.241119970915209869e+01
7.290000000000164349e+00 1.212955746303180504e+01
7.310000000000163922e+00 1.185106607758268282e+01
7.330000000000163496e+00 1.144570311905233773e+01
7.350000000000163070e+00 1.121240819022463420e+01
7.370000000000162643e+00 1.111243113196099763e+01
7.390000000000162217e+00 1.086079905736545470e+01
7.410000000000161791e+00 1.055502839778924695e+01
7.430000000000161364e+00 1.010643643309606432e+01
7.450000000000160938e+00 1.023908273454630269e+01
7.470000000000160512e+00 9.698850251175112902e+00
7.490000000000160085e+00 9.685300805593922036e+00
7.510000000000159659e+00 9.609151575350711738e+00
7.530000000000159233e+00 9.283741367731122907e+00
7.550000000000158806e+00 8.900746084050631168e+00
7.570000000000158380e+00 8.792060521868247491e+00
7.590000000000157954e+00 8.550674872980557950e+00
7.610000000000157527e+00 8.620238698570398483e+00
7.630000000000157101e+00 8.576511005031624890e+00
7.650000000000156675e+00 8.133152680826613690e+00
7.670000000000156248e+00 8.000441975360521596e+00
7.690000000000155822e+00 7.862687644748813653e+00
7.710000000000155396e+00 7.719845842111941359e+00
7.730000000000154969e+00 7.346796579456115417e+00
7.750000000000154543e+00 7.467394983994366520e+00
7.770000000000154117e+00 7.164321516831330783e+00
7.790000000000153690e+00 7.063354445545615867e+00
7.810000000000153264e+00 7.125933016052161229e+00
7.830000000000152838e+00 6.880270626458488081e+00
7.850000000000152411e+00 6.675327523056910906e+00
7.870000000000151985e+00 6.595191669271838641e+00
7.890000000000151559e+00 6.614110095051814575e+00
7.910000000000151132e+00 6.343243240140593819e+00
7.930000000000150706e+00 6.222033999524218650e+00
7.950000000000150280e+00 6.142303615263291938e+00
7.970000000000149853e+00 6.066885249010108616e+00
7.990000000000149427e+00 5.869880991691509564e+00
8.010000000000149001e+00 5.804688859305172421e+00
8.030000000000148574e+00 5.712179612777004145e+00
8.050000000000148148e+00 5.667997438999107018e+00
8.070000000000147722e+00 5.387940026476791822e+00
8.090000000000147296e+00 5.421486985610138198e+00
8.110000000000146869e+00 5.372854884471867543e+00
8.130000000000146443e+00 5.241996163219114102e+00
8.150000000000146017e+00 5.164507766185082893e+00
8.170000000000145590e+00 5.060202607531530283e+00
8.190000000000145164e+00 5.069763542441348747e+00
8.210000000000144738e+00 4.832790166763986761e+00
8.230000000000144311e+00 4.877660325424898247e+00
8.250000000000143885e+00 4.732266689368700874e+00
8.270000000000143459e+00 4.743424733330853904e+00
8.290000000000143032e+00 4.641744128547455439e+00
8.310000000000142606e+00 4.586809455042973660e+00
8.330000000000142180e+00 4.565077168421455056e+00
8.350000000000141753e+00 4.511036492220874550e+00
8.370000000000141327e+00 4.469504753441073674e+00
8.390000000000140901e+00 4.256208044715635630e+00
8.410000000000140474e+00 4.330260596154806407e+00
8.430000000000140048e+00 4.345428256516169263e+00
8.450000000000139622e+00 4.118922277178155511e+00
8.470000000000139195e+00 4.255127113392993543e+00
8.490000000000138769e+00 4.178316065314478855e+00
8.510000000000138343e+00 4.108219102504975240e+00
8.530000000000137916e+00 4.125625708977765704e+00
8.550000000000137490e+00 4.060635912049064267e+00
8.570000000000137064e+00 3.953953443668816181e+00
8.590000000000136637e+00 4.056210645945206750e+00
8.610000000000136211e+00 4.025309992704064754e+00
8.630000000000135785e+00 3.939422661815674243e+00
8.650000000000135358e+00 3.915497245128551018e+00
8.670000000000134932e+00 3.885447186452100077e+00
8.690000000000134506e+00 3.875141442025843652e+00
8.710000000000134079e+00 3.854377924065000904e+00
8.730000000000133653e+00 3.825688908543808608e+00
8.750000000000133227e+00 3.836463431185259232e+00
8.770000000000132800e+00 3.836044761631501654e+00
8.790000000000132374e+00 3.766533771464524172e+00
8.810000000000131948e+00 3.837860744845854821e+00
8.830000000000131521e+00 3.776539889675262440e+00
8.850000000000131095e+00 3.752826360907332237e+00
8.870000000000130669e+00 3.767784587559778853e+00
8.890000000000130242e+00 3.742672816344631226e+00
8.910000000000129816e+00 3.760530249372254996e+00
8.930000000000129390e+00 3.754438955337426886e+00
8.950000000000128964e+00 3.710158827716466767e+00
8.970000000000128537e+00 3.738945724710858176e+00
8.990000000000128111e+00 3.743447590614321197e+00
9.010000000000127685e+00 3.721560959162889315e+00
9.030000000000127258e+00 3.647309591946422014e+00
9.050000000000126832e+00 3.763493202152325967e+00
9.070000000000126406e+00 3.700883361157192741e+00
9.090000000000125979e+00 3.705864688122812556e+00
9.110000000000125553e+00 3.683894310068787536e+00
9.130000000000125127e+00 3.696763324447823962e+00
9.150000000000124700e+00 3.668387422451403257e+00
9.170000000000124274e+00 3.694151144745257742e+00
9.190000000000123848e+00 3.705606157764200326e+00
9.210000000000123421e+00 3.688868589058461378e+00
9.230000000000122995e+00 3.688387463785541165e+00
9.250000000000122569e+00 3.661707498857544874e+00
9.270000000000122142e+00 3.649320445925327672e+00
9.290000000000121716e+00 3.746573242068346410e+00
9.310000000000121290e+00 3.690541315381147491e+00
9.330000000000120863e+00 3.670640977552124262e+00
9.350000000000120437e+00 3.701395932114819320e+00
9.370000000000120011e+00 3.677444526200947195e+00
9.390000000000119584e+00 3.680394629928636974e+00
9.410000000000119158e+00 3.713357296610447555e+00
9.430000000000118732e+00 3.765227125253049589e+00
9.450000000000118305e+00 3.688240597066797744e+00
9.470000000000117879e+00 3.682487809797579725e+00
9.490000000000117453e+00 3.712087730649610950e+00
9.510000000000117026e+00 3.710751807156457360e+00
9.530000000000116600e+00 3.670884019892632022e+00
9.550000000000116174e+00 3.748896572517520731e+00
9.570000000000115747e+00 3.802722291332313542e+00
9.590000000000115321e+00 3.724168664823560793e+00
9.610000000000114895e+00 3.711476387599303539e+00
9.630000000000114468e+00 3.706688368684557755e+00
9.650000000000114042e+00 3.729239723526650341e+00
9.670000000000113616e+00 3.676989215984060255e+00
9.690000000000113189e+00 3.769394830201884261e+00
9.710000000000112763e+00 3.769546343263202814e+00
9.730000000000112337e+00 3.736345077755268029e+00
9.750000000000111910e+00 3.697808798923536422e+00
9.770000000000111484e+00 3.767359448007014500e+00
9.790000000000111058e+00 3.682529198852506624e+00
9.810000000000110632e+00 3.750002024399887723e+00
9.830000000000110205e+00 3.708577184447271691e+00
9.850000000000109779e+00 3.751629958137217891e+00
9.870000000000109353e+00 3.693776599204791289e+00
9.890000000000108926e+00 3.737019790097904082e+00
9.910000000000108500e+00 3.723047497215867363e+00
9.930000000000108074e+00 3.749409581924900259e+00
9.950000000000107647e+00 3.741899208035931235e+00
9.970000000000107221e+00 3.764865030740084606e+00
9.990000000000106795e+00 3.676452741175049610e+00
1.001000000000010637e+01 3.766781140921588111e+00
1.003000000000010594e+01 3.778741873067638757e+00
1.005000000000010552e+01 3.763091648226001062e+00
1.007000000000010509e+01 3.784998596575311680e+00
1.009000000000010466e+01 3.734410128329981315e+00
1.011000000000010424e+01 3.735623688188212554e+00
1.013000000000010381e+01 3.829484784068031278e+00
1.015000000000010338e+01 3.733372593780419635e+00
1.017000000000010296e+01 3.823407968905461640e+00
1.019000000000010253e+01 3.713006475660403982e+00
1.021000000000010210e+01 3.798423462979467757e+00
1.023000000000010168e+01 3.830619855555438491e+00
1.025000000000010125e+01 3.835170598946333165e+00
1.027000000000010083e+01 3.814955303844264289e+00
1.029000000000010040e+01 3.818348823609959197e+00
1.031000000000009997e+01 3.844210935372645910e+00
1.033000000000009955e+01 3.820908244418049993e+00
1.035000000000009912e+01 3.848267619288089136e+00
1.037000000000009869e+01 3.865454439147844923e+00
1.039000000000009827e+01 3.823849319895607834e+00
1.041000000000009784e+01 3.901458712663080863e+00
1.043000000000009742e+01 3.861230405654926479e+00
1.045000000000009699e+01 3.850266828447462153e+00
1.047000000000009656e+01 3.956907607108139047e+00
1.049000000000009614e+01 3.932382227899740457e+00
1.051000000000009571e+01 3.891287926638571371e+00
1.053000000000009528e+01 3.962784095034483922e+00
1.055000000000009486e+01 3.950794733535541337e+00
1.057000000000009443e+01 3.912986301715188464e+00
1.059000000000009400e+01 3.977877523535909621e+00
1.061000000000009358e+01 3.931312294306484656e+00
1.063000000000009315e+01 3.977958359140594702e+00
1.065000000000009273e+01 4.031878980628813558e+00
1.067000000000009230e+01 3.919228307593676242e+00
1.069000000000009187e+01 4.016391254952357492e+00
1.071000000000009145e+01 3.936754020333659732e+00
1.073000000000009102e+01 4.010530883045356987e+00
1.075000000000009059e+01 3.978984119131954156e+00
1.077000000000009017e+01 4.008958282300101317e+00
1.079000000000008974e+01 4.046856771846555567e+00
1.081000000000008932e+01 4.036465688012580877e+00
1.083000000000008889e+01 4.009817846909414563e+00
1.085000000000008846e+01 4.001367676100696436e+00
1.087000000000008804e+01 4.054761692652036231e+00
1.089000000000008761e+01 4.023012439152591213e+00
1.091000000000008718e+01 4.021133268280832951e+00
1.093000000000008676e+01 3.987092669984859228e+00
1.095000000000008633e+01 3.993045914635468208e+00
1.097000000000008590e+01 4.042921365807009337e+00
1.099000000000008548e+01 4.038953023353515803e+00
1.101000000000008505e+01 3.930713322837469104e+00
1.103000000000008463e+01 4.042730603166343251e+00
1.105000000000008420e+01 3.956930780093787625e+00
1.107000000000008377e+01 3.991381524187078700e+00
1.109000000000008335e+01 3.994235229135633780e+00
1.111000000000008292e+01 3.941785648499541050e+00
1.113000000000008249e+01 3.951195605912657616e+00
1.115000000000008207e+01 3.928836202323637838e+00
1.117000000000008164e+01 3.900621274303037733e+00
1.119000000000008122e+01 3.915430355837622667e+00
1.121000000000008079e+01 3.850582902901846793e+00
1.123000000000008036e+01 3.913433666395349508e+00
1.125000000000007994e+01 3.827418527730579445e+00
1.127000000000007951e+01 3.821034995192200689e+00
1.129000000000007908e+01 3.840986525131095508e+00
1.131000000000007866e+01 3.806392269123235916e+00
1.133000000000007823e+01 3.732143093073961193e+00
1.135000000000007780e+01 3.774163910396984178e+00
1.137000000000007738e+01 3.737763449648411118e+00
1.139000000000007695e+01 3.680589486815958100e+00
1.141000000000007653e+01 3.729732132850326565e+00
1.143000000000007610e+01 3.675417714300813543e+00
1.145000000000007567e+01 3.614485652979097630e+00
1.147000000000007525e+01 3.614474259458966721e+00
1.149000000000007482e+01 3.553263928643939806e+00
1.151000000000007439e+01 3.559990836824675764e+00
1.153000000000007397e+01 3.593384377690932663e+00
1.155000000000007354e+01 3.454036153266187181e+00
1.157000000000007311e+01 3.504771319914513850e+00
1.159000000000007269e+01 3.422072649344398698e+00
1.161000000000007226e+01 3.420238779177345645e+00
1.163000000000007184e+01 3.375085624513542548e+00
1.165000000000007141e+01 3.345791742839400840e+00
1.167000000000007098e+01 3.260258582549357520e+00
1.169000000000007056e+01 3.348710668109743605e+00
1.171000000000007013e+01 3.230813099294234991e+00
1.173000000000006970e+01 3.203564968962828274e+00
1.175000000000006928e+01 3.236072932618830222e+00
1.177000000000006885e+01 3.214189064116861783e+00
1.179000000000006843e+01 3.121061885916164957e+00
1.181000000000006800e+01 3.057665517750607354e+00
1.183000000000006757e+01 3.126910127749505719e+00
1.185000000000006715e+01 3.057839955744472871e+00
1.187000000000006672e+01 3.035957436222933570e+00
1.189000000000006629e+01 3.020542063118690557e+00
1.191000000000006587e+01 2.911737335684353223e+00
1.193000000000006544e+01 2.988012071754881926e+00
1.195000000000006501e+01 2.826589651199908459e+00
1.197000000000006459e+01 2.844546160189998840e+00
1.199000000000006416e+01 2.851521675911330878e+00
1.201000000000006374e+01 2.843608799507697515e+00
1.203000000000006331e+01 2.716787047240965869e+00
1.205000000000006288e+01 2.756771838358385462e+00
1.207000000000006246e+01 2.736397159980883398e+00
1.209000000000006203e+01 2.688290636868475136e+00
1.211000000000006160e+01 2.645223104284903037e+00
1.213000000000006118e+01 2.648190378915803223e+00
1.215000000000006075e+01 2.560397579504317456e+00
1.217000000000006033e+01 2.620708624556894240e+00
1.219000000000005990e+01 2.587129017052129942e+00
1.221000000000005947e+01 2.509940676868860798e+00
1.223000000000005905e+01 2.504869146976035132e+00
1.225000000000005862e+01 2.509535393764468214e+00
1.227000000000005819e+01 2.405951426550104078e+00
1.229000000000005777e+01 2.428315352891599499e+00
1.231000000000005734e+01 2.416223077207348080e+00
1.233000000000005691e+01 2.401777377798223423e+00
1.235000000000005649e+01 2.294667003232733204e+00
1.237000000000005606e+01 2.308366050394739410e+00
1.239000000000005564e+01 2.306343534531226425e+00
1.241000000000005521e+01 2.246063621120386600e+00
1.243000000000005478e+01 2.217214876554570946e+00
1.245000000000005436e+01 2.220152576883371864e+00
1.247000000000005393e+01 2.159600363465383310e+00
1.249000000000005350e+01 2.117820865185975343e+00
1.251000000000005308e+01 2.157209870533752127e+00
1.253000000000005265e+01 2.072244629271594807e+00
1.255000000000005222e+01 2.043238326927403925e+00
1.257000000000005180e+01 2.053035069707905613e+00
1.259000000000005137e+01 2.052234171119244888e+00
1.261000000000005095e+01 1.984028088809894896e+00
1.263000000000005052e+01 1.955772778312258930e+00
1.265000000000005009e+01 1.939175926206805567e+00
1.267000000000004967e+01 1.894365527948453698e+00
1.269000000000004924e+01 1.902745410628704725e+00
1.271000000000004881e+01 1.808751789406543464e+00
1.273000000000004839e+01 1.792635062386228162e+00
1.275000000000004796e+01 1.838725570443470181e+00
1.277000000000004754e+01 1.757979711597688732e+00
1.279000000000004711e+01 1.731943998632769155e+00
1.281000000000004668e+01 1.701576093616624430e+00
1.283000000000004626e+01 1.685348027178885211e+00
1.285000000000004583e+01 1.672113754299312749e+00
1.287000000000004540e+01 1.612208447605339767e+00
1.289000000000004498e+01 1.629537234366991605e+00
1.291000000000004455e+01 1.601941429234637670e+00
1.293000000000004412e+01 1.590487439349253185e+00
1.295000000000004370e+01 1.569007024975368259e+00
1.297000000000004327e+01 1.552156921929307209e+00
1.299000000000004285e+01 1.462787554501511655e+00
1.301000000000004242e+01 1.492911885968192243e+00
1.303000000000004199e+01 1.438604445823506106e+00
1.305000000000004157e+01 1.438707830361774631e+00
1.307000000000004114e+01 1.368480523496945267e+00
1.309000000000004071e+01 1.350091982010858116e+00
1.311000000000004029e+01 1.330572257774902178e+00
1.313000000000003986e+01 1.346773753571010479e+00
1.315000000000003944e+01 1.314668301055232913e+00
1.317000000000003901e+01 1.275346865404324070e+00
1.319000000000003858e+01 1.244475127700146455e+00
1.321000000000003816e+01 1.271753100774177803e+00
1.323000000000003773e+01 1.212781741332248364e+00
1.325000000000003730e+01 1.150671486877744565e+00
1.327000000000003688e+01 1.114292350932233555e+00
1.329000000000003645e+01 1.115956272911054370e+00
1.331000000000003602e+01 1.064933134766802070e+00
1.333000000000003560e+01 1.071257450395075139e+00
1.335000000000003517e+01 1.073580174052362057e+00
1.337000000000003475e+01 1.011952034645982712e+00
1.339000000000003432e+01 9.738109026738897001e-01
1.341000000000003389e+01 9.462641617949152373e-01
1.343000000000003347e+01 9.163922997065269138e-01
1.345000000000003304e+01 9.091583365646751513e-01
1.347000000000003261e+01 8.870959658999730824e-01
1.349000000000003219e+01 8.948758427193486131e-01
1.351000000000003176e+01 7.915506003109635813e-01
1.353000000000003133e+01 8.237535743575001845e-01
1.355000000000003091e+01 7.627744544606956945e-01
1.357000000000003048e+01 7.475864061732873100e-01
1.359000000000003006e+01 7.307637631102388287e-01
1.361000000000002963e+01 6.981269888260431822e-01
1.363000000000002920e+01 6.861369201176384935e-01
1.365000000000002878e+01 6.476046229218224148e-01
1.367000000000002835e+01 6.329026975559512991e-01
1.369000000000002792e+01 6.004611432379919345e-01
1.371000000000002750e+01 5.697399268344434109e-01
1.373000000000002707e+01 5.814039911764724566e-01
1.375000000000002665e+01 5.264349648040824725e-01
1.377000000000002622e+01 5.080385064403205586e-01
1.379000000000002579e+01 4.677523684543483662e-01
1.381000000000002537e+01 4.439823373763223113e-01
1.383000000000002494e+01 4.329109781460653283e-01
1.385000000000002451e+01 4.207713292912137470e-01
1.387000000000002409e+01 4.275499509497032724e-01
1.389000000000002366e+01 4.131894567733678802e-01
1.391000000000002323e+01 3.943841807367717278e-01
1.393000000000002281e+01 3.869806581119920041e-01
1.395000000000002238e+01 3.389390306281356846e-01
1.397000000000002196e+01 3.109314073430304304e-01
1.399000000000002153e+01 2.977262834361814603e-01
1.401000000000002110e+01 2.947428235520275774e-01
1.403000000000002068e+01 2.961319002670189104e-01
1.405000000000002025e+01 2.675126597119510952e-01
1.407000000000001982e+01 2.548473059308313249e-01
1.409000000000001940e+01 2.411374324677787173e-01
1.411000000000001897e+01 2.170525494594471860e-01
1.413000000000001855e+01 2.143732279921263251e-01
1.415000000000001812e+01 1.919860028287138920e-01
1.417000000000001769e+01 1.755883733835540139e-01
1.419000000000001727e+01 1.653384705529405696e-01
1.421000000000001684e+01 1.567967705699321035e-01
1.423000000000001641e+01 1.452657590515527564e-01
1.425000000000001599e+01 1.398531607296988888e-01
1.427000000000001556e+01 1.233177516738997170e-01
1.429000000000001513e+01 1.174486613543029023e-01
1.431000000000001471e+01 9.331820127523944575e-02
1.433000000000001428e+01 9.344964766818290858e-02
1.435000000000001386e+01 7.962831491905794645e-02
1.437000000000001343e+01 6.340104665455759125e-02
1.439000000000001300e+01 5.777542799317349209e-02
1.441000000000001258e+01 4.162281481716250536e-02
1.443000000000001215e+01 4.147930292846634809e-02
1.445000000000001172e+01 3.604542491114892666e-02
1.447000000000001130e+01 3.313728959458495105e-02
1.449000000000001087e+01 2.785826247204295156e-02
1.451000000000001044e+01 2.221690447386970302e-02
1.453000000000001002e+01 1.665282946060197417e-02
1.455000000000000959e+01 1.398453433188900745e-02
1.457000000000000917e+01 1.110848526172322250e-02
1.459000000000000874e+01 5.624944705745845222e-03
1.461000000000000831e+01 5.599950545399184389e-03
1.463000000000000789e+01 5.575098171724229140e-03
1.465000000000000746e+01 2.806978062163466119e-03
1.467000000000000703e+01 2.794511812688733974e-03
1.469000000000000661e+01 2.782116529383957086e-03
1.471000000000000618e+01 0.000000000000000000e+00
1.473000000000000576e+01 0.000000000000000000e+00
1.475000000000000533e+01 0.000000000000000000e+00
1.477000000000000490e+01 0.000000000000000000e+00
1.479000000000000448e+01 0.000000000000000000e+00
1.481000000000000405e+01 0.000000000000000000e+00
1.483000000000000362e+01 0.000000000000000000e+00
1.485000000000000320e+01 0.000000000000000000e+00
1.487000000000000277e+01 0.000000000000000000e+00
1.489000000000000234e+01 0.000000000000000000e+00
1.491000000000000192e+01 0.000000000000000000e+00
1.493000000000000149e+01 0.000000000000000000e+00
1.495000000000000107e+01 0.000000000000000000e+00
1.497000000000000064e+01 0.000000000000000000e+00
1.499000000000000021e+01 0.000000000000000000e+00
