# Redshift		Merger Rate Density [Gpc^-3yr^-1]
1.000000000031931770e-02 9.698044205422053210e+01
3.000000000031888964e-02 9.760250199275442640e+01
5.000000000031846331e-02 9.858403579175984532e+01
7.000000000031804392e-02 1.010038300079220477e+02
9.000000000031761760e-02 1.017377435429692554e+02
1.100000000003171913e-01 1.009206581855286657e+02
1.300000000003167511e-01 1.025001539846829530e+02
1.500000000003163247e-01 1.015880413992078246e+02
1.700000000003158984e-01 1.043708707763596095e+02
1.900000000003154721e-01 1.038147519983171634e+02
2.100000000003150458e-01 1.052298860679290726e+02
2.300000000003146194e-01 1.045629438924660661e+02
2.500000000003141931e-01 1.068248111229712549e+02
2.700000000003137668e-01 1.072414454586413370e+02
2.900000000003133405e-01 1.066503542831160303e+02
3.100000000003129141e-01 1.071599815357093490e+02
3.300000000003124878e-01 1.077412573172389898e+02
3.500000000003120615e-01 1.067263661762586082e+02
3.700000000003116352e-01 1.075678966728338963e+02
3.900000000003112088e-01 1.069029569864583209e+02
4.100000000003107825e-01 1.079659944522437911e+02
4.300000000003103562e-01 1.074004630215012810e+02
4.500000000003099299e-01 1.060999162130094078e+02
4.700000000003095035e-01 1.075442314313816610e+02
4.900000000003090772e-01 1.068506918679591990e+02
5.100000000003086509e-01 1.074352233140019592e+02
5.300000000003082246e-01 1.061681961536395562e+02
5.500000000003077982e-01 1.069116415839560545e+02
5.700000000003073719e-01 1.068975662882700135e+02
5.900000000003069456e-01 1.058062943352856990e+02
6.100000000003065193e-01 1.052110587292928301e+02
6.300000000003060929e-01 1.044299060926248472e+02
6.500000000003056666e-01 1.047780075931182608e+02
6.700000000003052403e-01 1.040022431504690275e+02
6.900000000003048140e-01 1.025782871289599001e+02
7.100000000003043876e-01 1.027009351716812802e+02
7.300000000003039613e-01 1.028417212970312704e+02
7.500000000003035350e-01 1.021446726432290717e+02
7.700000000003031086e-01 1.015884877632980192e+02
7.900000000003026823e-01 1.009787903344040387e+02
8.100000000003022560e-01 1.026842794414311157e+02
8.300000000003018297e-01 1.001493630717657339e+02
8.500000000003014033e-01 1.020197751757140878e+02
8.700000000003009770e-01 9.947006558258901521e+01
8.900000000003005507e-01 1.000316745971234127e+02
9.100000000003001244e-01 1.012723684572815444e+02
9.300000000002996980e-01 1.006306906810069250e+02
9.500000000002992717e-01 9.942590250909231031e+01
9.700000000002988454e-01 1.012772554679877004e+02
9.900000000002984191e-01 9.913558684536700127e+01
1.010000000000297993e+00 9.935793694381756325e+01
1.030000000000297566e+00 9.970567758979836981e+01
1.050000000000297140e+00 9.761862922648955987e+01
1.070000000000296714e+00 9.819590587496691114e+01
1.090000000000296287e+00 9.798677450308247217e+01
1.110000000000295861e+00 9.684178037192894806e+01
1.130000000000295435e+00 9.725427547103555526e+01
1.150000000000295008e+00 9.605008421684517828e+01
1.170000000000294582e+00 9.473790124015945935e+01
1.190000000000294156e+00 9.501193290176108519e+01
1.210000000000293729e+00 9.450472345968502452e+01
1.230000000000293303e+00 9.481196047367016888e+01
1.250000000000292877e+00 9.390506189061542841e+01
1.270000000000292451e+00 9.342224441062892026e+01
1.290000000000292024e+00 9.232155202964008822e+01
1.310000000000291598e+00 9.265251243897984068e+01
1.330000000000291172e+00 9.219175624282921433e+01
1.350000000000290745e+00 9.247101089050431710e+01
1.370000000000290319e+00 8.935777086384483425e+01
1.390000000000289893e+00 9.121606398457085163e+01
1.410000000000289466e+00 8.859706582903048400e+01
1.430000000000289040e+00 8.772493601580845279e+01
1.450000000000288614e+00 8.792523105893610591e+01
1.470000000000288187e+00 8.798120409127101027e+01
1.490000000000287761e+00 8.554413387119051038e+01
1.510000000000287335e+00 8.646265147400154660e+01
1.530000000000286908e+00 8.438914735321517924e+01
1.550000000000286482e+00 8.442498522344453704e+01
1.570000000000286056e+00 8.442481219491010336e+01
1.590000000000285629e+00 8.235538869357021952e+01
1.610000000000285203e+00 8.237349386841529508e+01
1.630000000000284777e+00 8.230281713336013638e+01
1.650000000000284350e+00 8.047886774009811006e+01
1.670000000000283924e+00 8.058168116747759768e+01
1.690000000000283498e+00 7.897192323181461404e+01
1.710000000000283071e+00 8.010944138984723395e+01
1.730000000000282645e+00 7.938594245518667947e+01
1.750000000000282219e+00 7.804553432196345852e+01
1.770000000000281792e+00 7.606403694168767515e+01
1.790000000000281366e+00 7.597266797992750753e+01
1.810000000000280940e+00 7.687665081230629482e+01
1.830000000000280513e+00 7.471579237964424181e+01
1.850000000000280087e+00 7.406380718781049666e+01
1.870000000000279661e+00 7.511490620619248659e+01
1.890000000000279234e+00 7.305148705770598383e+01
1.910000000000278808e+00 7.220314614056289315e+01
1.930000000000278382e+00 7.135423176933555567e+01
1.950000000000277955e+00 7.097548189228197657e+01
1.970000000000277529e+00 7.018208099758705032e+01
1.990000000000277103e+00 6.914177901184442021e+01
2.010000000000276899e+00 7.010563766682982134e+01
2.030000000000276472e+00 6.723785305818670111e+01
2.050000000000276046e+00 6.829205405236025683e+01
2.070000000000275620e+00 6.707312233252457645e+01
2.090000000000275193e+00 6.614024824364288691e+01
2.110000000000274767e+00 6.594588015471465781e+01
2.130000000000274341e+00 6.464445361053319061e+01
2.150000000000273914e+00 6.432361933164914092e+01
2.170000000000273488e+00 6.346397250517883748e+01
2.190000000000273062e+00 6.301658674646532887e+01
2.210000000000272635e+00 6.181194805093173983e+01
2.230000000000272209e+00 6.159005811600449221e+01
2.250000000000271783e+00 6.086875119043776294e+01
2.270000000000271356e+00 6.089273781738365443e+01
2.290000000000270930e+00 5.951862739977462269e+01
2.310000000000270504e+00 5.922443906930743651e+01
2.330000000000270077e+00 5.771324483488680102e+01
2.350000000000269651e+00 5.804789987332081580e+01
2.370000000000269225e+00 5.676591504347695860e+01
2.390000000000268798e+00 5.598299828822894852e+01
2.410000000000268372e+00 5.597297434940303162e+01
2.430000000000267946e+00 5.485009487502021130e+01
2.450000000000267519e+00 5.368465785810163027e+01
2.470000000000267093e+00 5.379521651123261705e+01
2.490000000000266667e+00 5.388119666359583704e+01
2.510000000000266240e+00 5.152236781004649657e+01
2.530000000000265814e+00 5.286202476121005134e+01
2.550000000000265388e+00 5.100196003519135246e+01
2.570000000000264961e+00 5.094175883266492377e+01
2.590000000000264535e+00 4.986348004030841707e+01
2.610000000000264109e+00 4.904392615999817906e+01
2.630000000000263682e+00 4.845778882849371882e+01
2.650000000000263256e+00 4.916813389872856277e+01
2.670000000000262830e+00 4.709476050532542502e+01
2.690000000000262403e+00 4.718835469028953611e+01
2.710000000000261977e+00 4.658714620549739038e+01
2.730000000000261551e+00 4.563528794952426182e+01
2.750000000000261124e+00 4.511188798717692094e+01
2.770000000000260698e+00 4.436336201486382436e+01
2.790000000000260272e+00 4.456588104983001131e+01
2.810000000000259845e+00 4.295301797092808727e+01
2.830000000000259419e+00 4.313072037703255290e+01
2.850000000000258993e+00 4.249807390804364360e+01
2.870000000000258567e+00 4.150751726907831340e+01
2.890000000000258140e+00 4.143509486290091104e+01
2.910000000000257714e+00 4.070274776284485085e+01
2.930000000000257288e+00 4.078477053951097275e+01
2.950000000000256861e+00 3.940883027354379209e+01
2.970000000000256435e+00 4.000327812107417458e+01
2.990000000000256009e+00 3.974915344468853817e+01
3.010000000000255582e+00 3.788136927684578126e+01
3.030000000000255156e+00 3.804253018027107203e+01
3.050000000000254730e+00 3.746837546553096132e+01
3.070000000000254303e+00 3.788073744668758991e+01
3.090000000000253877e+00 3.666445390093087298e+01
3.110000000000253451e+00 3.567923282622730596e+01
3.130000000000253024e+00 3.633196705334822951e+01
3.150000000000252598e+00 3.592547994541386913e+01
3.170000000000252172e+00 3.484975598593224788e+01
3.190000000000251745e+00 3.484635012531027343e+01
3.210000000000251319e+00 3.354796556976550903e+01
3.230000000000250893e+00 3.460536346025996579e+01
3.250000000000250466e+00 3.339433760008072483e+01
3.270000000000250040e+00 3.393486756438057483e+01
3.290000000000249614e+00 3.337845866842400966e+01
3.310000000000249187e+00 3.240480375563918614e+01
3.330000000000248761e+00 3.182381160022490718e+01
3.350000000000248335e+00 3.155644940694605793e+01
3.370000000000247908e+00 3.169668169311660222e+01
3.390000000000247482e+00 3.104195822731050924e+01
3.410000000000247056e+00 3.091960945205112665e+01
3.430000000000246629e+00 3.023819853772612021e+01
3.450000000000246203e+00 2.997725751945876738e+01
3.470000000000245777e+00 2.959186784659685188e+01
3.490000000000245350e+00 2.994147809045890796e+01
3.510000000000244924e+00 2.987603993509344136e+01
3.530000000000244498e+00 2.928150676567755539e+01
3.550000000000244071e+00 2.870584650873609789e+01
3.570000000000243645e+00 2.899135800445914057e+01
3.590000000000243219e+00 2.792003974704879354e+01
3.610000000000242792e+00 2.813524050908998220e+01
3.630000000000242366e+00 2.758718617653606131e+01
3.650000000000241940e+00 2.775245590738357038e+01
3.670000000000241513e+00 2.680485701471508975e+01
3.690000000000241087e+00 2.670493523697808058e+01
3.710000000000240661e+00 2.744341443253103208e+01
3.730000000000240234e+00 2.616107489069511871e+01
3.750000000000239808e+00 2.611159911417380641e+01
3.770000000000239382e+00 2.578350306770526146e+01
3.790000000000238956e+00 2.525434504627679644e+01
3.810000000000238529e+00 2.520791620862971172e+01
3.830000000000238103e+00 2.523614662289024579e+01
3.850000000000237677e+00 2.489075326507922270e+01
3.870000000000237250e+00 2.432438729897117113e+01
3.890000000000236824e+00 2.436550180206747740e+01
3.910000000000236398e+00 2.398869055373550907e+01
3.930000000000235971e+00 2.311277257079913028e+01
3.950000000000235545e+00 2.386371155775552566e+01
3.970000000000235119e+00 2.346146481975428344e+01
3.990000000000234692e+00 2.285569154597896713e+01
4.010000000000234266e+00 2.315747833516278575e+01
4.030000000000233840e+00 2.266712327397172899e+01
4.050000000000233413e+00 2.240157310398863544e+01
4.070000000000232987e+00 2.210838208413470696e+01
4.090000000000232561e+00 2.259876783339401740e+01
4.110000000000232134e+00 2.209933059784001941e+01
4.130000000000231708e+00 2.154385216598104336e+01
4.150000000000231282e+00 2.189824864023150397e+01
4.170000000000230855e+00 2.168587397975532483e+01
4.190000000000230429e+00 2.151679997921652543e+01
4.210000000000230003e+00 2.128829673470387362e+01
4.230000000000229576e+00 2.132534332501961671e+01
4.250000000000229150e+00 2.094775323247325360e+01
4.270000000000228724e+00 2.057354257235889605e+01
4.290000000000228297e+00 2.076168510268326628e+01
4.310000000000227871e+00 2.074681974475440072e+01
4.330000000000227445e+00 2.024288275792781278e+01
4.350000000000227018e+00 2.022630378757955327e+01
4.370000000000226592e+00 2.001132578780232407e+01
4.390000000000226166e+00 2.006906222366368908e+01
4.410000000000225739e+00 1.944642273295256985e+01
4.430000000000225313e+00 1.957652145209443972e+01
4.450000000000224887e+00 1.939871916970517063e+01
4.470000000000224460e+00 1.950480042431302152e+01
4.490000000000224034e+00 1.923524964619269184e+01
4.510000000000223608e+00 1.902196127699981787e+01
4.530000000000223181e+00 1.898263266318883069e+01
4.550000000000222755e+00 1.884794295690372934e+01
4.570000000000222329e+00 1.879952793118087229e+01
4.590000000000221902e+00 1.897960003935144258e+01
4.610000000000221476e+00 1.823794289328067819e+01
4.630000000000221050e+00 1.834222532440819364e+01
4.650000000000220624e+00 1.825323642333743379e+01
4.670000000000220197e+00 1.804157873689703351e+01
4.690000000000219771e+00 1.783584547108759111e+01
4.710000000000219345e+00 1.778747695416095809e+01
4.730000000000218918e+00 1.765777176063549803e+01
4.750000000000218492e+00 1.752386353982498690e+01
4.770000000000218066e+00 1.749496527236459187e+01
4.790000000000217639e+00 1.763778861824306077e+01
4.810000000000217213e+00 1.721835817716541683e+01
4.830000000000216787e+00 1.729177064222340832e+01
4.850000000000216360e+00 1.682751000428967458e+01
4.870000000000215934e+00 1.716334076226961614e+01
4.890000000000215508e+00 1.665237591909500736e+01
4.910000000000215081e+00 1.670827669157557338e+01
4.930000000000214655e+00 1.664191817851422783e+01
4.950000000000214229e+00 1.662866970738916095e+01
4.970000000000213802e+00 1.669755851092357091e+01
4.990000000000213376e+00 1.632264222196371506e+01
5.010000000000212950e+00 1.662084787160017640e+01
5.030000000000212523e+00 1.603334608632345848e+01
5.050000000000212097e+00 1.628045652993361969e+01
5.070000000000211671e+00 1.639306709620151636e+01
5.090000000000211244e+00 1.603320945448770729e+01
5.110000000000210818e+00 1.596355400280186565e+01
5.130000000000210392e+00 1.599947373584774901e+01
5.150000000000209965e+00 1.561134056360830336e+01
5.170000000000209539e+00 1.561017422146040445e+01
5.190000000000209113e+00 1.566601093717759774e+01
5.210000000000208686e+00 1.551669243980690993e+01
5.230000000000208260e+00 1.536515168276547705e+01
5.250000000000207834e+00 1.562190993858392396e+01
5.270000000000207407e+00 1.505047256496870034e+01
5.290000000000206981e+00 1.531457432199022684e+01
5.310000000000206555e+00 1.537509625496275234e+01
5.330000000000206128e+00 1.531557005277496231e+01
5.350000000000205702e+00 1.498947294543746800e+01
5.370000000000205276e+00 1.482834540484667940e+01
5.390000000000204849e+00 1.509969080445588041e+01
5.410000000000204423e+00 1.476562556844008611e+01
5.430000000000203997e+00 1.456073381774187503e+01
5.450000000000203570e+00 1.485970774768145830e+01
5.470000000000203144e+00 1.431571102590110200e+01
5.490000000000202718e+00 1.442884379650587334e+01
5.510000000000202292e+00 1.456511329373234886e+01
5.530000000000201865e+00 1.456883827866671766e+01
5.550000000000201439e+00 1.410282926772195466e+01
5.570000000000201013e+00 1.424213296177401311e+01
5.590000000000200586e+00 1.427904156628830634e+01
5.610000000000200160e+00 1.398671321658504141e+01
5.630000000000199734e+00 1.389476383836428397e+01
5.650000000000199307e+00 1.374257380254730521e+01
5.670000000000198881e+00 1.395925794842290735e+01
5.690000000000198455e+00 1.396843309367073260e+01
5.710000000000198028e+00 1.375339602288319618e+01
5.730000000000197602e+00 1.374482424178393103e+01
5.750000000000197176e+00 1.311457869286020106e+01
5.770000000000196749e+00 1.373040449108189343e+01
5.790000000000196323e+00 1.340246659049942402e+01
5.810000000000195897e+00 1.310070087630139390e+01
5.830000000000195470e+00 1.337763382158341230e+01
5.850000000000195044e+00 1.304335141124349917e+01
5.870000000000194618e+00 1.310606621033952379e+01
5.890000000000194191e+00 1.325549992947400568e+01
5.910000000000193765e+00 1.305462488293138001e+01
5.930000000000193339e+00 1.261474726430903992e+01
5.950000000000192912e+00 1.286023253898438234e+01
5.970000000000192486e+00 1.261323123162185667e+01
5.990000000000192060e+00 1.263030102587842762e+01
6.010000000000191633e+00 1.270748086429806278e+01
6.030000000000191207e+00 1.256495588733904967e+01
6.050000000000190781e+00 1.265645241797033549e+01
6.070000000000190354e+00 1.240878432599846803e+01
6.090000000000189928e+00 1.231779758106494249e+01
6.110000000000189502e+00 1.235356639126051093e+01
6.130000000000189075e+00 1.232445549849634503e+01
6.150000000000188649e+00 1.211353746247857366e+01
6.170000000000188223e+00 1.241402745179998313e+01
6.190000000000187796e+00 1.190703529117160286e+01
6.210000000000187370e+00 1.203613706406784800e+01
6.230000000000186944e+00 1.211076287408524799e+01
6.250000000000186517e+00 1.202283347117686141e+01
6.270000000000186091e+00 1.222913175561857990e+01
6.290000000000185665e+00 1.188441900443093857e+01
6.310000000000185238e+00 1.194409700927738172e+01
6.330000000000184812e+00 1.177401653889848276e+01
6.350000000000184386e+00 1.184534464396281450e+01
6.370000000000183960e+00 1.162539275802143734e+01
6.390000000000183533e+00 1.189285740006895509e+01
6.410000000000183107e+00 1.202212485433613942e+01
6.430000000000182681e+00 1.187301175264417097e+01
6.450000000000182254e+00 1.198611704011022283e+01
6.470000000000181828e+00 1.166430139344627470e+01
6.490000000000181402e+00 1.169582615776516477e+01
6.510000000000180975e+00 1.167468886345742263e+01
6.530000000000180549e+00 1.172034109589475470e+01
6.550000000000180123e+00 1.177467034218008912e+01
6.570000000000179696e+00 1.155610682383066923e+01
6.590000000000179270e+00 1.184388860032893831e+01
6.610000000000178844e+00 1.165804626917955567e+01
6.630000000000178417e+00 1.161939829205126529e+01
6.650000000000177991e+00 1.181273448275632276e+01
6.670000000000177565e+00 1.150888720185591296e+01
6.690000000000177138e+00 1.166195337333330073e+01
6.710000000000176712e+00 1.178856749001264781e+01
6.730000000000176286e+00 1.167728581331345161e+01
6.750000000000175859e+00 1.159076776434111267e+01
6.770000000000175433e+00 1.169699326282211693e+01
6.790000000000175007e+00 1.162899380391314175e+01
6.810000000000174580e+00 1.173287151918973947e+01
6.830000000000174154e+00 1.154831919477743263e+01
6.850000000000173728e+00 1.157837375126429791e+01
6.870000000000173301e+00 1.171881060368490424e+01
6.890000000000172875e+00 1.170013238410459167e+01
6.910000000000172449e+00 1.148348888995353434e+01
6.930000000000172022e+00 1.154354977722025843e+01
6.950000000000171596e+00 1.154886311632117213e+01
6.970000000000171170e+00 1.158957590062309784e+01
6.990000000000170743e+00 1.127664984015261673e+01
7.010000000000170317e+00 1.158750831830914940e+01
7.030000000000169891e+00 1.153451952958676507e+01
7.050000000000169464e+00 1.147528833441282892e+01
7.070000000000169038e+00 1.143926521542131347e+01
7.090000000000168612e+00 1.146701039422424628e+01
7.110000000000168185e+00 1.143646512030799123e+01
7.130000000000167759e+00 1.157795218434241669e+01
7.150000000000167333e+00 1.137190054473522594e+01
7.170000000000166906e+00 1.126214819026637848e+01
7.190000000000166480e+00 1.137459185117412197e+01
7.210000000000166054e+00 1.132739237742724825e+01
7.230000000000165628e+00 1.147608139667707761e+01
7.250000000000165201e+00 1.141063987894260912e+01
7.270000000000164775e+00 1.126388352848621288e+01
7.290000000000164349e+00 1.121851239066509009e+01
7.310000000000163922e+00 1.141667403700314765e+01
7.330000000000163496e+00 1.145596507309308265e+01
7.350000000000163070e+00 1.129553710066516103e+01
7.370000000000162643e+00 1.129722188436738861e+01
7.390000000000162217e+00 1.140833775578642673e+01
7.410000000000161791e+00 1.118009753998631162e+01
7.430000000000161364e+00 1.120815370594609561e+01
7.450000000000160938e+00 1.137493541214701054e+01
7.470000000000160512e+00 1.129616331125854423e+01
7.490000000000160085e+00 1.133258984304055872e+01
7.510000000000159659e+00 1.140262458216937347e+01
7.530000000000159233e+00 1.127599810289038196e+01
7.550000000000158806e+00 1.132659531125807639e+01
7.570000000000158380e+00 1.117487939874720304e+01
7.590000000000157954e+00 1.117726908175817968e+01
7.610000000000157527e+00 1.136536674938161617e+01
7.630000000000157101e+00 1.111896006370097467e+01
7.650000000000156675e+00 1.122901631859742189e+01
7.670000000000156248e+00 1.120358471214601082e+01
7.690000000000155822e+00 1.118951931130229127e+01
7.710000000000155396e+00 1.123709225821110280e+01
7.730000000000154969e+00 1.108738768836949973e+01
7.750000000000154543e+00 1.129709707813122854e+01
7.770000000000154117e+00 1.120503799226228026e+01
7.790000000000153690e+00 1.111976542444047134e+01
7.810000000000153264e+00 1.124602416519254433e+01
7.830000000000152838e+00 1.128551901387529277e+01
7.850000000000152411e+00 1.113084592687387797e+01
7.870000000000151985e+00 1.113625613732654074e+01
7.890000000000151559e+00 1.111727710839921635e+01
7.910000000000151132e+00 1.115671672077429832e+01
7.930000000000150706e+00 1.101943405032440104e+01
7.950000000000150280e+00 1.117025271462882152e+01
7.970000000000149853e+00 1.106078906931431938e+01
7.990000000000149427e+00 1.093106494548581864e+01
8.010000000000149001e+00 1.100282807383214667e+01
8.030000000000148574e+00 1.100721670191842350e+01
8.050000000000148148e+00 1.119967981844042093e+01
8.070000000000147722e+00 1.101819543752335129e+01
8.090000000000147296e+00 1.101879479109370763e+01
8.110000000000146869e+00 1.122586212109816195e+01
8.130000000000146443e+00 1.092754273627025619e+01
8.150000000000146017e+00 1.101614900655892804e+01
8.170000000000145590e+00 1.103094671917971858e+01
8.190000000000145164e+00 1.090016505293235305e+01
8.210000000000144738e+00 1.088774104371687379e+01
8.230000000000144311e+00 1.091976933432505525e+01
8.250000000000143885e+00 1.090379871220789099e+01
8.270000000000143459e+00 1.098145118995778091e+01
8.290000000000143032e+00 1.090834518827571031e+01
8.310000000000142606e+00 1.090057009312044656e+01
8.330000000000142180e+00 1.105694264664761661e+01
8.350000000000141753e+00 1.094854038552749032e+01
8.370000000000141327e+00 1.108369881952438263e+01
8.390000000000140901e+00 1.082951549344637066e+01
8.410000000000140474e+00 1.091632443800691910e+01
8.430000000000140048e+00 1.102924910320617613e+01
8.450000000000139622e+00 1.091643499371187431e+01
8.470000000000139195e+00 1.097128395375824361e+01
8.490000000000138769e+00 1.093362342073486637e+01
8.510000000000138343e+00 1.089141125512425567e+01
8.530000000000137916e+00 1.079846512557307392e+01
8.550000000000137490e+00 1.101989941986068011e+01
8.570000000000137064e+00 1.081887751012151888e+01
8.590000000000136637e+00 1.102168487328701829e+01
8.610000000000136211e+00 1.084659940772059450e+01
8.630000000000135785e+00 1.080081059625585560e+01
8.650000000000135358e+00 1.099391592314504074e+01
8.670000000000134932e+00 1.100966398069337338e+01
8.690000000000134506e+00 1.090900739885566395e+01
8.710000000000134079e+00 1.094172055818565781e+01
8.730000000000133653e+00 1.091522370492432614e+01
8.750000000000133227e+00 1.100258176835320789e+01
8.770000000000132800e+00 1.094607533171310365e+01
8.790000000000132374e+00 1.099713991836355653e+01
8.810000000000131948e+00 1.101201277891563457e+01
8.830000000000131521e+00 1.102204351124455783e+01
8.850000000000131095e+00 1.101830648183849881e+01
8.870000000000130669e+00 1.082469654760419076e+01
8.890000000000130242e+00 1.096715672222718752e+01
8.910000000000129816e+00 1.095566756735448699e+01
8.930000000000129390e+00 1.094577302779878458e+01
8.950000000000128964e+00 1.110593857445398491e+01
8.970000000000128537e+00 1.098970085229944438e+01
8.990000000000128111e+00 1.096204183034309665e+01
9.010000000000127685e+00 1.102848203934298255e+01
9.030000000000127258e+00 1.100026940007843734e+01
9.050000000000126832e+00 1.105374611445828137e+01
9.070000000000126406e+00 1.102663034783514107e+01
9.090000000000125979e+00 1.092075852341110931e+01
9.110000000000125553e+00 1.114472486001066898e+01
9.130000000000125127e+00 1.105515444821338278e+01
9.150000000000124700e+00 1.094558621095738005e+01
9.170000000000124274e+00 1.095708566663319772e+01
9.190000000000123848e+00 1.109573146785762354e+01
9.210000000000123421e+00 1.108643821199839330e+01
9.230000000000122995e+00 1.109831900035877439e+01
9.250000000000122569e+00 1.101795348797141116e+01
9.270000000000122142e+00 1.111570823683272380e+01
9.290000000000121716e+00 1.114870397452984463e+01
9.310000000000121290e+00 1.105587249920793447e+01
9.330000000000120863e+00 1.099963385925141068e+01
9.350000000000120437e+00 1.123603426844535491e+01
9.370000000000120011e+00 1.101617415897256080e+01
9.390000000000119584e+00 1.114173662776842022e+01
9.410000000000119158e+00 1.122741874285258490e+01
9.430000000000118732e+00 1.109338790222514426e+01
9.450000000000118305e+00 1.122856375357601166e+01
9.470000000000117879e+00 1.113030502065417338e+01
9.490000000000117453e+00 1.103629715937787736e+01
9.510000000000117026e+00 1.114562291886596235e+01
9.530000000000116600e+00 1.118557877096950648e+01
9.550000000000116174e+00 1.110641743496776002e+01
9.570000000000115747e+00 1.116013279505559019e+01
9.590000000000115321e+00 1.110882286669856001e+01
9.610000000000114895e+00 1.114689771773689841e+01
9.630000000000114468e+00 1.105018740690188572e+01
9.650000000000114042e+00 1.118512790105722665e+01
9.670000000000113616e+00 1.106397944280348966e+01
9.690000000000113189e+00 1.107580618516210258e+01
9.710000000000112763e+00 1.106116499991306057e+01
9.730000000000112337e+00 1.111628356691677588e+01
9.750000000000111910e+00 1.101279051431143685e+01
9.770000000000111484e+00 1.080608190042550731e+01
9.790000000000111058e+00 1.096659229621601916e+01
9.810000000000110632e+00 1.100268304184664103e+01
9.830000000000110205e+00 1.095646579768207829e+01
9.850000000000109779e+00 1.089618072853577502e+01
9.870000000000109353e+00 1.081522119208890587e+01
9.890000000000108926e+00 1.073647815194924426e+01
9.910000000000108500e+00 1.093938315349400270e+01
9.930000000000108074e+00 1.077088643965118564e+01
9.950000000000107647e+00 1.061669528502683946e+01
9.970000000000107221e+00 1.073985363057286513e+01
9.990000000000106795e+00 1.076356750880669289e+01
1.001000000000010637e+01 1.059920043780899768e+01
1.003000000000010594e+01 1.048235606586724522e+01
1.005000000000010552e+01 1.039270834117882814e+01
1.007000000000010509e+01 1.047101868681623849e+01
1.009000000000010466e+01 1.034919598819748110e+01
1.011000000000010424e+01 1.027288820111754042e+01
1.013000000000010381e+01 1.019139486421373597e+01
1.015000000000010338e+01 1.034652974190104580e+01
1.017000000000010296e+01 1.013986206046284444e+01
1.019000000000010253e+01 9.965917158342749715e+00
1.021000000000010210e+01 9.836848944358481006e+00
1.023000000000010168e+01 9.907561906333578250e+00
1.025000000000010125e+01 9.772601197891287228e+00
1.027000000000010083e+01 9.727294248226886708e+00
1.029000000000010040e+01 9.590790895206188438e+00
1.031000000000009997e+01 9.555385450935439451e+00
1.033000000000009955e+01 9.509989315855898795e+00
1.035000000000009912e+01 9.456493895256574689e+00
1.037000000000009869e+01 9.299376231187780562e+00
1.039000000000009827e+01 9.139805810876238112e+00
1.041000000000009784e+01 9.116018815853127677e+00
1.043000000000009742e+01 9.090953590147632823e+00
1.045000000000009699e+01 8.944462021158118503e+00
1.047000000000009656e+01 8.807553407822094726e+00
1.049000000000009614e+01 8.773771692878538531e+00
1.051000000000009571e+01 8.556088390064077842e+00
1.053000000000009528e+01 8.536389232874020294e+00
1.055000000000009486e+01 8.388082556151351454e+00
1.057000000000009443e+01 8.330695756437336286e+00
1.059000000000009400e+01 8.247758043794542360e+00
1.061000000000009358e+01 8.107271359866953020e+00
1.063000000000009315e+01 7.989456937441692830e+00
1.065000000000009273e+01 7.989734976076999118e+00
1.067000000000009230e+01 7.804753663593179347e+00
1.069000000000009187e+01 7.595280986872658069e+00
1.071000000000009145e+01 7.552914330869209714e+00
1.073000000000009102e+01 7.452385175547019180e+00
1.075000000000009059e+01 7.312244912129036045e+00
1.077000000000009017e+01 7.237891841205521537e+00
1.079000000000008974e+01 7.197107493739897777e+00
1.081000000000008932e+01 7.030436965064837729e+00
1.083000000000008889e+01 6.901142342662515361e+00
1.085000000000008846e+01 6.760796145558520820e+00
1.087000000000008804e+01 6.835368647458241576e+00
1.089000000000008761e+01 6.628734577333792011e+00
1.091000000000008718e+01 6.597677213896954385e+00
1.093000000000008676e+01 6.421205774734435323e+00
1.095000000000008633e+01 6.352275207860212269e+00
1.097000000000008590e+01 6.212337112843488107e+00
1.099000000000008548e+01 6.227382067618002282e+00
1.101000000000008505e+01 6.084098421359180442e+00
1.103000000000008463e+01 5.991438993279803782e+00
1.105000000000008420e+01 5.895285857666106466e+00
1.107000000000008377e+01 5.872648011009404811e+00
1.109000000000008335e+01 5.680137259461553789e+00
1.111000000000008292e+01 5.602464838133147218e+00
1.113000000000008249e+01 5.576342969488644385e+00
1.115000000000008207e+01 5.552763868575475215e+00
1.117000000000008164e+01 5.405974374400978277e+00
1.119000000000008122e+01 5.316411833526954567e+00
1.121000000000008079e+01 5.263950425676844347e+00
1.123000000000008036e+01 5.169561226046971214e+00
1.125000000000007994e+01 5.135925675666140222e+00
1.127000000000007951e+01 5.022224273902534897e+00
1.129000000000007908e+01 5.030567630985817829e+00
1.131000000000007866e+01 4.939503684313727661e+00
1.133000000000007823e+01 4.874674885360176013e+00
1.135000000000007780e+01 4.871310427069458271e+00
1.137000000000007738e+01 4.720560209215219238e+00
1.139000000000007695e+01 4.736080210971532090e+00
1.141000000000007653e+01 4.668014670556184242e+00
1.143000000000007610e+01 4.618123532630266759e+00
1.145000000000007567e+01 4.571280456613724397e+00
1.147000000000007525e+01 4.545603686432080792e+00
1.149000000000007482e+01 4.432177879790793362e+00
1.151000000000007439e+01 4.422719219042313021e+00
1.153000000000007397e+01 4.422316106039924755e+00
1.155000000000007354e+01 4.286761292639005738e+00
1.157000000000007311e+01 4.275658673564320722e+00
1.159000000000007269e+01 4.275473513853555119e+00
1.161000000000007226e+01 4.221819415189878022e+00
1.163000000000007184e+01 4.135343460415421113e+00
1.165000000000007141e+01 4.151458060950241169e+00
1.167000000000007098e+01 4.059666605372785675e+00
1.169000000000007056e+01 4.154717041640007658e+00
1.171000000000007013e+01 4.021278921593063771e+00
1.173000000000006970e+01 4.083114284553509776e+00
1.175000000000006928e+01 4.019485635878628393e+00
1.177000000000006885e+01 3.992581097600814033e+00
1.179000000000006843e+01 4.006401657498493307e+00
1.181000000000006800e+01 3.921046315042887365e+00
1.183000000000006757e+01 3.992052355989830215e+00
1.185000000000006715e+01 3.916788772155773923e+00
1.187000000000006672e+01 3.874528389602088563e+00
1.189000000000006629e+01 3.829248290814995404e+00
1.191000000000006587e+01 3.888531530756692334e+00
1.193000000000006544e+01 3.889362995125190459e+00
1.195000000000006501e+01 3.760140167793267540e+00
1.197000000000006459e+01 3.736630032973130788e+00
1.199000000000006416e+01 3.765046485147993671e+00
1.201000000000006374e+01 3.751544650885495713e+00
1.203000000000006331e+01 3.700635025727581517e+00
1.205000000000006288e+01 3.740356768151435585e+00
1.207000000000006246e+01 3.653247694380213684e+00
1.209000000000006203e+01 3.697139322270570183e+00
1.211000000000006160e+01 3.678247654872178529e+00
1.213000000000006118e+01 3.647141043186669318e+00
1.215000000000006075e+01 3.646512845638408606e+00
1.217000000000006033e+01 3.679334065801803000e+00
1.219000000000005990e+01 3.651782293319673300e+00
1.221000000000005947e+01 3.615920692757502941e+00
1.223000000000005905e+01 3.594511864336078943e+00
1.225000000000005862e+01 3.600718542215672890e+00
1.227000000000005819e+01 3.490227645098463061e+00
1.229000000000005777e+01 3.556057612756079678e+00
1.231000000000005734e+01 3.534209598274946629e+00
1.233000000000005691e+01 3.513058119230255461e+00
1.235000000000005649e+01 3.499704092468466143e+00
1.237000000000005606e+01 3.457727794963410872e+00
1.239000000000005564e+01 3.424087412422423427e+00
1.241000000000005521e+01 3.460154590125572582e+00
1.243000000000005478e+01 3.415721785279615119e+00
1.245000000000005436e+01 3.407362022246895439e+00
1.247000000000005393e+01 3.371561386634046809e+00
1.249000000000005350e+01 3.358930319476238324e+00
1.251000000000005308e+01 3.301291553469594575e+00
1.253000000000005265e+01 3.360793952924833849e+00
1.255000000000005222e+01 3.306400060975041022e+00
1.257000000000005180e+01 3.274134146549823932e+00
1.259000000000005137e+01 3.281997342688028674e+00
1.261000000000005095e+01 3.228208416251257873e+00
1.263000000000005052e+01 3.225053708243958539e+00
1.265000000000005009e+01 3.194070051151195244e+00
1.267000000000004967e+01 3.176870870814670678e+00
1.269000000000004924e+01 3.214176732949558080e+00
1.271000000000004881e+01 3.154851531308467738e+00
1.273000000000004839e+01 3.045491394989893408e+00
1.275000000000004796e+01 3.090593787879500454e+00
1.277000000000004754e+01 3.050632572502991469e+00
1.279000000000004711e+01 3.033065049286014947e+00
1.281000000000004668e+01 3.043923191081524759e+00
1.283000000000004626e+01 3.018441338283327280e+00
1.285000000000004583e+01 2.933607006135216189e+00
1.287000000000004540e+01 2.895310889512867636e+00
1.289000000000004498e+01 2.897260220096144145e+00
1.291000000000004455e+01 2.924648122405528738e+00
1.293000000000004412e+01 2.841701247070106628e+00
1.295000000000004370e+01 2.855446779081738828e+00
1.297000000000004327e+01 2.825175943065493467e+00
1.299000000000004285e+01 2.823289615855941292e+00
1.301000000000004242e+01 2.739501386453948140e+00
1.303000000000004199e+01 2.690185402434688289e+00
1.305000000000004157e+01 2.723304650290095275e+00
1.307000000000004114e+01 2.698888735324865173e+00
1.309000000000004071e+01 2.612356305794652389e+00
1.311000000000004029e+01 2.591328032134593951e+00
1.313000000000003986e+01 2.598561179756073258e+00
1.315000000000003944e+01 2.577763938904665597e+00
1.317000000000003901e+01 2.501008473320561976e+00
1.319000000000003858e+01 2.464844701413725137e+00
1.321000000000003816e+01 2.450702833199822628e+00
1.323000000000003773e+01 2.388494651441019023e+00
1.325000000000003730e+01 2.402942684703696763e+00
1.327000000000003688e+01 2.336468269542828935e+00
1.329000000000003645e+01 2.329918403599782195e+00
1.331000000000003602e+01 2.280969373658827681e+00
1.333000000000003560e+01 2.248045330471805769e+00
1.335000000000003517e+01 2.266142781937309447e+00
1.337000000000003475e+01 2.196934422620700378e+00
1.339000000000003432e+01 2.214312751858983130e+00
1.341000000000003389e+01 2.123599734615407186e+00
1.343000000000003347e+01 2.101979422450275248e+00
1.345000000000003304e+01 2.046851543746487145e+00
1.347000000000003261e+01 2.046464603180748743e+00
1.349000000000003219e+01 1.965812316383429348e+00
1.351000000000003176e+01 1.944540133458354747e+00
1.353000000000003133e+01 1.896428993253957085e+00
1.355000000000003091e+01 1.882880217429287795e+00
1.357000000000003048e+01 1.845833884488988774e+00
1.359000000000003006e+01 1.758208449642393534e+00
1.361000000000002963e+01 1.735223052112014441e+00
1.363000000000002920e+01 1.724354586555913338e+00
1.365000000000002878e+01 1.643536679158719593e+00
1.367000000000002835e+01 1.619178427755993743e+00
1.369000000000002792e+01 1.572610779061517139e+00
1.371000000000002750e+01 1.553836918234481113e+00
1.373000000000002707e+01 1.501617205002894195e+00
1.375000000000002665e+01 1.506448144423222280e+00
1.377000000000002622e+01 1.429495536865117655e+00
1.379000000000002579e+01 1.431808196001869815e+00
1.381000000000002537e+01 1.358913132125123546e+00
1.383000000000002494e+01 1.361663297879634804e+00
1.385000000000002451e+01 1.319298081264617117e+00
1.387000000000002409e+01 1.279474354174750861e+00
1.389000000000002366e+01 1.265681279397401271e+00
1.391000000000002323e+01 1.191821783520071953e+00
1.393000000000002281e+01 1.186316020120113945e+00
1.395000000000002238e+01 1.128528227972894760e+00
1.397000000000002196e+01 1.070330472085730511e+00
1.399000000000002153e+01 1.039662020573807855e+00
1.401000000000002110e+01 9.626446721516064287e-01
1.403000000000002068e+01 9.545374642749068217e-01
1.405000000000002025e+01 9.277450177824647648e-01
1.407000000000001982e+01 8.739837325878752061e-01
1.409000000000001940e+01 8.652376569931273798e-01
1.411000000000001897e+01 8.424257559677976737e-01
1.413000000000001855e+01 8.075606933743695315e-01
1.415000000000001812e+01 7.682247117944009940e-01
1.417000000000001769e+01 7.095047364852075100e-01
1.419000000000001727e+01 6.898554519449678901e-01
1.421000000000001684e+01 6.712463095588895312e-01
1.423000000000001641e+01 6.281354309751711051e-01
1.425000000000001599e+01 6.117786837997479799e-01
1.427000000000001556e+01 5.655781533927636273e-01
1.429000000000001513e+01 5.447737572005405537e-01
1.431000000000001471e+01 5.209824071352342489e-01
1.433000000000001428e+01 4.815437439020761601e-01
1.435000000000001386e+01 4.692100831302474240e-01
1.437000000000001343e+01 4.299672924107716399e-01
1.439000000000001300e+01 4.105738063152156725e-01
1.441000000000001258e+01 3.730017466861509923e-01
1.443000000000001215e+01 3.611900095454253501e-01
1.445000000000001172e+01 3.082897597600236517e-01
1.447000000000001130e+01 3.048673476230613910e-01
1.449000000000001087e+01 2.682506374983463227e-01
1.451000000000001044e+01 2.510206430654989829e-01
1.453000000000001002e+01 2.333829242413164862e-01
1.455000000000000959e+01 2.297320416959640343e-01
1.457000000000000917e+01 2.068370659960383495e-01
1.459000000000000874e+01 1.460413660958902460e-01
1.461000000000000831e+01 7.171272553512611503e-02
1.463000000000000789e+01 2.217214871144035024e-02
1.465000000000000746e+01 8.356988595332286163e-03
1.467000000000000703e+01 5.567766739326602578e-03
1.469000000000000661e+01 2.782116529383957086e-03
1.471000000000000618e+01 0.000000000000000000e+00
1.473000000000000576e+01 0.000000000000000000e+00
1.475000000000000533e+01 0.000000000000000000e+00
1.477000000000000490e+01 0.000000000000000000e+00
1.479000000000000448e+01 0.000000000000000000e+00
1.481000000000000405e+01 0.000000000000000000e+00
1.483000000000000362e+01 0.000000000000000000e+00
1.485000000000000320e+01 0.000000000000000000e+00
1.487000000000000277e+01 0.000000000000000000e+00
1.489000000000000234e+01 0.000000000000000000e+00
1.491000000000000192e+01 0.000000000000000000e+00
1.493000000000000149e+01 0.000000000000000000e+00
1.495000000000000107e+01 0.000000000000000000e+00
1.497000000000000064e+01 0.000000000000000000e+00
1.499000000000000021e+01 0.000000000000000000e+00
