# Redshift		Merger Rate Density [Gpc^-3yr^-1]
1.000000000031931770e-02 1.796663004534523509e+02
3.000000000031888964e-02 1.884744615094339792e+02
5.000000000031846331e-02 1.971824028724912807e+02
7.000000000031804392e-02 2.068811362623007142e+02
9.000000000031761760e-02 2.166102091792486988e+02
1.100000000003171913e-01 2.269150784645459566e+02
1.300000000003167511e-01 2.370107481365801050e+02
1.500000000003163247e-01 2.471985914539841644e+02
1.700000000003158984e-01 2.572907243678217810e+02
1.900000000003154721e-01 2.691451084519453048e+02
2.100000000003150458e-01 2.796837212509032042e+02
2.300000000003146194e-01 2.917731170466285562e+02
2.500000000003141931e-01 3.027810823767416650e+02
2.700000000003137668e-01 3.145942812156864079e+02
2.900000000003133405e-01 3.258506354300365047e+02
3.100000000003129141e-01 3.380028323850817173e+02
3.300000000003124878e-01 3.501243714040909936e+02
3.500000000003120615e-01 3.611792266241437233e+02
3.700000000003116352e-01 3.757238869701974977e+02
3.900000000003112088e-01 3.887002454629596855e+02
4.100000000003107825e-01 3.993896155425981647e+02
4.300000000003103562e-01 4.143636942978752700e+02
4.500000000003099299e-01 4.272672799880647858e+02
4.700000000003095035e-01 4.407560859601100560e+02
4.900000000003090772e-01 4.516733260534460328e+02
5.100000000003086509e-01 4.687670042949354752e+02
5.300000000003082246e-01 4.812293073089793438e+02
5.500000000003077982e-01 4.960513574910714283e+02
5.700000000003073719e-01 5.102134840635637829e+02
5.900000000003069456e-01 5.247641367189582979e+02
6.100000000003065193e-01 5.386802628205841756e+02
6.300000000003060929e-01 5.542530027777245323e+02
6.500000000003056666e-01 5.699291592253886165e+02
6.700000000003052403e-01 5.850609848142238434e+02
6.900000000003048140e-01 5.999152676774106112e+02
7.100000000003043876e-01 6.137723750245206702e+02
7.300000000003039613e-01 6.308438936901694660e+02
7.500000000003035350e-01 6.452562791978417636e+02
7.700000000003031086e-01 6.597179246854716439e+02
7.900000000003026823e-01 6.739907371697195231e+02
8.100000000003022560e-01 6.913444769339972709e+02
8.300000000003018297e-01 7.044557960440719171e+02
8.500000000003014033e-01 7.210990186366408352e+02
8.700000000003009770e-01 7.377765149224177321e+02
8.900000000003005507e-01 7.479328676222694412e+02
9.100000000003001244e-01 7.651789172945741484e+02
9.300000000002996980e-01 7.831735607264757846e+02
9.500000000002992717e-01 7.983598703331119850e+02
9.700000000002988454e-01 8.105304297067533525e+02
9.900000000002984191e-01 8.275744733608912611e+02
1.010000000000297993e+00 8.395018893799903026e+02
1.030000000000297566e+00 8.546289658623710466e+02
1.050000000000297140e+00 8.697343913695959827e+02
1.070000000000296714e+00 8.823260209775215799e+02
1.090000000000296287e+00 8.987467956938269253e+02
1.110000000000295861e+00 9.134122721518011758e+02
1.130000000000295435e+00 9.253514082712945310e+02
1.150000000000295008e+00 9.419683516187650412e+02
1.170000000000294582e+00 9.532223997875591976e+02
1.190000000000294156e+00 9.627765216024007486e+02
1.210000000000293729e+00 9.770245830505558615e+02
1.230000000000293303e+00 9.920418084707425805e+02
1.250000000000292877e+00 1.002198698040654904e+03
1.270000000000292451e+00 1.016234520974661109e+03
1.290000000000292024e+00 1.028018061244149521e+03
1.310000000000291598e+00 1.036245674053823677e+03
1.330000000000291172e+00 1.046906532441854324e+03
1.350000000000290745e+00 1.056716858264157054e+03
1.370000000000290319e+00 1.065786583216493455e+03
1.390000000000289893e+00 1.077963560941750757e+03
1.410000000000289466e+00 1.084702411899414983e+03
1.430000000000289040e+00 1.093824935396487490e+03
1.450000000000288614e+00 1.100238396763918900e+03
1.470000000000288187e+00 1.108956967471762937e+03
1.490000000000287761e+00 1.117492176502708617e+03
1.510000000000287335e+00 1.122950178794935482e+03
1.530000000000286908e+00 1.127506362501266040e+03
1.550000000000286482e+00 1.136560825055462146e+03
1.570000000000286056e+00 1.135744563271852940e+03
1.590000000000285629e+00 1.144239692964297319e+03
1.610000000000285203e+00 1.144526097403041149e+03
1.630000000000284777e+00 1.150351501098062499e+03
1.650000000000284350e+00 1.149211844828241965e+03
1.670000000000283924e+00 1.159289122184008875e+03
1.690000000000283498e+00 1.148972860158401772e+03
1.710000000000283071e+00 1.159745416974186128e+03
1.730000000000282645e+00 1.152654654158564654e+03
1.750000000000282219e+00 1.156607111800459734e+03
1.770000000000281792e+00 1.157686876111849642e+03
1.790000000000281366e+00 1.154764616378213987e+03
1.810000000000280940e+00 1.150529143019224193e+03
1.830000000000280513e+00 1.147168251200847862e+03
1.850000000000280087e+00 1.145927500212688301e+03
1.870000000000279661e+00 1.142322811660491652e+03
1.890000000000279234e+00 1.138855726063965221e+03
1.910000000000278808e+00 1.136419498618485704e+03
1.930000000000278382e+00 1.128541173685498052e+03
1.950000000000277955e+00 1.124897160783167919e+03
1.970000000000277529e+00 1.119544274857407345e+03
1.990000000000277103e+00 1.109464745173035453e+03
2.010000000000276899e+00 1.103510193229476045e+03
2.030000000000276472e+00 1.093283333429331606e+03
2.050000000000276046e+00 1.084990343088505824e+03
2.070000000000275620e+00 1.081759236392977073e+03
2.090000000000275193e+00 1.070929697300752196e+03
2.110000000000274767e+00 1.063649656187906885e+03
2.130000000000274341e+00 1.053839333546236503e+03
2.150000000000273914e+00 1.046707796603621091e+03
2.170000000000273488e+00 1.036298763657023073e+03
2.190000000000273062e+00 1.024247780831420187e+03
2.210000000000272635e+00 1.011117005197676804e+03
2.230000000000272209e+00 1.003198662086755235e+03
2.250000000000271783e+00 9.910573332793959480e+02
2.270000000000271356e+00 9.811284913814126867e+02
2.290000000000270930e+00 9.668342704575856033e+02
2.310000000000270504e+00 9.590946757617493859e+02
2.330000000000270077e+00 9.478858402358339390e+02
2.350000000000269651e+00 9.327831599821471400e+02
2.370000000000269225e+00 9.203502285216486598e+02
2.390000000000268798e+00 9.129349239992586718e+02
2.410000000000268372e+00 9.001322905600787863e+02
2.430000000000267946e+00 8.873509663413813087e+02
2.450000000000267519e+00 8.718966389516448316e+02
2.470000000000267093e+00 8.603237061366747866e+02
2.490000000000266667e+00 8.476902251945280113e+02
2.510000000000266240e+00 8.343991416851445138e+02
2.530000000000265814e+00 8.243873838225206327e+02
2.550000000000265388e+00 8.110715917512751503e+02
2.570000000000264961e+00 7.996414560069964637e+02
2.590000000000264535e+00 7.861341575304327307e+02
2.610000000000264109e+00 7.721828216038132950e+02
2.630000000000263682e+00 7.618953376769414945e+02
2.650000000000263256e+00 7.508823554129519380e+02
2.670000000000262830e+00 7.387612192658259573e+02
2.690000000000262403e+00 7.255617573906176858e+02
2.710000000000261977e+00 7.127420316007691099e+02
2.730000000000261551e+00 7.014427313244317475e+02
2.750000000000261124e+00 6.878190852695097419e+02
2.770000000000260698e+00 6.781614144529415853e+02
2.790000000000260272e+00 6.647609868888941946e+02
2.810000000000259845e+00 6.550782797805661630e+02
2.830000000000259419e+00 6.437760169728155688e+02
2.850000000000258993e+00 6.307883358122444406e+02
2.870000000000258567e+00 6.213340048346925641e+02
2.890000000000258140e+00 6.106260750531299664e+02
2.910000000000257714e+00 5.956603714580562610e+02
2.930000000000257288e+00 5.867556992243346485e+02
2.950000000000256861e+00 5.745812664793261320e+02
2.970000000000256435e+00 5.672860160597322192e+02
2.990000000000256009e+00 5.558005939915206000e+02
3.010000000000255582e+00 5.452699190746866407e+02
3.030000000000255156e+00 5.357170200702753391e+02
3.050000000000254730e+00 5.236034816335445612e+02
3.070000000000254303e+00 5.160323601218500471e+02
3.090000000000253877e+00 5.060989726181898050e+02
3.110000000000253451e+00 4.974844948999417511e+02
3.130000000000253024e+00 4.856602712886410131e+02
3.150000000000252598e+00 4.784924094394976919e+02
3.170000000000252172e+00 4.664471404064745457e+02
3.190000000000251745e+00 4.606134532005161191e+02
3.210000000000251319e+00 4.494258106424777566e+02
3.230000000000250893e+00 4.424757717472530203e+02
3.250000000000250466e+00 4.336938810390420258e+02
3.270000000000250040e+00 4.255868753347950246e+02
3.290000000000249614e+00 4.176778422547830587e+02
3.310000000000249187e+00 4.077995534444368673e+02
3.330000000000248761e+00 4.011473550317674039e+02
3.350000000000248335e+00 3.935441632911466741e+02
3.370000000000247908e+00 3.854256329527514708e+02
3.390000000000247482e+00 3.799758106104207513e+02
3.410000000000247056e+00 3.705270466258409670e+02
3.430000000000246629e+00 3.643080224883670439e+02
3.450000000000246203e+00 3.567411682105675368e+02
3.470000000000245777e+00 3.481367765966750767e+02
3.490000000000245350e+00 3.428382300887509473e+02
3.510000000000244924e+00 3.359607250907666298e+02
3.530000000000244498e+00 3.294243097312871100e+02
3.550000000000244071e+00 3.229708079159761951e+02
3.570000000000243645e+00 3.168678948860331275e+02
3.590000000000243219e+00 3.106045889890648937e+02
3.610000000000242792e+00 3.056160477321919871e+02
3.630000000000242366e+00 2.973113872847061430e+02
3.650000000000241940e+00 2.942657562607739692e+02
3.670000000000241513e+00 2.861458462596426102e+02
3.690000000000241087e+00 2.814930698496067976e+02
3.710000000000240661e+00 2.752295071657508174e+02
3.730000000000240234e+00 2.706312021041984508e+02
3.750000000000239808e+00 2.655060385143187887e+02
3.770000000000239382e+00 2.592073488478029049e+02
3.790000000000238956e+00 2.536466755568872600e+02
3.810000000000238529e+00 2.495385673089457725e+02
3.830000000000238103e+00 2.450450568996662923e+02
3.850000000000237677e+00 2.399624819019833524e+02
3.870000000000237250e+00 2.355157384780068810e+02
3.890000000000236824e+00 2.312028421269675960e+02
3.910000000000236398e+00 2.262356844632741115e+02
3.930000000000235971e+00 2.219233257496670717e+02
3.950000000000235545e+00 2.179341907198707133e+02
3.970000000000235119e+00 2.129865823826453664e+02
3.990000000000234692e+00 2.088869039446657894e+02
4.010000000000234266e+00 2.053918033431602908e+02
4.030000000000233840e+00 2.013637257840804295e+02
4.050000000000233413e+00 1.968158512451840636e+02
4.070000000000232987e+00 1.925789575313809223e+02
4.090000000000232561e+00 1.888150240106239437e+02
4.110000000000232134e+00 1.851578741963231494e+02
4.130000000000231708e+00 1.822181341988186887e+02
4.150000000000231282e+00 1.798989241534657140e+02
4.170000000000230855e+00 1.748052133855188686e+02
4.190000000000230429e+00 1.717530448070537545e+02
4.210000000000230003e+00 1.685227082226713549e+02
4.230000000000229576e+00 1.651343040604068335e+02
4.250000000000229150e+00 1.611098975678666818e+02
4.270000000000228724e+00 1.581095427840357104e+02
4.290000000000228297e+00 1.557485670026161415e+02
4.310000000000227871e+00 1.537957611911373021e+02
4.330000000000227445e+00 1.492953849533927553e+02
4.350000000000227018e+00 1.466323927241816989e+02
4.370000000000226592e+00 1.432495425402226203e+02
4.390000000000226166e+00 1.416177859919761204e+02
4.410000000000225739e+00 1.383682414403843097e+02
4.430000000000225313e+00 1.347224274340867112e+02
4.450000000000224887e+00 1.331968532164645183e+02
4.470000000000224460e+00 1.304895552516350961e+02
4.490000000000224034e+00 1.278318004358413447e+02
4.510000000000223608e+00 1.250771033909828418e+02
4.530000000000223181e+00 1.231321563826340650e+02
4.550000000000222755e+00 1.205939628464151099e+02
4.570000000000222329e+00 1.184301604261037681e+02
4.590000000000221902e+00 1.153132015520443190e+02
4.610000000000221476e+00 1.135132834568008064e+02
4.630000000000221050e+00 1.118688678383672084e+02
4.650000000000220624e+00 1.090365227477567487e+02
4.670000000000220197e+00 1.072503768601298759e+02
4.690000000000219771e+00 1.050992668849246314e+02
4.710000000000219345e+00 1.026939664821117475e+02
4.730000000000218918e+00 1.009666903635834387e+02
4.750000000000218492e+00 9.844052432049663537e+01
4.770000000000218066e+00 9.703396681280460712e+01
4.790000000000217639e+00 9.589635852723607456e+01
4.810000000000217213e+00 9.274113342371867930e+01
4.830000000000216787e+00 9.166340134432462605e+01
4.850000000000216360e+00 8.969463355789982018e+01
4.870000000000215934e+00 8.800180586912027536e+01
4.890000000000215508e+00 8.583979119183763373e+01
4.910000000000215081e+00 8.470653312823530712e+01
4.930000000000214655e+00 8.311818734958042398e+01
4.950000000000214229e+00 8.084709488672625355e+01
4.970000000000213802e+00 7.905576215631482739e+01
4.990000000000213376e+00 7.828809810772899880e+01
5.010000000000212950e+00 7.660485414942648674e+01
5.030000000000212523e+00 7.492736613951689151e+01
5.050000000000212097e+00 7.380551886974089371e+01
5.070000000000211671e+00 7.213514455678256354e+01
5.090000000000211244e+00 7.025866338213967310e+01
5.110000000000210818e+00 6.893947364636910891e+01
5.130000000000210392e+00 6.792871256843959316e+01
5.150000000000209965e+00 6.659114842436038373e+01
5.170000000000209539e+00 6.543406638399122244e+01
5.190000000000209113e+00 6.390144822349654419e+01
5.210000000000208686e+00 6.253147590661828303e+01
5.230000000000208260e+00 6.121905517232274008e+01
5.250000000000207834e+00 6.046942257982259150e+01
5.270000000000207407e+00 5.890340974147569852e+01
5.290000000000206981e+00 5.781331852627575074e+01
5.310000000000206555e+00 5.665592984280597477e+01
5.330000000000206128e+00 5.556733353070212900e+01
5.350000000000205702e+00 5.432391827435782972e+01
5.370000000000205276e+00 5.348695050423960851e+01
5.390000000000204849e+00 5.213880835494420296e+01
5.410000000000204423e+00 5.110479231539371625e+01
5.430000000000203997e+00 4.991130307937244481e+01
5.450000000000203570e+00 4.912534419980264744e+01
5.470000000000203144e+00 4.805135181371683473e+01
5.490000000000202718e+00 4.717744530869938302e+01
5.510000000000202292e+00 4.657403864276151495e+01
5.530000000000201865e+00 4.528572671884536049e+01
5.550000000000201439e+00 4.453636156471569052e+01
5.570000000000201013e+00 4.334402198286360175e+01
5.590000000000200586e+00 4.241525198194479174e+01
5.610000000000200160e+00 4.168913451758326971e+01
5.630000000000199734e+00 4.085235046189171726e+01
5.650000000000199307e+00 3.994456870895594136e+01
5.670000000000198881e+00 3.962315810697180751e+01
5.690000000000198455e+00 3.862070361380889949e+01
5.710000000000198028e+00 3.731613592116830347e+01
5.730000000000197602e+00 3.670630603447290241e+01
5.750000000000197176e+00 3.599082103567643998e+01
5.770000000000196749e+00 3.537981397701012298e+01
5.790000000000196323e+00 3.456249245328408648e+01
5.810000000000195897e+00 3.395649784649685188e+01
5.830000000000195470e+00 3.325586792477142950e+01
5.850000000000195044e+00 3.284898871838187517e+01
5.870000000000194618e+00 3.165472409910000096e+01
5.890000000000194191e+00 3.109684207573313586e+01
5.910000000000193765e+00 3.066193089649804193e+01
5.930000000000193339e+00 2.982797751888178439e+01
5.950000000000192912e+00 2.930794910671925635e+01
5.970000000000192486e+00 2.887386036405968426e+01
5.990000000000192060e+00 2.817956062301410114e+01
6.010000000000191633e+00 2.746887088311084923e+01
6.030000000000191207e+00 2.676916111064984349e+01
6.050000000000190781e+00 2.631157439690692001e+01
6.070000000000190354e+00 2.596414042982203796e+01
6.090000000000189928e+00 2.538080875060386532e+01
6.110000000000189502e+00 2.489122531354500367e+01
6.130000000000189075e+00 2.405353968515224494e+01
6.150000000000188649e+00 2.394471645174839836e+01
6.170000000000188223e+00 2.332720939698215545e+01
6.190000000000187796e+00 2.249994955565473376e+01
6.210000000000187370e+00 2.240619295695790214e+01
6.230000000000186944e+00 2.180869721467484368e+01
6.250000000000186517e+00 2.134987210033409610e+01
6.270000000000186091e+00 2.100305798815183422e+01
6.290000000000185665e+00 2.068033977668473611e+01
6.310000000000185238e+00 2.028078364794099642e+01
6.330000000000184812e+00 1.960091243090946023e+01
6.350000000000184386e+00 1.923076179967264210e+01
6.370000000000183960e+00 1.884976097563725261e+01
6.390000000000183533e+00 1.841575196228635747e+01
6.410000000000183107e+00 1.820797254850384306e+01
6.430000000000182681e+00 1.777161306510995331e+01
6.450000000000182254e+00 1.722299629194505499e+01
6.470000000000181828e+00 1.706039631880372553e+01
6.490000000000181402e+00 1.678365057241440184e+01
6.510000000000180975e+00 1.639246484879224752e+01
6.530000000000180549e+00 1.606778739378510679e+01
6.550000000000180123e+00 1.561997340637726239e+01
6.570000000000179696e+00 1.538501646036152692e+01
6.590000000000179270e+00 1.499422292908345966e+01
6.610000000000178844e+00 1.471286434421841172e+01
6.630000000000178417e+00 1.458117233312002625e+01
6.650000000000177991e+00 1.421479322197219730e+01
6.670000000000177565e+00 1.401157160665272094e+01
6.690000000000177138e+00 1.374088811231027307e+01
6.710000000000176712e+00 1.333825293348108332e+01
6.730000000000176286e+00 1.320577433572831261e+01
6.750000000000175859e+00 1.282780009329538018e+01
6.770000000000175433e+00 1.254722468546263237e+01
6.790000000000175007e+00 1.247476286460719130e+01
6.810000000000174580e+00 1.226807234974905114e+01
6.830000000000174154e+00 1.197375965464061665e+01
6.850000000000173728e+00 1.162438115397785410e+01
6.870000000000173301e+00 1.166256249715128313e+01
6.890000000000172875e+00 1.132641442123936670e+01
6.910000000000172449e+00 1.097979684441659920e+01
6.930000000000172022e+00 1.083813247682958369e+01
6.950000000000171596e+00 1.076864447100297717e+01
6.970000000000171170e+00 1.048011375792671451e+01
6.990000000000170743e+00 1.023890301593172936e+01
7.010000000000170317e+00 1.024329960623033209e+01
7.030000000000169891e+00 1.009538807863600418e+01
7.050000000000169464e+00 9.812342223520724716e+00
7.070000000000169038e+00 9.572917701891011433e+00
7.090000000000168612e+00 9.505802432030300508e+00
7.110000000000168185e+00 9.417611338092967799e+00
7.130000000000167759e+00 9.146147337391727916e+00
7.150000000000167333e+00 8.937082300204794549e+00
7.170000000000166906e+00 8.824708343265795563e+00
7.190000000000166480e+00 8.737290957192621832e+00
7.210000000000166054e+00 8.532750236589359716e+00
7.230000000000165628e+00 8.521116574584045367e+00
7.250000000000165201e+00 8.310949428437924169e+00
7.270000000000164775e+00 8.188396097469350821e+00
7.290000000000164349e+00 8.136077604760616921e+00
7.310000000000163922e+00 7.907462640258850151e+00
7.330000000000163496e+00 7.835057382454420960e+00
7.350000000000163070e+00 7.673956850264265661e+00
7.370000000000162643e+00 7.721622223846851263e+00
7.390000000000162217e+00 7.612051016408388548e+00
7.410000000000161791e+00 7.372989057048286554e+00
7.430000000000161364e+00 7.373773910875348392e+00
7.450000000000160938e+00 7.243034088040431584e+00
7.470000000000160512e+00 7.156684735988612545e+00
7.490000000000160085e+00 7.010991033859704125e+00
7.510000000000159659e+00 7.026193042286912771e+00
7.530000000000159233e+00 6.947000000498241512e+00
7.550000000000158806e+00 6.838242008307640063e+00
7.570000000000158380e+00 6.697819489746124511e+00
7.590000000000157954e+00 6.688134455534420653e+00
7.610000000000157527e+00 6.510183131950387114e+00
7.630000000000157101e+00 6.508049367889852554e+00
7.650000000000156675e+00 6.446972062368486078e+00
7.670000000000156248e+00 6.421937186014362808e+00
7.690000000000155822e+00 6.345423927000044095e+00
7.710000000000155396e+00 6.268140673083753001e+00
7.730000000000154969e+00 6.202691737709412401e+00
7.750000000000154543e+00 6.207998175858209677e+00
7.770000000000154117e+00 6.094057447716474840e+00
7.790000000000153690e+00 6.011367015427397931e+00
7.810000000000153264e+00 6.063951425550780705e+00
7.830000000000152838e+00 5.983287226564022454e+00
7.850000000000152411e+00 5.939545407446076730e+00
7.870000000000151985e+00 5.878614389824939224e+00
7.890000000000151559e+00 5.891717871388693517e+00
7.910000000000151132e+00 5.744505096752172690e+00
7.930000000000150706e+00 5.773369981806421691e+00
7.950000000000150280e+00 5.755053562514126142e+00
7.970000000000149853e+00 5.701266409164531090e+00
7.990000000000149427e+00 5.706312792389770294e+00
8.010000000000149001e+00 5.632044668093358908e+00
8.030000000000148574e+00 5.625312260633379857e+00
8.050000000000148148e+00 5.620543523974324884e+00
8.070000000000147722e+00 5.527568655581447388e+00
8.090000000000147296e+00 5.504130112992181800e+00
8.110000000000146869e+00 5.532677582108139092e+00
8.130000000000146443e+00 5.456479421781899930e+00
8.150000000000146017e+00 5.490001423075824505e+00
8.170000000000145590e+00 5.411514001057692980e+00
8.190000000000145164e+00 5.432866274082091884e+00
8.210000000000144738e+00 5.421150783371485815e+00
8.230000000000144311e+00 5.405548485204030307e+00
8.250000000000143885e+00 5.343657805014571771e+00
8.270000000000143459e+00 5.386350941272834980e+00
8.290000000000143032e+00 5.393676679901496129e+00
8.310000000000142606e+00 5.281609978830804408e+00
8.330000000000142180e+00 5.289304373036470608e+00
8.350000000000141753e+00 5.280496257996780685e+00
8.370000000000141327e+00 5.327943991683810054e+00
8.390000000000140901e+00 5.210743635565005860e+00
8.410000000000140474e+00 5.304668276954376260e+00
8.430000000000140048e+00 5.219370365930578792e+00
8.450000000000139622e+00 5.235742728769610999e+00
8.470000000000139195e+00 5.225854780877747352e+00
8.490000000000138769e+00 5.230114310881809558e+00
8.510000000000138343e+00 5.228448531006880451e+00
8.530000000000137916e+00 5.177249938656811601e+00
8.550000000000137490e+00 5.236856875334346739e+00
8.570000000000137064e+00 5.176261607783651186e+00
8.590000000000136637e+00 5.193929816015090850e+00
8.610000000000136211e+00 5.171895401884471610e+00
8.630000000000135785e+00 5.179612232153821161e+00
8.650000000000135358e+00 5.173113670441158440e+00
8.670000000000134932e+00 5.190472115661104446e+00
8.690000000000134506e+00 5.145623244016104714e+00
8.710000000000134079e+00 5.137787549544269972e+00
8.730000000000133653e+00 5.199965401716482027e+00
8.750000000000133227e+00 5.125955988045852507e+00
8.770000000000132800e+00 5.140551415649287748e+00
8.790000000000132374e+00 5.184771402638689075e+00
8.810000000000131948e+00 5.150507356630297906e+00
8.830000000000131521e+00 5.161150622829478785e+00
8.850000000000131095e+00 5.212271275697960782e+00
8.870000000000130669e+00 5.114843952414357631e+00
8.890000000000130242e+00 5.178943771163448062e+00
8.910000000000129816e+00 5.128272697274535830e+00
8.930000000000129390e+00 5.143424663089366966e+00
8.950000000000128964e+00 5.125676218606986190e+00
8.970000000000128537e+00 5.138820607043895095e+00
8.990000000000128111e+00 5.115133219724093294e+00
9.010000000000127685e+00 5.146731586608192188e+00
9.030000000000127258e+00 5.103697637406995113e+00
9.050000000000126832e+00 5.173763718657951927e+00
9.070000000000126406e+00 5.133398743852193746e+00
9.090000000000125979e+00 5.080474341799498639e+00
9.110000000000125553e+00 5.176590868193799544e+00
9.130000000000125127e+00 5.097599512318494064e+00
9.150000000000124700e+00 5.146701878724662116e+00
9.170000000000124274e+00 5.090863793981971419e+00
9.190000000000123848e+00 5.148362164419538090e+00
9.210000000000123421e+00 5.115869948478709794e+00
9.230000000000122995e+00 5.118387351067196889e+00
9.250000000000122569e+00 5.118703540693660514e+00
9.270000000000122142e+00 5.094460725666617229e+00
9.290000000000121716e+00 5.111350303621796876e+00
9.310000000000121290e+00 5.157693750815495193e+00
9.330000000000120863e+00 5.096286747227147806e+00
9.350000000000120437e+00 5.152261597501679447e+00
9.370000000000120011e+00 5.142676236370117948e+00
9.390000000000119584e+00 5.093187317269378234e+00
9.410000000000119158e+00 5.181491866525202994e+00
9.430000000000118732e+00 5.103676774390212501e+00
9.450000000000118305e+00 5.113490214418221491e+00
9.470000000000117879e+00 5.111334880228675104e+00
9.490000000000117453e+00 5.142328451525665756e+00
9.510000000000117026e+00 5.120885226909504873e+00
9.530000000000116600e+00 5.146019974019869991e+00
9.550000000000116174e+00 5.104401719630381251e+00
9.570000000000115747e+00 5.149854366149889451e+00
9.590000000000115321e+00 5.151145033669831008e+00
9.610000000000114895e+00 5.089108996184956268e+00
9.630000000000114468e+00 5.100845377263167002e+00
9.650000000000114042e+00 5.143957672378967061e+00
9.670000000000113616e+00 5.055308156647559059e+00
9.690000000000113189e+00 5.149224708926381844e+00
9.710000000000112763e+00 5.128188779119266627e+00
9.730000000000112337e+00 5.098117396796123302e+00
9.750000000000111910e+00 5.132171724183549166e+00
9.770000000000111484e+00 5.136434223048937042e+00
9.790000000000111058e+00 5.038677469147314625e+00
9.810000000000110632e+00 5.104716808035212772e+00
9.830000000000110205e+00 5.066730718297417724e+00
9.850000000000109779e+00 5.140218986983555283e+00
9.870000000000109353e+00 5.045792288039238294e+00
9.890000000000108926e+00 5.069011859479168436e+00
9.910000000000108500e+00 5.077800567498665707e+00
9.930000000000108074e+00 5.072774212784201708e+00
9.950000000000107647e+00 5.037375756078865230e+00
9.970000000000107221e+00 5.092772017737078549e+00
9.990000000000106795e+00 5.037967811975223142e+00
1.001000000000010637e+01 5.053106292131531063e+00
1.003000000000010594e+01 5.053159126028766934e+00
1.005000000000010552e+01 5.022579619207349744e+00
1.007000000000010509e+01 5.069445668469278132e+00
1.009000000000010466e+01 5.004137366668254927e+00
1.011000000000010424e+01 5.039162874344299325e+00
1.013000000000010381e+01 5.023259963497586078e+00
1.015000000000010338e+01 5.025064267883649016e+00
1.017000000000010296e+01 4.989800440113594249e+00
1.019000000000010253e+01 4.978531669235419344e+00
1.021000000000010210e+01 4.959168104665689469e+00
1.023000000000010168e+01 5.038109980723676884e+00
1.025000000000010125e+01 4.966720559315549011e+00
1.027000000000010083e+01 5.012023469785093610e+00
1.029000000000010040e+01 4.958020369552400552e+00
1.031000000000009997e+01 4.972425505701189685e+00
1.033000000000009955e+01 4.945412921262655637e+00
1.035000000000009912e+01 4.938446335601827997e+00
1.037000000000009869e+01 4.899424464033342197e+00
1.039000000000009827e+01 4.914775362896333988e+00
1.041000000000009784e+01 4.935675599327725038e+00
1.043000000000009742e+01 4.853419921500258027e+00
1.045000000000009699e+01 4.877664825418330352e+00
1.047000000000009656e+01 4.901748484556599728e+00
1.049000000000009614e+01 4.828724216322461515e+00
1.051000000000009571e+01 4.806714232308713974e+00
1.053000000000009528e+01 4.820488951180878168e+00
1.055000000000009486e+01 4.822172771412968295e+00
1.057000000000009443e+01 4.788334316886144748e+00
1.059000000000009400e+01 4.800878974253877551e+00
1.061000000000009358e+01 4.775622736066682528e+00
1.063000000000009315e+01 4.795634220223069732e+00
1.065000000000009273e+01 4.715149147789727380e+00
1.067000000000009230e+01 4.713886386582165855e+00
1.069000000000009187e+01 4.669530782680025638e+00
1.071000000000009145e+01 4.719536408080673873e+00
1.073000000000009102e+01 4.639317455836585502e+00
1.075000000000009059e+01 4.692803842983525264e+00
1.077000000000009017e+01 4.678407337815988498e+00
1.079000000000008974e+01 4.626345394726638638e+00
1.081000000000008932e+01 4.612702655600542379e+00
1.083000000000008889e+01 4.566219958465439710e+00
1.085000000000008846e+01 4.551412100238190206e+00
1.087000000000008804e+01 4.586788370446762464e+00
1.089000000000008761e+01 4.562497533810886630e+00
1.091000000000008718e+01 4.539748103897803588e+00
1.093000000000008676e+01 4.507459056826567334e+00
1.095000000000008633e+01 4.491676786695738777e+00
1.097000000000008590e+01 4.487853223274083092e+00
1.099000000000008548e+01 4.434241703007064217e+00
1.101000000000008505e+01 4.415529731350807729e+00
1.103000000000008463e+01 4.444789746808102571e+00
1.105000000000008420e+01 4.357993404455593023e+00
1.107000000000008377e+01 4.362211276132595295e+00
1.109000000000008335e+01 4.394008493719240072e+00
1.111000000000008292e+01 4.312870813186614249e+00
1.113000000000008249e+01 4.289641557006695471e+00
1.115000000000008207e+01 4.315993650333916243e+00
1.117000000000008164e+01 4.258032039288122128e+00
1.119000000000008122e+01 4.258932221400818285e+00
1.121000000000008079e+01 4.215987689081140743e+00
1.123000000000008036e+01 4.211761961692189082e+00
1.125000000000007994e+01 4.233411343148494765e+00
1.127000000000007951e+01 4.131798383731611679e+00
1.129000000000007908e+01 4.191610164230039182e+00
1.131000000000007866e+01 4.093966356017308073e+00
1.133000000000007823e+01 4.130272434143051896e+00
1.135000000000007780e+01 4.117774435436647451e+00
1.137000000000007738e+01 4.010169684423430247e+00
1.139000000000007695e+01 4.060606922903901683e+00
1.141000000000007653e+01 4.060838007011234652e+00
1.143000000000007610e+01 3.948380284993687539e+00
1.145000000000007567e+01 3.939852458883345232e+00
1.147000000000007525e+01 3.942794159242157370e+00
1.149000000000007482e+01 3.895509526749937113e+00
1.151000000000007439e+01 3.894978889172055592e+00
1.153000000000007397e+01 3.947334774420631298e+00
1.155000000000007354e+01 3.832898464068347444e+00
1.157000000000007311e+01 3.802836192551407368e+00
1.159000000000007269e+01 3.828030474243419246e+00
1.161000000000007226e+01 3.747994503024378865e+00
1.163000000000007184e+01 3.777958756740191770e+00
1.165000000000007141e+01 3.720015395740948083e+00
1.167000000000007098e+01 3.738189602947394441e+00
1.169000000000007056e+01 3.659604696011894198e+00
1.171000000000007013e+01 3.701208341388210865e+00
1.173000000000006970e+01 3.670877207383636875e+00
1.175000000000006928e+01 3.582381895037050512e+00
1.177000000000006885e+01 3.593208214061105910e+00
1.179000000000006843e+01 3.589451410449002733e+00
1.181000000000006800e+01 3.571911008808673849e+00
1.183000000000006757e+01 3.553827661690299067e+00
1.185000000000006715e+01 3.526699740686253914e+00
1.187000000000006672e+01 3.470939186059758708e+00
1.189000000000006629e+01 3.449194071230783809e+00
1.191000000000006587e+01 3.438977791479575608e+00
1.193000000000006544e+01 3.436436031561030724e+00
1.195000000000006501e+01 3.395667379458604529e+00
1.197000000000006459e+01 3.290365622696612036e+00
1.199000000000006416e+01 3.415181260822508502e+00
1.201000000000006374e+01 3.305811305700156577e+00
1.203000000000006331e+01 3.312135436673053768e+00
1.205000000000006288e+01 3.277900636353253017e+00
1.207000000000006246e+01 3.259139189068893661e+00
1.209000000000006203e+01 3.249250442232618052e+00
1.211000000000006160e+01 3.212558076452989742e+00
1.213000000000006118e+01 3.206621458719143725e+00
1.215000000000006075e+01 3.122947569149543412e+00
1.217000000000006033e+01 3.116795385966341758e+00
1.219000000000005990e+01 3.168661418904092475e+00
1.221000000000005947e+01 3.069558847336676166e+00
1.223000000000005905e+01 3.075538511719838830e+00
1.225000000000005862e+01 3.030235460504648426e+00
1.227000000000005819e+01 3.015407043337505311e+00
1.229000000000005777e+01 2.970291739090138439e+00
1.231000000000005734e+01 2.968079107491361501e+00
1.233000000000005691e+01 2.943361522859666568e+00
1.235000000000005649e+01 2.887142587330494781e+00
1.237000000000005606e+01 2.897091302135562874e+00
1.239000000000005564e+01 2.831299221134270461e+00
1.241000000000005521e+01 2.881885943425610108e+00
1.243000000000005478e+01 2.796643212329597450e+00
1.245000000000005436e+01 2.828526013994974608e+00
1.247000000000005393e+01 2.745662670189349619e+00
1.249000000000005350e+01 2.769058935247884712e+00
1.251000000000005308e+01 2.682515922247729279e+00
1.253000000000005265e+01 2.730717459102010913e+00
1.255000000000005222e+01 2.684297131016850635e+00
1.257000000000005180e+01 2.608769416359106419e+00
1.259000000000005137e+01 2.619745044078708229e+00
1.261000000000005095e+01 2.617315041285477761e+00
1.263000000000005052e+01 2.572509146486152254e+00
1.265000000000005009e+01 2.507337500767974792e+00
1.267000000000004967e+01 2.522192121253059138e+00
1.269000000000004924e+01 2.525057035823218055e+00
1.271000000000004881e+01 2.451844695119345996e+00
1.273000000000004839e+01 2.400795411072344177e+00
1.275000000000004796e+01 2.433086613686685773e+00
1.277000000000004754e+01 2.395321935322172191e+00
1.279000000000004711e+01 2.349536084618216947e+00
1.281000000000004668e+01 2.356405637549502607e+00
1.283000000000004626e+01 2.264962193375235522e+00
1.285000000000004583e+01 2.279672104978589964e+00
1.287000000000004540e+01 2.268091994193267791e+00
1.289000000000004498e+01 2.230552078620986922e+00
1.291000000000004455e+01 2.220172398513511336e+00
1.293000000000004412e+01 2.186515928181405943e+00
1.295000000000004370e+01 2.133237062803037265e+00
1.297000000000004327e+01 2.157855013107204734e+00
1.299000000000004285e+01 2.087042215445865878e+00
1.301000000000004242e+01 2.110069398825505704e+00
1.303000000000004199e+01 2.051966674424228199e+00
1.305000000000004157e+01 2.071311820913427582e+00
1.307000000000004114e+01 2.015245299288479508e+00
1.309000000000004071e+01 1.969659275451645319e+00
1.311000000000004029e+01 1.939215774595725472e+00
1.313000000000003986e+01 1.961403603880599311e+00
1.315000000000003944e+01 1.947078772065571783e+00
1.317000000000003901e+01 1.863656887687285879e+00
1.319000000000003858e+01 1.882157581414757308e+00
1.321000000000003816e+01 1.883049007329431701e+00
1.323000000000003773e+01 1.829278384098496968e+00
1.325000000000003730e+01 1.780696688360961621e+00
1.327000000000003688e+01 1.753300464438717565e+00
1.329000000000003645e+01 1.758893216540702076e+00
1.331000000000003602e+01 1.714910876547465213e+00
1.333000000000003560e+01 1.670002463115367597e+00
1.335000000000003517e+01 1.686626052512220308e+00
1.337000000000003475e+01 1.681370181131867758e+00
1.339000000000003432e+01 1.598255566563615782e+00
1.341000000000003389e+01 1.560084800371086100e+00
1.343000000000003347e+01 1.528146886135421934e+00
1.345000000000003304e+01 1.561604190680904614e+00
1.347000000000003261e+01 1.477347541832135791e+00
1.349000000000003219e+01 1.494692271045184873e+00
1.351000000000003176e+01 1.386369898507204379e+00
1.353000000000003133e+01 1.417569880745354949e+00
1.355000000000003091e+01 1.386539307129819099e+00
1.357000000000003048e+01 1.359688717516353673e+00
1.359000000000003006e+01 1.316695519978282602e+00
1.361000000000002963e+01 1.333808978156770575e+00
1.363000000000002920e+01 1.266299430936947301e+00
1.365000000000002878e+01 1.240317423697332666e+00
1.367000000000002835e+01 1.224210490474974877e+00
1.369000000000002792e+01 1.199533245137283544e+00
1.371000000000002750e+01 1.185879098878299009e+00
1.373000000000002707e+01 1.179366110112188615e+00
1.375000000000002665e+01 1.120660223671517075e+00
1.377000000000002622e+01 1.120636934958238573e+00
1.379000000000002579e+01 1.086066924090153041e+00
1.381000000000002537e+01 1.034098445994659166e+00
1.383000000000002494e+01 1.052095931290646602e+00
1.385000000000002451e+01 1.004917889739624481e+00
1.387000000000002409e+01 9.903495672997422172e-01
1.389000000000002366e+01 9.370393700374677337e-01
1.391000000000002323e+01 9.238602120308049281e-01
1.393000000000002281e+01 8.986597130932348909e-01
1.395000000000002238e+01 8.384406008284431833e-01
1.397000000000002196e+01 8.018398759952244381e-01
1.399000000000002153e+01 7.946849631698961192e-01
1.401000000000002110e+01 7.394034394444874980e-01
1.403000000000002068e+01 7.422930558698371817e-01
1.405000000000002025e+01 7.382993475324239885e-01
1.407000000000001982e+01 7.019582929166451324e-01
1.409000000000001940e+01 6.719755602929603500e-01
1.411000000000001897e+01 6.121474433915302660e-01
1.413000000000001855e+01 6.080698716855725827e-01
1.415000000000001812e+01 5.810998667834025300e-01
1.417000000000001769e+01 5.820904078408447591e-01
1.419000000000001727e+01 5.238769938248579727e-01
1.421000000000001684e+01 4.990436961325799281e-01
1.423000000000001641e+01 4.626202111449321253e-01
1.425000000000001599e+01 4.147036087594207499e-01
1.427000000000001556e+01 3.865394334018802946e-01
1.429000000000001513e+01 3.638597827180715116e-01
1.431000000000001471e+01 3.335050653950590860e-01
1.433000000000001428e+01 3.142228522079275055e-01
1.435000000000001386e+01 3.204345672224777064e-01
1.437000000000001343e+01 2.766191028101010474e-01
1.439000000000001300e+01 2.596161807287054035e-01
1.441000000000001258e+01 2.219865307632495621e-01
1.443000000000001215e+01 1.912149958047569542e-01
1.445000000000001172e+01 1.510564287550698048e-01
1.447000000000001130e+01 1.266580156896903731e-01
1.449000000000001087e+01 9.916624755651731737e-02
1.451000000000001044e+01 7.696534677185860873e-02
1.453000000000001002e+01 5.777895004191627160e-02
1.455000000000000959e+01 3.068345258199756467e-02
1.457000000000000917e+01 1.694691364136661008e-02
1.459000000000000874e+01 1.135826284788846868e-02
1.461000000000000831e+01 8.616630628717767207e-03
1.463000000000000789e+01 5.617952484396656308e-03
1.465000000000000746e+01 2.797721567080382193e-03
1.467000000000000703e+01 2.732072862555062851e-03
1.469000000000000661e+01 2.722368662668501853e-03
1.471000000000000618e+01 0.000000000000000000e+00
1.473000000000000576e+01 0.000000000000000000e+00
1.475000000000000533e+01 0.000000000000000000e+00
1.477000000000000490e+01 0.000000000000000000e+00
1.479000000000000448e+01 0.000000000000000000e+00
1.481000000000000405e+01 0.000000000000000000e+00
1.483000000000000362e+01 0.000000000000000000e+00
1.485000000000000320e+01 0.000000000000000000e+00
1.487000000000000277e+01 0.000000000000000000e+00
1.489000000000000234e+01 0.000000000000000000e+00
1.491000000000000192e+01 0.000000000000000000e+00
1.493000000000000149e+01 0.000000000000000000e+00
1.495000000000000107e+01 0.000000000000000000e+00
1.497000000000000064e+01 0.000000000000000000e+00
1.499000000000000021e+01 0.000000000000000000e+00
