# Redshift		Merger Rate Density [Gpc^-3yr^-1]
1.000000000031931770e-02 1.230781247526360005e+02
3.000000000031888964e-02 1.240941058784603399e+02
5.000000000031846331e-02 1.252134058781781789e+02
7.000000000031804392e-02 1.254590647905538816e+02
9.000000000031761760e-02 1.264066994815792810e+02
1.100000000003171913e-01 1.267629356104822023e+02
1.300000000003167511e-01 1.275565098284497338e+02
1.500000000003163247e-01 1.279835665260585245e+02
1.700000000003158984e-01 1.282991794774089840e+02
1.900000000003154721e-01 1.297370313452151720e+02
2.100000000003150458e-01 1.294666613889390874e+02
2.300000000003146194e-01 1.307427513631923262e+02
2.500000000003141931e-01 1.305998445279273881e+02
2.700000000003137668e-01 1.317004203572591621e+02
2.900000000003133405e-01 1.306985935163567945e+02
3.100000000003129141e-01 1.316175283976868400e+02
3.300000000003124878e-01 1.323122873429802837e+02
3.500000000003120615e-01 1.315988548632230390e+02
3.700000000003116352e-01 1.323098697976203937e+02
3.900000000003112088e-01 1.324862434108874538e+02
4.100000000003107825e-01 1.324991102747874265e+02
4.300000000003103562e-01 1.322027606740285250e+02
4.500000000003099299e-01 1.328526429734442047e+02
4.700000000003095035e-01 1.329898156879059741e+02
4.900000000003090772e-01 1.334708119237498067e+02
5.100000000003086509e-01 1.330777759419856352e+02
5.300000000003082246e-01 1.335564876035124087e+02
5.500000000003077982e-01 1.339744129357898146e+02
5.700000000003073719e-01 1.338181051479668895e+02
5.900000000003069456e-01 1.344668114071266984e+02
6.100000000003065193e-01 1.345870529244631655e+02
6.300000000003060929e-01 1.339852292853765334e+02
6.500000000003056666e-01 1.353329595518618191e+02
6.700000000003052403e-01 1.353824861756619953e+02
6.900000000003048140e-01 1.353696545939563691e+02
7.100000000003043876e-01 1.350051682543378888e+02
7.300000000003039613e-01 1.357134086900139494e+02
7.500000000003035350e-01 1.358444281857335341e+02
7.700000000003031086e-01 1.355646394938983121e+02
7.900000000003026823e-01 1.361597686639442770e+02
8.100000000003022560e-01 1.358235252381555824e+02
8.300000000003018297e-01 1.357410246231152371e+02
8.500000000003014033e-01 1.372887887016030390e+02
8.700000000003009770e-01 1.358500517042455726e+02
8.900000000003005507e-01 1.372296346122096509e+02
9.100000000003001244e-01 1.366277142010251566e+02
9.300000000002996980e-01 1.370298158815677709e+02
9.500000000002992717e-01 1.373965818619438437e+02
9.700000000002988454e-01 1.374664326315513847e+02
9.900000000002984191e-01 1.382128251153913823e+02
1.010000000000297993e+00 1.387432323910781236e+02
1.030000000000297566e+00 1.385948665627456649e+02
1.050000000000297140e+00 1.380401451782211950e+02
1.070000000000296714e+00 1.397573667870657630e+02
1.090000000000296287e+00 1.403376388748866930e+02
1.110000000000295861e+00 1.390916117693573142e+02
1.130000000000295435e+00 1.407846722617696003e+02
1.150000000000295008e+00 1.409456164596778081e+02
1.170000000000294582e+00 1.402575885512019340e+02
1.190000000000294156e+00 1.415096808151864991e+02
1.210000000000293729e+00 1.414563481612088651e+02
1.230000000000293303e+00 1.426239886712857867e+02
1.250000000000292877e+00 1.426873503118065116e+02
1.270000000000292451e+00 1.427165095325389359e+02
1.290000000000292024e+00 1.431493624074929869e+02
1.310000000000291598e+00 1.432538567051873599e+02
1.330000000000291172e+00 1.444286616586598768e+02
1.350000000000290745e+00 1.444452034686241575e+02
1.370000000000290319e+00 1.445008460034491691e+02
1.390000000000289893e+00 1.449373641814115956e+02
1.410000000000289466e+00 1.451240208505634257e+02
1.430000000000289040e+00 1.453843368356612302e+02
1.450000000000288614e+00 1.470519116548504996e+02
1.470000000000288187e+00 1.453803536434081991e+02
1.490000000000287761e+00 1.461088634082089470e+02
1.510000000000287335e+00 1.473105478648837732e+02
1.530000000000286908e+00 1.479081588055124996e+02
1.550000000000286482e+00 1.471248157468712918e+02
1.570000000000286056e+00 1.474054728376662524e+02
1.590000000000285629e+00 1.486310399932311270e+02
1.610000000000285203e+00 1.488355850778530112e+02
1.630000000000284777e+00 1.476865930499997432e+02
1.650000000000284350e+00 1.481146793256939418e+02
1.670000000000283924e+00 1.490008410441496949e+02
1.690000000000283498e+00 1.491380065106276902e+02
1.710000000000283071e+00 1.488813899573394508e+02
1.730000000000282645e+00 1.506045357674224476e+02
1.750000000000282219e+00 1.495946306918833102e+02
1.770000000000281792e+00 1.493632423404494887e+02
1.790000000000281366e+00 1.493427313222845498e+02
1.810000000000280940e+00 1.511985788580934127e+02
1.830000000000280513e+00 1.504012397738701452e+02
1.850000000000280087e+00 1.494656278523906110e+02
1.870000000000279661e+00 1.507308780240596775e+02
1.890000000000279234e+00 1.498294642669901293e+02
1.910000000000278808e+00 1.503448976470461673e+02
1.930000000000278382e+00 1.509590696747906975e+02
1.950000000000277955e+00 1.500024930540245691e+02
1.970000000000277529e+00 1.508868279467188529e+02
1.990000000000277103e+00 1.497884144085286948e+02
2.010000000000276899e+00 1.500230477329000109e+02
2.030000000000276472e+00 1.494521140848157756e+02
2.050000000000276046e+00 1.501895974684555028e+02
2.070000000000275620e+00 1.495467472218049920e+02
2.090000000000275193e+00 1.499865084204641050e+02
2.110000000000274767e+00 1.488825837694424195e+02
2.130000000000274341e+00 1.491442765790644387e+02
2.150000000000273914e+00 1.492705678402234923e+02
2.170000000000273488e+00 1.493392666372041617e+02
2.190000000000273062e+00 1.483218157643153461e+02
2.210000000000272635e+00 1.474424769559698518e+02
2.230000000000272209e+00 1.476354952991635514e+02
2.250000000000271783e+00 1.470070912295142307e+02
2.270000000000271356e+00 1.471047051928515828e+02
2.290000000000270930e+00 1.458155686430340552e+02
2.310000000000270504e+00 1.461083629293874537e+02
2.330000000000270077e+00 1.454494440425092989e+02
2.350000000000269651e+00 1.450949552798680884e+02
2.370000000000269225e+00 1.442368326452920257e+02
2.390000000000268798e+00 1.434601407024595403e+02
2.410000000000268372e+00 1.436052199978218766e+02
2.430000000000267946e+00 1.433216253583868536e+02
2.450000000000267519e+00 1.418255692771568306e+02
2.470000000000267093e+00 1.422539441381025540e+02
2.490000000000266667e+00 1.415928183843937518e+02
2.510000000000266240e+00 1.410994762077817484e+02
2.530000000000265814e+00 1.411598759100309621e+02
2.550000000000265388e+00 1.383181742628248401e+02
2.570000000000264961e+00 1.400606857760786568e+02
2.590000000000264535e+00 1.376617343472736934e+02
2.610000000000264109e+00 1.378647235601054604e+02
2.630000000000263682e+00 1.367529783779421564e+02
2.650000000000263256e+00 1.367524963246302718e+02
2.670000000000262830e+00 1.363606522404381280e+02
2.690000000000262403e+00 1.350891503829812166e+02
2.710000000000261977e+00 1.343145914022512102e+02
2.730000000000261551e+00 1.341851281114613528e+02
2.750000000000261124e+00 1.327423822138263176e+02
2.770000000000260698e+00 1.323886861768172878e+02
2.790000000000260272e+00 1.322214868783866280e+02
2.810000000000259845e+00 1.312793028592223550e+02
2.830000000000259419e+00 1.307839736633681298e+02
2.850000000000258993e+00 1.300535941260662582e+02
2.870000000000258567e+00 1.288615381142251692e+02
2.890000000000258140e+00 1.288750139939421899e+02
2.910000000000257714e+00 1.281287059212941699e+02
2.930000000000257288e+00 1.279130984203278700e+02
2.950000000000256861e+00 1.264891510936954546e+02
2.970000000000256435e+00 1.260557220008190029e+02
2.990000000000256009e+00 1.258124289243679357e+02
3.010000000000255582e+00 1.243142728808974482e+02
3.030000000000255156e+00 1.243704595185374160e+02
3.050000000000254730e+00 1.236749857548579712e+02
3.070000000000254303e+00 1.222114859220429253e+02
3.090000000000253877e+00 1.228392414868609421e+02
3.110000000000253451e+00 1.218665512034900615e+02
3.130000000000253024e+00 1.204023049977897699e+02
3.150000000000252598e+00 1.207749154374348990e+02
3.170000000000252172e+00 1.195572725061817039e+02
3.190000000000251745e+00 1.186752302166549242e+02
3.210000000000251319e+00 1.178517052959392402e+02
3.230000000000250893e+00 1.183089837599900136e+02
3.250000000000250466e+00 1.168054891310543297e+02
3.270000000000250040e+00 1.168226106789282994e+02
3.290000000000249614e+00 1.162156660008238873e+02
3.310000000000249187e+00 1.149988722810140302e+02
3.330000000000248761e+00 1.148433143933463043e+02
3.350000000000248335e+00 1.144746857235102198e+02
3.370000000000247908e+00 1.134861127471046700e+02
3.390000000000247482e+00 1.123716243127658458e+02
3.410000000000247056e+00 1.130363854684723890e+02
3.430000000000246629e+00 1.115501984274804386e+02
3.450000000000246203e+00 1.109210071755891818e+02
3.470000000000245777e+00 1.105916613035308416e+02
3.490000000000245350e+00 1.097294455372590960e+02
3.510000000000244924e+00 1.090388159369357481e+02
3.530000000000244498e+00 1.092267959848811074e+02
3.550000000000244071e+00 1.081159033377460190e+02
3.570000000000243645e+00 1.080092411823522980e+02
3.590000000000243219e+00 1.067778021204190679e+02
3.610000000000242792e+00 1.066528254674335301e+02
3.630000000000242366e+00 1.062125471711952969e+02
3.650000000000241940e+00 1.050641375176505221e+02
3.670000000000241513e+00 1.047740264172069971e+02
3.690000000000241087e+00 1.042788512096364570e+02
3.710000000000240661e+00 1.044290517991402538e+02
3.730000000000240234e+00 1.035577565352990348e+02
3.750000000000239808e+00 1.026768392347285186e+02
3.770000000000239382e+00 1.025090079212168490e+02
3.790000000000238956e+00 1.018751503361956736e+02
3.810000000000238529e+00 1.016165572060743187e+02
3.830000000000238103e+00 1.011168196224815290e+02
3.850000000000237677e+00 1.012697918550186671e+02
3.870000000000237250e+00 9.931713317160438237e+01
3.890000000000236824e+00 9.911466324268856454e+01
3.910000000000236398e+00 9.939984014436451787e+01
3.930000000000235971e+00 9.831258709604198032e+01
3.950000000000235545e+00 9.794509773758136362e+01
3.970000000000235119e+00 9.784401144394503547e+01
3.990000000000234692e+00 9.677148053294827434e+01
4.010000000000234266e+00 9.670640674442780949e+01
4.030000000000233840e+00 9.625770549161835277e+01
4.050000000000233413e+00 9.594553108145552756e+01
4.070000000000232987e+00 9.514221808243644318e+01
4.090000000000232561e+00 9.445859587880887887e+01
4.110000000000232134e+00 9.464017354427463147e+01
4.130000000000231708e+00 9.337364862981497993e+01
4.150000000000231282e+00 9.310679409772635040e+01
4.170000000000230855e+00 9.309799964514238013e+01
4.190000000000230429e+00 9.249701032409025458e+01
4.210000000000230003e+00 9.243364043316272216e+01
4.230000000000229576e+00 9.137475119077190300e+01
4.250000000000229150e+00 9.158074724537209477e+01
4.270000000000228724e+00 9.065845301164520720e+01
4.290000000000228297e+00 9.040959955071774345e+01
4.310000000000227871e+00 8.955974154972260237e+01
4.330000000000227445e+00 9.008123233611021874e+01
4.350000000000227018e+00 8.876290873153119776e+01
4.370000000000226592e+00 8.858517428882406364e+01
4.390000000000226166e+00 8.861175631766013794e+01
4.410000000000225739e+00 8.769349913026708521e+01
4.430000000000225313e+00 8.791975496816596092e+01
4.450000000000224887e+00 8.682141374221195917e+01
4.470000000000224460e+00 8.638585098403463292e+01
4.490000000000224034e+00 8.592686867929404571e+01
4.510000000000223608e+00 8.593572121886644766e+01
4.530000000000223181e+00 8.572014033939571220e+01
4.550000000000222755e+00 8.560591528269385719e+01
4.570000000000222329e+00 8.500939572972620795e+01
4.590000000000221902e+00 8.415336724785646538e+01
4.610000000000221476e+00 8.389926237147996346e+01
4.630000000000221050e+00 8.315569651226658721e+01
4.650000000000220624e+00 8.355399159727792835e+01
4.670000000000220197e+00 8.248282104441135232e+01
4.690000000000219771e+00 8.220254960634400732e+01
4.710000000000219345e+00 8.180404053804078046e+01
4.730000000000218918e+00 8.171277794846093911e+01
4.750000000000218492e+00 8.085635431715272148e+01
4.770000000000218066e+00 8.114570140160145684e+01
4.790000000000217639e+00 8.072343355549881494e+01
4.810000000000217213e+00 8.006106278117107422e+01
4.830000000000216787e+00 7.995405103903786426e+01
4.850000000000216360e+00 7.859319154628227011e+01
4.870000000000215934e+00 7.859757032791398501e+01
4.890000000000215508e+00 7.861570798764456924e+01
4.910000000000215081e+00 7.798221990434853979e+01
4.930000000000214655e+00 7.768723954157094624e+01
4.950000000000214229e+00 7.783697593329776510e+01
4.970000000000213802e+00 7.682475398937860689e+01
4.990000000000213376e+00 7.720660931957640116e+01
5.010000000000212950e+00 7.668482501591938671e+01
5.030000000000212523e+00 7.607302138006797065e+01
5.050000000000212097e+00 7.582675610866580485e+01
5.070000000000211671e+00 7.510003121449054220e+01
5.090000000000211244e+00 7.522954767043886193e+01
5.110000000000210818e+00 7.422612246276004555e+01
5.130000000000210392e+00 7.403240927545390093e+01
5.150000000000209965e+00 7.359790131502398935e+01
5.170000000000209539e+00 7.294319239084920525e+01
5.190000000000209113e+00 7.265802386312988403e+01
5.210000000000208686e+00 7.271423927979755319e+01
5.230000000000208260e+00 7.171296471418082774e+01
5.250000000000207834e+00 7.135967386444120564e+01
5.270000000000207407e+00 7.122656220220143553e+01
5.290000000000206981e+00 7.011245446938158921e+01
5.310000000000206555e+00 6.988496928184947876e+01
5.330000000000206128e+00 6.941151032722119396e+01
5.350000000000205702e+00 6.981118590392067347e+01
5.370000000000205276e+00 6.912265439245626908e+01
5.390000000000204849e+00 6.884901742541019587e+01
5.410000000000204423e+00 6.801079305598977953e+01
5.430000000000203997e+00 6.809639702756197721e+01
5.450000000000203570e+00 6.741703741250972826e+01
5.470000000000203144e+00 6.654015265289153547e+01
5.490000000000202718e+00 6.651196898982681205e+01
5.510000000000202292e+00 6.639026577887214842e+01
5.530000000000201865e+00 6.573965826921887867e+01
5.550000000000201439e+00 6.571161580139353475e+01
5.570000000000201013e+00 6.488140703485593974e+01
5.590000000000200586e+00 6.420089898829408526e+01
5.610000000000200160e+00 6.459258803044856734e+01
5.630000000000199734e+00 6.376163329620980846e+01
5.650000000000199307e+00 6.354682196383281223e+01
5.670000000000198881e+00 6.342214043351395247e+01
5.690000000000198455e+00 6.261010189787771196e+01
5.710000000000198028e+00 6.210087088008779688e+01
5.730000000000197602e+00 6.206842751111397405e+01
5.750000000000197176e+00 6.139188386889011184e+01
5.770000000000196749e+00 6.111461217878201069e+01
5.790000000000196323e+00 6.065378813975583938e+01
5.810000000000195897e+00 5.999161333941070495e+01
5.830000000000195470e+00 5.974842630450051928e+01
5.850000000000195044e+00 5.943891999924472458e+01
5.870000000000194618e+00 5.914981196332923474e+01
5.890000000000194191e+00 5.892876104621002042e+01
5.910000000000193765e+00 5.830191798195957631e+01
5.930000000000193339e+00 5.743315281287780039e+01
5.950000000000192912e+00 5.733250787125758308e+01
5.970000000000192486e+00 5.670718626152363129e+01
5.990000000000192060e+00 5.639914196686967074e+01
6.010000000000191633e+00 5.633520824877655286e+01
6.030000000000191207e+00 5.544055951505522728e+01
6.050000000000190781e+00 5.533963936239420889e+01
6.070000000000190354e+00 5.491770513732122083e+01
6.090000000000189928e+00 5.393321219790928467e+01
6.110000000000189502e+00 5.400935028749562861e+01
6.130000000000189075e+00 5.332718367471343868e+01
6.150000000000188649e+00 5.362564611994588404e+01
6.170000000000188223e+00 5.249524523256059894e+01
6.190000000000187796e+00 5.222215513111548546e+01
6.210000000000187370e+00 5.157259857231162670e+01
6.230000000000186944e+00 5.158826352778039137e+01
6.250000000000186517e+00 5.103766915326501419e+01
6.270000000000186091e+00 5.045267128150117486e+01
6.290000000000185665e+00 4.992163876664984201e+01
6.310000000000185238e+00 4.988208965303139308e+01
6.330000000000184812e+00 4.940395954651743438e+01
6.350000000000184386e+00 4.887089741161973677e+01
6.370000000000183960e+00 4.850126217915979510e+01
6.390000000000183533e+00 4.797346201157506584e+01
6.410000000000183107e+00 4.779380237513706930e+01
6.430000000000182681e+00 4.724662458302297097e+01
6.450000000000182254e+00 4.678454359462561740e+01
6.470000000000181828e+00 4.633051571240354605e+01
6.490000000000181402e+00 4.588224932610260254e+01
6.510000000000180975e+00 4.550327722264609065e+01
6.530000000000180549e+00 4.517730734010154237e+01
6.550000000000180123e+00 4.450956477745454265e+01
6.570000000000179696e+00 4.423840282203936169e+01
6.590000000000179270e+00 4.355418479699198286e+01
6.610000000000178844e+00 4.339859217725106078e+01
6.630000000000178417e+00 4.300828718122583183e+01
6.650000000000177991e+00 4.273733746199138039e+01
6.670000000000177565e+00 4.223042414930653621e+01
6.690000000000177138e+00 4.183970123214271553e+01
6.710000000000176712e+00 4.128686648198106468e+01
6.730000000000176286e+00 4.081742774403326735e+01
6.750000000000175859e+00 4.023093071732505166e+01
6.770000000000175433e+00 4.024849618986176836e+01
6.790000000000175007e+00 3.940977135885469096e+01
6.810000000000174580e+00 3.933279090198933403e+01
6.830000000000174154e+00 3.867290922406002807e+01
6.850000000000173728e+00 3.830350850528256501e+01
6.870000000000173301e+00 3.799538189865788951e+01
6.890000000000172875e+00 3.765949704041546653e+01
6.910000000000172449e+00 3.723608423356243691e+01
6.930000000000172022e+00 3.640327314371177891e+01
6.950000000000171596e+00 3.639127390742648771e+01
6.970000000000171170e+00 3.581426110302347610e+01
6.990000000000170743e+00 3.523255860085450308e+01
7.010000000000170317e+00 3.490830932385620855e+01
7.030000000000169891e+00 3.481210432519118569e+01
7.050000000000169464e+00 3.446186189454659399e+01
7.070000000000169038e+00 3.392244316349128042e+01
7.090000000000168612e+00 3.336700173224724608e+01
7.110000000000168185e+00 3.327278406587670645e+01
7.130000000000167759e+00 3.269134024960659701e+01
7.150000000000167333e+00 3.234529539974441548e+01
7.170000000000166906e+00 3.201357226810845447e+01
7.190000000000166480e+00 3.164744065362583925e+01
7.210000000000166054e+00 3.109292710208891108e+01
7.230000000000165628e+00 3.103517220783165342e+01
7.250000000000165201e+00 3.039019934528381128e+01
7.270000000000164775e+00 3.022148498693702123e+01
7.290000000000164349e+00 2.972921635756689085e+01
7.310000000000163922e+00 2.951183352038967556e+01
7.330000000000163496e+00 2.895186426642809607e+01
7.350000000000163070e+00 2.881879923111662833e+01
7.370000000000162643e+00 2.853132440179013329e+01
7.390000000000162217e+00 2.783866617253511322e+01
7.410000000000161791e+00 2.760419553073869636e+01
7.430000000000161364e+00 2.733563652770745023e+01
7.450000000000160938e+00 2.703546908276480565e+01
7.470000000000160512e+00 2.650669732441942017e+01
7.490000000000160085e+00 2.628616018232338902e+01
7.510000000000159659e+00 2.582383617741105297e+01
7.530000000000159233e+00 2.561999193347656245e+01
7.550000000000158806e+00 2.516086819131610142e+01
7.570000000000158380e+00 2.476349557708577009e+01
7.590000000000157954e+00 2.461369955187477743e+01
7.610000000000157527e+00 2.422605615809040458e+01
7.630000000000157101e+00 2.373644659150637892e+01
7.650000000000156675e+00 2.354289129157443838e+01
7.670000000000156248e+00 2.321165871938701741e+01
7.690000000000155822e+00 2.284849474172144923e+01
7.710000000000155396e+00 2.258475450071392387e+01
7.730000000000154969e+00 2.207308092866749760e+01
7.750000000000154543e+00 2.187418137656618811e+01
7.770000000000154117e+00 2.168312762708869812e+01
7.790000000000153690e+00 2.118237904270440808e+01
7.810000000000153264e+00 2.102432137376185395e+01
7.830000000000152838e+00 2.068648919926275198e+01
7.850000000000152411e+00 2.042840355274537245e+01
7.870000000000151985e+00 1.995748522642682943e+01
7.890000000000151559e+00 1.977197946753138780e+01
7.910000000000151132e+00 1.951838855874631307e+01
7.930000000000150706e+00 1.930123963220757943e+01
7.950000000000150280e+00 1.898611990145291628e+01
7.970000000000149853e+00 1.867229421813517476e+01
7.990000000000149427e+00 1.840977068819091045e+01
8.010000000000149001e+00 1.803481911038791452e+01
8.030000000000148574e+00 1.794569076740714308e+01
8.050000000000148148e+00 1.765507005132327123e+01
8.070000000000147722e+00 1.724889623604340372e+01
8.090000000000147296e+00 1.713984614514138727e+01
8.110000000000146869e+00 1.688681829513144095e+01
8.130000000000146443e+00 1.662283819016565189e+01
8.150000000000146017e+00 1.643000535422743269e+01
8.170000000000145590e+00 1.617201821254992566e+01
8.190000000000145164e+00 1.586613701791530850e+01
8.210000000000144738e+00 1.549257298633261115e+01
8.230000000000144311e+00 1.542727492383659893e+01
8.250000000000143885e+00 1.521229497973388156e+01
8.270000000000143459e+00 1.493771502807896567e+01
8.290000000000143032e+00 1.480076395495784958e+01
8.310000000000142606e+00 1.442855176091166314e+01
8.330000000000142180e+00 1.438844804354081930e+01
8.350000000000141753e+00 1.405337108734530993e+01
8.370000000000141327e+00 1.390123026419252739e+01
8.390000000000140901e+00 1.352689510058305089e+01
8.410000000000140474e+00 1.347601083643022868e+01
8.430000000000140048e+00 1.320629403243975908e+01
8.450000000000139622e+00 1.296628075575132755e+01
8.470000000000139195e+00 1.276686052504330959e+01
8.490000000000138769e+00 1.261126238857960757e+01
8.510000000000138343e+00 1.238950056013700340e+01
8.530000000000137916e+00 1.223037023084770070e+01
8.550000000000137490e+00 1.195685562199350116e+01
8.570000000000137064e+00 1.182614526361641616e+01
8.590000000000136637e+00 1.168546268449537884e+01
8.610000000000136211e+00 1.146860061121664032e+01
8.630000000000135785e+00 1.125028558456202177e+01
8.650000000000135358e+00 1.117140328291939966e+01
8.670000000000134932e+00 1.093384963163858004e+01
8.690000000000134506e+00 1.076947098253253365e+01
8.710000000000134079e+00 1.060472076688294685e+01
8.730000000000133653e+00 1.047470028349056470e+01
8.750000000000133227e+00 1.021737694135728169e+01
8.770000000000132800e+00 1.009079388736847172e+01
8.790000000000132374e+00 9.986853101034263602e+00
8.810000000000131948e+00 9.897406876033908674e+00
8.830000000000131521e+00 9.681222468772030965e+00
8.850000000000131095e+00 9.531258302232668456e+00
8.870000000000130669e+00 9.365548745548526455e+00
8.890000000000130242e+00 9.316422252035808427e+00
8.910000000000129816e+00 9.059986238558153104e+00
8.930000000000129390e+00 8.947569077406859250e+00
8.950000000000128964e+00 8.817116130621711179e+00
8.970000000000128537e+00 8.742656109933550468e+00
8.990000000000128111e+00 8.541586738909812127e+00
9.010000000000127685e+00 8.471853584683078253e+00
9.030000000000127258e+00 8.323654900865522066e+00
9.050000000000126832e+00 8.195942811813575091e+00
9.070000000000126406e+00 8.098557852573081917e+00
9.090000000000125979e+00 7.926111207196348651e+00
9.110000000000125553e+00 7.835852141288246031e+00
9.130000000000125127e+00 7.656267799815585029e+00
9.150000000000124700e+00 7.615533109093104436e+00
9.170000000000124274e+00 7.427979507395662040e+00
9.190000000000123848e+00 7.355723356369668231e+00
9.210000000000123421e+00 7.294463716084440996e+00
9.230000000000122995e+00 7.157274611317746782e+00
9.250000000000122569e+00 7.022683904929195364e+00
9.270000000000122142e+00 6.932738132520165131e+00
9.290000000000121716e+00 6.840476966083346433e+00
9.310000000000121290e+00 6.748364696297910470e+00
9.330000000000120863e+00 6.632456600036531924e+00
9.350000000000120437e+00 6.577915410255751993e+00
9.370000000000120011e+00 6.484786219222954173e+00
9.390000000000119584e+00 6.404384475108106933e+00
9.410000000000119158e+00 6.303478271662805277e+00
9.430000000000118732e+00 6.206679324904675887e+00
9.450000000000118305e+00 6.111605322401069351e+00
9.470000000000117879e+00 6.033256589121436697e+00
9.490000000000117453e+00 5.923962191013901979e+00
9.510000000000117026e+00 5.862410058672513635e+00
9.530000000000116600e+00 5.813030923026015095e+00
9.550000000000116174e+00 5.711861178199242772e+00
9.570000000000115747e+00 5.668086610736540187e+00
9.590000000000115321e+00 5.611570303424840311e+00
9.610000000000114895e+00 5.486786609586099317e+00
9.630000000000114468e+00 5.394862072855334922e+00
9.650000000000114042e+00 5.339838622469607721e+00
9.670000000000113616e+00 5.254600644463725878e+00
9.690000000000113189e+00 5.214206484234223282e+00
9.710000000000112763e+00 5.184289637384377869e+00
9.730000000000112337e+00 5.040406150686661313e+00
9.750000000000111910e+00 4.989942694288684422e+00
9.770000000000111484e+00 4.942815436451529543e+00
9.790000000000111058e+00 4.865562088842439792e+00
9.810000000000110632e+00 4.805996473928530577e+00
9.830000000000110205e+00 4.782230511852392674e+00
9.850000000000109779e+00 4.714818791005190413e+00
9.870000000000109353e+00 4.659761752595264817e+00
9.890000000000108926e+00 4.563345392063723693e+00
9.910000000000108500e+00 4.565294602757703046e+00
9.930000000000108074e+00 4.493988138582451164e+00
9.950000000000107647e+00 4.435613960291743929e+00
9.970000000000107221e+00 4.411134381679307381e+00
9.990000000000106795e+00 4.347759431767250327e+00
1.001000000000010637e+01 4.274170119693103231e+00
1.003000000000010594e+01 4.227097634814919402e+00
1.005000000000010552e+01 4.172207394361268307e+00
1.007000000000010509e+01 4.160202401655006099e+00
1.009000000000010466e+01 4.129087993499248377e+00
1.011000000000010424e+01 4.038437476807782645e+00
1.013000000000010381e+01 4.014944980739560521e+00
1.015000000000010338e+01 3.977370718654643866e+00
1.017000000000010296e+01 3.912512853051539174e+00
1.019000000000010253e+01 3.896120695911571730e+00
1.021000000000010210e+01 3.811907841719683887e+00
1.023000000000010168e+01 3.875184241606653757e+00
1.025000000000010125e+01 3.733764735087886422e+00
1.027000000000010083e+01 3.691204240175553153e+00
1.029000000000010040e+01 3.700405515877994933e+00
1.031000000000009997e+01 3.652374946966785885e+00
1.033000000000009955e+01 3.596600181894492820e+00
1.035000000000009912e+01 3.603747656710786007e+00
1.037000000000009869e+01 3.525504003482479387e+00
1.039000000000009827e+01 3.459886940727312066e+00
1.041000000000009784e+01 3.471346845823709781e+00
1.043000000000009742e+01 3.474127378232435337e+00
1.045000000000009699e+01 3.402602664081798789e+00
1.047000000000009656e+01 3.388685642414687837e+00
1.049000000000009614e+01 3.344332013365094447e+00
1.051000000000009571e+01 3.296694805377540671e+00
1.053000000000009528e+01 3.290712087330729396e+00
1.055000000000009486e+01 3.227856786253199495e+00
1.057000000000009443e+01 3.219700363051911651e+00
1.059000000000009400e+01 3.202392787296072463e+00
1.061000000000009358e+01 3.153245097802189090e+00
1.063000000000009315e+01 3.160335908890050671e+00
1.065000000000009273e+01 3.134285639993915851e+00
1.067000000000009230e+01 3.083306999331551612e+00
1.069000000000009187e+01 3.027701096030888106e+00
1.071000000000009145e+01 3.033540319007261399e+00
1.073000000000009102e+01 2.977925668696713490e+00
1.075000000000009059e+01 2.972865064408391600e+00
1.077000000000009017e+01 2.923140070636979004e+00
1.079000000000008974e+01 2.938077132984011186e+00
1.081000000000008932e+01 2.910321820568154472e+00
1.083000000000008889e+01 2.871526255157033081e+00
1.085000000000008846e+01 2.807865494522196581e+00
1.087000000000008804e+01 2.805679350296905739e+00
1.089000000000008761e+01 2.807427444084364510e+00
1.091000000000008718e+01 2.775114506262434499e+00
1.093000000000008676e+01 2.758200783597076988e+00
1.095000000000008633e+01 2.739430951657476410e+00
1.097000000000008590e+01 2.719611631528751960e+00
1.099000000000008548e+01 2.670539349589464262e+00
1.101000000000008505e+01 2.673443204039878118e+00
1.103000000000008463e+01 2.647399523143024069e+00
1.105000000000008420e+01 2.607618510648485266e+00
1.107000000000008377e+01 2.609786679435732282e+00
1.109000000000008335e+01 2.600982748898296393e+00
1.111000000000008292e+01 2.524515591513935675e+00
1.113000000000008249e+01 2.518730058165915775e+00
1.115000000000008207e+01 2.530962016075055665e+00
1.117000000000008164e+01 2.532224536333927301e+00
1.119000000000008122e+01 2.485493002579776789e+00
1.121000000000008079e+01 2.504587095911641637e+00
1.123000000000008036e+01 2.436254110442997334e+00
1.125000000000007994e+01 2.449391090822464978e+00
1.127000000000007951e+01 2.422410464766441507e+00
1.129000000000007908e+01 2.429300281374999759e+00
1.131000000000007866e+01 2.390566219803327730e+00
1.133000000000007823e+01 2.395607275708659056e+00
1.135000000000007780e+01 2.361387615758079761e+00
1.137000000000007738e+01 2.327582649492115241e+00
1.139000000000007695e+01 2.353009632868928502e+00
1.141000000000007653e+01 2.318686306071857217e+00
1.143000000000007610e+01 2.282055195752413557e+00
1.145000000000007567e+01 2.279000845408292175e+00
1.147000000000007525e+01 2.242143312145136846e+00
1.149000000000007482e+01 2.250034721912824498e+00
1.151000000000007439e+01 2.231083651757222786e+00
1.153000000000007397e+01 2.243210731966930549e+00
1.155000000000007354e+01 2.212411319394696818e+00
1.157000000000007311e+01 2.165904896025087290e+00
1.159000000000007269e+01 2.143781858936673057e+00
1.161000000000007226e+01 2.159666543605085476e+00
1.163000000000007184e+01 2.173172561666946390e+00
1.165000000000007141e+01 2.113442236150275377e+00
1.167000000000007098e+01 2.096708217854664102e+00
1.169000000000007056e+01 2.099421110972997440e+00
1.171000000000007013e+01 2.088918299600516892e+00
1.173000000000006970e+01 2.091059346911596339e+00
1.175000000000006928e+01 2.039186339037347917e+00
1.177000000000006885e+01 2.025479130858458543e+00
1.179000000000006843e+01 2.061509096593622914e+00
1.181000000000006800e+01 1.947061696318813651e+00
1.183000000000006757e+01 2.009268845869891962e+00
1.185000000000006715e+01 1.999847507762115839e+00
1.187000000000006672e+01 1.961412716180230387e+00
1.189000000000006629e+01 1.936966375890564418e+00
1.191000000000006587e+01 1.928394303781224561e+00
1.193000000000006544e+01 1.926852069137130030e+00
1.195000000000006501e+01 1.926524896358965178e+00
1.197000000000006459e+01 1.877433383826657032e+00
1.199000000000006416e+01 1.899379107395561483e+00
1.201000000000006374e+01 1.881497902400961042e+00
1.203000000000006331e+01 1.838696179940177755e+00
1.205000000000006288e+01 1.849434297657179149e+00
1.207000000000006246e+01 1.832585042380057816e+00
1.209000000000006203e+01 1.837284617806208109e+00
1.211000000000006160e+01 1.811515942243136390e+00
1.213000000000006118e+01 1.799151689174692814e+00
1.215000000000006075e+01 1.757751273027513772e+00
1.217000000000006033e+01 1.800166383529339775e+00
1.219000000000005990e+01 1.786018268356071914e+00
1.221000000000005947e+01 1.731669924210000877e+00
1.223000000000005905e+01 1.740294922890532670e+00
1.225000000000005862e+01 1.754499665313694834e+00
1.227000000000005819e+01 1.682103390022819056e+00
1.229000000000005777e+01 1.694787541114641805e+00
1.231000000000005734e+01 1.711614362524050748e+00
1.233000000000005691e+01 1.699726062527626924e+00
1.235000000000005649e+01 1.641541107652797704e+00
1.237000000000005606e+01 1.657444673667814339e+00
1.239000000000005564e+01 1.622117195950626867e+00
1.241000000000005521e+01 1.637787537348135425e+00
1.243000000000005478e+01 1.632026864582675652e+00
1.245000000000005436e+01 1.642381320457887428e+00
1.247000000000005393e+01 1.603272603288825371e+00
1.249000000000005350e+01 1.583911345686560557e+00
1.251000000000005308e+01 1.552605476481517366e+00
1.253000000000005265e+01 1.586900750981454333e+00
1.255000000000005222e+01 1.530821596749337044e+00
1.257000000000005180e+01 1.564016556445734230e+00
1.259000000000005137e+01 1.534117053957953614e+00
1.261000000000005095e+01 1.517010672732317156e+00
1.263000000000005052e+01 1.539986642638987213e+00
1.265000000000005009e+01 1.500057395751232869e+00
1.267000000000004967e+01 1.488322799488811743e+00
1.269000000000004924e+01 1.496275441355650937e+00
1.271000000000004881e+01 1.461747290155713142e+00
1.273000000000004839e+01 1.456982225866513048e+00
1.275000000000004796e+01 1.488161543167503043e+00
1.277000000000004754e+01 1.443885710611070516e+00
1.279000000000004711e+01 1.436547950497898851e+00
1.281000000000004668e+01 1.444842232703249518e+00
1.283000000000004626e+01 1.409081499971698737e+00
1.285000000000004583e+01 1.395697797384338967e+00
1.287000000000004540e+01 1.401938161175880326e+00
1.289000000000004498e+01 1.401997996150955883e+00
1.291000000000004455e+01 1.375754016294234106e+00
1.293000000000004412e+01 1.390499817753264811e+00
1.295000000000004370e+01 1.367213993047333487e+00
1.297000000000004327e+01 1.375081400453825209e+00
1.299000000000004285e+01 1.342492179197936952e+00
1.301000000000004242e+01 1.334011705843322737e+00
1.303000000000004199e+01 1.338300855492948305e+00
1.305000000000004157e+01 1.335153040724765594e+00
1.307000000000004114e+01 1.298701313621923870e+00
1.309000000000004071e+01 1.294913889922613359e+00
1.311000000000004029e+01 1.301897562549394705e+00
1.313000000000003986e+01 1.290476721290898299e+00
1.315000000000003944e+01 1.281413558191315971e+00
1.317000000000003901e+01 1.256613038549802885e+00
1.319000000000003858e+01 1.287494292604806301e+00
1.321000000000003816e+01 1.246018224575097477e+00
1.323000000000003773e+01 1.232724490476919676e+00
1.325000000000003730e+01 1.209166164921212427e+00
1.327000000000003688e+01 1.205587629698428920e+00
1.329000000000003645e+01 1.177455056550933188e+00
1.331000000000003602e+01 1.175730773375601501e+00
1.333000000000003560e+01 1.176355124002054220e+00
1.335000000000003517e+01 1.181382648198099572e+00
1.337000000000003475e+01 1.139103484447462344e+00
1.339000000000003432e+01 1.099299397815195922e+00
1.341000000000003389e+01 1.135083718319919166e+00
1.343000000000003347e+01 1.109777868389092426e+00
1.345000000000003304e+01 1.105392277973733739e+00
1.347000000000003261e+01 1.094356547912749278e+00
1.349000000000003219e+01 1.103719799868737805e+00
1.351000000000003176e+01 1.069778284049024419e+00
1.353000000000003133e+01 1.059734106618273275e+00
1.355000000000003091e+01 1.024436143112845699e+00
1.357000000000003048e+01 1.014004988239320060e+00
1.359000000000003006e+01 1.033168061554941675e+00
1.361000000000002963e+01 1.006827630920859695e+00
1.363000000000002920e+01 9.982396363672205730e-01
1.365000000000002878e+01 9.541404209179131790e-01
1.367000000000002835e+01 9.413267159770599690e-01
1.369000000000002792e+01 9.436347781892137077e-01
1.371000000000002750e+01 9.346458736449666516e-01
1.373000000000002707e+01 9.488799625964320361e-01
1.375000000000002665e+01 9.188052579564806033e-01
1.377000000000002622e+01 9.285483952092897786e-01
1.379000000000002579e+01 8.864590004792362032e-01
1.381000000000002537e+01 8.896934244827642280e-01
1.383000000000002494e+01 8.829137583113516596e-01
1.385000000000002451e+01 8.617753621083302784e-01
1.387000000000002409e+01 8.763013869292685110e-01
1.389000000000002366e+01 8.483718506267405868e-01
1.391000000000002323e+01 8.301544543105999763e-01
1.393000000000002281e+01 8.191299836031659121e-01
1.395000000000002238e+01 7.860722784827184340e-01
1.397000000000002196e+01 7.775987364732221963e-01
1.399000000000002153e+01 7.598994783415480292e-01
1.401000000000002110e+01 7.322636215158275785e-01
1.403000000000002068e+01 7.664757400903073892e-01
1.405000000000002025e+01 7.418281795695458314e-01
1.407000000000001982e+01 7.046269686798616316e-01
1.409000000000001940e+01 7.040061085316602352e-01
1.411000000000001897e+01 6.744266635800019172e-01
1.413000000000001855e+01 6.881183981913077119e-01
1.415000000000001812e+01 6.566267921200668045e-01
1.417000000000001769e+01 6.381383932765538614e-01
1.419000000000001727e+01 6.201582255263228260e-01
1.421000000000001684e+01 6.283826456086287759e-01
1.423000000000001641e+01 6.009098428728686381e-01
1.425000000000001599e+01 5.864143439262301527e-01
1.427000000000001556e+01 5.651111243450848143e-01
1.429000000000001513e+01 5.575743601531388816e-01
1.431000000000001471e+01 5.215748540784574949e-01
1.433000000000001428e+01 5.174179223000462402e-01
1.435000000000001386e+01 4.958413358626602152e-01
1.437000000000001343e+01 4.544953966092516451e-01
1.439000000000001300e+01 4.470425028751581209e-01
1.441000000000001258e+01 4.212617845215260171e-01
1.443000000000001215e+01 3.768584655237761649e-01
1.445000000000001172e+01 3.455406228614554820e-01
1.447000000000001130e+01 2.932179317434169263e-01
1.449000000000001087e+01 2.466467304099410895e-01
1.451000000000001044e+01 1.813181546857446091e-01
1.453000000000001002e+01 1.453782982727943596e-01
1.455000000000000959e+01 9.342769604543581241e-02
1.457000000000000917e+01 7.958497135587036531e-02
1.459000000000000874e+01 4.661259723789401566e-02
1.461000000000000831e+01 3.014015867985276459e-02
1.463000000000000789e+01 1.387062243771305589e-02
1.465000000000000746e+01 5.574625017832134793e-03
1.467000000000000703e+01 2.737786346555430052e-03
1.469000000000000661e+01 2.726312712089471423e-03
1.471000000000000618e+01 3.998531361114063169e-08
1.473000000000000576e+01 2.642228022353521192e-17
1.475000000000000533e+01 0.000000000000000000e+00
1.477000000000000490e+01 0.000000000000000000e+00
1.479000000000000448e+01 0.000000000000000000e+00
1.481000000000000405e+01 0.000000000000000000e+00
1.483000000000000362e+01 0.000000000000000000e+00
1.485000000000000320e+01 0.000000000000000000e+00
1.487000000000000277e+01 0.000000000000000000e+00
1.489000000000000234e+01 0.000000000000000000e+00
1.491000000000000192e+01 0.000000000000000000e+00
1.493000000000000149e+01 0.000000000000000000e+00
1.495000000000000107e+01 0.000000000000000000e+00
1.497000000000000064e+01 0.000000000000000000e+00
1.499000000000000021e+01 0.000000000000000000e+00
