# Redshift		Merger Rate Density [Gpc^-3yr^-1]
1.000000000031931770e-02 1.677666833344867214e+01
3.000000000031888964e-02 1.728515812360079451e+01
5.000000000031846331e-02 1.759273453341679883e+01
7.000000000031804392e-02 1.822958106745581119e+01
9.000000000031761760e-02 1.840555201644961159e+01
1.100000000003171913e-01 1.911301181162519924e+01
1.300000000003167511e-01 1.937219626022616481e+01
1.500000000003163247e-01 1.938235827074563744e+01
1.700000000003158984e-01 2.002434012968861765e+01
1.900000000003154721e-01 2.030946737046721040e+01
2.100000000003150458e-01 2.085070998851475110e+01
2.300000000003146194e-01 2.086664583329398681e+01
2.500000000003141931e-01 2.140739096613254588e+01
2.700000000003137668e-01 2.191279546721379390e+01
2.900000000003133405e-01 2.209710623510616045e+01
3.100000000003129141e-01 2.274607926113410628e+01
3.300000000003124878e-01 2.278943062424892929e+01
3.500000000003120615e-01 2.356228886683154755e+01
3.700000000003116352e-01 2.372861034466908947e+01
3.900000000003112088e-01 2.417796366066665215e+01
4.100000000003107825e-01 2.497288935559818412e+01
4.300000000003103562e-01 2.566957262417219354e+01
4.500000000003099299e-01 2.578908942488858713e+01
4.700000000003095035e-01 2.638663596067325656e+01
4.900000000003090772e-01 2.678113272923824439e+01
5.100000000003086509e-01 2.759716614094539011e+01
5.300000000003082246e-01 2.806602241735984649e+01
5.500000000003077982e-01 2.893877800151566859e+01
5.700000000003073719e-01 2.893083676507871260e+01
5.900000000003069456e-01 3.027359198323875233e+01
6.100000000003065193e-01 3.061220008662220948e+01
6.300000000003060929e-01 3.126403325877393513e+01
6.500000000003056666e-01 3.199189052386975973e+01
6.700000000003052403e-01 3.288087676115390678e+01
6.900000000003048140e-01 3.341191028693528153e+01
7.100000000003043876e-01 3.353642767519954759e+01
7.300000000003039613e-01 3.495214745144130575e+01
7.500000000003035350e-01 3.520497472055677690e+01
7.700000000003031086e-01 3.573626980005104770e+01
7.900000000003026823e-01 3.645829321918310484e+01
8.100000000003022560e-01 3.658988008421302851e+01
8.300000000003018297e-01 3.758622697121079170e+01
8.500000000003014033e-01 3.814667729982626554e+01
8.700000000003009770e-01 3.792247140831397445e+01
8.900000000003005507e-01 3.945445469134894267e+01
9.100000000003001244e-01 3.971247440451765698e+01
9.300000000002996980e-01 4.071992022121064281e+01
9.500000000002992717e-01 4.048892461372981444e+01
9.700000000002988454e-01 4.191711704135020966e+01
9.900000000002984191e-01 4.188857824273399899e+01
1.010000000000297993e+00 4.352049273635458349e+01
1.030000000000297566e+00 4.333332279289810174e+01
1.050000000000297140e+00 4.491567791760358119e+01
1.070000000000296714e+00 4.531359773161489102e+01
1.090000000000296287e+00 4.578390960227981310e+01
1.110000000000295861e+00 4.636112173061918185e+01
1.130000000000295435e+00 4.739334867467795220e+01
1.150000000000295008e+00 4.841481237352026312e+01
1.170000000000294582e+00 4.809170353673459886e+01
1.190000000000294156e+00 4.962775842316274577e+01
1.210000000000293729e+00 5.069399781752395029e+01
1.230000000000293303e+00 5.114526241063377654e+01
1.250000000000292877e+00 5.211190752846959384e+01
1.270000000000292451e+00 5.276366863551218245e+01
1.290000000000292024e+00 5.362547866321438761e+01
1.310000000000291598e+00 5.455218917709539284e+01
1.330000000000291172e+00 5.518432435437581063e+01
1.350000000000290745e+00 5.589308000764105344e+01
1.370000000000290319e+00 5.726716958233284771e+01
1.390000000000289893e+00 5.767785153765530026e+01
1.410000000000289466e+00 5.864222575492529188e+01
1.430000000000289040e+00 5.968025775891345575e+01
1.450000000000288614e+00 5.891239556243630204e+01
1.470000000000288187e+00 6.008134247281500961e+01
1.490000000000287761e+00 6.135328198429773749e+01
1.510000000000287335e+00 6.238958225031283433e+01
1.530000000000286908e+00 6.273252964788279229e+01
1.550000000000286482e+00 6.356765729020573019e+01
1.570000000000286056e+00 6.423232577385446973e+01
1.590000000000285629e+00 6.514357215169627580e+01
1.610000000000285203e+00 6.604923856495263124e+01
1.630000000000284777e+00 6.618332059669283751e+01
1.650000000000284350e+00 6.650192010747043980e+01
1.670000000000283924e+00 6.835917054788281177e+01
1.690000000000283498e+00 6.802522090975587332e+01
1.710000000000283071e+00 6.878711914752931023e+01
1.730000000000282645e+00 6.973838340585425044e+01
1.750000000000282219e+00 6.994716512487042337e+01
1.770000000000281792e+00 7.078373484799809034e+01
1.790000000000281366e+00 7.198103160136825807e+01
1.810000000000280940e+00 7.283194801865356283e+01
1.830000000000280513e+00 7.237490547380238581e+01
1.850000000000280087e+00 7.285268607426976928e+01
1.870000000000279661e+00 7.428053513609022218e+01
1.890000000000279234e+00 7.429615672155995298e+01
1.910000000000278808e+00 7.341327018240721713e+01
1.930000000000278382e+00 7.541077412406890801e+01
1.950000000000277955e+00 7.581202445862018635e+01
1.970000000000277529e+00 7.618236176777119795e+01
1.990000000000277103e+00 7.630231574649855020e+01
2.010000000000276899e+00 7.708189340420071289e+01
2.030000000000276472e+00 7.668509975550877300e+01
2.050000000000276046e+00 7.692611411237626839e+01
2.070000000000275620e+00 7.786376953953113400e+01
2.090000000000275193e+00 7.706146569381068900e+01
2.110000000000274767e+00 7.800142769376570584e+01
2.130000000000274341e+00 7.870388249614316578e+01
2.150000000000273914e+00 7.766345975947928082e+01
2.170000000000273488e+00 7.848814060916593860e+01
2.190000000000273062e+00 7.869171399330478778e+01
2.210000000000272635e+00 7.911784570237284697e+01
2.230000000000272209e+00 8.005973083479781849e+01
2.250000000000271783e+00 7.862769399996886932e+01
2.270000000000271356e+00 7.888959463245056725e+01
2.290000000000270930e+00 7.818036359811247848e+01
2.310000000000270504e+00 7.897240632336291810e+01
2.330000000000270077e+00 7.817282944545794976e+01
2.350000000000269651e+00 7.854675150436089837e+01
2.370000000000269225e+00 7.874167295312399517e+01
2.390000000000268798e+00 7.801458582559169486e+01
2.410000000000268372e+00 7.837464497688320364e+01
2.430000000000267946e+00 7.812978082016165615e+01
2.450000000000267519e+00 7.727634853315936425e+01
2.470000000000267093e+00 7.784260620244802453e+01
2.490000000000266667e+00 7.676600078538049843e+01
2.510000000000266240e+00 7.624425166767589701e+01
2.530000000000265814e+00 7.665027022099893372e+01
2.550000000000265388e+00 7.570247767809490824e+01
2.570000000000264961e+00 7.672409477683258672e+01
2.590000000000264535e+00 7.587158191784007499e+01
2.610000000000264109e+00 7.523361190524664721e+01
2.630000000000263682e+00 7.482798366895384845e+01
2.650000000000263256e+00 7.590335869959818638e+01
2.670000000000262830e+00 7.415959954693337863e+01
2.690000000000262403e+00 7.408863778240990428e+01
2.710000000000261977e+00 7.392397559301024046e+01
2.730000000000261551e+00 7.298240929725857029e+01
2.750000000000261124e+00 7.276873335861807846e+01
2.770000000000260698e+00 7.298808207597620878e+01
2.790000000000260272e+00 7.160455933861189237e+01
2.810000000000259845e+00 7.167688693718167769e+01
2.830000000000259419e+00 7.114672623431630427e+01
2.850000000000258993e+00 7.110696011471351596e+01
2.870000000000258567e+00 7.013711362817399220e+01
2.890000000000258140e+00 6.975899018052976430e+01
2.910000000000257714e+00 6.995251923348619982e+01
2.930000000000257288e+00 6.843616761864444697e+01
2.950000000000256861e+00 6.892631033433700338e+01
2.970000000000256435e+00 6.806980894193006293e+01
2.990000000000256009e+00 6.764101740253182982e+01
3.010000000000255582e+00 6.715168200935988807e+01
3.030000000000255156e+00 6.671444884242869477e+01
3.050000000000254730e+00 6.603131024152204986e+01
3.070000000000254303e+00 6.567019495672930418e+01
3.090000000000253877e+00 6.457145747157484550e+01
3.110000000000253451e+00 6.461771360616765492e+01
3.130000000000253024e+00 6.409267233572695943e+01
3.150000000000252598e+00 6.370716144060337172e+01
3.170000000000252172e+00 6.376413410306400209e+01
3.190000000000251745e+00 6.220270083365211633e+01
3.210000000000251319e+00 6.199463955968111861e+01
3.230000000000250893e+00 6.170477929210404966e+01
3.250000000000250466e+00 6.075733463094073272e+01
3.270000000000250040e+00 6.031689127896182612e+01
3.290000000000249614e+00 5.979046831753061753e+01
3.310000000000249187e+00 5.991027317516352468e+01
3.330000000000248761e+00 5.927864986700098626e+01
3.350000000000248335e+00 5.907283689839739083e+01
3.370000000000247908e+00 5.769834144353220040e+01
3.390000000000247482e+00 5.825950089519120922e+01
3.410000000000247056e+00 5.690634822056528463e+01
3.430000000000246629e+00 5.698363482843533490e+01
3.450000000000246203e+00 5.597816785530533679e+01
3.470000000000245777e+00 5.579348559304300892e+01
3.490000000000245350e+00 5.490761862643926605e+01
3.510000000000244924e+00 5.464760358464425138e+01
3.530000000000244498e+00 5.433938376922052527e+01
3.550000000000244071e+00 5.389388232410276913e+01
3.570000000000243645e+00 5.275785246694396591e+01
3.590000000000243219e+00 5.280349120182366818e+01
3.610000000000242792e+00 5.250633389279176555e+01
3.630000000000242366e+00 5.165962196088747049e+01
3.650000000000241940e+00 5.212766210936266020e+01
3.670000000000241513e+00 5.058883646178055216e+01
3.690000000000241087e+00 5.002740434724115204e+01
3.710000000000240661e+00 4.979590159882720712e+01
3.730000000000240234e+00 4.946551645927245033e+01
3.750000000000239808e+00 4.842654645560980242e+01
3.770000000000239382e+00 4.860006202105851258e+01
3.790000000000238956e+00 4.788932653663904659e+01
3.810000000000238529e+00 4.735680377502887950e+01
3.830000000000238103e+00 4.669301165164203127e+01
3.850000000000237677e+00 4.655264747116444113e+01
3.870000000000237250e+00 4.590005176176499191e+01
3.890000000000236824e+00 4.548190735533619034e+01
3.910000000000236398e+00 4.559553702437423084e+01
3.930000000000235971e+00 4.418623441727187640e+01
3.950000000000235545e+00 4.453276379206934621e+01
3.970000000000235119e+00 4.405417330752288052e+01
3.990000000000234692e+00 4.378430420074194274e+01
4.010000000000234266e+00 4.306819800381406793e+01
4.030000000000233840e+00 4.304841719637796871e+01
4.050000000000233413e+00 4.266224805717222068e+01
4.070000000000232987e+00 4.164337243281229206e+01
4.090000000000232561e+00 4.156336622932895608e+01
4.110000000000232134e+00 4.118621305822010470e+01
4.130000000000231708e+00 4.012324289000615352e+01
4.150000000000231282e+00 4.032349439926061763e+01
4.170000000000230855e+00 4.006714160928368074e+01
4.190000000000230429e+00 3.951113432722318919e+01
4.210000000000230003e+00 3.901630487826456317e+01
4.230000000000229576e+00 3.857449804326108023e+01
4.250000000000229150e+00 3.824092130198033601e+01
4.270000000000228724e+00 3.810784886314697673e+01
4.290000000000228297e+00 3.737495148125992017e+01
4.310000000000227871e+00 3.766887278830954955e+01
4.330000000000227445e+00 3.709623032111390017e+01
4.350000000000227018e+00 3.703467144673926725e+01
4.370000000000226592e+00 3.631493812310056057e+01
4.390000000000226166e+00 3.624527524676186374e+01
4.410000000000225739e+00 3.597232170237062121e+01
4.430000000000225313e+00 3.509551907142751048e+01
4.450000000000224887e+00 3.524030636014761342e+01
4.470000000000224460e+00 3.486787423378365958e+01
4.490000000000224034e+00 3.467074881998635050e+01
4.510000000000223608e+00 3.456648844279677490e+01
4.530000000000223181e+00 3.382617968256268171e+01
4.550000000000222755e+00 3.386145529063062298e+01
4.570000000000222329e+00 3.348820440587942926e+01
4.590000000000221902e+00 3.340333767677214638e+01
4.610000000000221476e+00 3.309158256742465909e+01
4.630000000000221050e+00 3.274611314771802739e+01
4.650000000000220624e+00 3.255076945807270761e+01
4.670000000000220197e+00 3.248875019175385148e+01
4.690000000000219771e+00 3.275239575850650198e+01
4.710000000000219345e+00 3.241170850666847514e+01
4.730000000000218918e+00 3.169882737425261254e+01
4.750000000000218492e+00 3.142828678441610180e+01
4.770000000000218066e+00 3.155024281977774336e+01
4.790000000000217639e+00 3.122447288989642189e+01
4.810000000000217213e+00 3.093521512075063740e+01
4.830000000000216787e+00 3.079701221138684275e+01
4.850000000000216360e+00 3.085915018592565673e+01
4.870000000000215934e+00 3.035994033995336849e+01
4.890000000000215508e+00 3.084800206256775112e+01
4.910000000000215081e+00 3.033330450686945312e+01
4.930000000000214655e+00 3.022465057855936976e+01
4.950000000000214229e+00 2.991772298929695495e+01
4.970000000000213802e+00 2.998205768323871823e+01
4.990000000000213376e+00 2.987417684063744971e+01
5.010000000000212950e+00 2.991650761574542017e+01
5.030000000000212523e+00 2.957567684720021361e+01
5.050000000000212097e+00 2.925994914894223342e+01
5.070000000000211671e+00 2.906235674627088628e+01
5.090000000000211244e+00 2.933436233470338195e+01
5.110000000000210818e+00 2.922143822586063067e+01
5.130000000000210392e+00 2.915055293593822583e+01
5.150000000000209965e+00 2.879900652460528931e+01
5.170000000000209539e+00 2.900634853270019775e+01
5.190000000000209113e+00 2.901010199222981356e+01
5.210000000000208686e+00 2.881988786102808930e+01
5.230000000000208260e+00 2.851486692525643818e+01
5.250000000000207834e+00 2.889451320815092217e+01
5.270000000000207407e+00 2.844614747421169199e+01
5.290000000000206981e+00 2.856971453326892174e+01
5.310000000000206555e+00 2.846480381555668870e+01
5.330000000000206128e+00 2.846681485387539468e+01
5.350000000000205702e+00 2.841035276565348155e+01
5.370000000000205276e+00 2.830547329513186483e+01
5.390000000000204849e+00 2.849358782569402138e+01
5.410000000000204423e+00 2.822480122159887017e+01
5.430000000000203997e+00 2.807318523595974114e+01
5.450000000000203570e+00 2.813614606044121658e+01
5.470000000000203144e+00 2.819944897182681487e+01
5.490000000000202718e+00 2.852178369908359912e+01
5.510000000000202292e+00 2.856961073205134483e+01
5.530000000000201865e+00 2.832955589726551793e+01
5.550000000000201439e+00 2.826741865234089701e+01
5.570000000000201013e+00 2.814629528350324961e+01
5.590000000000200586e+00 2.824976465897373501e+01
5.610000000000200160e+00 2.844030617209752876e+01
5.630000000000199734e+00 2.865362043731058250e+01
5.650000000000199307e+00 2.812342543636948022e+01
5.670000000000198881e+00 2.840132551774958358e+01
5.690000000000198455e+00 2.836999231964908574e+01
5.710000000000198028e+00 2.836520533958765000e+01
5.730000000000197602e+00 2.863790594087298658e+01
5.750000000000197176e+00 2.857567168557802972e+01
5.770000000000196749e+00 2.858129825094472665e+01
5.790000000000196323e+00 2.877686621510304832e+01
5.810000000000195897e+00 2.857302111267257771e+01
5.830000000000195470e+00 2.870399110549251631e+01
5.850000000000195044e+00 2.872199526223692345e+01
5.870000000000194618e+00 2.887837445479852860e+01
5.890000000000194191e+00 2.890077022203574941e+01
5.910000000000193765e+00 2.892774849244649360e+01
5.930000000000193339e+00 2.903936941978135877e+01
5.950000000000192912e+00 2.877306046164236264e+01
5.970000000000192486e+00 2.922925833775546423e+01
5.990000000000192060e+00 2.907469418291492858e+01
6.010000000000191633e+00 2.911490574574703416e+01
6.030000000000191207e+00 2.921636529545957472e+01
6.050000000000190781e+00 2.966713870187265911e+01
6.070000000000190354e+00 2.937273878509355995e+01
6.090000000000189928e+00 2.930292770237768707e+01
6.110000000000189502e+00 2.947435388802652767e+01
6.130000000000189075e+00 2.966488366530640519e+01
6.150000000000188649e+00 2.964484644251128742e+01
6.170000000000188223e+00 2.956747511379524695e+01
6.190000000000187796e+00 2.981870737007206884e+01
6.210000000000187370e+00 2.977384788582800113e+01
6.230000000000186944e+00 2.980716969413376560e+01
6.250000000000186517e+00 2.974770480117722471e+01
6.270000000000186091e+00 2.983332619056812973e+01
6.290000000000185665e+00 2.996769595622303584e+01
6.310000000000185238e+00 2.967418352506604506e+01
6.330000000000184812e+00 3.000305081741267088e+01
6.350000000000184386e+00 3.047428833150003413e+01
6.370000000000183960e+00 2.978752294523564714e+01
6.390000000000183533e+00 3.022013779835339164e+01
6.410000000000183107e+00 2.998784909224685435e+01
6.430000000000182681e+00 3.022560798098346524e+01
6.450000000000182254e+00 3.010267736540030725e+01
6.470000000000181828e+00 3.054282619332576232e+01
6.490000000000181402e+00 3.017092467003278244e+01
6.510000000000180975e+00 3.065150361300854343e+01
6.530000000000180549e+00 3.047097543658696850e+01
6.550000000000180123e+00 3.034376579173332900e+01
6.570000000000179696e+00 3.045329841230365275e+01
6.590000000000179270e+00 3.029156072477185546e+01
6.610000000000178844e+00 3.088153120942900642e+01
6.630000000000178417e+00 3.039446981524568159e+01
6.650000000000177991e+00 3.091441472554138414e+01
6.670000000000177565e+00 3.046656042199079195e+01
6.690000000000177138e+00 3.062058927127246477e+01
6.710000000000176712e+00 3.057273125283603576e+01
6.730000000000176286e+00 3.074435393667646466e+01
6.750000000000175859e+00 3.035117212362995787e+01
6.770000000000175433e+00 3.062968746671281650e+01
6.790000000000175007e+00 3.058497242534659222e+01
6.810000000000174580e+00 3.060569113829752297e+01
6.830000000000174154e+00 3.054143883953492988e+01
6.850000000000173728e+00 3.063146970898380061e+01
6.870000000000173301e+00 3.041498307335510631e+01
6.890000000000172875e+00 3.069549974185698105e+01
6.910000000000172449e+00 3.032776994785472979e+01
6.930000000000172022e+00 3.063030702764173441e+01
6.950000000000171596e+00 3.043657590244797007e+01
6.970000000000171170e+00 3.019894775142426724e+01
6.990000000000170743e+00 3.060498450483405364e+01
7.010000000000170317e+00 3.033321448738101722e+01
7.030000000000169891e+00 3.056373950473829737e+01
7.050000000000169464e+00 3.035339887863824160e+01
7.070000000000169038e+00 3.060559988241657337e+01
7.090000000000168612e+00 3.016042525290992415e+01
7.110000000000168185e+00 3.061943542343479407e+01
7.130000000000167759e+00 3.025700022200695471e+01
7.150000000000167333e+00 3.014070447636504468e+01
7.170000000000166906e+00 3.009488398973041612e+01
7.190000000000166480e+00 3.013745875779930472e+01
7.210000000000166054e+00 2.979340605712094003e+01
7.230000000000165628e+00 3.010157417179389583e+01
7.250000000000165201e+00 2.988361939973642123e+01
7.270000000000164775e+00 3.001865104947905749e+01
7.290000000000164349e+00 2.980535332928733183e+01
7.310000000000163922e+00 2.958185388409329164e+01
7.330000000000163496e+00 2.954675085293235171e+01
7.350000000000163070e+00 2.969031741069342800e+01
7.370000000000162643e+00 2.956529707062600565e+01
7.390000000000162217e+00 2.942993965727690053e+01
7.410000000000161791e+00 2.968337198112654107e+01
7.430000000000161364e+00 2.926779030713712260e+01
7.450000000000160938e+00 2.925972789421392761e+01
7.470000000000160512e+00 2.915733379312955975e+01
7.490000000000160085e+00 2.924017500618879595e+01
7.510000000000159659e+00 2.880696421242155481e+01
7.530000000000159233e+00 2.909001292915111136e+01
7.550000000000158806e+00 2.893925486271271552e+01
7.570000000000158380e+00 2.901001115559595078e+01
7.590000000000157954e+00 2.882358062192992421e+01
7.610000000000157527e+00 2.876328192756202284e+01
7.630000000000157101e+00 2.881540591786318117e+01
7.650000000000156675e+00 2.828469629439012678e+01
7.670000000000156248e+00 2.863520587505449910e+01
7.690000000000155822e+00 2.830479261944820024e+01
7.710000000000155396e+00 2.813856186686732741e+01
7.730000000000154969e+00 2.817330951881001155e+01
7.750000000000154543e+00 2.794542545565056813e+01
7.770000000000154117e+00 2.803328114840272889e+01
7.790000000000153690e+00 2.789851624782228612e+01
7.810000000000153264e+00 2.782414268495148235e+01
7.830000000000152838e+00 2.776624198060130411e+01
7.850000000000152411e+00 2.764247409546856460e+01
7.870000000000151985e+00 2.757564510873204711e+01
7.890000000000151559e+00 2.742778838978365386e+01
7.910000000000151132e+00 2.740358162196071135e+01
7.930000000000150706e+00 2.725248719415564125e+01
7.950000000000150280e+00 2.719568606279725742e+01
7.970000000000149853e+00 2.711134967909069360e+01
7.990000000000149427e+00 2.688124031094674748e+01
8.010000000000149001e+00 2.690398717781109994e+01
8.030000000000148574e+00 2.693691935854908337e+01
8.050000000000148148e+00 2.668434371502060287e+01
8.070000000000147722e+00 2.659688557330296632e+01
8.090000000000147296e+00 2.646052994427657268e+01
8.110000000000146869e+00 2.634214482099151056e+01
8.130000000000146443e+00 2.625625898322315521e+01
8.150000000000146017e+00 2.629707469489803984e+01
8.170000000000145590e+00 2.630215524011566330e+01
8.190000000000145164e+00 2.606328127556398755e+01
8.210000000000144738e+00 2.591353941259969673e+01
8.230000000000144311e+00 2.583860893859494823e+01
8.250000000000143885e+00 2.561327642372780744e+01
8.270000000000143459e+00 2.571554925091166766e+01
8.290000000000143032e+00 2.551080860595587652e+01
8.310000000000142606e+00 2.545079734661787896e+01
8.330000000000142180e+00 2.533526595279165861e+01
8.350000000000141753e+00 2.524346126705856008e+01
8.370000000000141327e+00 2.514786744168833366e+01
8.390000000000140901e+00 2.506017501937573044e+01
8.410000000000140474e+00 2.496810123583599861e+01
8.430000000000140048e+00 2.475424384476338346e+01
8.450000000000139622e+00 2.491956897606436172e+01
8.470000000000139195e+00 2.454865910987377120e+01
8.490000000000138769e+00 2.458769306675690913e+01
8.510000000000138343e+00 2.447110448893457857e+01
8.530000000000137916e+00 2.437328253045563642e+01
8.550000000000137490e+00 2.436174716083706926e+01
8.570000000000137064e+00 2.419077249510524652e+01
8.590000000000136637e+00 2.406968844670024410e+01
8.610000000000136211e+00 2.399510793444568790e+01
8.630000000000135785e+00 2.385059938463492557e+01
8.650000000000135358e+00 2.386730675252725220e+01
8.670000000000134932e+00 2.371593727599122658e+01
8.690000000000134506e+00 2.362263425373308579e+01
8.710000000000134079e+00 2.347900726082926681e+01
8.730000000000133653e+00 2.340872804372289195e+01
8.750000000000133227e+00 2.339426705004005314e+01
8.770000000000132800e+00 2.325774615107480514e+01
8.790000000000132374e+00 2.320203344427522296e+01
8.810000000000131948e+00 2.309217254033049116e+01
8.830000000000131521e+00 2.296182340634026886e+01
8.850000000000131095e+00 2.282317744775619772e+01
8.870000000000130669e+00 2.277766077875542905e+01
8.890000000000130242e+00 2.262086115398691888e+01
8.910000000000129816e+00 2.262391482880322968e+01
8.930000000000129390e+00 2.244726557632989739e+01
8.950000000000128964e+00 2.241829338502471103e+01
8.970000000000128537e+00 2.235163455504853047e+01
8.990000000000128111e+00 2.233986754050089729e+01
9.010000000000127685e+00 2.220893721099362494e+01
9.030000000000127258e+00 2.204845265858986636e+01
9.050000000000126832e+00 2.198666414899960841e+01
9.070000000000126406e+00 2.191827779086939287e+01
9.090000000000125979e+00 2.177887998022366745e+01
9.110000000000125553e+00 2.178857222268954175e+01
9.130000000000125127e+00 2.163901503840112284e+01
9.150000000000124700e+00 2.152410386061248460e+01
9.170000000000124274e+00 2.148246438146318482e+01
9.190000000000123848e+00 2.134754578072997333e+01
9.210000000000123421e+00 2.129690856836345247e+01
9.230000000000122995e+00 2.119099130872165659e+01
9.250000000000122569e+00 2.105539671072880381e+01
9.270000000000122142e+00 2.099957447204743843e+01
9.290000000000121716e+00 2.093005469209940017e+01
9.310000000000121290e+00 2.080167985652372309e+01
9.330000000000120863e+00 2.071684196247698395e+01
9.350000000000120437e+00 2.065647868253943642e+01
9.370000000000120011e+00 2.064345917748488191e+01
9.390000000000119584e+00 2.053610184901927838e+01
9.410000000000119158e+00 2.036340894507682009e+01
9.430000000000118732e+00 2.036175318165027548e+01
9.450000000000118305e+00 2.024962611193616269e+01
9.470000000000117879e+00 2.011045163856407214e+01
9.490000000000117453e+00 2.012998665592864356e+01
9.510000000000117026e+00 1.993114050071622501e+01
9.530000000000116600e+00 1.988528634482405621e+01
9.550000000000116174e+00 1.979290425968839529e+01
9.570000000000115747e+00 1.983286777225191244e+01
9.590000000000115321e+00 1.969950852867458480e+01
9.610000000000114895e+00 1.952754180785252203e+01
9.630000000000114468e+00 1.942525049596624953e+01
9.650000000000114042e+00 1.934790566816991486e+01
9.670000000000113616e+00 1.924783701424352245e+01
9.690000000000113189e+00 1.919598767974789411e+01
9.710000000000112763e+00 1.915577219331419201e+01
9.730000000000112337e+00 1.907761308498539066e+01
9.750000000000111910e+00 1.889596847368484589e+01
9.770000000000111484e+00 1.885436400625011899e+01
9.790000000000111058e+00 1.874657519466594024e+01
9.810000000000110632e+00 1.871533161972331527e+01
9.830000000000110205e+00 1.848536722733917159e+01
9.850000000000109779e+00 1.842498201571423522e+01
9.870000000000109353e+00 1.845918268552320640e+01
9.890000000000108926e+00 1.832823973929654571e+01
9.910000000000108500e+00 1.825297532823629254e+01
9.930000000000108074e+00 1.816882052145016502e+01
9.950000000000107647e+00 1.807537820356878555e+01
9.970000000000107221e+00 1.782880925993000432e+01
9.990000000000106795e+00 1.781332157970750885e+01
1.001000000000010637e+01 1.781958575520182819e+01
1.003000000000010594e+01 1.761150818253087991e+01
1.005000000000010552e+01 1.764694165644836232e+01
1.007000000000010509e+01 1.742946276915286674e+01
1.009000000000010466e+01 1.736131374536821070e+01
1.011000000000010424e+01 1.725926973986851110e+01
1.013000000000010381e+01 1.719194153314463236e+01
1.015000000000010338e+01 1.715116124195632707e+01
1.017000000000010296e+01 1.699643443311384061e+01
1.019000000000010253e+01 1.697733494227240314e+01
1.021000000000010210e+01 1.681162669435472878e+01
1.023000000000010168e+01 1.676562556080040878e+01
1.025000000000010125e+01 1.657645127892618930e+01
1.027000000000010083e+01 1.647392727767937259e+01
1.029000000000010040e+01 1.643808038494907464e+01
1.031000000000009997e+01 1.635161929669915892e+01
1.033000000000009955e+01 1.626377909463424132e+01
1.035000000000009912e+01 1.601590241985492113e+01
1.037000000000009869e+01 1.598891446601991895e+01
1.039000000000009827e+01 1.590232169893178948e+01
1.041000000000009784e+01 1.588791817207199308e+01
1.043000000000009742e+01 1.567868165856215334e+01
1.045000000000009699e+01 1.561300670793719192e+01
1.047000000000009656e+01 1.555537271577567182e+01
1.049000000000009614e+01 1.545423006669593491e+01
1.051000000000009571e+01 1.532548541247000529e+01
1.053000000000009528e+01 1.522959769735856383e+01
1.055000000000009486e+01 1.518168791995006295e+01
1.057000000000009443e+01 1.503324815803917147e+01
1.059000000000009400e+01 1.486534741339175802e+01
1.061000000000009358e+01 1.479354986071576228e+01
1.063000000000009315e+01 1.474240520437037105e+01
1.065000000000009273e+01 1.447904233301668775e+01
1.067000000000009230e+01 1.455281640892055606e+01
1.069000000000009187e+01 1.437415217268985934e+01
1.071000000000009145e+01 1.433865292683807624e+01
1.073000000000009102e+01 1.414267736552397459e+01
1.075000000000009059e+01 1.422198354516021901e+01
1.077000000000009017e+01 1.394909119868214731e+01
1.079000000000008974e+01 1.393077703068091644e+01
1.081000000000008932e+01 1.374313790476333530e+01
1.083000000000008889e+01 1.372051879500908456e+01
1.085000000000008846e+01 1.353622026344842766e+01
1.087000000000008804e+01 1.338038967962013714e+01
1.089000000000008761e+01 1.329477965352425173e+01
1.091000000000008718e+01 1.328191173570663786e+01
1.093000000000008676e+01 1.316435473031415881e+01
1.095000000000008633e+01 1.310554447477749740e+01
1.097000000000008590e+01 1.296857292029887709e+01
1.099000000000008548e+01 1.290248000898295722e+01
1.101000000000008505e+01 1.279084846092898076e+01
1.103000000000008463e+01 1.273951035053798186e+01
1.105000000000008420e+01 1.252655224265060241e+01
1.107000000000008377e+01 1.237483717982654241e+01
1.109000000000008335e+01 1.236320683602084713e+01
1.111000000000008292e+01 1.230495783131392606e+01
1.113000000000008249e+01 1.211306524572404264e+01
1.115000000000008207e+01 1.199261171870669962e+01
1.117000000000008164e+01 1.190150554700831265e+01
1.119000000000008122e+01 1.192864478543091167e+01
1.121000000000008079e+01 1.174832852173608799e+01
1.123000000000008036e+01 1.165290351453077911e+01
1.125000000000007994e+01 1.150099227243896394e+01
1.127000000000007951e+01 1.153236437025119088e+01
1.129000000000007908e+01 1.141892371593111832e+01
1.131000000000007866e+01 1.124196677402347611e+01
1.133000000000007823e+01 1.127231088469639353e+01
1.135000000000007780e+01 1.105756484147850216e+01
1.137000000000007738e+01 1.100931263568049800e+01
1.139000000000007695e+01 1.090765977156730315e+01
1.141000000000007653e+01 1.084373757640639369e+01
1.143000000000007610e+01 1.074149975890072639e+01
1.145000000000007567e+01 1.065131918757918861e+01
1.147000000000007525e+01 1.053064695139525675e+01
1.149000000000007482e+01 1.048377460548885232e+01
1.151000000000007439e+01 1.033573949796050684e+01
1.153000000000007397e+01 1.029634076423350386e+01
1.155000000000007354e+01 1.026781813803770227e+01
1.157000000000007311e+01 1.005192604402379608e+01
1.159000000000007269e+01 1.004300414330315228e+01
1.161000000000007226e+01 1.006121227804397655e+01
1.163000000000007184e+01 9.874739819581497713e+00
1.165000000000007141e+01 9.772809270273347337e+00
1.167000000000007098e+01 9.703737217124956516e+00
1.169000000000007056e+01 9.590207319764873617e+00
1.171000000000007013e+01 9.515834707988950925e+00
1.173000000000006970e+01 9.487794133014098463e+00
1.175000000000006928e+01 9.415910077334816108e+00
1.177000000000006885e+01 9.287647594585459743e+00
1.179000000000006843e+01 9.269429486408791163e+00
1.181000000000006800e+01 9.207060853505391051e+00
1.183000000000006757e+01 9.114531898864028037e+00
1.185000000000006715e+01 9.010148687907600262e+00
1.187000000000006672e+01 8.975793023086628963e+00
1.189000000000006629e+01 8.846065409805776270e+00
1.191000000000006587e+01 8.818665504468745198e+00
1.193000000000006544e+01 8.764013919259758367e+00
1.195000000000006501e+01 8.758405329578680565e+00
1.197000000000006459e+01 8.655675826440782927e+00
1.199000000000006416e+01 8.577184863037510709e+00
1.201000000000006374e+01 8.483719332219539666e+00
1.203000000000006331e+01 8.401502512136117318e+00
1.205000000000006288e+01 8.378772915090278772e+00
1.207000000000006246e+01 8.279710598981260716e+00
1.209000000000006203e+01 8.215581434914666303e+00
1.211000000000006160e+01 8.225571579755960983e+00
1.213000000000006118e+01 8.067236863338166586e+00
1.215000000000006075e+01 8.105028621095939911e+00
1.217000000000006033e+01 7.979380977759782390e+00
1.219000000000005990e+01 7.996269974741650799e+00
1.221000000000005947e+01 7.851650464214996461e+00
1.223000000000005905e+01 7.839063100576222354e+00
1.225000000000005862e+01 7.805755507904619250e+00
1.227000000000005819e+01 7.722533407882997025e+00
1.229000000000005777e+01 7.676697098218915549e+00
1.231000000000005734e+01 7.644162499436176539e+00
1.233000000000005691e+01 7.582921965555060595e+00
1.235000000000005649e+01 7.450385951699973752e+00
1.237000000000005606e+01 7.513741311017422930e+00
1.239000000000005564e+01 7.393675310519631338e+00
1.241000000000005521e+01 7.415865867160551517e+00
1.243000000000005478e+01 7.337791177192102055e+00
1.245000000000005436e+01 7.201531090788948042e+00
1.247000000000005393e+01 7.228474310505196954e+00
1.249000000000005350e+01 7.144617602321324590e+00
1.251000000000005308e+01 7.176466782727137783e+00
1.253000000000005265e+01 7.008445866452414741e+00
1.255000000000005222e+01 7.039183715497376426e+00
1.257000000000005180e+01 6.941526344888233169e+00
1.259000000000005137e+01 7.024162429136787900e+00
1.261000000000005095e+01 6.847324261622006247e+00
1.263000000000005052e+01 6.835937503441853025e+00
1.265000000000005009e+01 6.839497733817811564e+00
1.267000000000004967e+01 6.771022274958197862e+00
1.269000000000004924e+01 6.738063471041876973e+00
1.271000000000004881e+01 6.658719079437489086e+00
1.273000000000004839e+01 6.589821195834512757e+00
1.275000000000004796e+01 6.604790755976472916e+00
1.277000000000004754e+01 6.493811021789388072e+00
1.279000000000004711e+01 6.509951490522072781e+00
1.281000000000004668e+01 6.433209788493741144e+00
1.283000000000004626e+01 6.464154842072925788e+00
1.285000000000004583e+01 6.394397365081635698e+00
1.287000000000004540e+01 6.386210923238694548e+00
1.289000000000004498e+01 6.262761085266817851e+00
1.291000000000004455e+01 6.255641187664462421e+00
1.293000000000004412e+01 6.246559000543348006e+00
1.295000000000004370e+01 6.261751249147740062e+00
1.297000000000004327e+01 6.112808475301680922e+00
1.299000000000004285e+01 6.115107112897514519e+00
1.301000000000004242e+01 6.099960277169908629e+00
1.303000000000004199e+01 6.016010734495622181e+00
1.305000000000004157e+01 5.990458291535280644e+00
1.307000000000004114e+01 5.998135165314234740e+00
1.309000000000004071e+01 5.973954340982977840e+00
1.311000000000004029e+01 5.909136023409605976e+00
1.313000000000003986e+01 5.824692051868557208e+00
1.315000000000003944e+01 5.824341821628607363e+00
1.317000000000003901e+01 5.802342606298511285e+00
1.319000000000003858e+01 5.707476358635079627e+00
1.321000000000003816e+01 5.735199988000378113e+00
1.323000000000003773e+01 5.696128397393030340e+00
1.325000000000003730e+01 5.679585058811499998e+00
1.327000000000003688e+01 5.641628001462454911e+00
1.329000000000003645e+01 5.593660059748280844e+00
1.331000000000003602e+01 5.551016141263555248e+00
1.333000000000003560e+01 5.572948180686925213e+00
1.335000000000003517e+01 5.448329405523242741e+00
1.337000000000003475e+01 5.409897373938195919e+00
1.339000000000003432e+01 5.380214384020124641e+00
1.341000000000003389e+01 5.354129069960499088e+00
1.343000000000003347e+01 5.334872171711488420e+00
1.345000000000003304e+01 5.387897661956568385e+00
1.347000000000003261e+01 5.246175956424874443e+00
1.349000000000003219e+01 5.232345168858480555e+00
1.351000000000003176e+01 5.200595022026564429e+00
1.353000000000003133e+01 5.186864945939243299e+00
1.355000000000003091e+01 5.173469600880544306e+00
1.357000000000003048e+01 5.064993177922301193e+00
1.359000000000003006e+01 5.105710797920664845e+00
1.361000000000002963e+01 5.038991446362720339e+00
1.363000000000002920e+01 5.027060289111022762e+00
1.365000000000002878e+01 4.958496066720475604e+00
1.367000000000002835e+01 4.895164096673682685e+00
1.369000000000002792e+01 4.890272543400647542e+00
1.371000000000002750e+01 4.856648561048030999e+00
1.373000000000002707e+01 4.837216116832921742e+00
1.375000000000002665e+01 4.827693817064244719e+00
1.377000000000002622e+01 4.733023973090761949e+00
1.379000000000002579e+01 4.741287316472186042e+00
1.381000000000002537e+01 4.609432398848005263e+00
1.383000000000002494e+01 4.607655090545118348e+00
1.385000000000002451e+01 4.596722055264721440e+00
1.387000000000002409e+01 4.609044850471097909e+00
1.389000000000002366e+01 4.506609012690188543e+00
1.391000000000002323e+01 4.492585641491537274e+00
1.393000000000002281e+01 4.480111489295837579e+00
1.395000000000002238e+01 4.357199783160472073e+00
1.397000000000002196e+01 4.332653305884732298e+00
1.399000000000002153e+01 4.325603324816323259e+00
1.401000000000002110e+01 4.287476006240072302e+00
1.403000000000002068e+01 4.247263429243890442e+00
1.405000000000002025e+01 4.192277953368899190e+00
1.407000000000001982e+01 4.162399753571172312e+00
1.409000000000001940e+01 4.110021386128436482e+00
1.411000000000001897e+01 4.070127995455249170e+00
1.413000000000001855e+01 4.041130778002210988e+00
1.415000000000001812e+01 3.965436119580477925e+00
1.417000000000001769e+01 3.850900928027351622e+00
1.419000000000001727e+01 3.796360155509291179e+00
1.421000000000001684e+01 3.763371406034037303e+00
1.423000000000001641e+01 3.747806517561847794e+00
1.425000000000001599e+01 3.668268045085915308e+00
1.427000000000001556e+01 3.550175363027566533e+00
1.429000000000001513e+01 3.471800791228305982e+00
1.431000000000001471e+01 3.324409735787513309e+00
1.433000000000001428e+01 3.229789169154654083e+00
1.435000000000001386e+01 3.157969639798339667e+00
1.437000000000001343e+01 2.969052618417897804e+00
1.439000000000001300e+01 2.823130930636220004e+00
1.441000000000001258e+01 2.638445888884191515e+00
1.443000000000001215e+01 2.546161358129693575e+00
1.445000000000001172e+01 2.246719953291377969e+00
1.447000000000001130e+01 2.006640680563212431e+00
1.449000000000001087e+01 1.769288918913663355e+00
1.451000000000001044e+01 1.434738151184788313e+00
1.453000000000001002e+01 1.134204782434474978e+00
1.455000000000000959e+01 8.081184053073975360e-01
1.457000000000000917e+01 5.497082043700539655e-01
1.459000000000000874e+01 3.410289989762450014e-01
1.461000000000000831e+01 1.651927695767480553e-01
1.463000000000000789e+01 7.167848958781211643e-02
1.465000000000000746e+01 1.660257595054032836e-02
1.467000000000000703e+01 5.529904923785428777e-03
1.469000000000000661e+01 7.705045438672697107e-13
1.471000000000000618e+01 0.000000000000000000e+00
1.473000000000000576e+01 0.000000000000000000e+00
1.475000000000000533e+01 0.000000000000000000e+00
1.477000000000000490e+01 0.000000000000000000e+00
1.479000000000000448e+01 0.000000000000000000e+00
1.481000000000000405e+01 0.000000000000000000e+00
1.483000000000000362e+01 0.000000000000000000e+00
1.485000000000000320e+01 0.000000000000000000e+00
1.487000000000000277e+01 0.000000000000000000e+00
1.489000000000000234e+01 0.000000000000000000e+00
1.491000000000000192e+01 0.000000000000000000e+00
1.493000000000000149e+01 0.000000000000000000e+00
1.495000000000000107e+01 0.000000000000000000e+00
1.497000000000000064e+01 0.000000000000000000e+00
1.499000000000000021e+01 0.000000000000000000e+00
