# Redshift		Merger Rate Density [Gpc^-3yr^-1]
1.000000000031931770e-02 1.984625521013803962e+00
3.000000000031888964e-02 2.045054134557290126e+00
5.000000000031846331e-02 1.981929795407030293e+00
7.000000000031804392e-02 1.781259131887970693e+00
9.000000000031761760e-02 1.712462852027098359e+00
1.100000000003171913e-01 1.670824647910739591e+00
1.300000000003167511e-01 1.603959171059175182e+00
1.500000000003163247e-01 1.713459581154936684e+00
1.700000000003158984e-01 1.975558609223631468e+00
1.900000000003154721e-01 1.870086810055110238e+00
2.100000000003150458e-01 2.283741958390111737e+00
2.300000000003146194e-01 2.199294590308308983e+00
2.500000000003141931e-01 2.373196557997176992e+00
2.700000000003137668e-01 2.370955761488813707e+00
2.900000000003133405e-01 2.374689657875411530e+00
3.100000000003129141e-01 2.495317919653255778e+00
3.300000000003124878e-01 2.508615783444976710e+00
3.500000000003120615e-01 2.614897808886211816e+00
3.700000000003116352e-01 3.007616061726569257e+00
3.900000000003112088e-01 3.007530506255597036e+00
4.100000000003107825e-01 3.079789617625154463e+00
4.300000000003103562e-01 3.103840702336947199e+00
4.500000000003099299e-01 3.280907038541223120e+00
4.700000000003095035e-01 3.023466776504096565e+00
4.900000000003090772e-01 3.387381704996250686e+00
5.100000000003086509e-01 3.358874602894966976e+00
5.300000000003082246e-01 3.283311615211362611e+00
5.500000000003077982e-01 3.199148548631411959e+00
5.700000000003073719e-01 3.601120668073721554e+00
5.900000000003069456e-01 3.357058577133431143e+00
6.100000000003065193e-01 3.330853016380438625e+00
6.300000000003060929e-01 3.236661418175796001e+00
6.500000000003056666e-01 3.083570826530171338e+00
6.700000000003052403e-01 3.288357096973559823e+00
6.900000000003048140e-01 3.051293038688181802e+00
7.100000000003043876e-01 3.233220847591657510e+00
7.300000000003039613e-01 3.090715880053865217e+00
7.500000000003035350e-01 3.383865255255700255e+00
7.700000000003031086e-01 3.206507363463342308e+00
7.900000000003026823e-01 3.267687104254564545e+00
8.100000000003022560e-01 3.133797582837203333e+00
8.300000000003018297e-01 3.479270069212432759e+00
8.500000000003014033e-01 3.476895540974229259e+00
8.700000000003009770e-01 3.867744322023289882e+00
8.900000000003005507e-01 3.533619556859707966e+00
9.100000000003001244e-01 3.792873239704773969e+00
9.300000000002996980e-01 3.770854079533883407e+00
9.500000000002992717e-01 3.679571219484433886e+00
9.700000000002988454e-01 3.729956988893600389e+00
9.900000000002984191e-01 3.919657568086981403e+00
1.010000000000297993e+00 3.834361743726067751e+00
1.030000000000297566e+00 3.817834163776463896e+00
1.050000000000297140e+00 3.864841353597267215e+00
1.070000000000296714e+00 4.083233731023109492e+00
1.090000000000296287e+00 4.093087706611074239e+00
1.110000000000295861e+00 4.186582463357146899e+00
1.130000000000295435e+00 4.160600309315639400e+00
1.150000000000295008e+00 4.060050510554803260e+00
1.170000000000294582e+00 4.188791899168995414e+00
1.190000000000294156e+00 4.104123307464263348e+00
1.210000000000293729e+00 4.410557959939059636e+00
1.230000000000293303e+00 4.283509546458447836e+00
1.250000000000292877e+00 4.616523872860016198e+00
1.270000000000292451e+00 4.454038207740397048e+00
1.290000000000292024e+00 4.736826298633229015e+00
1.310000000000291598e+00 4.600892828423074121e+00
1.330000000000291172e+00 4.755432089101484294e+00
1.350000000000290745e+00 4.951968914813975609e+00
1.370000000000290319e+00 4.857771195595192104e+00
1.390000000000289893e+00 4.948008108757169232e+00
1.410000000000289466e+00 4.861365322500690311e+00
1.430000000000289040e+00 4.945567973710216947e+00
1.450000000000288614e+00 5.068204675460972197e+00
1.470000000000288187e+00 5.003343850597396170e+00
1.490000000000287761e+00 4.891999078158520753e+00
1.510000000000287335e+00 4.984125937190544420e+00
1.530000000000286908e+00 5.216525090669346554e+00
1.550000000000286482e+00 5.163043962533842901e+00
1.570000000000286056e+00 5.369306837229332885e+00
1.590000000000285629e+00 5.256375602965714933e+00
1.610000000000285203e+00 5.570608194148762848e+00
1.630000000000284777e+00 5.248154447436753856e+00
1.650000000000284350e+00 5.257098568453631771e+00
1.670000000000283924e+00 5.517415704399351029e+00
1.690000000000283498e+00 5.316594610183517311e+00
1.710000000000283071e+00 5.250439443840411613e+00
1.730000000000282645e+00 5.453955490687440566e+00
1.750000000000282219e+00 5.593401525660092410e+00
1.770000000000281792e+00 5.540591097398847253e+00
1.790000000000281366e+00 5.026773483586008062e+00
1.810000000000280940e+00 5.587871365217734088e+00
1.830000000000280513e+00 5.573297982686709062e+00
1.850000000000280087e+00 5.204260165405225180e+00
1.870000000000279661e+00 5.633186696430815488e+00
1.890000000000279234e+00 5.188326973892158911e+00
1.910000000000278808e+00 5.690303901851001989e+00
1.930000000000278382e+00 5.520741274090057438e+00
1.950000000000277955e+00 5.472778487493179966e+00
1.970000000000277529e+00 5.512821875665308013e+00
1.990000000000277103e+00 5.758808535777654392e+00
2.010000000000276899e+00 5.251056749876434893e+00
2.030000000000276472e+00 5.636676741490528997e+00
2.050000000000276046e+00 5.532964395293032744e+00
2.070000000000275620e+00 5.404595376201816848e+00
2.090000000000275193e+00 5.610718244785066311e+00
2.110000000000274767e+00 5.250396475548961384e+00
2.130000000000274341e+00 5.312616286600415627e+00
2.150000000000273914e+00 5.490440903932505279e+00
2.170000000000273488e+00 5.336359407730775217e+00
2.190000000000273062e+00 5.245597781394041981e+00
2.210000000000272635e+00 5.424693678625921223e+00
2.230000000000272209e+00 4.977553999122532602e+00
2.250000000000271783e+00 5.137880137436263261e+00
2.270000000000271356e+00 5.405654402684636928e+00
2.290000000000270930e+00 5.030795526536889994e+00
2.310000000000270504e+00 5.430343785061015005e+00
2.330000000000270077e+00 5.187194414747171578e+00
2.350000000000269651e+00 5.060219168454334948e+00
2.370000000000269225e+00 5.465098220621027458e+00
2.390000000000268798e+00 5.512822814902976987e+00
2.410000000000268372e+00 5.180521313154114793e+00
2.430000000000267946e+00 5.340132616150825129e+00
2.450000000000267519e+00 5.277155058649615427e+00
2.470000000000267093e+00 5.598905857662502150e+00
2.490000000000266667e+00 5.568826303427505842e+00
2.510000000000266240e+00 5.608437052835370196e+00
2.530000000000265814e+00 5.270836729244775754e+00
2.550000000000265388e+00 5.334226486587632543e+00
2.570000000000264961e+00 5.697642095629552372e+00
2.590000000000264535e+00 5.513385493213665001e+00
2.610000000000264109e+00 5.620909628992325047e+00
2.630000000000263682e+00 5.572044751187925193e+00
2.650000000000263256e+00 5.701677343011723131e+00
2.670000000000262830e+00 5.655946323628516126e+00
2.690000000000262403e+00 5.853353106244065351e+00
2.710000000000261977e+00 5.571063205759979375e+00
2.730000000000261551e+00 5.886816424313010110e+00
2.750000000000261124e+00 5.792954678992956907e+00
2.770000000000260698e+00 5.895878501766490309e+00
2.790000000000260272e+00 5.525272195419542953e+00
2.810000000000259845e+00 5.946019509778349033e+00
2.830000000000259419e+00 5.704908784386725884e+00
2.850000000000258993e+00 5.708443715896149406e+00
2.870000000000258567e+00 6.016609282877070086e+00
2.890000000000258140e+00 5.819629882935371867e+00
2.910000000000257714e+00 5.836568741850079789e+00
2.930000000000257288e+00 5.840261725749136268e+00
2.950000000000256861e+00 5.831528621306684812e+00
2.970000000000256435e+00 6.029102520094475892e+00
2.990000000000256009e+00 5.893300646938250509e+00
3.010000000000255582e+00 5.730608443531679086e+00
3.030000000000255156e+00 6.075672314485112580e+00
3.050000000000254730e+00 5.910357934687437087e+00
3.070000000000254303e+00 6.310583569089338596e+00
3.090000000000253877e+00 5.741972876746379129e+00
3.110000000000253451e+00 5.910558284920136352e+00
3.130000000000253024e+00 5.977500267193042838e+00
3.150000000000252598e+00 5.884263286794560344e+00
3.170000000000252172e+00 6.141551903402974411e+00
3.190000000000251745e+00 6.096756264512894319e+00
3.210000000000251319e+00 6.314043589560226266e+00
3.230000000000250893e+00 5.927002378959514317e+00
3.250000000000250466e+00 5.875697441636344998e+00
3.270000000000250040e+00 6.084505551049292471e+00
3.290000000000249614e+00 6.035656931025154215e+00
3.310000000000249187e+00 5.968094531014354942e+00
3.330000000000248761e+00 5.937308747822844346e+00
3.350000000000248335e+00 5.977709451679472430e+00
3.370000000000247908e+00 6.187134690013542659e+00
3.390000000000247482e+00 6.159532500062395499e+00
3.410000000000247056e+00 6.087242956641931713e+00
3.430000000000246629e+00 5.760246592672444876e+00
3.450000000000246203e+00 5.843858860409569367e+00
3.470000000000245777e+00 5.838239200463243961e+00
3.490000000000245350e+00 5.835063667872891102e+00
3.510000000000244924e+00 5.816954282527535547e+00
3.530000000000244498e+00 5.964230033410859555e+00
3.550000000000244071e+00 5.616021174923420567e+00
3.570000000000243645e+00 5.783874661681964291e+00
3.590000000000243219e+00 5.763527205110067442e+00
3.610000000000242792e+00 5.839931665437704922e+00
3.630000000000242366e+00 5.694683156692135206e+00
3.650000000000241940e+00 5.722989566856801602e+00
3.670000000000241513e+00 5.732384294392171675e+00
3.690000000000241087e+00 5.856151359394837996e+00
3.710000000000240661e+00 5.527693334684710358e+00
3.730000000000240234e+00 5.711273056629218914e+00
3.750000000000239808e+00 5.582321814112924940e+00
3.770000000000239382e+00 5.860751405066634057e+00
3.790000000000238956e+00 5.806537733221289521e+00
3.810000000000238529e+00 5.639443150697714735e+00
3.830000000000238103e+00 5.698142770222468734e+00
3.850000000000237677e+00 5.779655250461360083e+00
3.870000000000237250e+00 5.791229010765837515e+00
3.890000000000236824e+00 5.559963941108346575e+00
3.910000000000236398e+00 5.677681637770415790e+00
3.930000000000235971e+00 5.629117009827663054e+00
3.950000000000235545e+00 5.928913550441641256e+00
3.970000000000235119e+00 5.723889866718565145e+00
3.990000000000234692e+00 5.721006209862091296e+00
4.010000000000234266e+00 5.910127911722261373e+00
4.030000000000233840e+00 5.518726957878556938e+00
4.050000000000233413e+00 5.632175761365755484e+00
4.070000000000232987e+00 6.002414591703075786e+00
4.090000000000232561e+00 5.583004709017868272e+00
4.110000000000232134e+00 5.820834559644138650e+00
4.130000000000231708e+00 5.581096385392797288e+00
4.150000000000231282e+00 5.703323716288494438e+00
4.170000000000230855e+00 5.788328308739908223e+00
4.190000000000230429e+00 5.486502926274565262e+00
4.210000000000230003e+00 5.687590886424005454e+00
4.230000000000229576e+00 5.580930011677555314e+00
4.250000000000229150e+00 5.780513736706284433e+00
4.270000000000228724e+00 5.722574104613239676e+00
4.290000000000228297e+00 5.602073679565274134e+00
4.310000000000227871e+00 5.509694819712244396e+00
4.330000000000227445e+00 5.699340715881366037e+00
4.350000000000227018e+00 5.848482775613529583e+00
4.370000000000226592e+00 5.626620438243196354e+00
4.390000000000226166e+00 5.667623989596421552e+00
4.410000000000225739e+00 5.582101689257501498e+00
4.430000000000225313e+00 5.567696822541389423e+00
4.450000000000224887e+00 5.506388136335502281e+00
4.470000000000224460e+00 5.622827397911488667e+00
4.490000000000224034e+00 5.314478298376512200e+00
4.510000000000223608e+00 5.875612253434441712e+00
4.530000000000223181e+00 5.209731960540215923e+00
4.550000000000222755e+00 5.546922380738855907e+00
4.570000000000222329e+00 5.604147800461055873e+00
4.590000000000221902e+00 5.433265331933562869e+00
4.610000000000221476e+00 5.407230501779618947e+00
4.630000000000221050e+00 5.499329370753816448e+00
4.650000000000220624e+00 5.296089198446137125e+00
4.670000000000220197e+00 5.292668224207766059e+00
4.690000000000219771e+00 5.402932921921436815e+00
4.710000000000219345e+00 5.347162885628869766e+00
4.730000000000218918e+00 5.197763106821940760e+00
4.750000000000218492e+00 5.407424373750433055e+00
4.770000000000218066e+00 5.335305358743741344e+00
4.790000000000217639e+00 5.422584987105786958e+00
4.810000000000217213e+00 5.112013943692571338e+00
4.830000000000216787e+00 5.583716602641429994e+00
4.850000000000216360e+00 5.047538208977140783e+00
4.870000000000215934e+00 5.186558548038440186e+00
4.890000000000215508e+00 5.188225844451172186e+00
4.910000000000215081e+00 5.238933953710623648e+00
4.930000000000214655e+00 5.171766049974980461e+00
4.950000000000214229e+00 5.027860404310337650e+00
4.970000000000213802e+00 5.206569598350836436e+00
4.990000000000213376e+00 5.068692248253880983e+00
5.010000000000212950e+00 5.064644299786975168e+00
5.030000000000212523e+00 5.179940948590330940e+00
5.050000000000212097e+00 5.184043788904751260e+00
5.070000000000211671e+00 4.824505190249085196e+00
5.090000000000211244e+00 5.119439575204038917e+00
5.110000000000210818e+00 5.263615439591531775e+00
5.130000000000210392e+00 5.046504268119044845e+00
5.150000000000209965e+00 5.125257809448076962e+00
5.170000000000209539e+00 5.005892935970080337e+00
5.190000000000209113e+00 4.915603199819329028e+00
5.210000000000208686e+00 5.046185268522893175e+00
5.230000000000208260e+00 4.930323360066116933e+00
5.250000000000207834e+00 4.860748503411739030e+00
5.270000000000207407e+00 4.837381736627408557e+00
5.290000000000206981e+00 5.209949087605073359e+00
5.310000000000206555e+00 4.969301553449327002e+00
5.330000000000206128e+00 4.993806774456411190e+00
5.350000000000205702e+00 4.747535303307194532e+00
5.370000000000205276e+00 4.886174743602186510e+00
5.390000000000204849e+00 4.947383177250716635e+00
5.410000000000204423e+00 4.827377352662034049e+00
5.430000000000203997e+00 4.788494628310710155e+00
5.450000000000203570e+00 4.726836873429606456e+00
5.470000000000203144e+00 4.918361522067870695e+00
5.490000000000202718e+00 4.763974785503372722e+00
5.510000000000202292e+00 4.799178896694068719e+00
5.530000000000201865e+00 4.712062328923686039e+00
5.550000000000201439e+00 4.774273766587632473e+00
5.570000000000201013e+00 4.865268288365236060e+00
5.590000000000200586e+00 4.856768084599555557e+00
5.610000000000200160e+00 4.815706899620187720e+00
5.630000000000199734e+00 4.720350354043207020e+00
5.650000000000199307e+00 4.755220584642775528e+00
5.670000000000198881e+00 4.745523685622170085e+00
5.690000000000198455e+00 4.911983025908975620e+00
5.710000000000198028e+00 4.710659050760745536e+00
5.730000000000197602e+00 4.647294003740468860e+00
5.750000000000197176e+00 4.643727180577121416e+00
5.770000000000196749e+00 4.708434634104388117e+00
5.790000000000196323e+00 4.744468640026306971e+00
5.810000000000195897e+00 4.601019432351023397e+00
5.830000000000195470e+00 4.709200959393240460e+00
5.850000000000195044e+00 4.735043020434463124e+00
5.870000000000194618e+00 4.513808743473618712e+00
5.890000000000194191e+00 4.648112012599271203e+00
5.910000000000193765e+00 4.756385466319239086e+00
5.930000000000193339e+00 4.727678602829528565e+00
5.950000000000192912e+00 4.746439955810019207e+00
5.970000000000192486e+00 4.765705638673272126e+00
5.990000000000192060e+00 4.563127764423139610e+00
6.010000000000191633e+00 4.599100718612800343e+00
6.030000000000191207e+00 4.746441044645584029e+00
6.050000000000190781e+00 4.691269864590838168e+00
6.070000000000190354e+00 4.669959572109766199e+00
6.090000000000189928e+00 4.747410551680196988e+00
6.110000000000189502e+00 4.675814557919505177e+00
6.130000000000189075e+00 4.715271715672504804e+00
6.150000000000188649e+00 4.689076000484338813e+00
6.170000000000188223e+00 4.655607544368071338e+00
6.190000000000187796e+00 4.733899882256774383e+00
6.210000000000187370e+00 4.878231237521326591e+00
6.230000000000186944e+00 4.729557965641937756e+00
6.250000000000186517e+00 4.788322795916730712e+00
6.270000000000186091e+00 4.780559798085933565e+00
6.290000000000185665e+00 4.738248233555030886e+00
6.310000000000185238e+00 4.917848491729505334e+00
6.330000000000184812e+00 4.754306360759440686e+00
6.350000000000184386e+00 4.883865382436742841e+00
6.370000000000183960e+00 4.809694233634410843e+00
6.390000000000183533e+00 4.929698527572444533e+00
6.410000000000183107e+00 4.895121870743878389e+00
6.430000000000182681e+00 4.658340607789839716e+00
6.450000000000182254e+00 4.995803792534163179e+00
6.470000000000181828e+00 4.893040972132705058e+00
6.490000000000181402e+00 4.834843954433966751e+00
6.510000000000180975e+00 4.827894099261350824e+00
6.530000000000180549e+00 5.005361834692059197e+00
6.550000000000180123e+00 4.893528442958863245e+00
6.570000000000179696e+00 4.842741729055887845e+00
6.590000000000179270e+00 4.856451055588800081e+00
6.610000000000178844e+00 4.987721401396584930e+00
6.630000000000178417e+00 4.932525965164531456e+00
6.650000000000177991e+00 4.900388393604437454e+00
6.670000000000177565e+00 4.915377325782452900e+00
6.690000000000177138e+00 4.740531193778751984e+00
6.710000000000176712e+00 4.928578863483689787e+00
6.730000000000176286e+00 4.911390160318084952e+00
6.750000000000175859e+00 4.727314519995753805e+00
6.770000000000175433e+00 4.973634601130394906e+00
6.790000000000175007e+00 4.755313034795162430e+00
6.810000000000174580e+00 4.670737648325270719e+00
6.830000000000174154e+00 4.658315200846796067e+00
6.850000000000173728e+00 4.909023837628784470e+00
6.870000000000173301e+00 4.818260508698043232e+00
6.890000000000172875e+00 4.661788690543700042e+00
6.910000000000172449e+00 4.751187526045321796e+00
6.930000000000172022e+00 4.593277087260866587e+00
6.950000000000171596e+00 4.659627375309764119e+00
6.970000000000171170e+00 4.605811268968973415e+00
6.990000000000170743e+00 4.607559263354677803e+00
7.010000000000170317e+00 4.546778763925128253e+00
7.030000000000169891e+00 4.542400146086067458e+00
7.050000000000169464e+00 4.561474749074116097e+00
7.070000000000169038e+00 4.482087339956811967e+00
7.090000000000168612e+00 4.515190338502374168e+00
7.110000000000168185e+00 4.413229042438678640e+00
7.130000000000167759e+00 4.446170688741182708e+00
7.150000000000167333e+00 4.400155647704004025e+00
7.170000000000166906e+00 4.334208838013665854e+00
7.190000000000166480e+00 4.273075209016210962e+00
7.210000000000166054e+00 4.163178640550969867e+00
7.230000000000165628e+00 4.277582283749955749e+00
7.250000000000165201e+00 4.213022865483828205e+00
7.270000000000164775e+00 4.248132843739987230e+00
7.290000000000164349e+00 4.200189066261154736e+00
7.310000000000163922e+00 4.161802966124541925e+00
7.330000000000163496e+00 4.155084220048951948e+00
7.350000000000163070e+00 4.101681953332498409e+00
7.370000000000162643e+00 4.093582615191848184e+00
7.390000000000162217e+00 4.153845985136174868e+00
7.410000000000161791e+00 3.998318995239900087e+00
7.430000000000161364e+00 4.075690069599414933e+00
7.450000000000160938e+00 3.943560162860068719e+00
7.470000000000160512e+00 4.082285770216661724e+00
7.490000000000160085e+00 3.939538950894512670e+00
7.510000000000159659e+00 4.110542869531199628e+00
7.530000000000159233e+00 3.912721091258096084e+00
7.550000000000158806e+00 3.841424938397025812e+00
7.570000000000158380e+00 3.764819794591073965e+00
7.590000000000157954e+00 3.919518475307605776e+00
7.610000000000157527e+00 3.883171211829950842e+00
7.630000000000157101e+00 3.981101582954869933e+00
7.650000000000156675e+00 3.824253895033003836e+00
7.670000000000156248e+00 3.816585095899988733e+00
7.690000000000155822e+00 3.841544710250058614e+00
7.710000000000155396e+00 3.839224105394428488e+00
7.730000000000154969e+00 3.735470834287642816e+00
7.750000000000154543e+00 3.826393891699918726e+00
7.770000000000154117e+00 3.691087639232892847e+00
7.790000000000153690e+00 3.698153631747790993e+00
7.810000000000153264e+00 3.756804326017812112e+00
7.830000000000152838e+00 3.697334153875408091e+00
7.850000000000152411e+00 3.735383602619014365e+00
7.870000000000151985e+00 3.591471726796052089e+00
7.890000000000151559e+00 3.718950716485508678e+00
7.910000000000151132e+00 3.738911993121085242e+00
7.930000000000150706e+00 3.733873227129064887e+00
7.950000000000150280e+00 3.710824127237582370e+00
7.970000000000149853e+00 3.728220054252044502e+00
7.990000000000149427e+00 3.696752037868336949e+00
8.010000000000149001e+00 3.679017473592137044e+00
8.030000000000148574e+00 3.642178269956930503e+00
8.050000000000148148e+00 3.633511950572456684e+00
8.070000000000147722e+00 3.610895467919664537e+00
8.090000000000147296e+00 3.606722551201928528e+00
8.110000000000146869e+00 3.655675491984211600e+00
8.130000000000146443e+00 3.647733943248598454e+00
8.150000000000146017e+00 3.587528238509933853e+00
8.170000000000145590e+00 3.641703786979650026e+00
8.190000000000145164e+00 3.548334400602475291e+00
8.210000000000144738e+00 3.702744776618459799e+00
8.230000000000144311e+00 3.639291501566877862e+00
8.250000000000143885e+00 3.618314446395963557e+00
8.270000000000143459e+00 3.565339019988953861e+00
8.290000000000143032e+00 3.513866583111869168e+00
8.310000000000142606e+00 3.608158914840700504e+00
8.330000000000142180e+00 3.561286137252368533e+00
8.350000000000141753e+00 3.597907624963508688e+00
8.370000000000141327e+00 3.583621377871381242e+00
8.390000000000140901e+00 3.582529398973469004e+00
8.410000000000140474e+00 3.520228574618493589e+00
8.430000000000140048e+00 3.617715789410420602e+00
8.450000000000139622e+00 3.512333042340236133e+00
8.470000000000139195e+00 3.560869577353429793e+00
8.490000000000138769e+00 3.501790814439973420e+00
8.510000000000138343e+00 3.513130453361911876e+00
8.530000000000137916e+00 3.557074864352067323e+00
8.550000000000137490e+00 3.527213369285327360e+00
8.570000000000137064e+00 3.413367504448507006e+00
8.590000000000136637e+00 3.522996765921305951e+00
8.610000000000136211e+00 3.476823734123674292e+00
8.630000000000135785e+00 3.436403273127973890e+00
8.650000000000135358e+00 3.458554885618436714e+00
8.670000000000134932e+00 3.460729956423481468e+00
8.690000000000134506e+00 3.415116702509428670e+00
8.710000000000134079e+00 3.400820547670676763e+00
8.730000000000133653e+00 3.449088454061653319e+00
8.750000000000133227e+00 3.390378598830391166e+00
8.770000000000132800e+00 3.299540690572769552e+00
8.790000000000132374e+00 3.343535480027967299e+00
8.810000000000131948e+00 3.344752303049982611e+00
8.830000000000131521e+00 3.354082685583537948e+00
8.850000000000131095e+00 3.319040189339080182e+00
8.870000000000130669e+00 3.364395467366056103e+00
8.890000000000130242e+00 3.268112965706768680e+00
8.910000000000129816e+00 3.269152242228096750e+00
8.930000000000129390e+00 3.256641008485429367e+00
8.950000000000128964e+00 3.249027048756309100e+00
8.970000000000128537e+00 3.156998998765841780e+00
8.990000000000128111e+00 3.216835669700318423e+00
9.010000000000127685e+00 3.146973316917105912e+00
9.030000000000127258e+00 3.217802772532864619e+00
9.050000000000126832e+00 3.176535365913680575e+00
9.070000000000126406e+00 3.046419947776470849e+00
9.090000000000125979e+00 3.112606855056332389e+00
9.110000000000125553e+00 3.068570353247774385e+00
9.130000000000125127e+00 3.067401704480273494e+00
9.150000000000124700e+00 3.041780176053570095e+00
9.170000000000124274e+00 3.056309808408128603e+00
9.190000000000123848e+00 3.012257292748848236e+00
9.210000000000123421e+00 2.968635682001933951e+00
9.230000000000122995e+00 2.957437583081600430e+00
9.250000000000122569e+00 2.915793913825341033e+00
9.270000000000122142e+00 2.947138380070857266e+00
9.290000000000121716e+00 2.893572302978360877e+00
9.310000000000121290e+00 2.912469233874362740e+00
9.330000000000120863e+00 2.911989909076397431e+00
9.350000000000120437e+00 2.898235368876535212e+00
9.370000000000120011e+00 2.821609338893090513e+00
9.390000000000119584e+00 2.869033282771631388e+00
9.410000000000119158e+00 2.794198026065258578e+00
9.430000000000118732e+00 2.802918832005290906e+00
9.450000000000118305e+00 2.790084881192910871e+00
9.470000000000117879e+00 2.745608897229297352e+00
9.490000000000117453e+00 2.770451164653151999e+00
9.510000000000117026e+00 2.720155968114762679e+00
9.530000000000116600e+00 2.751913475306691392e+00
9.550000000000116174e+00 2.777771555793879799e+00
9.570000000000115747e+00 2.638687563515443646e+00
9.590000000000115321e+00 2.730646690868378634e+00
9.610000000000114895e+00 2.687691750738383512e+00
9.630000000000114468e+00 2.641554385241564162e+00
9.650000000000114042e+00 2.605654610395012671e+00
9.670000000000113616e+00 2.686398063483183662e+00
9.690000000000113189e+00 2.562248321686859676e+00
9.710000000000112763e+00 2.629547797585547908e+00
9.730000000000112337e+00 2.586460443617965677e+00
9.750000000000111910e+00 2.527159614096388118e+00
9.770000000000111484e+00 2.527750612873377101e+00
9.790000000000111058e+00 2.548576819711830588e+00
9.810000000000110632e+00 2.563395235659739146e+00
9.830000000000110205e+00 2.494922312224988836e+00
9.850000000000109779e+00 2.485895236762371230e+00
9.870000000000109353e+00 2.475552560486151243e+00
9.890000000000108926e+00 2.439475078698064348e+00
9.910000000000108500e+00 2.457218029350352939e+00
9.930000000000108074e+00 2.410500816774025612e+00
9.950000000000107647e+00 2.426362116001025360e+00
9.970000000000107221e+00 2.381261831277694974e+00
9.990000000000106795e+00 2.423309980985378864e+00
1.001000000000010637e+01 2.398988960915552138e+00
1.003000000000010594e+01 2.341242364436959100e+00
1.005000000000010552e+01 2.390899999241652196e+00
1.007000000000010509e+01 2.337871681775524735e+00
1.009000000000010466e+01 2.331678811400085927e+00
1.011000000000010424e+01 2.345430642188293557e+00
1.013000000000010381e+01 2.244259398633389857e+00
1.015000000000010338e+01 2.315777688757350017e+00
1.017000000000010296e+01 2.226593211162501085e+00
1.019000000000010253e+01 2.242795318749934097e+00
1.021000000000010210e+01 2.209199799197368641e+00
1.023000000000010168e+01 2.282505613032239644e+00
1.025000000000010125e+01 2.193366733757697418e+00
1.027000000000010083e+01 2.166776550466674944e+00
1.029000000000010040e+01 2.199547407391345022e+00
1.031000000000009997e+01 2.151325035135009056e+00
1.033000000000009955e+01 2.216556966889262181e+00
1.035000000000009912e+01 2.165682128784387928e+00
1.037000000000009869e+01 2.126598741084492872e+00
1.039000000000009827e+01 2.149334432095357794e+00
1.041000000000009784e+01 2.070241090554365559e+00
1.043000000000009742e+01 2.122611377898345086e+00
1.045000000000009699e+01 2.065015299356055323e+00
1.047000000000009656e+01 2.132531855276531996e+00
1.049000000000009614e+01 2.053024617868622226e+00
1.051000000000009571e+01 2.030303536086285554e+00
1.053000000000009528e+01 2.050750977758851956e+00
1.055000000000009486e+01 2.094344883967853121e+00
1.057000000000009443e+01 1.982243493227527242e+00
1.059000000000009400e+01 2.040367181827646981e+00
1.061000000000009358e+01 2.002870507003938982e+00
1.063000000000009315e+01 1.983520286013126910e+00
1.065000000000009273e+01 1.934277000480757236e+00
1.067000000000009230e+01 1.954698291780258446e+00
1.069000000000009187e+01 1.965894696388057028e+00
1.071000000000009145e+01 1.956906193248801662e+00
1.073000000000009102e+01 1.910086005870007764e+00
1.075000000000009059e+01 1.898733074980260893e+00
1.077000000000009017e+01 1.979720774442726983e+00
1.079000000000008974e+01 1.898627283578033342e+00
1.081000000000008932e+01 1.869714204484249409e+00
1.083000000000008889e+01 1.900896172549948915e+00
1.085000000000008846e+01 1.885760742281956226e+00
1.087000000000008804e+01 1.851807058730339461e+00
1.089000000000008761e+01 1.872774831727136213e+00
1.091000000000008718e+01 1.838837049585859695e+00
1.093000000000008676e+01 1.887671022769809248e+00
1.095000000000008633e+01 1.799902887960674214e+00
1.097000000000008590e+01 1.831896249904258145e+00
1.099000000000008548e+01 1.844356592624426083e+00
1.101000000000008505e+01 1.832773068545556772e+00
1.103000000000008463e+01 1.788823809781663554e+00
1.105000000000008420e+01 1.798146341077709653e+00
1.107000000000008377e+01 1.727095663935688918e+00
1.109000000000008335e+01 1.766253371311631293e+00
1.111000000000008292e+01 1.736903210791356678e+00
1.113000000000008249e+01 1.714071516619081414e+00
1.115000000000008207e+01 1.768664400486260835e+00
1.117000000000008164e+01 1.759205806137616346e+00
1.119000000000008122e+01 1.693136070354283707e+00
1.121000000000008079e+01 1.732519067929172207e+00
1.123000000000008036e+01 1.689126156557996694e+00
1.125000000000007994e+01 1.698065388870231729e+00
1.127000000000007951e+01 1.681277378772756403e+00
1.129000000000007908e+01 1.683250135164648498e+00
1.131000000000007866e+01 1.697039061774248792e+00
1.133000000000007823e+01 1.671157161377342160e+00
1.135000000000007780e+01 1.666672471584465631e+00
1.137000000000007738e+01 1.654552819432352662e+00
1.139000000000007695e+01 1.673935509009965683e+00
1.141000000000007653e+01 1.621859790266860113e+00
1.143000000000007610e+01 1.593093867228890792e+00
1.145000000000007567e+01 1.640975929301487612e+00
1.147000000000007525e+01 1.633871753240292879e+00
1.149000000000007482e+01 1.608666897094896298e+00
1.151000000000007439e+01 1.599142283045251967e+00
1.153000000000007397e+01 1.574097817032043656e+00
1.155000000000007354e+01 1.577300144672632687e+00
1.157000000000007311e+01 1.583742543094395661e+00
1.159000000000007269e+01 1.597390017159881381e+00
1.161000000000007226e+01 1.576573695404538844e+00
1.163000000000007184e+01 1.572010929163874637e+00
1.165000000000007141e+01 1.540068071637084479e+00
1.167000000000007098e+01 1.523083701167215365e+00
1.169000000000007056e+01 1.549372951300366230e+00
1.171000000000007013e+01 1.544477997895166821e+00
1.173000000000006970e+01 1.489943148297079745e+00
1.175000000000006928e+01 1.522607843280961326e+00
1.177000000000006885e+01 1.489389905252104462e+00
1.179000000000006843e+01 1.507240927899387239e+00
1.181000000000006800e+01 1.513780574998525807e+00
1.183000000000006757e+01 1.466734141983516038e+00
1.185000000000006715e+01 1.449490130979348868e+00
1.187000000000006672e+01 1.459265363316327502e+00
1.189000000000006629e+01 1.472292268128974069e+00
1.191000000000006587e+01 1.429754113323580045e+00
1.193000000000006544e+01 1.444301291875288662e+00
1.195000000000006501e+01 1.409645312782546789e+00
1.197000000000006459e+01 1.427608345292660452e+00
1.199000000000006416e+01 1.389204464614096191e+00
1.201000000000006374e+01 1.422870998392247177e+00
1.203000000000006331e+01 1.356050030002294182e+00
1.205000000000006288e+01 1.412694525238872290e+00
1.207000000000006246e+01 1.360100619534830857e+00
1.209000000000006203e+01 1.372039408570975283e+00
1.211000000000006160e+01 1.376116856914433528e+00
1.213000000000006118e+01 1.365771793004096013e+00
1.215000000000006075e+01 1.343835474823769971e+00
1.217000000000006033e+01 1.330566453245671799e+00
1.219000000000005990e+01 1.331331422304617318e+00
1.221000000000005947e+01 1.300170833137835436e+00
1.223000000000005905e+01 1.298620581546563235e+00
1.225000000000005862e+01 1.318294522293924631e+00
1.227000000000005819e+01 1.296654249624410005e+00
1.229000000000005777e+01 1.262373086538011391e+00
1.231000000000005734e+01 1.275316968597068001e+00
1.233000000000005691e+01 1.285235570543053818e+00
1.235000000000005649e+01 1.250559077794346496e+00
1.237000000000005606e+01 1.247668357767320435e+00
1.239000000000005564e+01 1.246326615661197401e+00
1.241000000000005521e+01 1.221973435544071229e+00
1.243000000000005478e+01 1.238383899321789716e+00
1.245000000000005436e+01 1.233407104662231468e+00
1.247000000000005393e+01 1.177569482604236217e+00
1.249000000000005350e+01 1.208256216657129567e+00
1.251000000000005308e+01 1.211048675812054443e+00
1.253000000000005265e+01 1.194283700297150475e+00
1.255000000000005222e+01 1.173960595759397263e+00
1.257000000000005180e+01 1.165208484180728199e+00
1.259000000000005137e+01 1.133561448109255965e+00
1.261000000000005095e+01 1.126506647190941290e+00
1.263000000000005052e+01 1.138877896203899898e+00
1.265000000000005009e+01 1.139965639268028852e+00
1.267000000000004967e+01 1.130229145225452037e+00
1.269000000000004924e+01 1.097508101056539509e+00
1.271000000000004881e+01 1.143254064363537603e+00
1.273000000000004839e+01 1.084787418644758805e+00
1.275000000000004796e+01 1.109004545534500785e+00
1.277000000000004754e+01 1.093576207378559761e+00
1.279000000000004711e+01 1.107461676805817641e+00
1.281000000000004668e+01 1.059562638564232273e+00
1.283000000000004626e+01 1.082636383679340675e+00
1.285000000000004583e+01 1.058508466724407571e+00
1.287000000000004540e+01 1.049575793399251555e+00
1.289000000000004498e+01 1.032328284409878227e+00
1.291000000000004455e+01 1.048477520164149857e+00
1.293000000000004412e+01 1.057989522989283726e+00
1.295000000000004370e+01 9.875693790013535533e-01
1.297000000000004327e+01 1.017596126190098094e+00
1.299000000000004285e+01 1.027537207580617507e+00
1.301000000000004242e+01 1.031434408018341520e+00
1.303000000000004199e+01 9.910495059093158421e-01
1.305000000000004157e+01 1.025802250679888283e+00
1.307000000000004114e+01 1.006314886067395831e+00
1.309000000000004071e+01 9.593929552448700049e-01
1.311000000000004029e+01 9.813483206389808089e-01
1.313000000000003986e+01 9.824203306887628884e-01
1.315000000000003944e+01 9.320438537622047770e-01
1.317000000000003901e+01 9.458250172546317502e-01
1.319000000000003858e+01 9.545573349391230922e-01
1.321000000000003816e+01 9.403885134479136321e-01
1.323000000000003773e+01 9.178345682290559582e-01
1.325000000000003730e+01 9.158460703951064596e-01
1.327000000000003688e+01 9.015824369139089356e-01
1.329000000000003645e+01 9.097602841876695212e-01
1.331000000000003602e+01 8.608911850796332477e-01
1.333000000000003560e+01 8.972158969343239088e-01
1.335000000000003517e+01 8.765036625669253567e-01
1.337000000000003475e+01 8.677004666999185156e-01
1.339000000000003432e+01 8.957240504147178095e-01
1.341000000000003389e+01 8.312088970925607390e-01
1.343000000000003347e+01 8.453727695248699492e-01
1.345000000000003304e+01 8.476932140231708823e-01
1.347000000000003261e+01 8.511156597048284977e-01
1.349000000000003219e+01 8.034075173959774885e-01
1.351000000000003176e+01 8.314968749674691573e-01
1.353000000000003133e+01 8.092795194216001464e-01
1.355000000000003091e+01 7.906753465068937503e-01
1.357000000000003048e+01 8.033977616548118039e-01
1.359000000000003006e+01 8.005413896810398278e-01
1.361000000000002963e+01 7.784075336092538544e-01
1.363000000000002920e+01 7.603528628627265196e-01
1.365000000000002878e+01 7.670682726708697441e-01
1.367000000000002835e+01 7.312483170662463783e-01
1.369000000000002792e+01 7.357840697926573137e-01
1.371000000000002750e+01 7.032544490024061901e-01
1.373000000000002707e+01 7.110153065218971502e-01
1.375000000000002665e+01 7.281867999469916475e-01
1.377000000000002622e+01 7.167734897585936737e-01
1.379000000000002579e+01 7.157789402922702937e-01
1.381000000000002537e+01 6.733703169925115972e-01
1.383000000000002494e+01 6.784338562645553239e-01
1.385000000000002451e+01 6.731406875795866718e-01
1.387000000000002409e+01 6.554894205825581022e-01
1.389000000000002366e+01 6.538571537673079082e-01
1.391000000000002323e+01 6.554337264091716353e-01
1.393000000000002281e+01 6.429584584441198070e-01
1.395000000000002238e+01 6.283676989726504347e-01
1.397000000000002196e+01 6.106763297670193547e-01
1.399000000000002153e+01 6.251775390338812910e-01
1.401000000000002110e+01 6.059332376698387534e-01
1.403000000000002068e+01 6.012327097635429274e-01
1.405000000000002025e+01 5.755642933470711542e-01
1.407000000000001982e+01 5.794747793687047288e-01
1.409000000000001940e+01 5.665688314181739349e-01
1.411000000000001897e+01 5.848542471100328655e-01
1.413000000000001855e+01 5.549713477479379931e-01
1.415000000000001812e+01 5.353381344772859540e-01
1.417000000000001769e+01 5.533751183034140153e-01
1.419000000000001727e+01 5.170279792932649388e-01
1.421000000000001684e+01 5.132132245843490370e-01
1.423000000000001641e+01 5.056200459643284129e-01
1.425000000000001599e+01 4.894005273382658339e-01
1.427000000000001556e+01 4.737416397720412564e-01
1.429000000000001513e+01 4.558355003438143149e-01
1.431000000000001471e+01 4.590082275151569080e-01
1.433000000000001428e+01 4.464084892032080809e-01
1.435000000000001386e+01 4.519124397919664360e-01
1.437000000000001343e+01 4.342801592192586657e-01
1.439000000000001300e+01 4.131825548716906993e-01
1.441000000000001258e+01 3.954156621291349816e-01
1.443000000000001215e+01 3.912047571174017691e-01
1.445000000000001172e+01 3.646464896855888815e-01
1.447000000000001130e+01 3.857740423324295675e-01
1.449000000000001087e+01 3.453178944895610170e-01
1.451000000000001044e+01 3.411586280183664943e-01
1.453000000000001002e+01 3.206196612662217671e-01
1.455000000000000959e+01 2.999600237316429330e-01
1.457000000000000917e+01 2.685236676328695005e-01
1.459000000000000874e+01 2.021443582713153830e-01
1.461000000000000831e+01 1.304186516088738923e-01
1.463000000000000789e+01 6.410472469942424256e-02
1.465000000000000746e+01 4.472249153067980876e-02
1.467000000000000703e+01 2.240052072858749604e-02
1.469000000000000661e+01 1.125718152400244365e-02
1.471000000000000618e+01 8.437356418883759299e-03
1.473000000000000576e+01 5.621243318695146388e-03
1.475000000000000533e+01 2.808803971862526994e-03
1.477000000000000490e+01 4.778120836700959344e-10
1.479000000000000448e+01 3.652109896176798490e-10
1.481000000000000405e+01 0.000000000000000000e+00
1.483000000000000362e+01 0.000000000000000000e+00
1.485000000000000320e+01 0.000000000000000000e+00
1.487000000000000277e+01 0.000000000000000000e+00
1.489000000000000234e+01 0.000000000000000000e+00
1.491000000000000192e+01 0.000000000000000000e+00
1.493000000000000149e+01 0.000000000000000000e+00
1.495000000000000107e+01 0.000000000000000000e+00
1.497000000000000064e+01 0.000000000000000000e+00
1.499000000000000021e+01 0.000000000000000000e+00
