# Redshift		Merger Rate Density [Gpc^-3yr^-1]
1.000000000031931770e-02 1.959881985061237941e+01
3.000000000031888964e-02 1.995374677441153821e+01
5.000000000031846331e-02 2.035068010909453307e+01
7.000000000031804392e-02 2.076827120373448565e+01
9.000000000031761760e-02 2.100615833827368917e+01
1.100000000003171913e-01 2.142123118933242409e+01
1.300000000003167511e-01 2.175626830798232447e+01
1.500000000003163247e-01 2.203969263211953589e+01
1.700000000003158984e-01 2.245286851459161781e+01
1.900000000003154721e-01 2.277602176042412907e+01
2.100000000003150458e-01 2.295882279416336402e+01
2.300000000003146194e-01 2.341116779622887378e+01
2.500000000003141931e-01 2.369033892754815440e+01
2.700000000003137668e-01 2.413486312250954668e+01
2.900000000003133405e-01 2.464050270106480767e+01
3.100000000003129141e-01 2.504046496077001649e+01
3.300000000003124878e-01 2.547217395742943680e+01
3.500000000003120615e-01 2.603500347538865967e+01
3.700000000003116352e-01 2.644196123997090808e+01
3.900000000003112088e-01 2.683586642361572316e+01
4.100000000003107825e-01 2.733394775244799746e+01
4.300000000003103562e-01 2.792830108195571626e+01
4.500000000003099299e-01 2.822877135638064416e+01
4.700000000003095035e-01 2.838035826647681503e+01
4.900000000003090772e-01 2.908816838180586473e+01
5.100000000003086509e-01 2.950644782440145875e+01
5.300000000003082246e-01 2.989431555411139385e+01
5.500000000003077982e-01 3.042404011536048714e+01
5.700000000003073719e-01 3.070838544724952257e+01
5.900000000003069456e-01 3.112854724614958712e+01
6.100000000003065193e-01 3.188090458932277116e+01
6.300000000003060929e-01 3.199755741740311876e+01
6.500000000003056666e-01 3.266257723382882716e+01
6.700000000003052403e-01 3.299694845372132335e+01
6.900000000003048140e-01 3.357925798525072025e+01
7.100000000003043876e-01 3.418402342886066236e+01
7.300000000003039613e-01 3.464090991750519777e+01
7.500000000003035350e-01 3.507877691189333547e+01
7.700000000003031086e-01 3.552361180059894963e+01
7.900000000003026823e-01 3.594351211836038118e+01
8.100000000003022560e-01 3.663326646713754542e+01
8.300000000003018297e-01 3.687009907845698109e+01
8.500000000003014033e-01 3.760680102288804960e+01
8.700000000003009770e-01 3.790918354727885031e+01
8.900000000003005507e-01 3.824587816218168967e+01
9.100000000003001244e-01 3.884482719331216316e+01
9.300000000002996980e-01 3.909724804159800726e+01
9.500000000002992717e-01 3.971011451467758491e+01
9.700000000002988454e-01 3.983214160457622199e+01
9.900000000002984191e-01 4.049885760522732880e+01
1.010000000000297993e+00 4.097225663928772121e+01
1.030000000000297566e+00 4.130193879881763763e+01
1.050000000000297140e+00 4.171715988289651023e+01
1.070000000000296714e+00 4.218077496450966635e+01
1.090000000000296287e+00 4.236713940402714940e+01
1.110000000000295861e+00 4.255770975981575077e+01
1.130000000000295435e+00 4.299967856653168496e+01
1.150000000000295008e+00 4.352809129950446021e+01
1.170000000000294582e+00 4.373531013362823927e+01
1.190000000000294156e+00 4.393822519531574500e+01
1.210000000000293729e+00 4.424439621750987328e+01
1.230000000000293303e+00 4.469062301392337844e+01
1.250000000000292877e+00 4.498248663631662225e+01
1.270000000000292451e+00 4.500510466626110428e+01
1.290000000000292024e+00 4.579272598045774600e+01
1.310000000000291598e+00 4.570548573310820473e+01
1.330000000000291172e+00 4.609909964415627570e+01
1.350000000000290745e+00 4.630981825518522044e+01
1.370000000000290319e+00 4.653671332556453422e+01
1.390000000000289893e+00 4.699337990722109737e+01
1.410000000000289466e+00 4.708969072176762438e+01
1.430000000000289040e+00 4.729537318935457790e+01
1.450000000000288614e+00 4.753286719434336050e+01
1.470000000000288187e+00 4.789824136363140639e+01
1.490000000000287761e+00 4.791639913659948036e+01
1.510000000000287335e+00 4.832930274500810697e+01
1.530000000000286908e+00 4.832391334313542330e+01
1.550000000000286482e+00 4.870405343311967528e+01
1.570000000000286056e+00 4.871358874180038612e+01
1.590000000000285629e+00 4.870204444332991756e+01
1.610000000000285203e+00 4.886054509189398942e+01
1.630000000000284777e+00 4.914853592566582563e+01
1.650000000000284350e+00 4.909887622212277591e+01
1.670000000000283924e+00 4.952166941062527172e+01
1.690000000000283498e+00 4.912879180215163188e+01
1.710000000000283071e+00 4.955148494974272211e+01
1.730000000000282645e+00 4.963686775648042016e+01
1.750000000000282219e+00 4.935904402621294196e+01
1.770000000000281792e+00 4.948990488783342556e+01
1.790000000000281366e+00 4.978365247820261885e+01
1.810000000000280940e+00 4.972016262891043681e+01
1.830000000000280513e+00 4.973444696537681864e+01
1.850000000000280087e+00 4.973833380013286387e+01
1.870000000000279661e+00 4.962586000633933025e+01
1.890000000000279234e+00 4.959365593873722133e+01
1.910000000000278808e+00 4.986648181942479852e+01
1.930000000000278382e+00 4.971715980103640220e+01
1.950000000000277955e+00 4.950105063603474065e+01
1.970000000000277529e+00 4.959059716414834185e+01
1.990000000000277103e+00 4.934618884086569324e+01
2.010000000000276899e+00 4.931817055355142543e+01
2.030000000000276472e+00 4.918181876073523995e+01
2.050000000000276046e+00 4.918842051199544585e+01
2.070000000000275620e+00 4.920824145025014928e+01
2.090000000000275193e+00 4.878693900103056791e+01
2.110000000000274767e+00 4.881561619285617581e+01
2.130000000000274341e+00 4.857718034007788788e+01
2.150000000000273914e+00 4.852206380384186701e+01
2.170000000000273488e+00 4.808715924350089210e+01
2.190000000000273062e+00 4.814712079278109513e+01
2.210000000000272635e+00 4.789345906953901277e+01
2.230000000000272209e+00 4.787966216652523599e+01
2.250000000000271783e+00 4.757232369968261310e+01
2.270000000000271356e+00 4.743393729281179105e+01
2.290000000000270930e+00 4.673926530960112302e+01
2.310000000000270504e+00 4.702655347471943514e+01
2.330000000000270077e+00 4.661355717590075187e+01
2.350000000000269651e+00 4.654842857349044749e+01
2.370000000000269225e+00 4.622205096712610839e+01
2.390000000000268798e+00 4.586358369529155965e+01
2.410000000000268372e+00 4.571068648753754360e+01
2.430000000000267946e+00 4.545036113818613188e+01
2.450000000000267519e+00 4.535769244595922345e+01
2.470000000000267093e+00 4.504775167292849147e+01
2.490000000000266667e+00 4.447100195889594687e+01
2.510000000000266240e+00 4.445486114896137764e+01
2.530000000000265814e+00 4.411351430456722511e+01
2.550000000000265388e+00 4.373165961326017026e+01
2.570000000000264961e+00 4.338343733337924846e+01
2.590000000000264535e+00 4.325641374470013290e+01
2.610000000000264109e+00 4.302327548665575563e+01
2.630000000000263682e+00 4.267147360279828661e+01
2.650000000000263256e+00 4.262874814397603274e+01
2.670000000000262830e+00 4.192206149778457558e+01
2.690000000000262403e+00 4.181412118418684543e+01
2.710000000000261977e+00 4.143383422640081193e+01
2.730000000000261551e+00 4.115284385257090349e+01
2.750000000000261124e+00 4.116987737414198989e+01
2.770000000000260698e+00 4.050840552259126781e+01
2.790000000000260272e+00 4.034840978005048839e+01
2.810000000000259845e+00 4.021059775645439061e+01
2.830000000000259419e+00 3.949313493627892058e+01
2.850000000000258993e+00 3.951074806542752782e+01
2.870000000000258567e+00 3.933878992281755416e+01
2.890000000000258140e+00 3.863857402251922224e+01
2.910000000000257714e+00 3.858730644908827401e+01
2.930000000000257288e+00 3.836277573812288466e+01
2.950000000000256861e+00 3.801183140574500641e+01
2.970000000000256435e+00 3.787961366864279000e+01
2.990000000000256009e+00 3.732005292206401492e+01
3.010000000000255582e+00 3.714800843495004301e+01
3.030000000000255156e+00 3.674933411935979422e+01
3.050000000000254730e+00 3.666618120038030071e+01
3.070000000000254303e+00 3.630442818590371701e+01
3.090000000000253877e+00 3.582624083182000874e+01
3.110000000000253451e+00 3.568824324630516998e+01
3.130000000000253024e+00 3.558570519340106131e+01
3.150000000000252598e+00 3.521734305396945786e+01
3.170000000000252172e+00 3.503403555142310211e+01
3.190000000000251745e+00 3.464071934957154753e+01
3.210000000000251319e+00 3.434415383995051485e+01
3.230000000000250893e+00 3.418503556786597386e+01
3.250000000000250466e+00 3.402855886083858650e+01
3.270000000000250040e+00 3.359352334782224148e+01
3.290000000000249614e+00 3.344692860422965452e+01
3.310000000000249187e+00 3.306612000058403567e+01
3.330000000000248761e+00 3.302778650614062173e+01
3.350000000000248335e+00 3.268778016157455113e+01
3.370000000000247908e+00 3.245226450759233217e+01
3.390000000000247482e+00 3.224133466108699508e+01
3.410000000000247056e+00 3.195874239459327626e+01
3.430000000000246629e+00 3.166312962753894666e+01
3.450000000000246203e+00 3.160572208022631813e+01
3.470000000000245777e+00 3.110975334501093315e+01
3.490000000000245350e+00 3.117138778722333825e+01
3.510000000000244924e+00 3.069859200043685021e+01
3.530000000000244498e+00 3.061611559866621235e+01
3.550000000000244071e+00 3.049284692765269966e+01
3.570000000000243645e+00 3.038555611490142994e+01
3.590000000000243219e+00 3.001305337608442159e+01
3.610000000000242792e+00 2.968699710549430293e+01
3.630000000000242366e+00 2.944719556961121398e+01
3.650000000000241940e+00 2.923062441057526328e+01
3.670000000000241513e+00 2.910446927885872981e+01
3.690000000000241087e+00 2.900965731099094924e+01
3.710000000000240661e+00 2.871128997181833498e+01
3.730000000000240234e+00 2.867821958911768121e+01
3.750000000000239808e+00 2.823432194944172480e+01
3.770000000000239382e+00 2.806024612102741855e+01
3.790000000000238956e+00 2.801635604310181549e+01
3.810000000000238529e+00 2.769887984648549661e+01
3.830000000000238103e+00 2.767647264728043410e+01
3.850000000000237677e+00 2.741038663588764024e+01
3.870000000000237250e+00 2.728017859286061864e+01
3.890000000000236824e+00 2.700476430555893614e+01
3.910000000000236398e+00 2.694865397067728452e+01
3.930000000000235971e+00 2.669081107053879620e+01
3.950000000000235545e+00 2.644038542249578683e+01
3.970000000000235119e+00 2.624603102098848950e+01
3.990000000000234692e+00 2.607626352473800324e+01
4.010000000000234266e+00 2.611542116240364209e+01
4.030000000000233840e+00 2.589486484772375618e+01
4.050000000000233413e+00 2.571242706411510071e+01
4.070000000000232987e+00 2.535492603716219406e+01
4.090000000000232561e+00 2.529020748068145608e+01
4.110000000000232134e+00 2.508099912974052970e+01
4.130000000000231708e+00 2.501516117441940423e+01
4.150000000000231282e+00 2.490152126867017657e+01
4.170000000000230855e+00 2.461132569672810533e+01
4.190000000000230429e+00 2.458942103264993051e+01
4.210000000000230003e+00 2.437080527499712090e+01
4.230000000000229576e+00 2.417590074642916775e+01
4.250000000000229150e+00 2.415135427970411541e+01
4.270000000000228724e+00 2.386949856199608178e+01
4.290000000000228297e+00 2.371038461902275074e+01
4.310000000000227871e+00 2.351248847118783303e+01
4.330000000000227445e+00 2.360327756917191877e+01
4.350000000000227018e+00 2.331903046583317263e+01
4.370000000000226592e+00 2.300800646263604676e+01
4.390000000000226166e+00 2.306996760444464201e+01
4.410000000000225739e+00 2.286690341568064611e+01
4.430000000000225313e+00 2.286425256899167735e+01
4.450000000000224887e+00 2.254515950140018532e+01
4.470000000000224460e+00 2.241007153155235088e+01
4.490000000000224034e+00 2.226356745154593142e+01
4.510000000000223608e+00 2.216528604344444275e+01
4.530000000000223181e+00 2.213079041009698855e+01
4.550000000000222755e+00 2.182903232715097985e+01
4.570000000000222329e+00 2.175910401440881614e+01
4.590000000000221902e+00 2.169579849700424390e+01
4.610000000000221476e+00 2.154455250424824797e+01
4.630000000000221050e+00 2.142236303157558908e+01
4.650000000000220624e+00 2.130803212717792050e+01
4.670000000000220197e+00 2.120162549982275024e+01
4.690000000000219771e+00 2.094473537347881376e+01
4.710000000000219345e+00 2.087842386526325456e+01
4.730000000000218918e+00 2.084264933181917101e+01
4.750000000000218492e+00 2.055721912778052385e+01
4.770000000000218066e+00 2.070488224931164822e+01
4.790000000000217639e+00 2.040945895113455677e+01
4.810000000000217213e+00 2.045268936201817667e+01
4.830000000000216787e+00 2.027799379225043808e+01
4.850000000000216360e+00 2.008686865364375151e+01
4.870000000000215934e+00 2.008166713116050772e+01
4.890000000000215508e+00 1.987849436947497850e+01
4.910000000000215081e+00 1.977888239629328382e+01
4.930000000000214655e+00 1.964027577466474384e+01
4.950000000000214229e+00 1.961226374327170063e+01
4.970000000000213802e+00 1.942482947449149577e+01
4.990000000000213376e+00 1.954514999800475650e+01
5.010000000000212950e+00 1.920455630351629850e+01
5.030000000000212523e+00 1.913125298871728930e+01
5.050000000000212097e+00 1.914461694306279682e+01
5.070000000000211671e+00 1.895287313958061759e+01
5.090000000000211244e+00 1.882253904983435078e+01
5.110000000000210818e+00 1.884922113229301033e+01
5.130000000000210392e+00 1.867421965204202650e+01
5.150000000000209965e+00 1.859667628651618543e+01
5.170000000000209539e+00 1.848730845347210305e+01
5.190000000000209113e+00 1.835698942105283749e+01
5.210000000000208686e+00 1.833413686992445690e+01
5.230000000000208260e+00 1.819480620081273869e+01
5.250000000000207834e+00 1.819493335265322287e+01
5.270000000000207407e+00 1.798670162035631392e+01
5.290000000000206981e+00 1.791868982162520396e+01
5.310000000000206555e+00 1.787491705510995743e+01
5.330000000000206128e+00 1.782050643060033934e+01
5.350000000000205702e+00 1.759400639868013627e+01
5.370000000000205276e+00 1.761609901207481599e+01
5.390000000000204849e+00 1.763019779444143964e+01
5.410000000000204423e+00 1.742775978612410626e+01
5.430000000000203997e+00 1.730865747624923756e+01
5.450000000000203570e+00 1.732549388256770229e+01
5.470000000000203144e+00 1.723187587256795084e+01
5.490000000000202718e+00 1.714426136590091332e+01
5.510000000000202292e+00 1.698247982163423586e+01
5.530000000000201865e+00 1.701900629946634069e+01
5.550000000000201439e+00 1.686978894289903508e+01
5.570000000000201013e+00 1.672957966857211431e+01
5.590000000000200586e+00 1.666449192577607263e+01
5.610000000000200160e+00 1.664855525427899252e+01
5.630000000000199734e+00 1.657434108417248808e+01
5.650000000000199307e+00 1.649625176412489225e+01
5.670000000000198881e+00 1.644966865467665684e+01
5.690000000000198455e+00 1.636991834348221531e+01
5.710000000000198028e+00 1.622729411805728006e+01
5.730000000000197602e+00 1.614305143341012538e+01
5.750000000000197176e+00 1.612693561446528179e+01
5.770000000000196749e+00 1.600382612488851919e+01
5.790000000000196323e+00 1.587182923819060854e+01
5.810000000000195897e+00 1.594530257211327573e+01
5.830000000000195470e+00 1.579460048356492408e+01
5.850000000000195044e+00 1.576216512395260416e+01
5.870000000000194618e+00 1.562273207229856808e+01
5.890000000000194191e+00 1.562384467030283552e+01
5.910000000000193765e+00 1.559340918399092324e+01
5.930000000000193339e+00 1.541823536539864570e+01
5.950000000000192912e+00 1.542508057677227917e+01
5.970000000000192486e+00 1.530853589146109428e+01
5.990000000000192060e+00 1.520502054880398468e+01
6.010000000000191633e+00 1.517777031897600537e+01
6.030000000000191207e+00 1.519107779186183116e+01
6.050000000000190781e+00 1.502419745456582945e+01
6.070000000000190354e+00 1.495785508185125678e+01
6.090000000000189928e+00 1.483166837121363635e+01
6.110000000000189502e+00 1.493059796660484295e+01
6.130000000000189075e+00 1.479177037072540912e+01
6.150000000000188649e+00 1.473019051688361358e+01
6.170000000000188223e+00 1.459137672748716064e+01
6.190000000000187796e+00 1.455832863940855049e+01
6.210000000000187370e+00 1.450127893321097083e+01
6.230000000000186944e+00 1.448085178576285692e+01
6.250000000000186517e+00 1.430884656578049707e+01
6.270000000000186091e+00 1.434807043207983668e+01
6.290000000000185665e+00 1.419821710374253065e+01
6.310000000000185238e+00 1.414327016273609594e+01
6.330000000000184812e+00 1.411617168119056487e+01
6.350000000000184386e+00 1.405725550590825357e+01
6.370000000000183960e+00 1.405422798762320902e+01
6.390000000000183533e+00 1.394861634310901621e+01
6.410000000000183107e+00 1.376026099572352202e+01
6.430000000000182681e+00 1.387200743914032053e+01
6.450000000000182254e+00 1.378268494350788842e+01
6.470000000000181828e+00 1.372045560469153713e+01
6.490000000000181402e+00 1.355921149011474469e+01
6.510000000000180975e+00 1.352214053281926809e+01
6.530000000000180549e+00 1.350936245048389495e+01
6.550000000000180123e+00 1.344539367526391160e+01
6.570000000000179696e+00 1.340285591600450665e+01
6.590000000000179270e+00 1.339849920301331210e+01
6.610000000000178844e+00 1.325833059743913900e+01
6.630000000000178417e+00 1.317827752757247595e+01
6.650000000000177991e+00 1.313309876106180774e+01
6.670000000000177565e+00 1.317656975097263405e+01
6.690000000000177138e+00 1.305679460672479664e+01
6.710000000000176712e+00 1.293696097425364400e+01
6.730000000000176286e+00 1.294729619761043615e+01
6.750000000000175859e+00 1.290645151815603242e+01
6.770000000000175433e+00 1.288236807401132822e+01
6.790000000000175007e+00 1.267360588858194248e+01
6.810000000000174580e+00 1.273655125695293222e+01
6.830000000000174154e+00 1.263177610832141440e+01
6.850000000000173728e+00 1.263614300255786738e+01
6.870000000000173301e+00 1.251467796342195982e+01
6.890000000000172875e+00 1.253126515452718870e+01
6.910000000000172449e+00 1.242515004689841795e+01
6.930000000000172022e+00 1.241417173994123679e+01
6.950000000000171596e+00 1.234697298598081971e+01
6.970000000000171170e+00 1.235539208394231103e+01
6.990000000000170743e+00 1.220157882055473841e+01
7.010000000000170317e+00 1.220897231573337649e+01
7.030000000000169891e+00 1.215491857076552051e+01
7.050000000000169464e+00 1.209924808394766949e+01
7.070000000000169038e+00 1.204891122631251221e+01
7.090000000000168612e+00 1.200350088982311014e+01
7.110000000000168185e+00 1.193176904352199230e+01
7.130000000000167759e+00 1.191252218910521243e+01
7.150000000000167333e+00 1.182322042999489220e+01
7.170000000000166906e+00 1.185834312646664124e+01
7.190000000000166480e+00 1.174228381422076239e+01
7.210000000000166054e+00 1.171264642439942882e+01
7.230000000000165628e+00 1.163897617113612171e+01
7.250000000000165201e+00 1.164486423698264339e+01
7.270000000000164775e+00 1.155206783794297820e+01
7.290000000000164349e+00 1.157964593553161592e+01
7.310000000000163922e+00 1.148395391996192316e+01
7.330000000000163496e+00 1.140348774866486714e+01
7.350000000000163070e+00 1.137817007140438363e+01
7.370000000000162643e+00 1.132556387265416475e+01
7.390000000000162217e+00 1.135932127891283194e+01
7.410000000000161791e+00 1.124872791712279430e+01
7.430000000000161364e+00 1.117049578046622926e+01
7.450000000000160938e+00 1.119144781214078677e+01
7.470000000000160512e+00 1.110899345412467021e+01
7.490000000000160085e+00 1.107178898809345569e+01
7.510000000000159659e+00 1.106981322748474739e+01
7.530000000000159233e+00 1.095016593283193451e+01
7.550000000000158806e+00 1.092129213871735516e+01
7.570000000000158380e+00 1.089335813052107049e+01
7.590000000000157954e+00 1.088521325337633172e+01
7.610000000000157527e+00 1.083904901383806596e+01
7.630000000000157101e+00 1.074669696904911120e+01
7.650000000000156675e+00 1.072480404595627945e+01
7.670000000000156248e+00 1.065094440726647917e+01
7.690000000000155822e+00 1.065787840886376792e+01
7.710000000000155396e+00 1.061921212606317688e+01
7.730000000000154969e+00 1.054212687384706904e+01
7.750000000000154543e+00 1.055233958936313776e+01
7.770000000000154117e+00 1.046625530904514534e+01
7.790000000000153690e+00 1.038333578570429161e+01
7.810000000000153264e+00 1.038973054427584053e+01
7.830000000000152838e+00 1.034808454279203005e+01
7.850000000000152411e+00 1.033991239106201654e+01
7.870000000000151985e+00 1.027660195132423482e+01
7.890000000000151559e+00 1.019638750970741903e+01
7.910000000000151132e+00 1.016552728247022408e+01
7.930000000000150706e+00 1.016371406405511024e+01
7.950000000000150280e+00 1.013467681145994348e+01
7.970000000000149853e+00 1.006031110386334504e+01
7.990000000000149427e+00 9.983605438562760170e+00
8.010000000000149001e+00 9.979413712451787433e+00
8.030000000000148574e+00 9.950759118651829382e+00
8.050000000000148148e+00 9.890907779869490213e+00
8.070000000000147722e+00 9.856962363520787918e+00
8.090000000000147296e+00 9.837080984954198470e+00
8.110000000000146869e+00 9.759753059230575900e+00
8.130000000000146443e+00 9.761979802069891576e+00
8.150000000000146017e+00 9.717669056775722680e+00
8.170000000000145590e+00 9.630147360785912269e+00
8.190000000000145164e+00 9.624798235774859378e+00
8.210000000000144738e+00 9.624552216656351078e+00
8.230000000000144311e+00 9.551315214809498855e+00
8.250000000000143885e+00 9.528630943825151078e+00
8.270000000000143459e+00 9.485113497192307008e+00
8.290000000000143032e+00 9.415763704174162640e+00
8.310000000000142606e+00 9.365916000556719467e+00
8.330000000000142180e+00 9.327671360269565781e+00
8.350000000000141753e+00 9.315570693069718189e+00
8.370000000000141327e+00 9.313197796253353644e+00
8.390000000000140901e+00 9.230804217561047409e+00
8.410000000000140474e+00 9.219041060928759634e+00
8.430000000000140048e+00 9.135661705181597370e+00
8.450000000000139622e+00 9.140804927039395622e+00
8.470000000000139195e+00 9.087048885742829540e+00
8.490000000000138769e+00 8.998792626384766180e+00
8.510000000000138343e+00 9.030836158382889778e+00
8.530000000000137916e+00 8.965290480053170086e+00
8.550000000000137490e+00 8.944352209304057055e+00
8.570000000000137064e+00 8.909074004654856438e+00
8.590000000000136637e+00 8.865981253850710786e+00
8.610000000000136211e+00 8.844632006286115455e+00
8.630000000000135785e+00 8.765196674620320039e+00
8.650000000000135358e+00 8.725202549547404374e+00
8.670000000000134932e+00 8.756941468432136944e+00
8.690000000000134506e+00 8.647085881121318707e+00
8.710000000000134079e+00 8.614747062286307155e+00
8.730000000000133653e+00 8.577032472726079604e+00
8.750000000000133227e+00 8.557530472014370559e+00
8.770000000000132800e+00 8.539842087452091945e+00
8.790000000000132374e+00 8.502524775886771025e+00
8.810000000000131948e+00 8.472167344720665128e+00
8.830000000000131521e+00 8.415466506208590047e+00
8.850000000000131095e+00 8.401040943613462986e+00
8.870000000000130669e+00 8.339069994610447623e+00
8.890000000000130242e+00 8.292323606598410279e+00
8.910000000000129816e+00 8.285827232060588798e+00
8.930000000000129390e+00 8.227620507643337078e+00
8.950000000000128964e+00 8.218855909737499132e+00
8.970000000000128537e+00 8.142134922418842180e+00
8.990000000000128111e+00 8.144044043264623056e+00
9.010000000000127685e+00 8.115701592181343571e+00
9.030000000000127258e+00 8.074195372242529700e+00
9.050000000000126832e+00 8.030247812837639998e+00
9.070000000000126406e+00 8.000217616918602559e+00
9.090000000000125979e+00 7.955344003560651522e+00
9.110000000000125553e+00 7.904757964136511994e+00
9.130000000000125127e+00 7.904396342531482489e+00
9.150000000000124700e+00 7.865390120355412407e+00
9.170000000000124274e+00 7.823708550863910816e+00
9.190000000000123848e+00 7.791298494127362417e+00
9.210000000000123421e+00 7.743623937213469866e+00
9.230000000000122995e+00 7.707661151552919421e+00
9.250000000000122569e+00 7.712658225770279152e+00
9.270000000000122142e+00 7.630596775751777194e+00
9.290000000000121716e+00 7.579375350873998052e+00
9.310000000000121290e+00 7.574684363067067494e+00
9.330000000000120863e+00 7.556819199747115690e+00
9.350000000000120437e+00 7.540137194058242009e+00
9.370000000000120011e+00 7.472887763514424186e+00
9.390000000000119584e+00 7.446031304389246763e+00
9.410000000000119158e+00 7.409776995397692190e+00
9.430000000000118732e+00 7.410235349151601092e+00
9.450000000000118305e+00 7.360227875207080217e+00
9.470000000000117879e+00 7.304130128626961316e+00
9.490000000000117453e+00 7.271169602295957546e+00
9.510000000000117026e+00 7.276795123518423836e+00
9.530000000000116600e+00 7.204818168788027499e+00
9.550000000000116174e+00 7.218737267025776561e+00
9.570000000000115747e+00 7.163635615150126590e+00
9.590000000000115321e+00 7.107634053097538818e+00
9.610000000000114895e+00 7.090189774945746315e+00
9.630000000000114468e+00 7.090723847385994816e+00
9.650000000000114042e+00 7.013709826530600822e+00
9.670000000000113616e+00 6.981720671737926764e+00
9.690000000000113189e+00 6.963583588553806436e+00
9.710000000000112763e+00 6.930120909317848188e+00
9.730000000000112337e+00 6.877770991272027956e+00
9.750000000000111910e+00 6.843863132605894073e+00
9.770000000000111484e+00 6.815091749342213845e+00
9.790000000000111058e+00 6.796869390579494130e+00
9.810000000000110632e+00 6.767082780935633757e+00
9.830000000000110205e+00 6.723746517508767617e+00
9.850000000000109779e+00 6.691713416938571690e+00
9.870000000000109353e+00 6.644004041605345634e+00
9.890000000000108926e+00 6.665739694848920927e+00
9.910000000000108500e+00 6.607978545368191625e+00
9.930000000000108074e+00 6.590417674308369556e+00
9.950000000000107647e+00 6.571635041731860305e+00
9.970000000000107221e+00 6.503421466664931039e+00
9.990000000000106795e+00 6.486495084091178143e+00
1.001000000000010637e+01 6.456271506703547658e+00
1.003000000000010594e+01 6.483921133876845211e+00
1.005000000000010552e+01 6.398924710580753406e+00
1.007000000000010509e+01 6.366859918494704118e+00
1.009000000000010466e+01 6.360799852744612792e+00
1.011000000000010424e+01 6.321043278223617889e+00
1.013000000000010381e+01 6.282755228700246164e+00
1.015000000000010338e+01 6.232611518267852979e+00
1.017000000000010296e+01 6.238618486501753324e+00
1.019000000000010253e+01 6.156570890184434042e+00
1.021000000000010210e+01 6.164322211589450262e+00
1.023000000000010168e+01 6.139557685368460582e+00
1.025000000000010125e+01 6.109404937840115402e+00
1.027000000000010083e+01 6.080162924481502529e+00
1.029000000000010040e+01 6.014877306812056901e+00
1.031000000000009997e+01 6.028420524673667735e+00
1.033000000000009955e+01 5.977763887189921910e+00
1.035000000000009912e+01 5.957712130529092320e+00
1.037000000000009869e+01 5.932180500277343782e+00
1.039000000000009827e+01 5.888328925033046168e+00
1.041000000000009784e+01 5.863751923459214588e+00
1.043000000000009742e+01 5.843201244239595304e+00
1.045000000000009699e+01 5.821895365042363935e+00
1.047000000000009656e+01 5.812366791512659780e+00
1.049000000000009614e+01 5.768152538729969692e+00
1.051000000000009571e+01 5.739173824488045028e+00
1.053000000000009528e+01 5.733230796407657870e+00
1.055000000000009486e+01 5.668979819107286211e+00
1.057000000000009443e+01 5.639180699946032327e+00
1.059000000000009400e+01 5.610235622239686748e+00
1.061000000000009358e+01 5.588944369023993275e+00
1.063000000000009315e+01 5.580432023882512027e+00
1.065000000000009273e+01 5.507750352094735291e+00
1.067000000000009230e+01 5.509361243111690065e+00
1.069000000000009187e+01 5.471144443071252361e+00
1.071000000000009145e+01 5.436463887600667455e+00
1.073000000000009102e+01 5.408675337818840134e+00
1.075000000000009059e+01 5.393374279943153660e+00
1.077000000000009017e+01 5.362659516973181439e+00
1.079000000000008974e+01 5.320122016986556623e+00
1.081000000000008932e+01 5.337571450939016415e+00
1.083000000000008889e+01 5.283437835786740422e+00
1.085000000000008846e+01 5.266383771874733277e+00
1.087000000000008804e+01 5.229931074600417951e+00
1.089000000000008761e+01 5.210056863359220358e+00
1.091000000000008718e+01 5.216413397253500506e+00
1.093000000000008676e+01 5.167331368566967953e+00
1.095000000000008633e+01 5.144920527707645519e+00
1.097000000000008590e+01 5.133555366941389586e+00
1.099000000000008548e+01 5.103575262593249562e+00
1.101000000000008505e+01 5.061450539234315649e+00
1.103000000000008463e+01 5.025292572953954817e+00
1.105000000000008420e+01 4.989989666239694976e+00
1.107000000000008377e+01 4.975404162274505993e+00
1.109000000000008335e+01 4.960617878927280344e+00
1.111000000000008292e+01 4.908882023378300374e+00
1.113000000000008249e+01 4.882721201657351351e+00
1.115000000000008207e+01 4.873835241626537140e+00
1.117000000000008164e+01 4.825210754713660677e+00
1.119000000000008122e+01 4.828765136253736046e+00
1.121000000000008079e+01 4.805933796942642999e+00
1.123000000000008036e+01 4.766069211266350969e+00
1.125000000000007994e+01 4.742109443464273433e+00
1.127000000000007951e+01 4.714154045490195344e+00
1.129000000000007908e+01 4.698419009903783028e+00
1.131000000000007866e+01 4.683594963634659436e+00
1.133000000000007823e+01 4.653554787264724268e+00
1.135000000000007780e+01 4.617538647875611524e+00
1.137000000000007738e+01 4.618836445562307880e+00
1.139000000000007695e+01 4.562340191354520513e+00
1.141000000000007653e+01 4.577667871996050408e+00
1.143000000000007610e+01 4.503475929585015081e+00
1.145000000000007567e+01 4.505278875714764375e+00
1.147000000000007525e+01 4.498943294106528157e+00
1.149000000000007482e+01 4.425784610518852524e+00
1.151000000000007439e+01 4.437600219570086324e+00
1.153000000000007397e+01 4.384900324462748245e+00
1.155000000000007354e+01 4.361948495203058940e+00
1.157000000000007311e+01 4.343752781214001324e+00
1.159000000000007269e+01 4.321297715738067424e+00
1.161000000000007226e+01 4.302771956277286591e+00
1.163000000000007184e+01 4.275324544622148615e+00
1.165000000000007141e+01 4.253825251292852272e+00
1.167000000000007098e+01 4.213167801478562957e+00
1.169000000000007056e+01 4.205775941086929315e+00
1.171000000000007013e+01 4.183615346424694792e+00
1.173000000000006970e+01 4.142012282735462847e+00
1.175000000000006928e+01 4.154021695213175214e+00
1.177000000000006885e+01 4.137558365514075298e+00
1.179000000000006843e+01 4.108141210609560723e+00
1.181000000000006800e+01 4.069287923273051888e+00
1.183000000000006757e+01 4.044903159070211807e+00
1.185000000000006715e+01 4.032088406964248861e+00
1.187000000000006672e+01 4.011020816425491020e+00
1.189000000000006629e+01 3.981124458610622696e+00
1.191000000000006587e+01 3.932979799651838526e+00
1.193000000000006544e+01 3.935777100215207103e+00
1.195000000000006501e+01 3.899804408538968037e+00
1.197000000000006459e+01 3.871568394003478630e+00
1.199000000000006416e+01 3.850364716854095537e+00
1.201000000000006374e+01 3.815523033537165265e+00
1.203000000000006331e+01 3.816360308457743766e+00
1.205000000000006288e+01 3.777656584604067280e+00
1.207000000000006246e+01 3.752720144070369024e+00
1.209000000000006203e+01 3.750975739385801866e+00
1.211000000000006160e+01 3.711963362059246041e+00
1.213000000000006118e+01 3.703716327561742183e+00
1.215000000000006075e+01 3.667707457416061967e+00
1.217000000000006033e+01 3.633406585209779660e+00
1.219000000000005990e+01 3.645731611905794090e+00
1.221000000000005947e+01 3.597866034444134442e+00
1.223000000000005905e+01 3.556792668434649585e+00
1.225000000000005862e+01 3.564257869376087129e+00
1.227000000000005819e+01 3.529827476067141756e+00
1.229000000000005777e+01 3.509265947568604549e+00
1.231000000000005734e+01 3.473083875667031695e+00
1.233000000000005691e+01 3.448406967223800024e+00
1.235000000000005649e+01 3.432313441577316659e+00
1.237000000000005606e+01 3.413901773739502765e+00
1.239000000000005564e+01 3.379551760298600716e+00
1.241000000000005521e+01 3.357747550132962999e+00
1.243000000000005478e+01 3.369943245209590987e+00
1.245000000000005436e+01 3.312806673033305671e+00
1.247000000000005393e+01 3.291163566190183243e+00
1.249000000000005350e+01 3.293060659364595466e+00
1.251000000000005308e+01 3.246859119886736700e+00
1.253000000000005265e+01 3.242000680037262494e+00
1.255000000000005222e+01 3.219423441011334042e+00
1.257000000000005180e+01 3.197609192261891664e+00
1.259000000000005137e+01 3.169959005172819477e+00
1.261000000000005095e+01 3.162102519402821166e+00
1.263000000000005052e+01 3.114387607786702095e+00
1.265000000000005009e+01 3.085829393794951248e+00
1.267000000000004967e+01 3.070154526789594218e+00
1.269000000000004924e+01 3.066398352583590281e+00
1.271000000000004881e+01 3.024142962896426923e+00
1.273000000000004839e+01 3.008937133660429808e+00
1.275000000000004796e+01 2.971966025752949214e+00
1.277000000000004754e+01 2.963018854870091978e+00
1.279000000000004711e+01 2.901481221827003854e+00
1.281000000000004668e+01 2.902122602979980925e+00
1.283000000000004626e+01 2.890723134644253900e+00
1.285000000000004583e+01 2.855655947191594102e+00
1.287000000000004540e+01 2.846104894559673859e+00
1.289000000000004498e+01 2.812328878040430968e+00
1.291000000000004455e+01 2.794204402776074403e+00
1.293000000000004412e+01 2.774847265410663066e+00
1.295000000000004370e+01 2.740231130675803595e+00
1.297000000000004327e+01 2.746141091787420940e+00
1.299000000000004285e+01 2.721131002125477760e+00
1.301000000000004242e+01 2.680687631887585187e+00
1.303000000000004199e+01 2.638253895088793932e+00
1.305000000000004157e+01 2.622748333676219179e+00
1.307000000000004114e+01 2.603705392461052703e+00
1.309000000000004071e+01 2.567783808192165562e+00
1.311000000000004029e+01 2.561607132258487241e+00
1.313000000000003986e+01 2.525563137818986892e+00
1.315000000000003944e+01 2.513124793368149756e+00
1.317000000000003901e+01 2.459780972181203840e+00
1.319000000000003858e+01 2.444701178589653079e+00
1.321000000000003816e+01 2.416105755087921025e+00
1.323000000000003773e+01 2.383674012433032008e+00
1.325000000000003730e+01 2.375958754549350349e+00
1.327000000000003688e+01 2.340907003020772148e+00
1.329000000000003645e+01 2.316191459546208087e+00
1.331000000000003602e+01 2.285686690284113087e+00
1.333000000000003560e+01 2.268306976177850487e+00
1.335000000000003517e+01 2.229049792381811557e+00
1.337000000000003475e+01 2.171266028658952685e+00
1.339000000000003432e+01 2.169011532444728996e+00
1.341000000000003389e+01 2.144354433564053419e+00
1.343000000000003347e+01 2.116678893040111920e+00
1.345000000000003304e+01 2.073092885465378288e+00
1.347000000000003261e+01 2.038835503503607871e+00
1.349000000000003219e+01 2.017776688207550517e+00
1.351000000000003176e+01 1.987394730281959232e+00
1.353000000000003133e+01 1.951335672508184960e+00
1.355000000000003091e+01 1.932751032442086458e+00
1.357000000000003048e+01 1.894803065275467713e+00
1.359000000000003006e+01 1.874922713259298712e+00
1.361000000000002963e+01 1.830588924214672231e+00
1.363000000000002920e+01 1.811169243257992667e+00
1.365000000000002878e+01 1.781255486082545803e+00
1.367000000000002835e+01 1.756331812688533889e+00
1.369000000000002792e+01 1.728936783020224244e+00
1.371000000000002750e+01 1.685816579652906322e+00
1.373000000000002707e+01 1.659104454962963215e+00
1.375000000000002665e+01 1.627132724471260117e+00
1.377000000000002622e+01 1.591375134612546871e+00
1.379000000000002579e+01 1.577663415283856896e+00
1.381000000000002537e+01 1.528943820972358036e+00
1.383000000000002494e+01 1.488796879162693765e+00
1.385000000000002451e+01 1.475565506655044823e+00
1.387000000000002409e+01 1.448283562833781568e+00
1.389000000000002366e+01 1.423010321041343840e+00
1.391000000000002323e+01 1.392380738401626905e+00
1.393000000000002281e+01 1.359872906561423900e+00
1.395000000000002238e+01 1.328413071438954152e+00
1.397000000000002196e+01 1.290633734528997989e+00
1.399000000000002153e+01 1.270906166888242872e+00
1.401000000000002110e+01 1.229517353852538797e+00
1.403000000000002068e+01 1.206571028746836971e+00
1.405000000000002025e+01 1.167220357480835968e+00
1.407000000000001982e+01 1.135088875485110949e+00
1.409000000000001940e+01 1.111043009801868431e+00
1.411000000000001897e+01 1.082616428861240321e+00
1.413000000000001855e+01 1.052882899774411740e+00
1.415000000000001812e+01 1.038911178758310294e+00
1.417000000000001769e+01 1.003698315867431967e+00
1.419000000000001727e+01 9.825497523842880998e-01
1.421000000000001684e+01 9.795145928345445618e-01
1.423000000000001641e+01 9.424948584272750951e-01
1.425000000000001599e+01 9.198743436413213681e-01
1.427000000000001556e+01 9.016837613921888650e-01
1.429000000000001513e+01 8.822824446372353746e-01
1.431000000000001471e+01 8.619606548122166201e-01
1.433000000000001428e+01 8.485185241356865138e-01
1.435000000000001386e+01 8.310935965788355251e-01
1.437000000000001343e+01 8.107411491072783472e-01
1.439000000000001300e+01 7.904003438152449323e-01
1.441000000000001258e+01 7.657500450957256399e-01
1.443000000000001215e+01 7.432458605988676581e-01
1.445000000000001172e+01 7.287192722479417517e-01
1.447000000000001130e+01 7.058660201618601748e-01
1.449000000000001087e+01 6.872321242554740861e-01
1.451000000000001044e+01 6.777653498938023269e-01
1.453000000000001002e+01 6.697068669048422684e-01
1.455000000000000959e+01 6.490877094672197201e-01
1.457000000000000917e+01 5.548159992512182725e-01
1.459000000000000874e+01 4.077510940528861760e-01
1.461000000000000831e+01 2.077718378939956145e-01
1.463000000000000789e+01 7.084374094279421996e-02
1.465000000000000746e+01 1.574398120940046636e-02
1.467000000000000703e+01 5.895912775950246446e-04
1.469000000000000661e+01 2.679128207456904650e-05
1.471000000000000618e+01 1.243415183826374689e-05
1.473000000000000576e+01 1.189915752762708572e-05
1.475000000000000533e+01 5.105905562674972278e-19
1.477000000000000490e+01 3.812272058427109210e-19
1.479000000000000448e+01 3.795213033797271422e-19
1.481000000000000405e+01 5.648217124388578714e-19
1.483000000000000362e+01 0.000000000000000000e+00
1.485000000000000320e+01 0.000000000000000000e+00
1.487000000000000277e+01 0.000000000000000000e+00
1.489000000000000234e+01 0.000000000000000000e+00
1.491000000000000192e+01 0.000000000000000000e+00
1.493000000000000149e+01 0.000000000000000000e+00
1.495000000000000107e+01 0.000000000000000000e+00
1.497000000000000064e+01 0.000000000000000000e+00
1.499000000000000021e+01 0.000000000000000000e+00
