# Redshift		Merger Rate Density [Gpc^-3yr^-1]
1.000000000031931770e-02 2.311544066508107775e+01
3.000000000031888964e-02 2.382705718618214163e+01
5.000000000031846331e-02 2.439927827898026180e+01
7.000000000031804392e-02 2.467554324687031553e+01
9.000000000031761760e-02 2.484220570099526526e+01
1.100000000003171913e-01 2.510747936405770986e+01
1.300000000003167511e-01 2.506425222307530731e+01
1.500000000003163247e-01 2.511423628238285133e+01
1.700000000003158984e-01 2.494117848802697068e+01
1.900000000003154721e-01 2.472570896270207896e+01
2.100000000003150458e-01 2.407485877440725730e+01
2.300000000003146194e-01 2.416868286422383250e+01
2.500000000003141931e-01 2.489927463662401053e+01
2.700000000003137668e-01 2.446966367726439273e+01
2.900000000003133405e-01 2.532225734839750331e+01
3.100000000003129141e-01 2.526015685189326732e+01
3.300000000003124878e-01 2.514203239666950296e+01
3.500000000003120615e-01 2.534488636085022861e+01
3.700000000003116352e-01 2.625186096903941646e+01
3.900000000003112088e-01 2.652479859020560937e+01
4.100000000003107825e-01 2.708139052535033642e+01
4.300000000003103562e-01 2.750971299255371250e+01
4.500000000003099299e-01 2.782819066944875885e+01
4.700000000003095035e-01 2.734450020397595793e+01
4.900000000003090772e-01 2.818223425681343741e+01
5.100000000003086509e-01 2.851078168482412067e+01
5.300000000003082246e-01 2.960902360336299211e+01
5.500000000003077982e-01 2.977960931526275701e+01
5.700000000003073719e-01 3.166600003636668603e+01
5.900000000003069456e-01 3.124579822876308199e+01
6.100000000003065193e-01 3.223405500737396778e+01
6.300000000003060929e-01 3.288857150388049178e+01
6.500000000003056666e-01 3.370707909407121150e+01
6.700000000003052403e-01 3.394930922161655928e+01
6.900000000003048140e-01 3.378991271123138063e+01
7.100000000003043876e-01 3.458004701783988821e+01
7.300000000003039613e-01 3.509741361746951327e+01
7.500000000003035350e-01 3.450469981473774084e+01
7.700000000003031086e-01 3.536329041582049371e+01
7.900000000003026823e-01 3.520485201249132245e+01
8.100000000003022560e-01 3.501480448933594403e+01
8.300000000003018297e-01 3.488223475845475008e+01
8.500000000003014033e-01 3.607563364900371994e+01
8.700000000003009770e-01 3.562126246274404195e+01
8.900000000003005507e-01 3.649346417248921881e+01
9.100000000003001244e-01 3.629758070544812654e+01
9.300000000002996980e-01 3.709532284964969051e+01
9.500000000002992717e-01 3.695178933074971894e+01
9.700000000002988454e-01 3.713198691150331143e+01
9.900000000002984191e-01 3.748136384247342079e+01
1.010000000000297993e+00 3.752527104344679998e+01
1.030000000000297566e+00 3.724811016037040190e+01
1.050000000000297140e+00 3.748539881892374837e+01
1.070000000000296714e+00 3.680423022894734686e+01
1.090000000000296287e+00 3.778576727031388316e+01
1.110000000000295861e+00 3.646775502851837558e+01
1.130000000000295435e+00 3.840337333776455608e+01
1.150000000000295008e+00 3.733687787064179986e+01
1.170000000000294582e+00 3.847511686216957827e+01
1.190000000000294156e+00 3.835000084308484958e+01
1.210000000000293729e+00 3.833160254938357525e+01
1.230000000000293303e+00 3.733668476450009166e+01
1.250000000000292877e+00 3.879808229502761918e+01
1.270000000000292451e+00 3.836229859387997720e+01
1.290000000000292024e+00 3.853285090885676567e+01
1.310000000000291598e+00 3.863692012896036942e+01
1.330000000000291172e+00 3.891478536092284912e+01
1.350000000000290745e+00 3.890327265041437244e+01
1.370000000000290319e+00 3.967313070639142580e+01
1.390000000000289893e+00 3.957444254048311905e+01
1.410000000000289466e+00 3.896140946066168453e+01
1.430000000000289040e+00 4.043634751748465561e+01
1.450000000000288614e+00 4.060086633619257412e+01
1.470000000000288187e+00 4.035976668339022666e+01
1.490000000000287761e+00 4.105956103416946945e+01
1.510000000000287335e+00 4.075922709377385900e+01
1.530000000000286908e+00 4.075474078930072608e+01
1.550000000000286482e+00 4.068362119620098127e+01
1.570000000000286056e+00 4.079258471405470488e+01
1.590000000000285629e+00 4.176894731494911639e+01
1.610000000000285203e+00 4.023401273124754596e+01
1.630000000000284777e+00 4.191321352547431900e+01
1.650000000000284350e+00 3.995923343047135035e+01
1.670000000000283924e+00 4.192579452000167350e+01
1.690000000000283498e+00 4.142577536447975461e+01
1.710000000000283071e+00 4.153901781803226356e+01
1.730000000000282645e+00 4.242018354150641812e+01
1.750000000000282219e+00 4.156328075275859391e+01
1.770000000000281792e+00 4.208128394624420565e+01
1.790000000000281366e+00 4.283214442533188304e+01
1.810000000000280940e+00 4.245784510237967879e+01
1.830000000000280513e+00 4.232245843668118823e+01
1.850000000000280087e+00 4.283427509670931244e+01
1.870000000000279661e+00 4.126994701380249353e+01
1.890000000000279234e+00 4.264586193558420035e+01
1.910000000000278808e+00 4.292755354069624474e+01
1.930000000000278382e+00 4.238026142121504591e+01
1.950000000000277955e+00 4.201188541239245211e+01
1.970000000000277529e+00 4.239432139712791781e+01
1.990000000000277103e+00 4.206077254712517544e+01
2.010000000000276899e+00 4.189417085412559061e+01
2.030000000000276472e+00 4.187257209416788584e+01
2.050000000000276046e+00 4.141403432713850918e+01
2.070000000000275620e+00 4.064564490134938524e+01
2.090000000000275193e+00 4.001621592312324793e+01
2.110000000000274767e+00 4.187537612201649040e+01
2.130000000000274341e+00 3.937908917158213029e+01
2.150000000000273914e+00 4.054290676079702394e+01
2.170000000000273488e+00 3.943652242510418660e+01
2.190000000000273062e+00 4.006228755799040187e+01
2.210000000000272635e+00 3.899392355299352175e+01
2.230000000000272209e+00 3.891321984214817320e+01
2.250000000000271783e+00 3.836248245870624629e+01
2.270000000000271356e+00 3.824481343642783315e+01
2.290000000000270930e+00 3.755049466592291907e+01
2.310000000000270504e+00 3.768617793022115592e+01
2.330000000000270077e+00 3.724421951219724747e+01
2.350000000000269651e+00 3.671040277082994407e+01
2.370000000000269225e+00 3.754876076290389619e+01
2.390000000000268798e+00 3.553586336636326592e+01
2.410000000000268372e+00 3.678348018128210839e+01
2.430000000000267946e+00 3.571554438624229277e+01
2.450000000000267519e+00 3.591477031625717586e+01
2.470000000000267093e+00 3.589471274806647472e+01
2.490000000000266667e+00 3.573083873070559235e+01
2.510000000000266240e+00 3.514914425092559469e+01
2.530000000000265814e+00 3.467277459588466826e+01
2.550000000000265388e+00 3.538537970981420244e+01
2.570000000000264961e+00 3.455977940824292460e+01
2.590000000000264535e+00 3.477972064975461564e+01
2.610000000000264109e+00 3.425242370143922699e+01
2.630000000000263682e+00 3.413350882772333250e+01
2.650000000000263256e+00 3.473812144884632858e+01
2.670000000000262830e+00 3.523545105002576605e+01
2.690000000000262403e+00 3.331885305302165534e+01
2.710000000000261977e+00 3.442901149682172957e+01
2.730000000000261551e+00 3.424531620612671645e+01
2.750000000000261124e+00 3.301652727658008502e+01
2.770000000000260698e+00 3.385933382469179520e+01
2.790000000000260272e+00 3.343196589228405458e+01
2.810000000000259845e+00 3.293224347140320418e+01
2.830000000000259419e+00 3.282499283450404448e+01
2.850000000000258993e+00 3.265672765022102197e+01
2.870000000000258567e+00 3.287963561304365356e+01
2.890000000000258140e+00 3.274162133259745389e+01
2.910000000000257714e+00 3.263905643537726320e+01
2.930000000000257288e+00 3.295727769206700231e+01
2.950000000000256861e+00 3.189719829325779443e+01
2.970000000000256435e+00 3.214738977964330502e+01
2.990000000000256009e+00 3.223336730171597964e+01
3.010000000000255582e+00 3.193301969203018942e+01
3.030000000000255156e+00 3.220214814432088701e+01
3.050000000000254730e+00 3.263077801604931238e+01
3.070000000000254303e+00 3.191065578194512042e+01
3.090000000000253877e+00 3.108496347638417490e+01
3.110000000000253451e+00 3.232597891059950967e+01
3.130000000000253024e+00 3.216149758326206864e+01
3.150000000000252598e+00 3.190150560996842444e+01
3.170000000000252172e+00 3.181607330543441492e+01
3.190000000000251745e+00 3.232724321415443569e+01
3.210000000000251319e+00 3.218911376168004779e+01
3.230000000000250893e+00 3.233162859990081728e+01
3.250000000000250466e+00 3.255986676418771708e+01
3.270000000000250040e+00 3.257159283454046061e+01
3.290000000000249614e+00 3.245397670333341011e+01
3.310000000000249187e+00 3.261765175958954899e+01
3.330000000000248761e+00 3.267522574034816785e+01
3.350000000000248335e+00 3.261077719676544007e+01
3.370000000000247908e+00 3.302134981378510048e+01
3.390000000000247482e+00 3.307764312181668487e+01
3.410000000000247056e+00 3.308629089540778523e+01
3.430000000000246629e+00 3.291297338464253386e+01
3.450000000000246203e+00 3.367318570807762512e+01
3.470000000000245777e+00 3.366765286614059249e+01
3.490000000000245350e+00 3.369161766894760746e+01
3.510000000000244924e+00 3.349712868326403026e+01
3.530000000000244498e+00 3.389531357426994873e+01
3.550000000000244071e+00 3.455941135244368922e+01
3.570000000000243645e+00 3.407184746530538888e+01
3.590000000000243219e+00 3.350658408014151490e+01
3.610000000000242792e+00 3.453726702175310237e+01
3.630000000000242366e+00 3.450042492863233434e+01
3.650000000000241940e+00 3.488271793110326513e+01
3.670000000000241513e+00 3.496638956346638594e+01
3.690000000000241087e+00 3.406836329719144629e+01
3.710000000000240661e+00 3.516233879906503290e+01
3.730000000000240234e+00 3.516995124066009026e+01
3.750000000000239808e+00 3.481765892166433218e+01
3.770000000000239382e+00 3.541748391393273465e+01
3.790000000000238956e+00 3.533139799952434856e+01
3.810000000000238529e+00 3.510338695828163225e+01
3.830000000000238103e+00 3.507463106278928677e+01
3.850000000000237677e+00 3.524495936661997320e+01
3.870000000000237250e+00 3.517213352648303726e+01
3.890000000000236824e+00 3.581075737733841891e+01
3.910000000000236398e+00 3.534765800664663260e+01
3.930000000000235971e+00 3.560495394366778044e+01
3.950000000000235545e+00 3.535785341385336267e+01
3.970000000000235119e+00 3.560838380694215033e+01
3.990000000000234692e+00 3.551164566298866276e+01
4.010000000000234266e+00 3.593427025620229642e+01
4.030000000000233840e+00 3.547269097634089263e+01
4.050000000000233413e+00 3.562106525847588756e+01
4.070000000000232987e+00 3.572915798263184683e+01
4.090000000000232561e+00 3.540250656500134596e+01
4.110000000000232134e+00 3.554850093903513653e+01
4.130000000000231708e+00 3.559807872654788952e+01
4.150000000000231282e+00 3.547584518749219740e+01
4.170000000000230855e+00 3.538998519969089784e+01
4.190000000000230429e+00 3.538290802081104403e+01
4.210000000000230003e+00 3.514954591774858983e+01
4.230000000000229576e+00 3.502144633723121814e+01
4.250000000000229150e+00 3.539705808301767576e+01
4.270000000000228724e+00 3.453630387170859706e+01
4.290000000000228297e+00 3.455584667844451019e+01
4.310000000000227871e+00 3.436482218906308361e+01
4.330000000000227445e+00 3.521047307797518044e+01
4.350000000000227018e+00 3.423420760829549181e+01
4.370000000000226592e+00 3.458860506251272682e+01
4.390000000000226166e+00 3.419628642962376830e+01
4.410000000000225739e+00 3.454153262544146230e+01
4.430000000000225313e+00 3.383505976078002675e+01
4.450000000000224887e+00 3.341180393658967773e+01
4.470000000000224460e+00 3.417851469046318869e+01
4.490000000000224034e+00 3.349648037049104943e+01
4.510000000000223608e+00 3.400870832695032675e+01
4.530000000000223181e+00 3.344890678805528239e+01
4.550000000000222755e+00 3.286992066196373230e+01
4.570000000000222329e+00 3.357856924456639547e+01
4.590000000000221902e+00 3.343032366546449197e+01
4.610000000000221476e+00 3.305632605395105372e+01
4.630000000000221050e+00 3.266925341182172815e+01
4.650000000000220624e+00 3.283875733270672015e+01
4.670000000000220197e+00 3.270180651053199483e+01
4.690000000000219771e+00 3.260991435134958039e+01
4.710000000000219345e+00 3.284251908964674982e+01
4.730000000000218918e+00 3.243238281911059318e+01
4.750000000000218492e+00 3.188631717244414432e+01
4.770000000000218066e+00 3.270887474229331104e+01
4.790000000000217639e+00 3.211761577101697895e+01
4.810000000000217213e+00 3.193727303736823586e+01
4.830000000000216787e+00 3.219456537582888700e+01
4.850000000000216360e+00 3.175193927379413239e+01
4.870000000000215934e+00 3.234385882990454775e+01
4.890000000000215508e+00 3.168846893316828783e+01
4.910000000000215081e+00 3.172728138567483214e+01
4.930000000000214655e+00 3.180515405392339545e+01
4.950000000000214229e+00 3.148800180790869518e+01
4.970000000000213802e+00 3.128086995959817429e+01
4.990000000000213376e+00 3.182351460361711659e+01
5.010000000000212950e+00 3.109835906187511156e+01
5.030000000000212523e+00 3.101990447158231490e+01
5.050000000000212097e+00 3.161059863424339511e+01
5.070000000000211671e+00 3.080743226238358190e+01
5.090000000000211244e+00 3.102323940707044869e+01
5.110000000000210818e+00 3.102107024555643378e+01
5.130000000000210392e+00 3.069523493961325045e+01
5.150000000000209965e+00 3.090565158054877415e+01
5.170000000000209539e+00 3.043474032270649943e+01
5.190000000000209113e+00 3.038403005204171592e+01
5.210000000000208686e+00 3.054698526624291688e+01
5.230000000000208260e+00 3.007478203985695586e+01
5.250000000000207834e+00 3.042315891175393716e+01
5.270000000000207407e+00 3.065874929765726975e+01
5.290000000000206981e+00 2.944713348651775675e+01
5.310000000000206555e+00 3.015921483498668465e+01
5.330000000000206128e+00 2.917720211286065535e+01
5.350000000000205702e+00 3.002505223510457100e+01
5.370000000000205276e+00 2.970632194242128321e+01
5.390000000000204849e+00 2.892818944086833355e+01
5.410000000000204423e+00 2.893893407534330819e+01
5.430000000000203997e+00 2.860640324528823442e+01
5.450000000000203570e+00 2.853588646358990744e+01
5.470000000000203144e+00 2.843707867257531419e+01
5.490000000000202718e+00 2.845768905648966296e+01
5.510000000000202292e+00 2.819745088221369755e+01
5.530000000000201865e+00 2.804535378856647654e+01
5.550000000000201439e+00 2.791590281923146932e+01
5.570000000000201013e+00 2.800916272778377447e+01
5.590000000000200586e+00 2.756778415750249422e+01
5.610000000000200160e+00 2.699215250704860836e+01
5.630000000000199734e+00 2.607013283358001487e+01
5.650000000000199307e+00 2.639769722778532568e+01
5.670000000000198881e+00 2.628632227310621872e+01
5.690000000000198455e+00 2.598910226971900173e+01
5.710000000000198028e+00 2.596950012063604163e+01
5.730000000000197602e+00 2.601955518744017581e+01
5.750000000000197176e+00 2.585098404923314419e+01
5.770000000000196749e+00 2.490397465769020968e+01
5.790000000000196323e+00 2.506029290709316015e+01
5.810000000000195897e+00 2.462257255608533768e+01
5.830000000000195470e+00 2.377298690604625975e+01
5.850000000000195044e+00 2.425189541830612328e+01
5.870000000000194618e+00 2.348114135831534099e+01
5.890000000000194191e+00 2.301942112564869447e+01
5.910000000000193765e+00 2.276620982937753368e+01
5.930000000000193339e+00 2.299623465913755993e+01
5.950000000000192912e+00 2.227571357110571526e+01
5.970000000000192486e+00 2.267885471829747956e+01
5.990000000000192060e+00 2.147954253543338865e+01
6.010000000000191633e+00 2.120709413509319319e+01
6.030000000000191207e+00 2.158427571548018165e+01
6.050000000000190781e+00 2.051513694035867630e+01
6.070000000000190354e+00 2.029128989814252293e+01
6.090000000000189928e+00 2.013411281540282260e+01
6.110000000000189502e+00 1.973688139894456128e+01
6.130000000000189075e+00 1.947545775378061350e+01
6.150000000000188649e+00 1.908526654660927591e+01
6.170000000000188223e+00 1.844861996111595204e+01
6.190000000000187796e+00 1.845233240080400705e+01
6.210000000000187370e+00 1.797411201876038334e+01
6.230000000000186944e+00 1.767575759370546606e+01
6.250000000000186517e+00 1.710578005273490731e+01
6.270000000000186091e+00 1.714927338407265367e+01
6.290000000000185665e+00 1.698825615026751379e+01
6.310000000000185238e+00 1.623342923973000751e+01
6.330000000000184812e+00 1.606585158739552455e+01
6.350000000000184386e+00 1.598820017514839620e+01
6.370000000000183960e+00 1.540148156040764249e+01
6.390000000000183533e+00 1.502795050555517342e+01
6.410000000000183107e+00 1.457486306269494492e+01
6.430000000000182681e+00 1.459992333155471833e+01
6.450000000000182254e+00 1.403725941566562874e+01
6.470000000000181828e+00 1.389392328963486278e+01
6.490000000000181402e+00 1.354390949615939022e+01
6.510000000000180975e+00 1.338042147379617575e+01
6.530000000000180549e+00 1.295037582931797893e+01
6.550000000000180123e+00 1.318338925103100223e+01
6.570000000000179696e+00 1.243083037819072523e+01
6.590000000000179270e+00 1.227121347887197089e+01
6.610000000000178844e+00 1.175438265179537467e+01
6.630000000000178417e+00 1.165042582217149736e+01
6.650000000000177991e+00 1.143363624546995361e+01
6.670000000000177565e+00 1.113932170524813259e+01
6.690000000000177138e+00 1.097593592770239823e+01
6.710000000000176712e+00 1.068461369640394309e+01
6.730000000000176286e+00 1.046439222022328686e+01
6.750000000000175859e+00 1.020595413071652224e+01
6.770000000000175433e+00 1.026539123633381578e+01
6.790000000000175007e+00 9.804626362701853282e+00
6.810000000000174580e+00 9.579645165202466117e+00
6.830000000000174154e+00 9.314836755995616002e+00
6.850000000000173728e+00 9.132804162184182672e+00
6.870000000000173301e+00 9.072909850634337303e+00
6.890000000000172875e+00 8.812625908963518384e+00
6.910000000000172449e+00 8.518472952019797262e+00
6.930000000000172022e+00 8.536024221435507542e+00
6.950000000000171596e+00 8.257820431124311966e+00
6.970000000000171170e+00 8.032537327308185482e+00
6.990000000000170743e+00 8.018108858385206261e+00
7.010000000000170317e+00 7.856121025568293170e+00
7.030000000000169891e+00 7.583599600542640040e+00
7.050000000000169464e+00 7.690387222043375104e+00
7.070000000000169038e+00 7.191712209971107050e+00
7.090000000000168612e+00 7.470695339438707450e+00
7.110000000000168185e+00 6.997578393450929468e+00
7.130000000000167759e+00 7.022228644973891321e+00
7.150000000000167333e+00 6.871339163305631104e+00
7.170000000000166906e+00 6.563556502901705336e+00
7.190000000000166480e+00 6.427642045634487822e+00
7.210000000000166054e+00 6.301336802293257655e+00
7.230000000000165628e+00 6.268045202405344796e+00
7.250000000000165201e+00 6.406261534000726066e+00
7.270000000000164775e+00 6.090296364627752368e+00
7.290000000000164349e+00 6.105885143042149465e+00
7.310000000000163922e+00 5.733616356454626306e+00
7.330000000000163496e+00 5.827367567220004041e+00
7.350000000000163070e+00 5.666076177945721604e+00
7.370000000000162643e+00 5.531504214726834512e+00
7.390000000000162217e+00 5.428288680781012232e+00
7.410000000000161791e+00 5.433466863720788353e+00
7.430000000000161364e+00 5.161545955086931592e+00
7.450000000000160938e+00 5.208816825747035750e+00
7.470000000000160512e+00 5.145089613811503426e+00
7.490000000000160085e+00 4.967162833319630266e+00
7.510000000000159659e+00 4.979857873024723602e+00
7.530000000000159233e+00 4.764608662177231224e+00
7.550000000000158806e+00 4.770619151278875592e+00
7.570000000000158380e+00 4.613531491574440757e+00
7.590000000000157954e+00 4.597680802147261936e+00
7.610000000000157527e+00 4.522283552677788698e+00
7.630000000000157101e+00 4.444771295873228389e+00
7.650000000000156675e+00 4.344862054102061499e+00
7.670000000000156248e+00 4.324946054319460664e+00
7.690000000000155822e+00 4.217319802380266047e+00
7.710000000000155396e+00 4.092627877197433151e+00
7.730000000000154969e+00 4.122440282861837169e+00
7.750000000000154543e+00 3.923365401253234630e+00
7.770000000000154117e+00 3.859335839605472440e+00
7.790000000000153690e+00 3.882395575993641934e+00
7.810000000000153264e+00 3.755691756184931229e+00
7.830000000000152838e+00 3.769690637988040383e+00
7.850000000000152411e+00 3.607417439340343535e+00
7.870000000000151985e+00 3.535152858035738976e+00
7.890000000000151559e+00 3.496079806635255860e+00
7.910000000000151132e+00 3.457951823831988403e+00
7.930000000000150706e+00 3.407036121187630773e+00
7.950000000000150280e+00 3.291317664774548124e+00
7.970000000000149853e+00 3.263174445829541970e+00
7.990000000000149427e+00 3.180943813504923945e+00
8.010000000000149001e+00 3.270850683868122832e+00
8.030000000000148574e+00 3.097131950672658451e+00
8.050000000000148148e+00 3.036629126168048476e+00
8.070000000000147722e+00 2.902479375302087217e+00
8.090000000000147296e+00 2.947488242076262477e+00
8.110000000000146869e+00 2.872992433975801507e+00
8.130000000000146443e+00 2.783690377668925020e+00
8.150000000000146017e+00 2.735382129421265240e+00
8.170000000000145590e+00 2.655587451481743244e+00
8.190000000000145164e+00 2.591334409807253714e+00
8.210000000000144738e+00 2.646279499694792481e+00
8.230000000000144311e+00 2.593844725441126542e+00
8.250000000000143885e+00 2.509603627768366430e+00
8.270000000000143459e+00 2.453322650014960526e+00
8.290000000000143032e+00 2.410607160817229477e+00
8.310000000000142606e+00 2.382885964406649570e+00
8.330000000000142180e+00 2.418578704625406584e+00
8.350000000000141753e+00 2.283817165415272132e+00
8.370000000000141327e+00 2.269702216426436880e+00
8.390000000000140901e+00 2.155034796859333301e+00
8.410000000000140474e+00 2.206343921353849158e+00
8.430000000000140048e+00 2.169579988030258200e+00
8.450000000000139622e+00 2.150911052148980485e+00
8.470000000000139195e+00 2.054181044214982599e+00
8.490000000000138769e+00 2.054890346021977621e+00
8.510000000000138343e+00 2.029343302618282330e+00
8.530000000000137916e+00 1.971974611069417405e+00
8.550000000000137490e+00 2.044491009498369927e+00
8.570000000000137064e+00 1.943914697141754022e+00
8.590000000000136637e+00 1.939547061159015318e+00
8.610000000000136211e+00 1.843260971642622481e+00
8.630000000000135785e+00 1.888210218163753007e+00
8.650000000000135358e+00 1.865604292746906534e+00
8.670000000000134932e+00 1.771673488775514782e+00
8.690000000000134506e+00 1.825809788883462792e+00
8.710000000000134079e+00 1.815717562893010006e+00
8.730000000000133653e+00 1.675256280883250071e+00
8.750000000000133227e+00 1.751672711815079664e+00
8.770000000000132800e+00 1.730934267280016092e+00
8.790000000000132374e+00 1.691317811861452247e+00
8.810000000000131948e+00 1.610395037391591178e+00
8.830000000000131521e+00 1.660046940880117283e+00
8.850000000000131095e+00 1.666562343962636916e+00
8.870000000000130669e+00 1.586996033521081984e+00
8.890000000000130242e+00 1.609005732186177040e+00
8.910000000000129816e+00 1.594665675370843028e+00
8.930000000000129390e+00 1.581657180445463773e+00
8.950000000000128964e+00 1.505052199050413542e+00
8.970000000000128537e+00 1.541354496755202419e+00
8.990000000000128111e+00 1.513179289746425571e+00
9.010000000000127685e+00 1.536233331681716052e+00
9.030000000000127258e+00 1.517049088541571056e+00
9.050000000000126832e+00 1.511088440524831489e+00
9.070000000000126406e+00 1.477294578172300588e+00
9.090000000000125979e+00 1.469266701750773452e+00
9.110000000000125553e+00 1.438767575855847358e+00
9.130000000000125127e+00 1.450311198845381178e+00
9.150000000000124700e+00 1.451387917250137605e+00
9.170000000000124274e+00 1.408708992205188304e+00
9.190000000000123848e+00 1.431128068647690821e+00
9.210000000000123421e+00 1.412557122226819839e+00
9.230000000000122995e+00 1.400554794079445164e+00
9.250000000000122569e+00 1.432180771580280787e+00
9.270000000000122142e+00 1.354238489560407821e+00
9.290000000000121716e+00 1.390482801541213398e+00
9.310000000000121290e+00 1.344820829304125054e+00
9.330000000000120863e+00 1.380281634661061796e+00
9.350000000000120437e+00 1.367738371969126732e+00
9.370000000000120011e+00 1.357292600158357176e+00
9.390000000000119584e+00 1.347895401148690997e+00
9.410000000000119158e+00 1.348457635893832940e+00
9.430000000000118732e+00 1.349733490589620555e+00
9.450000000000118305e+00 1.352927774275346273e+00
9.470000000000117879e+00 1.290289849045560988e+00
9.490000000000117453e+00 1.336834339178302633e+00
9.510000000000117026e+00 1.313115262278161444e+00
9.530000000000116600e+00 1.338975033826084626e+00
9.550000000000116174e+00 1.303884447765651711e+00
9.570000000000115747e+00 1.290084117401426367e+00
9.590000000000115321e+00 1.273810612852605884e+00
9.610000000000114895e+00 1.308706843242086526e+00
9.630000000000114468e+00 1.288251686238346627e+00
9.650000000000114042e+00 1.294838818445215978e+00
9.670000000000113616e+00 1.268365443444380736e+00
9.690000000000113189e+00 1.256522684987457339e+00
9.710000000000112763e+00 1.245097483006060157e+00
9.730000000000112337e+00 1.254228975442374105e+00
9.750000000000111910e+00 1.248339750664423820e+00
9.770000000000111484e+00 1.243350090876185643e+00
9.790000000000111058e+00 1.222587762626499153e+00
9.810000000000110632e+00 1.238460546585631317e+00
9.830000000000110205e+00 1.265840660643094528e+00
9.850000000000109779e+00 1.187124832327370427e+00
9.870000000000109353e+00 1.210157641369392190e+00
9.890000000000108926e+00 1.185887353410811862e+00
9.910000000000108500e+00 1.180524369554227126e+00
9.930000000000108074e+00 1.192074981456419769e+00
9.950000000000107647e+00 1.166174442983392900e+00
9.970000000000107221e+00 1.180134999212669511e+00
9.990000000000106795e+00 1.163995563572593595e+00
1.001000000000010637e+01 1.169478090541339999e+00
1.003000000000010594e+01 1.109949606919489851e+00
1.005000000000010552e+01 1.097656438055964800e+00
1.007000000000010509e+01 1.129041777900036347e+00
1.009000000000010466e+01 1.097506928099204027e+00
1.011000000000010424e+01 1.073334006092683035e+00
1.013000000000010381e+01 1.062818623355686665e+00
1.015000000000010338e+01 1.081620138413227572e+00
1.017000000000010296e+01 1.047386401834113467e+00
1.019000000000010253e+01 1.043576006371147002e+00
1.021000000000010210e+01 1.042933344482386504e+00
1.023000000000010168e+01 1.023963854607471413e+00
1.025000000000010125e+01 1.010041607054809498e+00
1.027000000000010083e+01 9.908070775476365277e-01
1.029000000000010040e+01 9.821461839864026322e-01
1.031000000000009997e+01 9.814322723307868923e-01
1.033000000000009955e+01 9.795603799544505552e-01
1.035000000000009912e+01 9.655165477127202189e-01
1.037000000000009869e+01 9.413320169512343627e-01
1.039000000000009827e+01 9.553316057263773198e-01
1.041000000000009784e+01 9.006079557316591933e-01
1.043000000000009742e+01 9.256690162109793008e-01
1.045000000000009699e+01 8.693969509537454732e-01
1.047000000000009656e+01 8.846544096108065469e-01
1.049000000000009614e+01 8.864159161270181997e-01
1.051000000000009571e+01 8.807989282607102677e-01
1.053000000000009528e+01 8.770885019021020801e-01
1.055000000000009486e+01 8.389285794119706319e-01
1.057000000000009443e+01 8.535289607828320246e-01
1.059000000000009400e+01 8.347287332191438702e-01
1.061000000000009358e+01 8.304599580157207006e-01
1.063000000000009315e+01 8.494539485940889589e-01
1.065000000000009273e+01 8.104038826940409557e-01
1.067000000000009230e+01 8.253704005019215639e-01
1.069000000000009187e+01 8.017139478312652612e-01
1.071000000000009145e+01 8.082545974880775974e-01
1.073000000000009102e+01 7.852522608046764718e-01
1.075000000000009059e+01 8.287066735467563117e-01
1.077000000000009017e+01 8.052581467082579048e-01
1.079000000000008974e+01 7.586772912193837648e-01
1.081000000000008932e+01 7.835731735406410436e-01
1.083000000000008889e+01 7.817517210081338375e-01
1.085000000000008846e+01 7.513766202422292872e-01
1.087000000000008804e+01 7.690607943601861507e-01
1.089000000000008761e+01 7.748231647931549393e-01
1.091000000000008718e+01 7.598218237122662533e-01
1.093000000000008676e+01 7.431400896459229299e-01
1.095000000000008633e+01 7.701969489299482774e-01
1.097000000000008590e+01 7.567695412177732894e-01
1.099000000000008548e+01 7.546908772779177266e-01
1.101000000000008505e+01 7.310938537325715192e-01
1.103000000000008463e+01 7.706527310472869319e-01
1.105000000000008420e+01 7.597923817681118130e-01
1.107000000000008377e+01 7.588027215599778552e-01
1.109000000000008335e+01 7.512144770698439000e-01
1.111000000000008292e+01 7.577845259193777272e-01
1.113000000000008249e+01 7.375314338059194563e-01
1.115000000000008207e+01 8.032324998468917121e-01
1.117000000000008164e+01 7.449477862507388748e-01
1.119000000000008122e+01 7.772260189206712244e-01
1.121000000000008079e+01 7.310991990615420821e-01
1.123000000000008036e+01 7.691287062560643317e-01
1.125000000000007994e+01 7.593046147949786828e-01
1.127000000000007951e+01 7.352250653376819489e-01
1.129000000000007908e+01 7.664343694239683646e-01
1.131000000000007866e+01 7.397573475558339995e-01
1.133000000000007823e+01 7.647900438652456279e-01
1.135000000000007780e+01 7.558324196466632561e-01
1.137000000000007738e+01 7.466312234313716711e-01
1.139000000000007695e+01 7.766578485757079653e-01
1.141000000000007653e+01 7.713526864224968804e-01
1.143000000000007610e+01 7.447758407259790214e-01
1.145000000000007567e+01 7.420461248393624976e-01
1.147000000000007525e+01 7.883785230649139608e-01
1.149000000000007482e+01 7.862478823503502579e-01
1.151000000000007439e+01 7.500605196277143616e-01
1.153000000000007397e+01 7.827311994741800172e-01
1.155000000000007354e+01 7.539282322684698334e-01
1.157000000000007311e+01 7.735798980321886287e-01
1.159000000000007269e+01 7.645684931395255735e-01
1.161000000000007226e+01 7.740421148932503659e-01
1.163000000000007184e+01 7.450201552490677281e-01
1.165000000000007141e+01 7.700967056638570174e-01
1.167000000000007098e+01 7.701739318847732330e-01
1.169000000000007056e+01 7.495992452929457484e-01
1.171000000000007013e+01 7.873555813722595831e-01
1.173000000000006970e+01 7.554094467610462660e-01
1.175000000000006928e+01 7.486296711374674784e-01
1.177000000000006885e+01 7.601554533655074941e-01
1.179000000000006843e+01 7.679666363556995057e-01
1.181000000000006800e+01 7.341190484334090272e-01
1.183000000000006757e+01 7.228714875337980406e-01
1.185000000000006715e+01 7.715268148488764188e-01
1.187000000000006672e+01 7.544474547705539713e-01
1.189000000000006629e+01 7.472436391781663856e-01
1.191000000000006587e+01 7.733369903614298879e-01
1.193000000000006544e+01 7.060590411668776767e-01
1.195000000000006501e+01 7.495429172008464258e-01
1.197000000000006459e+01 7.213216210767613434e-01
1.199000000000006416e+01 7.566596743103238820e-01
1.201000000000006374e+01 7.622024567047707144e-01
1.203000000000006331e+01 7.336250770388182962e-01
1.205000000000006288e+01 7.489028916029860650e-01
1.207000000000006246e+01 7.225162748942968172e-01
1.209000000000006203e+01 7.423373179783582243e-01
1.211000000000006160e+01 7.308788523931174508e-01
1.213000000000006118e+01 7.211391875125653383e-01
1.215000000000006075e+01 7.514679940719750650e-01
1.217000000000006033e+01 6.857130997686213814e-01
1.219000000000005990e+01 7.106775866757620852e-01
1.221000000000005947e+01 7.081980970339448733e-01
1.223000000000005905e+01 7.158720157424034447e-01
1.225000000000005862e+01 7.037672141005042459e-01
1.227000000000005819e+01 6.863120030086907741e-01
1.229000000000005777e+01 6.713590973272541840e-01
1.231000000000005734e+01 7.014869633070137667e-01
1.233000000000005691e+01 6.762570870262482048e-01
1.235000000000005649e+01 6.667929105355585584e-01
1.237000000000005606e+01 6.634790002837016587e-01
1.239000000000005564e+01 6.705039284177797265e-01
1.241000000000005521e+01 6.571286074648057252e-01
1.243000000000005478e+01 6.732063977779265684e-01
1.245000000000005436e+01 6.562984305708041699e-01
1.247000000000005393e+01 6.503825112085237503e-01
1.249000000000005350e+01 6.687724703754998057e-01
1.251000000000005308e+01 6.291521627963314600e-01
1.253000000000005265e+01 6.099080822167184390e-01
1.255000000000005222e+01 6.562536871752979728e-01
1.257000000000005180e+01 6.424859681815614509e-01
1.259000000000005137e+01 6.192171373806671930e-01
1.261000000000005095e+01 5.979947063970784127e-01
1.263000000000005052e+01 6.206912053566258081e-01
1.265000000000005009e+01 6.037681772355831811e-01
1.267000000000004967e+01 6.164503025781379320e-01
1.269000000000004924e+01 5.856671951167586876e-01
1.271000000000004881e+01 5.973557646892146966e-01
1.273000000000004839e+01 6.042406554101167337e-01
1.275000000000004796e+01 5.810743740103450072e-01
1.277000000000004754e+01 5.688589610038572442e-01
1.279000000000004711e+01 5.614723320533930861e-01
1.281000000000004668e+01 5.819550886375493004e-01
1.283000000000004626e+01 5.697680710044282781e-01
1.285000000000004583e+01 5.571957501415036873e-01
1.287000000000004540e+01 5.795657162937708495e-01
1.289000000000004498e+01 5.537399690565870669e-01
1.291000000000004455e+01 5.467375633760905851e-01
1.293000000000004412e+01 5.752839576076802519e-01
1.295000000000004370e+01 5.379048536058679275e-01
1.297000000000004327e+01 5.358355557139421466e-01
1.299000000000004285e+01 5.335335744657411228e-01
1.301000000000004242e+01 5.402223696816957910e-01
1.303000000000004199e+01 5.259770382043139625e-01
1.305000000000004157e+01 5.096079002727099683e-01
1.307000000000004114e+01 5.015778093674801985e-01
1.309000000000004071e+01 5.172645450973970549e-01
1.311000000000004029e+01 5.064081520876847486e-01
1.313000000000003986e+01 4.831480732092754971e-01
1.315000000000003944e+01 4.850133521702421069e-01
1.317000000000003901e+01 4.919360457734496817e-01
1.319000000000003858e+01 4.642775948526947638e-01
1.321000000000003816e+01 4.492283888027341354e-01
1.323000000000003773e+01 4.493252233729847500e-01
1.325000000000003730e+01 4.452622652160810324e-01
1.327000000000003688e+01 4.062352094999603369e-01
1.329000000000003645e+01 4.110865901469070161e-01
1.331000000000003602e+01 4.244437174848932903e-01
1.333000000000003560e+01 4.353527557882790333e-01
1.335000000000003517e+01 4.254972528350827177e-01
1.337000000000003475e+01 3.883781577376393956e-01
1.339000000000003432e+01 3.995692393996153058e-01
1.341000000000003389e+01 3.909949295074515718e-01
1.343000000000003347e+01 4.186995382184081071e-01
1.345000000000003304e+01 3.678221233664281109e-01
1.347000000000003261e+01 3.701834640064016191e-01
1.349000000000003219e+01 3.815165041751431008e-01
1.351000000000003176e+01 3.443318022154140956e-01
1.353000000000003133e+01 3.576894920561196622e-01
1.355000000000003091e+01 3.370965317182847421e-01
1.357000000000003048e+01 3.482319853907769880e-01
1.359000000000003006e+01 3.401406259865377146e-01
1.361000000000002963e+01 3.497119299634787737e-01
1.363000000000002920e+01 3.257831398721811600e-01
1.365000000000002878e+01 3.309447024394660541e-01
1.367000000000002835e+01 3.109099898761122360e-01
1.369000000000002792e+01 3.032997060213176166e-01
1.371000000000002750e+01 3.195372512097001128e-01
1.373000000000002707e+01 2.964411447157106472e-01
1.375000000000002665e+01 2.940097924002021412e-01
1.377000000000002622e+01 2.647993355395535930e-01
1.379000000000002579e+01 2.689621722034077900e-01
1.381000000000002537e+01 2.708005520432851809e-01
1.383000000000002494e+01 2.662426838824795694e-01
1.385000000000002451e+01 2.557972346808132236e-01
1.387000000000002409e+01 2.513335764367806147e-01
1.389000000000002366e+01 2.453074360330954884e-01
1.391000000000002323e+01 2.351278195765306722e-01
1.393000000000002281e+01 2.472231994447930126e-01
1.395000000000002238e+01 2.206885392342782803e-01
1.397000000000002196e+01 2.221393970540492258e-01
1.399000000000002153e+01 2.175050729650996606e-01
1.401000000000002110e+01 2.008315949229856345e-01
1.403000000000002068e+01 1.901028868746784117e-01
1.405000000000002025e+01 1.741131471184654833e-01
1.407000000000001982e+01 1.676620563171191958e-01
1.409000000000001940e+01 1.650946883129654208e-01
1.411000000000001897e+01 1.751650769849503742e-01
1.413000000000001855e+01 1.583259015415257043e-01
1.415000000000001812e+01 1.610998542140621714e-01
1.417000000000001769e+01 1.431654278144610382e-01
1.419000000000001727e+01 1.374456305184925675e-01
1.421000000000001684e+01 1.398383604759046162e-01
1.423000000000001641e+01 1.394109699727337781e-01
1.425000000000001599e+01 1.276086536986522357e-01
1.427000000000001556e+01 1.297287226013751626e-01
1.429000000000001513e+01 1.108294268371123742e-01
1.431000000000001471e+01 1.085596759631092534e-01
1.433000000000001428e+01 9.741750611060025211e-02
1.435000000000001386e+01 9.981926188207271289e-02
1.437000000000001343e+01 7.761699149732578795e-02
1.439000000000001300e+01 6.936020438977387459e-02
1.441000000000001258e+01 6.915644389967405548e-02
1.443000000000001215e+01 6.614129688018999254e-02
1.445000000000001172e+01 6.043154813986638396e-02
1.447000000000001130e+01 4.152923079557638980e-02
1.449000000000001087e+01 3.618773932731508824e-02
1.451000000000001044e+01 3.060038775165062341e-02
1.453000000000001002e+01 2.491258360673109795e-02
1.455000000000000959e+01 1.670306270874764507e-02
1.457000000000000917e+01 1.662906062062665530e-02
1.459000000000000874e+01 1.112112193134201683e-02
1.461000000000000831e+01 8.345962490605421044e-03
1.463000000000000789e+01 8.308991663393298574e-03
1.465000000000000746e+01 5.528820971994058420e-03
1.467000000000000703e+01 0.000000000000000000e+00
1.469000000000000661e+01 0.000000000000000000e+00
1.471000000000000618e+01 0.000000000000000000e+00
1.473000000000000576e+01 0.000000000000000000e+00
1.475000000000000533e+01 0.000000000000000000e+00
1.477000000000000490e+01 0.000000000000000000e+00
1.479000000000000448e+01 0.000000000000000000e+00
1.481000000000000405e+01 0.000000000000000000e+00
1.483000000000000362e+01 0.000000000000000000e+00
1.485000000000000320e+01 0.000000000000000000e+00
1.487000000000000277e+01 0.000000000000000000e+00
1.489000000000000234e+01 0.000000000000000000e+00
1.491000000000000192e+01 0.000000000000000000e+00
1.493000000000000149e+01 0.000000000000000000e+00
1.495000000000000107e+01 0.000000000000000000e+00
1.497000000000000064e+01 0.000000000000000000e+00
1.499000000000000021e+01 0.000000000000000000e+00
