# Redshift		Merger Rate Density [Gpc^-3yr^-1]
1.000000000031931770e-02 4.374192953367302295e+01
3.000000000031888964e-02 4.463502285963029692e+01
5.000000000031846331e-02 4.580449011956115157e+01
7.000000000031804392e-02 4.611549519599849134e+01
9.000000000031761760e-02 4.708050190696286563e+01
1.100000000003171913e-01 4.776798568012217316e+01
1.300000000003167511e-01 4.866724412412472134e+01
1.500000000003163247e-01 4.918246598729377439e+01
1.700000000003158984e-01 4.993663164249984021e+01
1.900000000003154721e-01 5.119313080647179248e+01
2.100000000003150458e-01 5.152368218428307500e+01
2.300000000003146194e-01 5.244411070430253119e+01
2.500000000003141931e-01 5.351241954799191802e+01
2.700000000003137668e-01 5.404553512672308813e+01
2.900000000003133405e-01 5.456178926461704037e+01
3.100000000003129141e-01 5.565216710052590088e+01
3.300000000003124878e-01 5.629131338311809429e+01
3.500000000003120615e-01 5.738938882063754221e+01
3.700000000003116352e-01 5.794942544044599941e+01
3.900000000003112088e-01 5.891106913849750981e+01
4.100000000003107825e-01 5.971230955329367873e+01
4.300000000003103562e-01 6.113662426818639517e+01
4.500000000003099299e-01 6.146625292965695309e+01
4.700000000003095035e-01 6.316426316505287986e+01
4.900000000003090772e-01 6.358122909823896407e+01
5.100000000003086509e-01 6.476543954064176489e+01
5.300000000003082246e-01 6.569290679161680657e+01
5.500000000003077982e-01 6.638308583780259653e+01
5.700000000003073719e-01 6.753400730640881022e+01
5.900000000003069456e-01 6.827575150830912776e+01
6.100000000003065193e-01 6.995201311725955406e+01
6.300000000003060929e-01 7.026594240860575269e+01
6.500000000003056666e-01 7.231029708823349722e+01
6.700000000003052403e-01 7.276620794878215293e+01
6.900000000003048140e-01 7.426781553757135157e+01
7.100000000003043876e-01 7.543297571016603342e+01
7.300000000003039613e-01 7.561195453182027393e+01
7.500000000003035350e-01 7.752106668668892553e+01
7.700000000003031086e-01 7.884061433776564343e+01
7.900000000003026823e-01 7.917954817110270938e+01
8.100000000003022560e-01 8.096020327134097272e+01
8.300000000003018297e-01 8.136734064666748623e+01
8.500000000003014033e-01 8.303320654202708795e+01
8.700000000003009770e-01 8.438779024370826676e+01
8.900000000003005507e-01 8.374598428126192573e+01
9.100000000003001244e-01 8.599493957893426455e+01
9.300000000002996980e-01 8.633508695423911661e+01
9.500000000002992717e-01 8.803071829161095252e+01
9.700000000002988454e-01 8.834201322052651051e+01
9.900000000002984191e-01 8.953015164340618526e+01
1.010000000000297993e+00 9.113649334012004033e+01
1.030000000000297566e+00 9.089480795116284639e+01
1.050000000000297140e+00 9.225247224386440337e+01
1.070000000000296714e+00 9.266873069674690555e+01
1.090000000000296287e+00 9.442381573102922232e+01
1.110000000000295861e+00 9.481962853803490532e+01
1.130000000000295435e+00 9.628184237066176365e+01
1.150000000000295008e+00 9.652055726176382677e+01
1.170000000000294582e+00 9.727830451930098832e+01
1.190000000000294156e+00 9.814421842929550621e+01
1.210000000000293729e+00 9.934898450899498812e+01
1.230000000000293303e+00 9.939884287617758218e+01
1.250000000000292877e+00 1.006284195655820355e+02
1.270000000000292451e+00 1.021707865504893959e+02
1.290000000000292024e+00 1.013371183766577985e+02
1.310000000000291598e+00 1.031411407958256348e+02
1.330000000000291172e+00 1.039072249532072902e+02
1.350000000000290745e+00 1.042847935096947509e+02
1.370000000000290319e+00 1.047747535142348880e+02
1.390000000000289893e+00 1.058310243214281599e+02
1.410000000000289466e+00 1.056120837865886557e+02
1.430000000000289040e+00 1.064473632327144799e+02
1.450000000000288614e+00 1.079957407195933854e+02
1.470000000000288187e+00 1.077088773247442361e+02
1.490000000000287761e+00 1.086642935223294160e+02
1.510000000000287335e+00 1.096899002766875242e+02
1.530000000000286908e+00 1.092920755667620512e+02
1.550000000000286482e+00 1.101793169354840956e+02
1.570000000000286056e+00 1.108623483837323533e+02
1.590000000000285629e+00 1.114857519978417599e+02
1.610000000000285203e+00 1.110122936767666175e+02
1.630000000000284777e+00 1.114423598318562370e+02
1.650000000000284350e+00 1.129775492555675527e+02
1.670000000000283924e+00 1.124853638721007201e+02
1.690000000000283498e+00 1.131192504609497007e+02
1.710000000000283071e+00 1.132636091356631169e+02
1.730000000000282645e+00 1.141904697976416543e+02
1.750000000000282219e+00 1.136622092388198553e+02
1.770000000000281792e+00 1.148374622548177513e+02
1.790000000000281366e+00 1.143191797984234768e+02
1.810000000000280940e+00 1.150148497859339329e+02
1.830000000000280513e+00 1.149678307078883961e+02
1.850000000000280087e+00 1.163003936661641546e+02
1.870000000000279661e+00 1.152000484336504655e+02
1.890000000000279234e+00 1.159541765133242563e+02
1.910000000000278808e+00 1.149527661393706524e+02
1.930000000000278382e+00 1.159613560294575763e+02
1.950000000000277955e+00 1.162500926106822163e+02
1.970000000000277529e+00 1.158087156169961673e+02
1.990000000000277103e+00 1.154022500841078767e+02
2.010000000000276899e+00 1.161461296091910498e+02
2.030000000000276472e+00 1.159780333799641028e+02
2.050000000000276046e+00 1.156637338745548931e+02
2.070000000000275620e+00 1.151162057399525622e+02
2.090000000000275193e+00 1.155607067156889087e+02
2.110000000000274767e+00 1.143724664581540367e+02
2.130000000000274341e+00 1.157646708910437923e+02
2.150000000000273914e+00 1.151757594283730697e+02
2.170000000000273488e+00 1.138492856374164290e+02
2.190000000000273062e+00 1.149179282611019346e+02
2.210000000000272635e+00 1.143317098550254229e+02
2.230000000000272209e+00 1.136768492028275546e+02
2.250000000000271783e+00 1.129816587807898571e+02
2.270000000000271356e+00 1.125258641464878764e+02
2.290000000000270930e+00 1.121865542585511690e+02
2.310000000000270504e+00 1.134296447824164034e+02
2.330000000000270077e+00 1.115097527561110553e+02
2.350000000000269651e+00 1.114653044333766019e+02
2.370000000000269225e+00 1.104847606993270404e+02
2.390000000000268798e+00 1.109695210382067216e+02
2.410000000000268372e+00 1.108831389226307635e+02
2.430000000000267946e+00 1.100703547245257568e+02
2.450000000000267519e+00 1.104192373547511465e+02
2.470000000000267093e+00 1.091284798707747683e+02
2.490000000000266667e+00 1.085034811568602322e+02
2.510000000000266240e+00 1.084525436029675376e+02
2.530000000000265814e+00 1.080233972053590179e+02
2.550000000000265388e+00 1.073364800686505873e+02
2.570000000000264961e+00 1.053746053074339528e+02
2.590000000000264535e+00 1.041048455096933907e+02
2.610000000000264109e+00 1.045972868533557971e+02
2.630000000000263682e+00 1.040363793298271986e+02
2.650000000000263256e+00 1.026545229213508179e+02
2.670000000000262830e+00 1.016173146226795154e+02
2.690000000000262403e+00 1.014682118500850976e+02
2.710000000000261977e+00 1.006912316547152813e+02
2.730000000000261551e+00 9.990968354827222697e+01
2.750000000000261124e+00 9.957591043330729974e+01
2.770000000000260698e+00 9.883781291994336016e+01
2.790000000000260272e+00 9.854694779347178724e+01
2.810000000000259845e+00 9.721979755925472944e+01
2.830000000000259419e+00 9.576196649427309637e+01
2.850000000000258993e+00 9.618031593272762336e+01
2.870000000000258567e+00 9.492158219500184657e+01
2.890000000000258140e+00 9.403334419850358472e+01
2.910000000000257714e+00 9.397357749080897804e+01
2.930000000000257288e+00 9.337355369733651855e+01
2.950000000000256861e+00 9.201941647524418499e+01
2.970000000000256435e+00 9.161188443444221718e+01
2.990000000000256009e+00 8.989129823838723610e+01
3.010000000000255582e+00 9.033021678630507267e+01
3.030000000000255156e+00 8.851504140736165027e+01
3.050000000000254730e+00 8.844194272260426715e+01
3.070000000000254303e+00 8.754459015951739786e+01
3.090000000000253877e+00 8.720801519744760810e+01
3.110000000000253451e+00 8.607452596023219371e+01
3.130000000000253024e+00 8.513986795280519004e+01
3.150000000000252598e+00 8.464232073246036236e+01
3.170000000000252172e+00 8.435859883716761942e+01
3.190000000000251745e+00 8.292544375469525164e+01
3.210000000000251319e+00 8.207091162561192732e+01
3.230000000000250893e+00 8.184146754467433027e+01
3.250000000000250466e+00 8.088099521886492482e+01
3.270000000000250040e+00 8.057017148034498177e+01
3.290000000000249614e+00 7.978680735245312405e+01
3.310000000000249187e+00 7.905217712795165141e+01
3.330000000000248761e+00 7.839705457059302773e+01
3.350000000000248335e+00 7.763590673116196683e+01
3.370000000000247908e+00 7.633471188393470186e+01
3.390000000000247482e+00 7.595616790490470294e+01
3.410000000000247056e+00 7.532434873772882611e+01
3.430000000000246629e+00 7.442461564765882542e+01
3.450000000000246203e+00 7.398612283041263993e+01
3.470000000000245777e+00 7.297380227548718779e+01
3.490000000000245350e+00 7.316500258945242763e+01
3.510000000000244924e+00 7.197003092479759800e+01
3.530000000000244498e+00 7.081811438214381837e+01
3.550000000000244071e+00 7.032144087528699572e+01
3.570000000000243645e+00 6.991769126338866158e+01
3.590000000000243219e+00 6.970645942385100113e+01
3.610000000000242792e+00 6.813795990242701350e+01
3.630000000000242366e+00 6.778315675465260881e+01
3.650000000000241940e+00 6.704748136576399986e+01
3.670000000000241513e+00 6.688364463443711827e+01
3.690000000000241087e+00 6.558601078166613263e+01
3.710000000000240661e+00 6.562079549143426505e+01
3.730000000000240234e+00 6.441947877202406403e+01
3.750000000000239808e+00 6.354465151260917111e+01
3.770000000000239382e+00 6.326957924423948043e+01
3.790000000000238956e+00 6.280533332800587232e+01
3.810000000000238529e+00 6.196780478024505356e+01
3.830000000000238103e+00 6.134619909582428932e+01
3.850000000000237677e+00 6.114096929018411686e+01
3.870000000000237250e+00 6.007459711716831663e+01
3.890000000000236824e+00 5.974531931876949642e+01
3.910000000000236398e+00 5.895627868841142316e+01
3.930000000000235971e+00 5.859084410236653895e+01
3.950000000000235545e+00 5.768751122689249655e+01
3.970000000000235119e+00 5.736641524722215735e+01
3.990000000000234692e+00 5.669990759965348559e+01
4.010000000000234266e+00 5.608496093844041042e+01
4.030000000000233840e+00 5.501338810145036717e+01
4.050000000000233413e+00 5.468910882125205575e+01
4.070000000000232987e+00 5.430675487346810826e+01
4.090000000000232561e+00 5.395640587641683794e+01
4.110000000000232134e+00 5.345445876540566132e+01
4.130000000000231708e+00 5.247712439081531244e+01
4.150000000000231282e+00 5.215631458537254161e+01
4.170000000000230855e+00 5.135982197157422036e+01
4.190000000000230429e+00 5.132047877739020691e+01
4.210000000000230003e+00 5.020849890968231932e+01
4.230000000000229576e+00 5.005017478325083857e+01
4.250000000000229150e+00 4.955828962744134714e+01
4.270000000000228724e+00 4.909206576830726476e+01
4.290000000000228297e+00 4.838565490871938124e+01
4.310000000000227871e+00 4.830049380045348073e+01
4.330000000000227445e+00 4.746428611889848526e+01
4.350000000000227018e+00 4.672359577461560320e+01
4.370000000000226592e+00 4.664533763924816867e+01
4.390000000000226166e+00 4.622063521316474066e+01
4.410000000000225739e+00 4.531692122138072421e+01
4.430000000000225313e+00 4.525898063498317470e+01
4.450000000000224887e+00 4.414567437732998201e+01
4.470000000000224460e+00 4.409231460319035278e+01
4.490000000000224034e+00 4.375214206862855093e+01
4.510000000000223608e+00 4.283134892429994522e+01
4.530000000000223181e+00 4.285570830315643320e+01
4.550000000000222755e+00 4.219287523788016614e+01
4.570000000000222329e+00 4.093154847414715647e+01
4.590000000000221902e+00 4.065417610302898055e+01
4.610000000000221476e+00 4.033381911010911125e+01
4.630000000000221050e+00 4.034691870717389151e+01
4.650000000000220624e+00 3.917084808578737665e+01
4.670000000000220197e+00 3.867343878326843765e+01
4.690000000000219771e+00 3.875570749061922982e+01
4.710000000000219345e+00 3.788587158282099665e+01
4.730000000000218918e+00 3.776721301947189602e+01
4.750000000000218492e+00 3.710829343926660329e+01
4.770000000000218066e+00 3.641888911521839844e+01
4.790000000000217639e+00 3.631017475388918569e+01
4.810000000000217213e+00 3.590513694854606541e+01
4.830000000000216787e+00 3.585357370715487235e+01
4.850000000000216360e+00 3.487694776076256886e+01
4.870000000000215934e+00 3.495923134028081591e+01
4.890000000000215508e+00 3.388840103351442679e+01
4.910000000000215081e+00 3.351127465442991138e+01
4.930000000000214655e+00 3.341069644133013838e+01
4.950000000000214229e+00 3.297051238534525197e+01
4.970000000000213802e+00 3.245447803778663598e+01
4.990000000000213376e+00 3.208476959021209041e+01
5.010000000000212950e+00 3.146779224357891636e+01
5.030000000000212523e+00 3.151838900024636558e+01
5.050000000000212097e+00 3.094639175042076573e+01
5.070000000000211671e+00 3.060861680335614565e+01
5.090000000000211244e+00 3.035969148367360759e+01
5.110000000000210818e+00 2.972873856883350641e+01
5.130000000000210392e+00 2.927128081762382550e+01
5.150000000000209965e+00 2.879025718283191537e+01
5.170000000000209539e+00 2.870002640319223985e+01
5.190000000000209113e+00 2.826134518956928332e+01
5.210000000000208686e+00 2.764624733685932156e+01
5.230000000000208260e+00 2.747357401038231117e+01
5.250000000000207834e+00 2.694088594785850432e+01
5.270000000000207407e+00 2.722490214275910603e+01
5.290000000000206981e+00 2.650857491179965564e+01
5.310000000000206555e+00 2.607573360208714419e+01
5.330000000000206128e+00 2.580205466435163686e+01
5.350000000000205702e+00 2.523872461115222876e+01
5.370000000000205276e+00 2.513512442067283459e+01
5.390000000000204849e+00 2.491959192515767540e+01
5.410000000000204423e+00 2.430406948954797031e+01
5.430000000000203997e+00 2.433758364432031129e+01
5.450000000000203570e+00 2.386064076407721046e+01
5.470000000000203144e+00 2.325396228539542065e+01
5.490000000000202718e+00 2.328911714292945945e+01
5.510000000000202292e+00 2.294481233782197549e+01
5.530000000000201865e+00 2.245591560582598945e+01
5.550000000000201439e+00 2.218476546779790937e+01
5.570000000000201013e+00 2.211286821363831123e+01
5.590000000000200586e+00 2.161337212442531452e+01
5.610000000000200160e+00 2.129182421602489228e+01
5.630000000000199734e+00 2.113946050149313294e+01
5.650000000000199307e+00 2.082127169079719664e+01
5.670000000000198881e+00 2.044731570346053928e+01
5.690000000000198455e+00 2.000023748278279356e+01
5.710000000000198028e+00 2.028324519505695278e+01
5.730000000000197602e+00 1.951581624047597785e+01
5.750000000000197176e+00 1.932426574213967996e+01
5.770000000000196749e+00 1.917937369675417969e+01
5.790000000000196323e+00 1.877441742159722082e+01
5.810000000000195897e+00 1.840883633370788175e+01
5.830000000000195470e+00 1.820880450859673516e+01
5.850000000000195044e+00 1.780012051262785988e+01
5.870000000000194618e+00 1.776993243204078610e+01
5.890000000000194191e+00 1.737932245423911581e+01
5.910000000000193765e+00 1.694775053783119390e+01
5.930000000000193339e+00 1.688064312851708237e+01
5.950000000000192912e+00 1.672045589050459213e+01
5.970000000000192486e+00 1.647938925965609869e+01
5.990000000000192060e+00 1.616284301065229201e+01
6.010000000000191633e+00 1.584340740406329218e+01
6.030000000000191207e+00 1.551746466696087801e+01
6.050000000000190781e+00 1.550518448623571111e+01
6.070000000000190354e+00 1.505925857023073888e+01
6.090000000000189928e+00 1.490490412868318693e+01
6.110000000000189502e+00 1.464790232307950468e+01
6.130000000000189075e+00 1.449117657520942970e+01
6.150000000000188649e+00 1.439770747110598137e+01
6.170000000000188223e+00 1.406399732158151039e+01
6.190000000000187796e+00 1.380364286236864935e+01
6.210000000000187370e+00 1.360499386026105206e+01
6.230000000000186944e+00 1.343897523839575925e+01
6.250000000000186517e+00 1.322876211146079584e+01
6.270000000000186091e+00 1.302602363475809000e+01
6.290000000000185665e+00 1.289164565023623332e+01
6.310000000000185238e+00 1.258268659898041619e+01
6.330000000000184812e+00 1.233530066486203758e+01
6.350000000000184386e+00 1.215417747273941451e+01
6.370000000000183960e+00 1.199327976654483052e+01
6.390000000000183533e+00 1.179149147935380348e+01
6.410000000000183107e+00 1.166491479466217029e+01
6.430000000000182681e+00 1.142465653320101993e+01
6.450000000000182254e+00 1.124835000063105639e+01
6.470000000000181828e+00 1.113507147970074129e+01
6.490000000000181402e+00 1.084657167644121856e+01
6.510000000000180975e+00 1.069370230482257789e+01
6.530000000000180549e+00 1.070864022188683329e+01
6.550000000000180123e+00 1.041279814876276788e+01
6.570000000000179696e+00 1.027781863750348990e+01
6.590000000000179270e+00 1.021132363021662748e+01
6.610000000000178844e+00 9.857076929328139059e+00
6.630000000000178417e+00 9.699443094507509855e+00
6.650000000000177991e+00 9.788688011472160611e+00
6.670000000000177565e+00 9.387084874467589657e+00
6.690000000000177138e+00 9.325049249770998472e+00
6.710000000000176712e+00 9.230257215057575237e+00
6.730000000000176286e+00 9.056073297777615494e+00
6.750000000000175859e+00 8.842643691103898362e+00
6.770000000000175433e+00 8.748245919875326848e+00
6.790000000000175007e+00 8.588374674183757662e+00
6.810000000000174580e+00 8.460400738163913914e+00
6.830000000000174154e+00 8.363315666127871140e+00
6.850000000000173728e+00 8.205397082236432382e+00
6.870000000000173301e+00 7.966756361766679007e+00
6.890000000000172875e+00 7.927996266466227127e+00
6.910000000000172449e+00 7.735974002685988005e+00
6.930000000000172022e+00 7.645701915553412498e+00
6.950000000000171596e+00 7.634433629641654839e+00
6.970000000000171170e+00 7.383219149723614372e+00
6.990000000000170743e+00 7.312846867639667181e+00
7.010000000000170317e+00 7.243781199574217844e+00
7.030000000000169891e+00 7.192340855969147739e+00
7.050000000000169464e+00 6.923171673850211150e+00
7.070000000000169038e+00 6.878801924504957199e+00
7.090000000000168612e+00 6.772307834311014574e+00
7.110000000000168185e+00 6.764684465385277790e+00
7.130000000000167759e+00 6.641957765116181633e+00
7.150000000000167333e+00 6.418239483044093419e+00
7.170000000000166906e+00 6.372290691704305843e+00
7.190000000000166480e+00 6.258910674103412397e+00
7.210000000000166054e+00 6.150202046322014837e+00
7.230000000000165628e+00 6.136064603125809924e+00
7.250000000000165201e+00 6.044845211811372465e+00
7.270000000000164775e+00 5.816037299744965416e+00
7.290000000000164349e+00 5.815341917532286686e+00
7.310000000000163922e+00 5.771562531818327457e+00
7.330000000000163496e+00 5.700822051340802332e+00
7.350000000000163070e+00 5.595797801191976895e+00
7.370000000000162643e+00 5.483661489706840975e+00
7.390000000000162217e+00 5.417598197792242054e+00
7.410000000000161791e+00 5.265157261540648115e+00
7.430000000000161364e+00 5.266341832300578396e+00
7.450000000000160938e+00 5.175179242658130896e+00
7.470000000000160512e+00 5.120711059845615587e+00
7.490000000000160085e+00 5.122343452206461478e+00
7.510000000000159659e+00 5.062816498779021401e+00
7.530000000000159233e+00 4.933592387728785056e+00
7.550000000000158806e+00 4.868089995159328609e+00
7.570000000000158380e+00 4.740478526630174549e+00
7.590000000000157954e+00 4.756107325017815413e+00
7.610000000000157527e+00 4.644083871600786395e+00
7.630000000000157101e+00 4.655805484858790422e+00
7.650000000000156675e+00 4.571598524283248643e+00
7.670000000000156248e+00 4.543738583628191385e+00
7.690000000000155822e+00 4.387018437475860289e+00
7.710000000000155396e+00 4.437624457062235628e+00
7.730000000000154969e+00 4.276022728622517199e+00
7.750000000000154543e+00 4.246407611622196043e+00
7.770000000000154117e+00 4.216033111767948149e+00
7.790000000000153690e+00 4.198482773677060464e+00
7.810000000000153264e+00 4.170884028718186975e+00
7.830000000000152838e+00 4.095215676058346688e+00
7.850000000000152411e+00 4.037399398053649335e+00
7.870000000000151985e+00 3.969248083390017445e+00
7.890000000000151559e+00 3.965939367550201045e+00
7.910000000000151132e+00 3.912759078207705965e+00
7.930000000000150706e+00 3.855224492056191554e+00
7.950000000000150280e+00 3.830428912130151797e+00
7.970000000000149853e+00 3.741575965510554713e+00
7.990000000000149427e+00 3.720053816343070530e+00
8.010000000000149001e+00 3.730764987899188867e+00
8.030000000000148574e+00 3.671003036202161951e+00
8.050000000000148148e+00 3.608941971772831270e+00
8.070000000000147722e+00 3.566399077355089098e+00
8.090000000000147296e+00 3.527193136360522452e+00
8.110000000000146869e+00 3.532626848585054269e+00
8.130000000000146443e+00 3.469386578570677671e+00
8.150000000000146017e+00 3.452272610754776316e+00
8.170000000000145590e+00 3.381755262590733668e+00
8.190000000000145164e+00 3.373825275302613669e+00
8.210000000000144738e+00 3.322394720305656080e+00
8.230000000000144311e+00 3.301307963829297254e+00
8.250000000000143885e+00 3.261529334474520869e+00
8.270000000000143459e+00 3.264285174189699212e+00
8.290000000000143032e+00 3.236231506750284037e+00
8.310000000000142606e+00 3.203241197346025526e+00
8.330000000000142180e+00 3.168233603914877961e+00
8.350000000000141753e+00 3.158522586663425002e+00
8.370000000000141327e+00 3.121141503553528374e+00
8.390000000000140901e+00 3.062445817586061825e+00
8.410000000000140474e+00 3.088677395711733720e+00
8.430000000000140048e+00 3.035977967612546013e+00
8.450000000000139622e+00 3.026762119297738085e+00
8.470000000000139195e+00 2.983637829581061940e+00
8.490000000000138769e+00 2.971153672328547657e+00
8.510000000000138343e+00 2.960038733074116024e+00
8.530000000000137916e+00 2.897288907566796468e+00
8.550000000000137490e+00 2.947810078433128478e+00
8.570000000000137064e+00 2.878800745939428030e+00
8.590000000000136637e+00 2.858722981377090466e+00
8.610000000000136211e+00 2.848051614692927558e+00
8.630000000000135785e+00 2.833438523452250557e+00
8.650000000000135358e+00 2.799790067121565862e+00
8.670000000000134932e+00 2.820048781669159066e+00
8.690000000000134506e+00 2.753899193880125384e+00
8.710000000000134079e+00 2.745844260076090393e+00
8.730000000000133653e+00 2.743555603444447044e+00
8.750000000000133227e+00 2.699017138916842473e+00
8.770000000000132800e+00 2.694079922303353136e+00
8.790000000000132374e+00 2.692750881033945554e+00
8.810000000000131948e+00 2.724706330075724381e+00
8.830000000000131521e+00 2.668570508563373078e+00
8.850000000000131095e+00 2.642588831512759473e+00
8.870000000000130669e+00 2.600276549748394395e+00
8.890000000000130242e+00 2.655444491558228925e+00
8.910000000000129816e+00 2.591403671913736773e+00
8.930000000000129390e+00 2.593622142912143769e+00
8.950000000000128964e+00 2.594664445814059750e+00
8.970000000000128537e+00 2.571055660439025559e+00
8.990000000000128111e+00 2.517711503924669803e+00
9.010000000000127685e+00 2.555484042968884317e+00
9.030000000000127258e+00 2.532896203304073168e+00
9.050000000000126832e+00 2.527044335085744997e+00
9.070000000000126406e+00 2.543270217543651235e+00
9.090000000000125979e+00 2.459456555818875678e+00
9.110000000000125553e+00 2.479148834950053004e+00
9.130000000000125127e+00 2.468276191046917756e+00
9.150000000000124700e+00 2.484939450078180290e+00
9.170000000000124274e+00 2.445583963066803257e+00
9.190000000000123848e+00 2.442270944628751828e+00
9.210000000000123421e+00 2.452316057353344458e+00
9.230000000000122995e+00 2.440021607614108579e+00
9.250000000000122569e+00 2.410642887527346012e+00
9.270000000000122142e+00 2.419761277057444815e+00
9.290000000000121716e+00 2.399216076568726486e+00
9.310000000000121290e+00 2.381775724985013998e+00
9.330000000000120863e+00 2.373081138856283356e+00
9.350000000000120437e+00 2.388181855455466795e+00
9.370000000000120011e+00 2.399861375481923798e+00
9.390000000000119584e+00 2.319912344455701714e+00
9.410000000000119158e+00 2.356962702502809925e+00
9.430000000000118732e+00 2.340794243927293294e+00
9.450000000000118305e+00 2.327168259777668613e+00
9.470000000000117879e+00 2.317820020985340346e+00
9.490000000000117453e+00 2.314444589849317779e+00
9.510000000000117026e+00 2.300163916258456176e+00
9.530000000000116600e+00 2.280282090993603905e+00
9.550000000000116174e+00 2.280331020864354574e+00
9.570000000000115747e+00 2.314708793374753437e+00
9.590000000000115321e+00 2.303923953447146289e+00
9.610000000000114895e+00 2.252511842001000630e+00
9.630000000000114468e+00 2.245403855521256986e+00
9.650000000000114042e+00 2.275245531267660049e+00
9.670000000000113616e+00 2.227141530523832902e+00
9.690000000000113189e+00 2.233626156705144084e+00
9.710000000000112763e+00 2.244730575727866828e+00
9.730000000000112337e+00 2.224505786371944183e+00
9.750000000000111910e+00 2.210175322634421402e+00
9.770000000000111484e+00 2.205360947537378546e+00
9.790000000000111058e+00 2.180162623027522173e+00
9.810000000000110632e+00 2.209949818296991886e+00
9.830000000000110205e+00 2.196942204627050366e+00
9.850000000000109779e+00 2.198705525922923787e+00
9.870000000000109353e+00 2.162000709737478488e+00
9.890000000000108926e+00 2.145150717672960283e+00
9.910000000000108500e+00 2.193351092599906682e+00
9.930000000000108074e+00 2.159160565806091281e+00
9.950000000000107647e+00 2.168367453683789137e+00
9.970000000000107221e+00 2.134064907739218864e+00
9.990000000000106795e+00 2.136793713974143749e+00
1.001000000000010637e+01 2.148887697978769662e+00
1.003000000000010594e+01 2.125656924271775772e+00
1.005000000000010552e+01 2.124424373575990455e+00
1.007000000000010509e+01 2.137105358182282089e+00
1.009000000000010466e+01 2.128035680485335757e+00
1.011000000000010424e+01 2.076033258178942909e+00
1.013000000000010381e+01 2.100949691619558468e+00
1.015000000000010338e+01 2.094144149061962779e+00
1.017000000000010296e+01 2.092561859589013640e+00
1.019000000000010253e+01 2.083847177111106674e+00
1.021000000000010210e+01 2.074325185660935045e+00
1.023000000000010168e+01 2.104290287013228511e+00
1.025000000000010125e+01 2.050063733803890731e+00
1.027000000000010083e+01 2.050391901374188475e+00
1.029000000000010040e+01 2.084805309706934562e+00
1.031000000000009997e+01 2.054027286620845327e+00
1.033000000000009955e+01 2.023097634368227649e+00
1.035000000000009912e+01 2.051727004660837128e+00
1.037000000000009869e+01 2.039700418178493901e+00
1.039000000000009827e+01 1.986607526235177223e+00
1.041000000000009784e+01 2.036880623641419419e+00
1.043000000000009742e+01 2.009748289262328402e+00
1.045000000000009699e+01 2.020669637182361811e+00
1.047000000000009656e+01 2.031548837235930272e+00
1.049000000000009614e+01 2.002823698839609534e+00
1.051000000000009571e+01 1.985987103057007985e+00
1.053000000000009528e+01 1.995622890955068618e+00
1.055000000000009486e+01 1.996267296078292119e+00
1.057000000000009443e+01 1.935964467970635150e+00
1.059000000000009400e+01 1.991517230875007094e+00
1.061000000000009358e+01 1.929807888003934879e+00
1.063000000000009315e+01 1.991377794382796607e+00
1.065000000000009273e+01 1.959266777287346439e+00
1.067000000000009230e+01 1.951734397166590806e+00
1.069000000000009187e+01 1.910626682113947039e+00
1.071000000000009145e+01 1.891716852007556682e+00
1.073000000000009102e+01 1.920938266258480631e+00
1.075000000000009059e+01 1.895681086689904316e+00
1.077000000000009017e+01 1.902248642769777343e+00
1.079000000000008974e+01 1.911356998389376560e+00
1.081000000000008932e+01 1.890011546732030201e+00
1.083000000000008889e+01 1.884330994661530756e+00
1.085000000000008846e+01 1.870710967180283957e+00
1.087000000000008804e+01 1.881909876878758103e+00
1.089000000000008761e+01 1.887752055553490127e+00
1.091000000000008718e+01 1.865490932923123291e+00
1.093000000000008676e+01 1.852986530542879207e+00
1.095000000000008633e+01 1.863764599005941047e+00
1.097000000000008590e+01 1.842793716466793574e+00
1.099000000000008548e+01 1.847780280144591281e+00
1.101000000000008505e+01 1.812840764809329874e+00
1.103000000000008463e+01 1.797645272228156621e+00
1.105000000000008420e+01 1.794464685772921841e+00
1.107000000000008377e+01 1.807273002261226003e+00
1.109000000000008335e+01 1.826081085048505859e+00
1.111000000000008292e+01 1.767558767620008631e+00
1.113000000000008249e+01 1.789362861487965084e+00
1.115000000000008207e+01 1.786417137150419387e+00
1.117000000000008164e+01 1.776903076901229728e+00
1.119000000000008122e+01 1.776096855767107519e+00
1.121000000000008079e+01 1.771706122138289263e+00
1.123000000000008036e+01 1.751183654225772601e+00
1.125000000000007994e+01 1.755339531113136342e+00
1.127000000000007951e+01 1.729218027843147265e+00
1.129000000000007908e+01 1.783429349056403490e+00
1.131000000000007866e+01 1.747751531347557785e+00
1.133000000000007823e+01 1.740524418255247951e+00
1.135000000000007780e+01 1.689345633924643320e+00
1.137000000000007738e+01 1.712612801467898072e+00
1.139000000000007695e+01 1.736468311369131934e+00
1.141000000000007653e+01 1.706907744042224673e+00
1.143000000000007610e+01 1.687895050925878104e+00
1.145000000000007567e+01 1.695270261905485576e+00
1.147000000000007525e+01 1.692809293970244156e+00
1.149000000000007482e+01 1.649384549615871220e+00
1.151000000000007439e+01 1.693306573185345831e+00
1.153000000000007397e+01 1.670435013678485126e+00
1.155000000000007354e+01 1.647597395743436888e+00
1.157000000000007311e+01 1.632694892613844040e+00
1.159000000000007269e+01 1.648866627801533147e+00
1.161000000000007226e+01 1.591401019326275756e+00
1.163000000000007184e+01 1.607606370184558209e+00
1.165000000000007141e+01 1.595205141396232262e+00
1.167000000000007098e+01 1.610940386918076728e+00
1.169000000000007056e+01 1.593267171648609759e+00
1.171000000000007013e+01 1.610571283061282166e+00
1.173000000000006970e+01 1.584318089920427441e+00
1.175000000000006928e+01 1.548115293554587657e+00
1.177000000000006885e+01 1.566531805694668655e+00
1.179000000000006843e+01 1.589045542957290058e+00
1.181000000000006800e+01 1.506408699229260462e+00
1.183000000000006757e+01 1.533768327668113995e+00
1.185000000000006715e+01 1.528716628226947094e+00
1.187000000000006672e+01 1.517031994833052622e+00
1.189000000000006629e+01 1.506542613650069917e+00
1.191000000000006587e+01 1.487936307146886517e+00
1.193000000000006544e+01 1.501984678024024689e+00
1.195000000000006501e+01 1.490349172795491395e+00
1.197000000000006459e+01 1.459644894366489254e+00
1.199000000000006416e+01 1.489452860645798182e+00
1.201000000000006374e+01 1.491997091451468860e+00
1.203000000000006331e+01 1.452755071339191684e+00
1.205000000000006288e+01 1.429460011869424951e+00
1.207000000000006246e+01 1.462073160934092453e+00
1.209000000000006203e+01 1.418154352923163719e+00
1.211000000000006160e+01 1.452438635722162807e+00
1.213000000000006118e+01 1.408753324339265367e+00
1.215000000000006075e+01 1.397121173794819704e+00
1.217000000000006033e+01 1.442739553742643288e+00
1.219000000000005990e+01 1.443434448435625628e+00
1.221000000000005947e+01 1.392202713533561287e+00
1.223000000000005905e+01 1.360750849510254268e+00
1.225000000000005862e+01 1.387498490023977515e+00
1.227000000000005819e+01 1.342906592715430891e+00
1.229000000000005777e+01 1.344025951876830938e+00
1.231000000000005734e+01 1.372787798685656258e+00
1.233000000000005691e+01 1.339478917839612926e+00
1.235000000000005649e+01 1.330953312886830719e+00
1.237000000000005606e+01 1.363231960052823766e+00
1.239000000000005564e+01 1.304133434237855660e+00
1.241000000000005521e+01 1.299954853921415854e+00
1.243000000000005478e+01 1.308950934691629708e+00
1.245000000000005436e+01 1.301680812433049672e+00
1.247000000000005393e+01 1.261197256327563965e+00
1.249000000000005350e+01 1.281097769140420173e+00
1.251000000000005308e+01 1.244086231965506162e+00
1.253000000000005265e+01 1.247017953069233132e+00
1.255000000000005222e+01 1.242270712904551377e+00
1.257000000000005180e+01 1.235298597964976652e+00
1.259000000000005137e+01 1.199488779158423224e+00
1.261000000000005095e+01 1.215074905359603497e+00
1.263000000000005052e+01 1.214708267788135121e+00
1.265000000000005009e+01 1.200610452460554756e+00
1.267000000000004967e+01 1.210592789595442920e+00
1.269000000000004924e+01 1.178902608691963838e+00
1.271000000000004881e+01 1.170172680648730035e+00
1.273000000000004839e+01 1.164034777237097806e+00
1.275000000000004796e+01 1.161099808106579978e+00
1.277000000000004754e+01 1.134075590623260243e+00
1.279000000000004711e+01 1.145728573898958880e+00
1.281000000000004668e+01 1.146572619251300162e+00
1.283000000000004626e+01 1.104131466555646979e+00
1.285000000000004583e+01 1.091043422354041725e+00
1.287000000000004540e+01 1.110863576480243253e+00
1.289000000000004498e+01 1.114147631051532583e+00
1.291000000000004455e+01 1.065305482334186760e+00
1.293000000000004412e+01 1.082837192472835719e+00
1.295000000000004370e+01 1.048587613267821794e+00
1.297000000000004327e+01 1.104080862153194564e+00
1.299000000000004285e+01 1.052761928123346902e+00
1.301000000000004242e+01 1.051088500804626680e+00
1.303000000000004199e+01 1.000682609544712109e+00
1.305000000000004157e+01 1.035062717018771172e+00
1.307000000000004114e+01 9.968951327436000875e-01
1.309000000000004071e+01 1.013475366673298517e+00
1.311000000000004029e+01 9.671518706901064411e-01
1.313000000000003986e+01 9.766937832070978764e-01
1.315000000000003944e+01 9.722608346180894312e-01
1.317000000000003901e+01 9.536671388996189602e-01
1.319000000000003858e+01 9.381040840471674969e-01
1.321000000000003816e+01 9.596094344238228491e-01
1.323000000000003773e+01 9.026811508738978862e-01
1.325000000000003730e+01 9.003167819178899967e-01
1.327000000000003688e+01 8.595517572721944610e-01
1.329000000000003645e+01 8.957806708334673518e-01
1.331000000000003602e+01 9.022207543884170899e-01
1.333000000000003560e+01 8.820125967169473169e-01
1.335000000000003517e+01 8.935565497016407788e-01
1.337000000000003475e+01 8.599340981917434901e-01
1.339000000000003432e+01 8.425956825383624782e-01
1.341000000000003389e+01 8.232867805860658583e-01
1.343000000000003347e+01 8.136825479635714231e-01
1.345000000000003304e+01 8.142386868286810575e-01
1.347000000000003261e+01 8.073619492031364198e-01
1.349000000000003219e+01 8.083032305195986256e-01
1.351000000000003176e+01 7.733102568025613799e-01
1.353000000000003133e+01 7.678379014411984560e-01
1.355000000000003091e+01 7.327084806408948880e-01
1.357000000000003048e+01 7.140399950538292018e-01
1.359000000000003006e+01 7.265460784068261679e-01
1.361000000000002963e+01 7.105224761096367025e-01
1.363000000000002920e+01 7.031213337997360702e-01
1.365000000000002878e+01 6.576400071579976414e-01
1.367000000000002835e+01 6.510427048759690472e-01
1.369000000000002792e+01 6.676272006557554262e-01
1.371000000000002750e+01 6.504865862822680755e-01
1.373000000000002707e+01 6.456120024280598280e-01
1.375000000000002665e+01 6.138999098941839705e-01
1.377000000000002622e+01 6.146452770089583240e-01
1.379000000000002579e+01 5.912062264269766221e-01
1.381000000000002537e+01 5.783673535225376527e-01
1.383000000000002494e+01 5.724577238259747070e-01
1.385000000000002451e+01 5.395037614858899655e-01
1.387000000000002409e+01 5.447916618160455471e-01
1.389000000000002366e+01 5.268727740192663545e-01
1.391000000000002323e+01 5.347461778676361188e-01
1.393000000000002281e+01 5.259225135179464994e-01
1.395000000000002238e+01 4.781972950662624622e-01
1.397000000000002196e+01 4.627362791928291696e-01
1.399000000000002153e+01 4.479409223780924654e-01
1.401000000000002110e+01 4.174536675863850244e-01
1.403000000000002068e+01 4.377613638862327128e-01
1.405000000000002025e+01 4.219854142349147019e-01
1.407000000000001982e+01 4.091518256656533903e-01
1.409000000000001940e+01 3.845707241538299792e-01
1.411000000000001897e+01 3.826293290253587887e-01
1.413000000000001855e+01 3.835668363310628104e-01
1.415000000000001812e+01 3.457100188895620430e-01
1.417000000000001769e+01 3.077578405987828614e-01
1.419000000000001727e+01 2.945585725757507989e-01
1.421000000000001684e+01 2.889774559496001705e-01
1.423000000000001641e+01 2.716303954756107975e-01
1.425000000000001599e+01 2.440446425632654681e-01
1.427000000000001556e+01 2.534780656229161377e-01
1.429000000000001513e+01 2.361800867753159339e-01
1.431000000000001471e+01 2.151331508603717968e-01
1.433000000000001428e+01 1.987484167073082231e-01
1.435000000000001386e+01 1.922148767959759863e-01
1.437000000000001343e+01 1.731878411375991911e-01
1.439000000000001300e+01 1.541975686789069655e-01
1.441000000000001258e+01 1.377821234005636997e-01
1.443000000000001215e+01 1.316966302911120046e-01
1.445000000000001172e+01 1.049674580392052081e-01
1.447000000000001130e+01 9.935860855083568366e-02
1.449000000000001087e+01 8.288695660437585266e-02
1.451000000000001044e+01 7.406160396006182534e-02
1.453000000000001002e+01 5.499862833235985571e-02
1.455000000000000959e+01 3.598463501486506150e-02
1.457000000000000917e+01 2.228823208905025485e-02
1.459000000000000874e+01 1.674333215505937472e-02
1.461000000000000831e+01 1.125481901655391026e-02
1.463000000000000789e+01 1.382661431974731292e-02
1.465000000000000746e+01 8.282437263588127152e-03
1.467000000000000703e+01 5.445932099625546211e-03
1.469000000000000661e+01 2.722368662667531709e-03
1.471000000000000618e+01 1.131618745314674312e-15
1.473000000000000576e+01 0.000000000000000000e+00
1.475000000000000533e+01 0.000000000000000000e+00
1.477000000000000490e+01 0.000000000000000000e+00
1.479000000000000448e+01 0.000000000000000000e+00
1.481000000000000405e+01 0.000000000000000000e+00
1.483000000000000362e+01 0.000000000000000000e+00
1.485000000000000320e+01 0.000000000000000000e+00
1.487000000000000277e+01 0.000000000000000000e+00
1.489000000000000234e+01 0.000000000000000000e+00
1.491000000000000192e+01 0.000000000000000000e+00
1.493000000000000149e+01 0.000000000000000000e+00
1.495000000000000107e+01 0.000000000000000000e+00
1.497000000000000064e+01 0.000000000000000000e+00
1.499000000000000021e+01 0.000000000000000000e+00
