# Redshift		Merger Rate Density [Gpc^-3yr^-1]
1.000000000031931770e-02 3.578001561274680142e+01
3.000000000031888964e-02 3.696720670977515510e+01
5.000000000031846331e-02 3.835937902072297589e+01
7.000000000031804392e-02 3.976009171849806734e+01
9.000000000031761760e-02 4.104778785743510383e+01
1.100000000003171913e-01 4.236463277564360652e+01
1.300000000003167511e-01 4.279692299065990824e+01
1.500000000003163247e-01 4.404513625937833865e+01
1.700000000003158984e-01 4.489234192800649481e+01
1.900000000003154721e-01 4.596912020701133628e+01
2.100000000003150458e-01 4.682810185943220205e+01
2.300000000003146194e-01 4.798494445599426683e+01
2.500000000003141931e-01 4.907933149561878849e+01
2.700000000003137668e-01 5.049470663527297631e+01
2.900000000003133405e-01 5.239177148997488587e+01
3.100000000003129141e-01 5.396108423116159258e+01
3.300000000003124878e-01 5.591263679215191473e+01
3.500000000003120615e-01 5.747759863355364729e+01
3.700000000003116352e-01 5.961832320892441572e+01
3.900000000003112088e-01 6.114981455342569205e+01
4.100000000003107825e-01 6.325185109736604261e+01
4.300000000003103562e-01 6.510645947503709863e+01
4.500000000003099299e-01 6.664352652693011692e+01
4.700000000003095035e-01 6.962170300018286184e+01
4.900000000003090772e-01 7.086667031672729422e+01
5.100000000003086509e-01 7.418644738076702083e+01
5.300000000003082246e-01 7.627075655435008628e+01
5.500000000003077982e-01 7.923551306832254681e+01
5.700000000003073719e-01 8.235973187967105957e+01
5.900000000003069456e-01 8.494468029841263501e+01
6.100000000003065193e-01 8.773960145717879300e+01
6.300000000003060929e-01 9.064211375299436213e+01
6.500000000003056666e-01 9.258005147542267821e+01
6.700000000003052403e-01 9.506617732723664460e+01
6.900000000003048140e-01 9.781090980850196104e+01
7.100000000003043876e-01 9.942805730526538355e+01
7.300000000003039613e-01 1.025161686949634259e+02
7.500000000003035350e-01 1.043819271836697311e+02
7.700000000003031086e-01 1.075399003997197411e+02
7.900000000003026823e-01 1.097196919635708383e+02
8.100000000003022560e-01 1.122753538946165435e+02
8.300000000003018297e-01 1.149374032834105321e+02
8.500000000003014033e-01 1.185972627763982814e+02
8.700000000003009770e-01 1.213709548550857136e+02
8.900000000003005507e-01 1.247011634487468683e+02
9.100000000003001244e-01 1.277574915664577873e+02
9.300000000002996980e-01 1.300165730827625055e+02
9.500000000002992717e-01 1.338936876677348380e+02
9.700000000002988454e-01 1.368174400559472303e+02
9.900000000002984191e-01 1.395822813231092709e+02
1.010000000000297993e+00 1.426012616659452874e+02
1.030000000000297566e+00 1.465212630354093619e+02
1.050000000000297140e+00 1.497068521437668096e+02
1.070000000000296714e+00 1.528241704752948635e+02
1.090000000000296287e+00 1.558550483863800764e+02
1.110000000000295861e+00 1.599095813063420621e+02
1.130000000000295435e+00 1.628034384849877654e+02
1.150000000000295008e+00 1.657147276025172573e+02
1.170000000000294582e+00 1.696770575326119115e+02
1.190000000000294156e+00 1.728256225605864813e+02
1.210000000000293729e+00 1.759698760013255594e+02
1.230000000000293303e+00 1.788856378627024526e+02
1.250000000000292877e+00 1.825731594480491538e+02
1.270000000000292451e+00 1.854623543179763772e+02
1.290000000000292024e+00 1.899040490091229003e+02
1.310000000000291598e+00 1.925008534013463759e+02
1.330000000000291172e+00 1.953555220910187700e+02
1.350000000000290745e+00 1.990475154778548585e+02
1.370000000000290319e+00 2.023933839499632086e+02
1.390000000000289893e+00 2.057017473718042595e+02
1.410000000000289466e+00 2.089267958697906238e+02
1.430000000000289040e+00 2.113534497005323942e+02
1.450000000000288614e+00 2.153868555768977444e+02
1.470000000000288187e+00 2.180318840295048233e+02
1.490000000000287761e+00 2.205681308507955691e+02
1.510000000000287335e+00 2.242143010243190986e+02
1.530000000000286908e+00 2.267231007958071132e+02
1.550000000000286482e+00 2.299852771149720638e+02
1.570000000000286056e+00 2.314812603048239055e+02
1.590000000000285629e+00 2.353218910943076025e+02
1.610000000000285203e+00 2.374978659039647368e+02
1.630000000000284777e+00 2.399721315472430376e+02
1.650000000000284350e+00 2.416850331581770206e+02
1.670000000000283924e+00 2.451902629802108038e+02
1.690000000000283498e+00 2.468945091575531023e+02
1.710000000000283071e+00 2.496159244280690928e+02
1.730000000000282645e+00 2.521772305392351257e+02
1.750000000000282219e+00 2.517091603978556975e+02
1.770000000000281792e+00 2.544682006372667900e+02
1.790000000000281366e+00 2.579424261583103544e+02
1.810000000000280940e+00 2.578127096479676084e+02
1.830000000000280513e+00 2.582925961101966550e+02
1.850000000000280087e+00 2.603281219043159922e+02
1.870000000000279661e+00 2.616664835548628503e+02
1.890000000000279234e+00 2.643833280312067018e+02
1.910000000000278808e+00 2.655740256924467531e+02
1.930000000000278382e+00 2.667442010351278441e+02
1.950000000000277955e+00 2.650725523561713999e+02
1.970000000000277529e+00 2.697851842961511579e+02
1.990000000000277103e+00 2.692188646547235749e+02
2.010000000000276899e+00 2.699534900452655393e+02
2.030000000000276472e+00 2.699845115420290540e+02
2.050000000000276046e+00 2.698613018176095011e+02
2.070000000000275620e+00 2.679715757820737849e+02
2.090000000000275193e+00 2.689717189870161178e+02
2.110000000000274767e+00 2.707958528749640550e+02
2.130000000000274341e+00 2.668973417286988479e+02
2.150000000000273914e+00 2.680428311136393518e+02
2.170000000000273488e+00 2.652196095703999390e+02
2.190000000000273062e+00 2.645889044796795702e+02
2.210000000000272635e+00 2.607714337156767783e+02
2.230000000000272209e+00 2.615410453570539744e+02
2.250000000000271783e+00 2.590441518268673917e+02
2.270000000000271356e+00 2.573631849860398688e+02
2.290000000000270930e+00 2.517956955056446020e+02
2.310000000000270504e+00 2.500793489823456639e+02
2.330000000000270077e+00 2.486248083088163980e+02
2.350000000000269651e+00 2.458711834985887492e+02
2.370000000000269225e+00 2.437138967420366100e+02
2.390000000000268798e+00 2.421972014581566839e+02
2.410000000000268372e+00 2.399947010471525459e+02
2.430000000000267946e+00 2.381498165301217114e+02
2.450000000000267519e+00 2.355053884790972063e+02
2.470000000000267093e+00 2.331792955744830351e+02
2.490000000000266667e+00 2.300473356451407199e+02
2.510000000000266240e+00 2.298140610755966406e+02
2.530000000000265814e+00 2.260404592227382352e+02
2.550000000000265388e+00 2.242973880582208324e+02
2.570000000000264961e+00 2.213832445357298013e+02
2.590000000000264535e+00 2.183511868627419688e+02
2.610000000000264109e+00 2.166932376326680014e+02
2.630000000000263682e+00 2.136605270439945627e+02
2.650000000000263256e+00 2.109624857833660485e+02
2.670000000000262830e+00 2.081809894529662301e+02
2.690000000000262403e+00 2.046438482847979685e+02
2.710000000000261977e+00 2.028343428803645452e+02
2.730000000000261551e+00 1.999791958757206771e+02
2.750000000000261124e+00 1.972001090934653860e+02
2.770000000000260698e+00 1.939484368728906816e+02
2.790000000000260272e+00 1.922126789949337251e+02
2.810000000000259845e+00 1.885932368203419287e+02
2.830000000000259419e+00 1.857619397503719370e+02
2.850000000000258993e+00 1.830657875638829353e+02
2.870000000000258567e+00 1.804704376999745250e+02
2.890000000000258140e+00 1.775289418757164981e+02
2.910000000000257714e+00 1.743894840179070798e+02
2.930000000000257288e+00 1.716648345038837249e+02
2.950000000000256861e+00 1.688013681812770983e+02
2.970000000000256435e+00 1.656041486195021548e+02
2.990000000000256009e+00 1.627629392559401253e+02
3.010000000000255582e+00 1.603351041603816043e+02
3.030000000000255156e+00 1.568843921051183656e+02
3.050000000000254730e+00 1.548713312562791202e+02
3.070000000000254303e+00 1.521502890853317069e+02
3.090000000000253877e+00 1.489482115933960813e+02
3.110000000000253451e+00 1.466992673762348147e+02
3.130000000000253024e+00 1.439934326174302441e+02
3.150000000000252598e+00 1.415998452916934696e+02
3.170000000000252172e+00 1.396149251632768937e+02
3.190000000000251745e+00 1.362172547819296540e+02
3.210000000000251319e+00 1.338909714814993208e+02
3.230000000000250893e+00 1.313489006096876324e+02
3.250000000000250466e+00 1.288992403518358003e+02
3.270000000000250040e+00 1.271979932743186055e+02
3.290000000000249614e+00 1.252956034274681798e+02
3.310000000000249187e+00 1.224463709270371652e+02
3.330000000000248761e+00 1.205219012432345522e+02
3.350000000000248335e+00 1.182494266185305634e+02
3.370000000000247908e+00 1.161054727866279705e+02
3.390000000000247482e+00 1.147034923265935475e+02
3.410000000000247056e+00 1.122387112104815117e+02
3.430000000000246629e+00 1.102131409596973413e+02
3.450000000000246203e+00 1.082646698489683104e+02
3.470000000000245777e+00 1.064513459028816413e+02
3.490000000000245350e+00 1.050253858859845764e+02
3.510000000000244924e+00 1.022152033265630138e+02
3.530000000000244498e+00 1.015585553426735572e+02
3.550000000000244071e+00 1.011774756552911185e+02
3.570000000000243645e+00 9.822521297328636081e+01
3.590000000000243219e+00 9.678357135503719633e+01
3.610000000000242792e+00 9.543568569529855949e+01
3.630000000000242366e+00 9.332627395480808730e+01
3.650000000000241940e+00 9.224280614469435591e+01
3.670000000000241513e+00 9.108454012353897156e+01
3.690000000000241087e+00 8.920698061201663620e+01
3.710000000000240661e+00 8.776221071173338828e+01
3.730000000000240234e+00 8.700765156369008935e+01
3.750000000000239808e+00 8.498262145710297943e+01
3.770000000000239382e+00 8.472587322228520179e+01
3.790000000000238956e+00 8.276552156552295969e+01
3.810000000000238529e+00 8.076643583869443432e+01
3.830000000000238103e+00 8.112778508026778468e+01
3.850000000000237677e+00 8.029482379968621331e+01
3.870000000000237250e+00 7.963440227745243760e+01
3.890000000000236824e+00 7.832212857066004119e+01
3.910000000000236398e+00 7.782191527157124256e+01
3.930000000000235971e+00 7.703462713949120655e+01
3.950000000000235545e+00 7.611539618398170148e+01
3.970000000000235119e+00 7.521729321602195739e+01
3.990000000000234692e+00 7.423105399373454816e+01
4.010000000000234266e+00 7.420187941310393853e+01
4.030000000000233840e+00 7.297368821855728527e+01
4.050000000000233413e+00 7.291390719725576730e+01
4.070000000000232987e+00 7.194864049011884788e+01
4.090000000000232561e+00 7.129002615029142476e+01
4.110000000000232134e+00 7.175492466744718456e+01
4.130000000000231708e+00 7.082865314968083226e+01
4.150000000000231282e+00 7.025138975311662648e+01
4.170000000000230855e+00 6.969679307347465169e+01
4.190000000000230429e+00 7.006520170905263001e+01
4.210000000000230003e+00 6.973076714431860523e+01
4.230000000000229576e+00 6.973685798084233056e+01
4.250000000000229150e+00 7.017152682872247738e+01
4.270000000000228724e+00 6.970207499463153056e+01
4.290000000000228297e+00 7.004472069419313129e+01
4.310000000000227871e+00 6.945384119935258127e+01
4.330000000000227445e+00 6.935278115170991953e+01
4.350000000000227018e+00 6.974859303863998150e+01
4.370000000000226592e+00 6.947196752248268581e+01
4.390000000000226166e+00 6.998296406398571889e+01
4.410000000000225739e+00 6.910711495104639823e+01
4.430000000000225313e+00 6.831814497811885190e+01
4.450000000000224887e+00 6.874128080948992192e+01
4.470000000000224460e+00 6.908937557722499889e+01
4.490000000000224034e+00 6.860971463745444510e+01
4.510000000000223608e+00 6.906702159573889332e+01
4.530000000000223181e+00 6.792652679182501174e+01
4.550000000000222755e+00 6.827487966741202285e+01
4.570000000000222329e+00 6.786884347223937652e+01
4.590000000000221902e+00 6.760703801317083617e+01
4.610000000000221476e+00 6.734469098059479109e+01
4.630000000000221050e+00 6.711770460526678050e+01
4.650000000000220624e+00 6.705813568696301274e+01
4.670000000000220197e+00 6.665031412820617618e+01
4.690000000000219771e+00 6.682928427426182338e+01
4.710000000000219345e+00 6.697987974117947374e+01
4.730000000000218918e+00 6.668427210428619389e+01
4.750000000000218492e+00 6.647939105300085316e+01
4.770000000000218066e+00 6.678627727694018290e+01
4.790000000000217639e+00 6.659624192171214929e+01
4.810000000000217213e+00 6.584344093349595539e+01
4.830000000000216787e+00 6.611840327664076256e+01
4.850000000000216360e+00 6.574989772469987770e+01
4.870000000000215934e+00 6.565617511598520650e+01
4.890000000000215508e+00 6.576037608250241817e+01
4.910000000000215081e+00 6.562072221312308784e+01
4.930000000000214655e+00 6.493864340583395744e+01
4.950000000000214229e+00 6.465255528483298519e+01
4.970000000000213802e+00 6.428720926322515083e+01
4.990000000000213376e+00 6.455879708330601829e+01
5.010000000000212950e+00 6.415711812150733806e+01
5.030000000000212523e+00 6.342956005271689435e+01
5.050000000000212097e+00 6.432589109728171195e+01
5.070000000000211671e+00 6.242691561923952293e+01
5.090000000000211244e+00 6.241419058222279403e+01
5.110000000000210818e+00 6.267957769412694802e+01
5.130000000000210392e+00 6.151078822149813874e+01
5.150000000000209965e+00 6.096090074873839626e+01
5.170000000000209539e+00 6.116520243495271103e+01
5.190000000000209113e+00 6.108679804207159947e+01
5.210000000000208686e+00 6.016801323399190693e+01
5.230000000000208260e+00 6.014586673314448717e+01
5.250000000000207834e+00 5.956538821514273252e+01
5.270000000000207407e+00 5.881994676473293993e+01
5.290000000000206981e+00 5.801819846160519489e+01
5.310000000000206555e+00 5.760861710636265798e+01
5.330000000000206128e+00 5.706503317839284506e+01
5.350000000000205702e+00 5.636891902794084785e+01
5.370000000000205276e+00 5.561939591385771564e+01
5.390000000000204849e+00 5.560256788110928738e+01
5.410000000000204423e+00 5.494567698480237539e+01
5.430000000000203997e+00 5.464276037307837441e+01
5.450000000000203570e+00 5.449788951098433643e+01
5.470000000000203144e+00 5.412804729803360004e+01
5.490000000000202718e+00 5.335496422686845364e+01
5.510000000000202292e+00 5.245159936086767516e+01
5.530000000000201865e+00 5.152702802733414700e+01
5.550000000000201439e+00 5.119012220017496162e+01
5.570000000000201013e+00 5.054267278157281140e+01
5.590000000000200586e+00 5.042882585931016592e+01
5.610000000000200160e+00 4.931488892558896708e+01
5.630000000000199734e+00 4.821667134509543473e+01
5.650000000000199307e+00 4.838655210469378432e+01
5.670000000000198881e+00 4.765814953089077477e+01
5.690000000000198455e+00 4.664389598408988036e+01
5.710000000000198028e+00 4.636075280934790044e+01
5.730000000000197602e+00 4.576328839259920045e+01
5.750000000000197176e+00 4.558406460552362205e+01
5.770000000000196749e+00 4.450214755717433235e+01
5.790000000000196323e+00 4.375087301893662328e+01
5.810000000000195897e+00 4.358139244967195935e+01
5.830000000000195470e+00 4.334609726772963967e+01
5.850000000000195044e+00 4.306859876412509180e+01
5.870000000000194618e+00 4.214576293971880716e+01
5.890000000000194191e+00 4.195247512431256354e+01
5.910000000000193765e+00 4.119129280920702030e+01
5.930000000000193339e+00 4.063624281111064818e+01
5.950000000000192912e+00 3.955439885325304772e+01
5.970000000000192486e+00 3.921780923142470243e+01
5.990000000000192060e+00 3.861086427147911593e+01
6.010000000000191633e+00 3.744547639141019602e+01
6.030000000000191207e+00 3.714426274050271104e+01
6.050000000000190781e+00 3.696701556422529933e+01
6.070000000000190354e+00 3.657271275274972311e+01
6.090000000000189928e+00 3.555228695827965879e+01
6.110000000000189502e+00 3.522242874891194475e+01
6.130000000000189075e+00 3.503658426622688182e+01
6.150000000000188649e+00 3.436094558266684373e+01
6.170000000000188223e+00 3.365588159995252227e+01
6.190000000000187796e+00 3.321439343515504561e+01
6.210000000000187370e+00 3.295370109527377878e+01
6.230000000000186944e+00 3.277213533530205325e+01
6.250000000000186517e+00 3.218853268099672960e+01
6.270000000000186091e+00 3.193315902899540504e+01
6.290000000000185665e+00 3.121348164036616524e+01
6.310000000000185238e+00 3.082069770612633874e+01
6.330000000000184812e+00 3.049213849653883557e+01
6.350000000000184386e+00 3.014377837461799459e+01
6.370000000000183960e+00 2.930306104709955051e+01
6.390000000000183533e+00 2.956169566959404804e+01
6.410000000000183107e+00 2.890628000690211508e+01
6.430000000000182681e+00 2.849625018883825334e+01
6.450000000000182254e+00 2.803793064294201187e+01
6.470000000000181828e+00 2.767062924731851581e+01
6.490000000000181402e+00 2.735184794890171389e+01
6.510000000000180975e+00 2.696379030501049456e+01
6.530000000000180549e+00 2.624055235920250340e+01
6.550000000000180123e+00 2.603787768624138721e+01
6.570000000000179696e+00 2.588574817416038343e+01
6.590000000000179270e+00 2.540146410823701473e+01
6.610000000000178844e+00 2.524190948966276693e+01
6.630000000000178417e+00 2.485310783589887507e+01
6.650000000000177991e+00 2.461150662336862638e+01
6.670000000000177565e+00 2.418318549980920196e+01
6.690000000000177138e+00 2.389462347558399458e+01
6.710000000000176712e+00 2.382482192075216787e+01
6.730000000000176286e+00 2.359530571750164185e+01
6.750000000000175859e+00 2.296698827975261636e+01
6.770000000000175433e+00 2.287358332988568321e+01
6.790000000000175007e+00 2.237033984939173337e+01
6.810000000000174580e+00 2.195713821408910604e+01
6.830000000000174154e+00 2.192225089099173729e+01
6.850000000000173728e+00 2.136087131203979084e+01
6.870000000000173301e+00 2.139030415912003136e+01
6.890000000000172875e+00 2.115344047788290283e+01
6.910000000000172449e+00 2.079563176740162334e+01
6.930000000000172022e+00 2.087924982687627562e+01
6.950000000000171596e+00 2.043747642715726798e+01
6.970000000000171170e+00 2.034345087074434844e+01
6.990000000000170743e+00 1.996622490608235623e+01
7.010000000000170317e+00 2.003418827711190886e+01
7.030000000000169891e+00 1.964126727144914142e+01
7.050000000000169464e+00 1.941739396425130693e+01
7.070000000000169038e+00 1.917278513300671250e+01
7.090000000000168612e+00 1.895574167707205504e+01
7.110000000000168185e+00 1.867257904159437842e+01
7.130000000000167759e+00 1.852127450595566671e+01
7.150000000000167333e+00 1.850346629430901402e+01
7.170000000000166906e+00 1.790152175481652463e+01
7.190000000000166480e+00 1.793068489459301063e+01
7.210000000000166054e+00 1.780922961350634282e+01
7.230000000000165628e+00 1.801312725670172910e+01
7.250000000000165201e+00 1.757032903325438866e+01
7.270000000000164775e+00 1.750716146682133711e+01
7.290000000000164349e+00 1.727111347933390562e+01
7.310000000000163922e+00 1.698539201085602457e+01
7.330000000000163496e+00 1.656128875630698616e+01
7.350000000000163070e+00 1.645764782254172331e+01
7.370000000000162643e+00 1.653113252834564761e+01
7.390000000000162217e+00 1.610380549692780150e+01
7.410000000000161791e+00 1.603918104387242849e+01
7.430000000000161364e+00 1.585587514889774496e+01
7.450000000000160938e+00 1.574297408953590427e+01
7.470000000000160512e+00 1.559532059635886547e+01
7.490000000000160085e+00 1.548537577712148838e+01
7.510000000000159659e+00 1.524483301109924938e+01
7.530000000000159233e+00 1.506582578108941917e+01
7.550000000000158806e+00 1.499378511449240392e+01
7.570000000000158380e+00 1.484240714815396345e+01
7.590000000000157954e+00 1.462957902091220852e+01
7.610000000000157527e+00 1.460063363348176857e+01
7.630000000000157101e+00 1.442261991697661827e+01
7.650000000000156675e+00 1.405063533844218782e+01
7.670000000000156248e+00 1.408757293584760895e+01
7.690000000000155822e+00 1.396714691999706126e+01
7.710000000000155396e+00 1.391554222902978388e+01
7.730000000000154969e+00 1.343098173030191234e+01
7.750000000000154543e+00 1.350283386345316750e+01
7.770000000000154117e+00 1.331476095513638747e+01
7.790000000000153690e+00 1.314747315300450481e+01
7.810000000000153264e+00 1.278924169336227479e+01
7.830000000000152838e+00 1.265909430152650827e+01
7.850000000000152411e+00 1.249709370267573760e+01
7.870000000000151985e+00 1.236678925314453359e+01
7.890000000000151559e+00 1.223691786861047426e+01
7.910000000000151132e+00 1.207612617196737403e+01
7.930000000000150706e+00 1.189724677173664702e+01
7.950000000000150280e+00 1.174681180543059433e+01
7.970000000000149853e+00 1.157678612314176725e+01
7.990000000000149427e+00 1.142403609856129520e+01
8.010000000000149001e+00 1.118691461030099710e+01
8.030000000000148574e+00 1.112037997913142817e+01
8.050000000000148148e+00 1.094226059726171485e+01
8.070000000000147722e+00 1.063936484368613478e+01
8.090000000000147296e+00 1.055236764859436782e+01
8.110000000000146869e+00 1.039534786837074520e+01
8.130000000000146443e+00 1.020130302465236305e+01
8.150000000000146017e+00 1.011840749212012014e+01
8.170000000000145590e+00 9.928477904407527532e+00
8.190000000000145164e+00 9.805905436791256591e+00
8.210000000000144738e+00 9.639020460659164513e+00
8.230000000000144311e+00 9.441245613630940170e+00
8.250000000000143885e+00 9.234627378836387734e+00
8.270000000000143459e+00 9.070777991952686747e+00
8.290000000000143032e+00 8.921252523410432289e+00
8.310000000000142606e+00 8.779822837945674863e+00
8.330000000000142180e+00 8.655517141929339076e+00
8.350000000000141753e+00 8.464922817636441721e+00
8.370000000000141327e+00 8.305392911099636066e+00
8.390000000000140901e+00 8.186269273971872096e+00
8.410000000000140474e+00 8.041197291820983750e+00
8.430000000000140048e+00 7.915488767088668887e+00
8.450000000000139622e+00 7.805064716840003136e+00
8.470000000000139195e+00 7.607138358071567019e+00
8.490000000000138769e+00 7.452493278736922910e+00
8.510000000000138343e+00 7.372377074708912126e+00
8.530000000000137916e+00 7.226146404813758473e+00
8.550000000000137490e+00 7.200119851808540972e+00
8.570000000000137064e+00 7.007645012331501277e+00
8.590000000000136637e+00 6.962604971685411037e+00
8.610000000000136211e+00 6.844601068326013227e+00
8.630000000000135785e+00 6.691037524973760142e+00
8.650000000000135358e+00 6.598280368854162248e+00
8.670000000000134932e+00 6.482257065122015049e+00
8.690000000000134506e+00 6.334756825439203709e+00
8.710000000000134079e+00 6.214259965214149695e+00
8.730000000000133653e+00 6.129210957538213655e+00
8.750000000000133227e+00 6.075346182606828904e+00
8.770000000000132800e+00 6.088833662443771999e+00
8.790000000000132374e+00 5.931073784608778432e+00
8.810000000000131948e+00 5.840145050552425943e+00
8.830000000000131521e+00 5.808966831395124153e+00
8.850000000000131095e+00 5.681776238445592320e+00
8.870000000000130669e+00 5.619608899286190784e+00
8.890000000000130242e+00 5.628550881646757098e+00
8.910000000000129816e+00 5.481165231701092821e+00
8.930000000000129390e+00 5.382727611544598112e+00
8.950000000000128964e+00 5.387202561682422619e+00
8.970000000000128537e+00 5.348774593537461541e+00
8.990000000000128111e+00 5.269424568863246172e+00
9.010000000000127685e+00 5.196041139928004426e+00
9.030000000000127258e+00 5.059787108740848360e+00
9.050000000000126832e+00 5.091749782982839534e+00
9.070000000000126406e+00 4.963362734185766456e+00
9.090000000000125979e+00 4.975593358984068182e+00
9.110000000000125553e+00 4.881505407031438537e+00
9.130000000000125127e+00 4.849290417604279924e+00
9.150000000000124700e+00 4.731840400414718317e+00
9.170000000000124274e+00 4.685460269314396520e+00
9.190000000000123848e+00 4.702902613041521462e+00
9.210000000000123421e+00 4.660097948379769761e+00
9.230000000000122995e+00 4.601928732695133029e+00
9.250000000000122569e+00 4.525087386266521072e+00
9.270000000000122142e+00 4.487464773047593170e+00
9.290000000000121716e+00 4.440493928661552125e+00
9.310000000000121290e+00 4.381288366255214228e+00
9.330000000000120863e+00 4.301741447750125680e+00
9.350000000000120437e+00 4.274372786962655546e+00
9.370000000000120011e+00 4.207629624355329057e+00
9.390000000000119584e+00 4.232778129726780136e+00
9.410000000000119158e+00 4.135388967918779635e+00
9.430000000000118732e+00 4.077095167334275239e+00
9.450000000000118305e+00 4.001704640881857067e+00
9.470000000000117879e+00 3.923166266328046436e+00
9.490000000000117453e+00 3.898327027515622323e+00
9.510000000000117026e+00 3.874318483648760303e+00
9.530000000000116600e+00 3.828206382945625208e+00
9.550000000000116174e+00 3.759722843496814182e+00
9.570000000000115747e+00 3.721015395517037305e+00
9.590000000000115321e+00 3.669570452082982381e+00
9.610000000000114895e+00 3.657596688774257476e+00
9.630000000000114468e+00 3.523271404950023111e+00
9.650000000000114042e+00 3.478031186622197790e+00
9.670000000000113616e+00 3.450624513773799418e+00
9.690000000000113189e+00 3.354980101706625639e+00
9.710000000000112763e+00 3.388014637704150900e+00
9.730000000000112337e+00 3.258111021586435729e+00
9.750000000000111910e+00 3.265288008960507860e+00
9.770000000000111484e+00 3.175494314439328392e+00
9.790000000000111058e+00 3.130861142027737465e+00
9.810000000000110632e+00 3.127510404048005732e+00
9.830000000000110205e+00 3.063534080162683360e+00
9.850000000000109779e+00 3.031350597982333195e+00
9.870000000000109353e+00 2.931474439704683022e+00
9.890000000000108926e+00 2.938152608015427880e+00
9.910000000000108500e+00 2.881952495053253571e+00
9.930000000000108074e+00 2.842412796971992339e+00
9.950000000000107647e+00 2.782230682982413050e+00
9.970000000000107221e+00 2.724280798238271739e+00
9.990000000000106795e+00 2.719111585216618110e+00
1.001000000000010637e+01 2.682130637230201398e+00
1.003000000000010594e+01 2.541848961261767403e+00
1.005000000000010552e+01 2.591850635503556433e+00
1.007000000000010509e+01 2.506059525093322193e+00
1.009000000000010466e+01 2.519393950707025986e+00
1.011000000000010424e+01 2.454180795349876210e+00
1.013000000000010381e+01 2.450040135517627782e+00
1.015000000000010338e+01 2.403650710916391375e+00
1.017000000000010296e+01 2.314078725976584039e+00
1.019000000000010253e+01 2.329437742097807629e+00
1.021000000000010210e+01 2.311821629562401448e+00
1.023000000000010168e+01 2.302334147634595762e+00
1.025000000000010125e+01 2.238340561931888573e+00
1.027000000000010083e+01 2.270524611100135814e+00
1.029000000000010040e+01 2.207626284864659283e+00
1.031000000000009997e+01 2.175466541525367337e+00
1.033000000000009955e+01 2.162354650117114474e+00
1.035000000000009912e+01 2.100570663111271053e+00
1.037000000000009869e+01 2.118805624282356970e+00
1.039000000000009827e+01 2.045840341237100901e+00
1.041000000000009784e+01 2.069800007825857158e+00
1.043000000000009742e+01 2.022184528619275667e+00
1.045000000000009699e+01 2.031851196116786440e+00
1.047000000000009656e+01 2.041889636363426241e+00
1.049000000000009614e+01 2.018261395519556523e+00
1.051000000000009571e+01 1.977683186536211890e+00
1.053000000000009528e+01 1.988502241181735908e+00
1.055000000000009486e+01 2.014493348967674624e+00
1.057000000000009443e+01 1.944449646900398898e+00
1.059000000000009400e+01 1.960636182733388022e+00
1.061000000000009358e+01 1.949271033352991234e+00
1.063000000000009315e+01 1.910499098135439944e+00
1.065000000000009273e+01 1.925152416677696321e+00
1.067000000000009230e+01 1.965894108051319256e+00
1.069000000000009187e+01 1.915623155291963364e+00
1.071000000000009145e+01 1.948989891062979707e+00
1.073000000000009102e+01 1.931668036584723191e+00
1.075000000000009059e+01 1.938102996052627036e+00
1.077000000000009017e+01 1.895144000999111844e+00
1.079000000000008974e+01 1.941598160860043665e+00
1.081000000000008932e+01 1.899331357281045962e+00
1.083000000000008889e+01 1.935207537239360676e+00
1.085000000000008846e+01 1.925429152036223446e+00
1.087000000000008804e+01 1.906003607650731402e+00
1.089000000000008761e+01 1.879294315853975439e+00
1.091000000000008718e+01 1.958007871146295376e+00
1.093000000000008676e+01 1.878771795116335408e+00
1.095000000000008633e+01 1.934320627973958873e+00
1.097000000000008590e+01 1.903782717353246445e+00
1.099000000000008548e+01 1.913673465548374919e+00
1.101000000000008505e+01 1.889248167302764791e+00
1.103000000000008463e+01 1.923209850889598060e+00
1.105000000000008420e+01 1.840775768584038907e+00
1.107000000000008377e+01 1.913259983974513023e+00
1.109000000000008335e+01 1.931276025984895783e+00
1.111000000000008292e+01 1.909565042799687307e+00
1.113000000000008249e+01 1.902858797540571079e+00
1.115000000000008207e+01 1.891674408542701746e+00
1.117000000000008164e+01 1.947403959669470552e+00
1.119000000000008122e+01 1.902029615285696140e+00
1.121000000000008079e+01 1.947968208765561426e+00
1.123000000000008036e+01 1.936342653753407639e+00
1.125000000000007994e+01 1.915821640424654637e+00
1.127000000000007951e+01 1.945439134762237510e+00
1.129000000000007908e+01 1.904336647620451517e+00
1.131000000000007866e+01 1.968694770067069166e+00
1.133000000000007823e+01 1.915711645929132345e+00
1.135000000000007780e+01 1.948635941850636488e+00
1.137000000000007738e+01 1.989850373993739874e+00
1.139000000000007695e+01 1.945755801994301093e+00
1.141000000000007653e+01 1.981088148748539446e+00
1.143000000000007610e+01 1.961150625737320130e+00
1.145000000000007567e+01 1.942053652532754526e+00
1.147000000000007525e+01 1.946381772489967688e+00
1.149000000000007482e+01 1.951149673567721177e+00
1.151000000000007439e+01 1.966746429631972548e+00
1.153000000000007397e+01 1.930649186600511102e+00
1.155000000000007354e+01 1.952937120341918797e+00
1.157000000000007311e+01 2.000641749889525922e+00
1.159000000000007269e+01 1.867561453240132341e+00
1.161000000000007226e+01 1.981669130475040674e+00
1.163000000000007184e+01 1.970235373559172443e+00
1.165000000000007141e+01 1.956518573804211680e+00
1.167000000000007098e+01 1.970435464546390403e+00
1.169000000000007056e+01 1.904206343851644334e+00
1.171000000000007013e+01 1.964301854729269214e+00
1.173000000000006970e+01 1.960057524735715040e+00
1.175000000000006928e+01 1.930143098780434441e+00
1.177000000000006885e+01 1.912614539739635022e+00
1.179000000000006843e+01 1.924908338893591031e+00
1.181000000000006800e+01 1.929669265210793627e+00
1.183000000000006757e+01 1.904352279391952951e+00
1.185000000000006715e+01 1.973635813908532599e+00
1.187000000000006672e+01 1.894632856020595391e+00
1.189000000000006629e+01 1.893382519401557662e+00
1.191000000000006587e+01 1.895571415657864245e+00
1.193000000000006544e+01 1.953301751964243271e+00
1.195000000000006501e+01 1.887387673566880419e+00
1.197000000000006459e+01 1.913684283314524226e+00
1.199000000000006416e+01 1.865375637022961275e+00
1.201000000000006374e+01 1.888924385542328999e+00
1.203000000000006331e+01 1.923751673685911268e+00
1.205000000000006288e+01 1.836892846602476093e+00
1.207000000000006246e+01 1.846242642758263885e+00
1.209000000000006203e+01 1.892512112898310894e+00
1.211000000000006160e+01 1.826587700824400695e+00
1.213000000000006118e+01 1.874918028097892542e+00
1.215000000000006075e+01 1.808253617361117227e+00
1.217000000000006033e+01 1.828709935075698123e+00
1.219000000000005990e+01 1.862949976133108532e+00
1.221000000000005947e+01 1.829570263289726606e+00
1.223000000000005905e+01 1.826901428106155745e+00
1.225000000000005862e+01 1.801761814818246599e+00
1.227000000000005819e+01 1.778396339133554216e+00
1.229000000000005777e+01 1.829116504675453170e+00
1.231000000000005734e+01 1.773179086691988759e+00
1.233000000000005691e+01 1.782339586925970609e+00
1.235000000000005649e+01 1.744782756757363940e+00
1.237000000000005606e+01 1.794817452892262910e+00
1.239000000000005564e+01 1.762568375037735668e+00
1.241000000000005521e+01 1.725518055196088474e+00
1.243000000000005478e+01 1.733208076958626220e+00
1.245000000000005436e+01 1.730044619008351825e+00
1.247000000000005393e+01 1.680381683384884361e+00
1.249000000000005350e+01 1.769660104488315566e+00
1.251000000000005308e+01 1.662398225787744765e+00
1.253000000000005265e+01 1.645573417176650510e+00
1.255000000000005222e+01 1.666031524883171633e+00
1.257000000000005180e+01 1.623028519111673118e+00
1.259000000000005137e+01 1.655859240137875554e+00
1.261000000000005095e+01 1.620325733097418786e+00
1.263000000000005052e+01 1.636881553547247847e+00
1.265000000000005009e+01 1.610692205937930277e+00
1.267000000000004967e+01 1.587444297006077143e+00
1.269000000000004924e+01 1.597390088240469908e+00
1.271000000000004881e+01 1.533472254242715049e+00
1.273000000000004839e+01 1.497646441584128407e+00
1.275000000000004796e+01 1.541610057189558791e+00
1.277000000000004754e+01 1.536819781457839040e+00
1.279000000000004711e+01 1.509166994674371542e+00
1.281000000000004668e+01 1.486855156242686382e+00
1.283000000000004626e+01 1.469026101826236053e+00
1.285000000000004583e+01 1.440945780236687179e+00
1.287000000000004540e+01 1.432597303462284088e+00
1.289000000000004498e+01 1.428584104830359136e+00
1.291000000000004455e+01 1.400290065219988778e+00
1.293000000000004412e+01 1.372257640625559549e+00
1.295000000000004370e+01 1.364306544572350122e+00
1.297000000000004327e+01 1.345382290220539456e+00
1.299000000000004285e+01 1.373660011788760293e+00
1.301000000000004242e+01 1.321855765733534804e+00
1.303000000000004199e+01 1.256661654106031367e+00
1.305000000000004157e+01 1.300776262068541023e+00
1.307000000000004114e+01 1.293085929497111097e+00
1.309000000000004071e+01 1.254684964616985310e+00
1.311000000000004029e+01 1.222999413739036312e+00
1.313000000000003986e+01 1.220563112925927785e+00
1.315000000000003944e+01 1.205859357422344180e+00
1.317000000000003901e+01 1.190857723418244252e+00
1.319000000000003858e+01 1.203141830499850684e+00
1.321000000000003816e+01 1.170780810245775960e+00
1.323000000000003773e+01 1.173875240884912019e+00
1.325000000000003730e+01 1.176897395907728905e+00
1.327000000000003688e+01 1.109554945629822154e+00
1.329000000000003645e+01 1.112008950320295897e+00
1.331000000000003602e+01 1.138071520653721747e+00
1.333000000000003560e+01 1.076630108268025188e+00
1.335000000000003517e+01 1.052735557452461945e+00
1.337000000000003475e+01 1.071426695464920975e+00
1.339000000000003432e+01 1.053176650548885540e+00
1.341000000000003389e+01 1.022779513999882095e+00
1.343000000000003347e+01 9.940777971789467315e-01
1.345000000000003304e+01 1.003847918557537522e+00
1.347000000000003261e+01 9.779867190047093484e-01
1.349000000000003219e+01 9.744753552481465464e-01
1.351000000000003176e+01 9.643534447392997366e-01
1.353000000000003133e+01 9.212360899891999244e-01
1.355000000000003091e+01 8.915911623123037311e-01
1.357000000000003048e+01 9.078963900251910690e-01
1.359000000000003006e+01 9.046381073202980350e-01
1.361000000000002963e+01 8.916160200692434534e-01
1.363000000000002920e+01 8.230827816169630218e-01
1.365000000000002878e+01 8.221448595471643195e-01
1.367000000000002835e+01 8.195762169809216457e-01
1.369000000000002792e+01 8.481828393255818055e-01
1.371000000000002750e+01 7.892507462054542122e-01
1.373000000000002707e+01 7.527041613206794102e-01
1.375000000000002665e+01 7.174597582703104992e-01
1.377000000000002622e+01 7.080179619001572000e-01
1.379000000000002579e+01 7.004305191349017301e-01
1.381000000000002537e+01 6.738597053117227897e-01
1.383000000000002494e+01 6.931268518868209938e-01
1.385000000000002451e+01 6.554080548640390802e-01
1.387000000000002409e+01 6.355223129938922799e-01
1.389000000000002366e+01 6.073516795783524547e-01
1.391000000000002323e+01 6.269422297826798829e-01
1.393000000000002281e+01 5.840737140279476103e-01
1.395000000000002238e+01 5.699101051750273816e-01
1.397000000000002196e+01 5.561684035077163468e-01
1.399000000000002153e+01 5.401907100716200061e-01
1.401000000000002110e+01 5.161800386794301865e-01
1.403000000000002068e+01 4.765474339082408362e-01
1.405000000000002025e+01 4.781263816366612129e-01
1.407000000000001982e+01 4.562049643328577875e-01
1.409000000000001940e+01 4.512081125992957742e-01
1.411000000000001897e+01 4.286387458957843233e-01
1.413000000000001855e+01 4.126120321184205131e-01
1.415000000000001812e+01 3.843409385354021879e-01
1.417000000000001769e+01 3.402427468777099451e-01
1.419000000000001727e+01 3.208006056806416706e-01
1.421000000000001684e+01 2.931981747037086250e-01
1.423000000000001641e+01 2.618075084777025663e-01
1.425000000000001599e+01 2.632968367523675357e-01
1.427000000000001556e+01 2.569109424865113067e-01
1.429000000000001513e+01 2.535504621848613249e-01
1.431000000000001471e+01 2.261730896639325139e-01
1.433000000000001428e+01 1.954075001251548149e-01
1.435000000000001386e+01 2.192794837235829408e-01
1.437000000000001343e+01 1.861214743778736302e-01
1.439000000000001300e+01 1.641360816292053160e-01
1.441000000000001258e+01 1.444044835369592827e-01
1.443000000000001215e+01 1.302974072357050150e-01
1.445000000000001172e+01 1.085711108569086120e-01
1.447000000000001130e+01 9.201637035352626393e-02
1.449000000000001087e+01 8.664130648123222200e-02
1.451000000000001044e+01 7.278190112841051440e-02
1.453000000000001002e+01 6.139561783610349849e-02
1.455000000000000959e+01 4.758302707165909529e-02
1.457000000000000917e+01 4.195495585919262888e-02
1.459000000000000874e+01 4.454896580332204370e-02
1.461000000000000831e+01 3.338479729010523228e-02
1.463000000000000789e+01 3.050225941181449602e-02
1.465000000000000746e+01 1.665021904880483947e-02
1.467000000000000703e+01 5.567766739326602578e-03
1.469000000000000661e+01 2.782116529383957086e-03
1.471000000000000618e+01 0.000000000000000000e+00
1.473000000000000576e+01 0.000000000000000000e+00
1.475000000000000533e+01 0.000000000000000000e+00
1.477000000000000490e+01 0.000000000000000000e+00
1.479000000000000448e+01 0.000000000000000000e+00
1.481000000000000405e+01 0.000000000000000000e+00
1.483000000000000362e+01 0.000000000000000000e+00
1.485000000000000320e+01 0.000000000000000000e+00
1.487000000000000277e+01 0.000000000000000000e+00
1.489000000000000234e+01 0.000000000000000000e+00
1.491000000000000192e+01 0.000000000000000000e+00
1.493000000000000149e+01 0.000000000000000000e+00
1.495000000000000107e+01 0.000000000000000000e+00
1.497000000000000064e+01 0.000000000000000000e+00
1.499000000000000021e+01 0.000000000000000000e+00
