# Redshift		Merger Rate Density [Gpc^-3yr^-1]
1.000000000031931770e-02 4.953504788068840270e+01
3.000000000031888964e-02 5.024450285289251639e+01
5.000000000031846331e-02 5.061304931091040515e+01
7.000000000031804392e-02 5.165726035249531378e+01
9.000000000031761760e-02 5.197260402675275515e+01
1.100000000003171913e-01 5.245409555701484550e+01
1.300000000003167511e-01 5.350084097744118594e+01
1.500000000003163247e-01 5.380412979956761177e+01
1.700000000003158984e-01 5.453423732005039426e+01
1.900000000003154721e-01 5.524548675061831204e+01
2.100000000003150458e-01 5.619152882866374910e+01
2.300000000003146194e-01 5.698675776039907959e+01
2.500000000003141931e-01 5.724171910310121092e+01
2.700000000003137668e-01 5.831794636757343397e+01
2.900000000003133405e-01 5.910694944951692520e+01
3.100000000003129141e-01 6.013520590619628337e+01
3.300000000003124878e-01 6.105622889684779864e+01
3.500000000003120615e-01 6.174619635649686700e+01
3.700000000003116352e-01 6.245839646145810775e+01
3.900000000003112088e-01 6.380435726621270476e+01
4.100000000003107825e-01 6.421658651694812647e+01
4.300000000003103562e-01 6.561313217167314349e+01
4.500000000003099299e-01 6.626409040120152838e+01
4.700000000003095035e-01 6.738983211208829971e+01
4.900000000003090772e-01 6.843962338391141031e+01
5.100000000003086509e-01 6.905377220040091402e+01
5.300000000003082246e-01 6.960763947773256177e+01
5.500000000003077982e-01 7.081578732783053454e+01
5.700000000003073719e-01 7.136039460257379119e+01
5.900000000003069456e-01 7.223666236983721944e+01
6.100000000003065193e-01 7.273263936428708121e+01
6.300000000003060929e-01 7.383363235599699692e+01
6.500000000003056666e-01 7.456011382979468749e+01
6.700000000003052403e-01 7.523449535575892355e+01
6.900000000003048140e-01 7.524917244100534219e+01
7.100000000003043876e-01 7.720092289139225272e+01
7.300000000003039613e-01 7.698543889557605269e+01
7.500000000003035350e-01 7.796165403376942038e+01
7.700000000003031086e-01 7.917868957431929289e+01
7.900000000003026823e-01 7.927489268968177782e+01
8.100000000003022560e-01 8.082979770194494051e+01
8.300000000003018297e-01 8.016078245354214005e+01
8.500000000003014033e-01 8.132404632225319574e+01
8.700000000003009770e-01 8.163132862921651167e+01
8.900000000003005507e-01 8.295344892852314445e+01
9.100000000003001244e-01 8.293778353053662045e+01
9.300000000002996980e-01 8.371893550402019457e+01
9.500000000002992717e-01 8.487156645920748588e+01
9.700000000002988454e-01 8.525547448185902510e+01
9.900000000002984191e-01 8.623351358198792127e+01
1.010000000000297993e+00 8.636645649023952842e+01
1.030000000000297566e+00 8.561012638615811454e+01
1.050000000000297140e+00 8.705211274442783065e+01
1.070000000000296714e+00 8.879498819124128772e+01
1.090000000000296287e+00 8.807721842443541505e+01
1.110000000000295861e+00 8.936705769917358566e+01
1.130000000000295435e+00 8.929302958496367637e+01
1.150000000000295008e+00 8.975233452800164002e+01
1.170000000000294582e+00 9.076738618909253375e+01
1.190000000000294156e+00 9.022476951288177816e+01
1.210000000000293729e+00 9.075188253166382424e+01
1.230000000000293303e+00 9.197715596803304550e+01
1.250000000000292877e+00 9.100065817323771000e+01
1.270000000000292451e+00 9.197101017039099702e+01
1.290000000000292024e+00 9.270699827736858367e+01
1.310000000000291598e+00 9.224924519794039668e+01
1.330000000000291172e+00 9.313930464349679994e+01
1.350000000000290745e+00 9.336894956716805893e+01
1.370000000000290319e+00 9.242215985885901830e+01
1.390000000000289893e+00 9.402390824362908006e+01
1.410000000000289466e+00 9.369159806098269883e+01
1.430000000000289040e+00 9.336600693740975032e+01
1.450000000000288614e+00 9.332332203390144798e+01
1.470000000000288187e+00 9.436835723981054969e+01
1.490000000000287761e+00 9.410181543340976873e+01
1.510000000000287335e+00 9.423762338430833552e+01
1.530000000000286908e+00 9.411026714009585703e+01
1.550000000000286482e+00 9.485551022174078639e+01
1.570000000000286056e+00 9.434217176743980815e+01
1.590000000000285629e+00 9.525566488455028491e+01
1.610000000000285203e+00 9.458586855682119676e+01
1.630000000000284777e+00 9.385801446245758939e+01
1.650000000000284350e+00 9.455562081736285052e+01
1.670000000000283924e+00 9.407819610861727710e+01
1.690000000000283498e+00 9.432419573911931820e+01
1.710000000000283071e+00 9.439886596807264141e+01
1.730000000000282645e+00 9.429635712404545700e+01
1.750000000000282219e+00 9.385564177275155373e+01
1.770000000000281792e+00 9.478456432044022506e+01
1.790000000000281366e+00 9.315534984985244193e+01
1.810000000000280940e+00 9.359793431672216002e+01
1.830000000000280513e+00 9.390775501228220890e+01
1.850000000000280087e+00 9.343408092689259092e+01
1.870000000000279661e+00 9.257791880881673308e+01
1.890000000000279234e+00 9.294232712169139177e+01
1.910000000000278808e+00 9.218970148459426639e+01
1.930000000000278382e+00 9.314001551586393646e+01
1.950000000000277955e+00 9.179320476529133543e+01
1.970000000000277529e+00 9.260011566940572436e+01
1.990000000000277103e+00 9.140954218043317780e+01
2.010000000000276899e+00 9.122730421608918050e+01
2.030000000000276472e+00 9.131991262986967683e+01
2.050000000000276046e+00 9.002151775652062327e+01
2.070000000000275620e+00 9.030277397212418578e+01
2.090000000000275193e+00 8.949997053203283315e+01
2.110000000000274767e+00 8.913872944681411070e+01
2.130000000000274341e+00 8.973340293624059427e+01
2.150000000000273914e+00 8.822226691115628228e+01
2.170000000000273488e+00 8.795545343833309460e+01
2.190000000000273062e+00 8.738296330564247683e+01
2.210000000000272635e+00 8.708271560578995718e+01
2.230000000000272209e+00 8.609562120660162066e+01
2.250000000000271783e+00 8.637378670874738873e+01
2.270000000000271356e+00 8.520509424535357823e+01
2.290000000000270930e+00 8.474393196510416715e+01
2.310000000000270504e+00 8.439020635719172958e+01
2.330000000000270077e+00 8.389374268711479488e+01
2.350000000000269651e+00 8.275552459461981414e+01
2.370000000000269225e+00 8.368377158543823668e+01
2.390000000000268798e+00 8.177504185732720998e+01
2.410000000000268372e+00 8.075564913078858353e+01
2.430000000000267946e+00 8.173963819696680844e+01
2.450000000000267519e+00 8.047320073252525674e+01
2.470000000000267093e+00 8.032317316013160280e+01
2.490000000000266667e+00 7.872185208141719670e+01
2.510000000000266240e+00 7.934491016835758614e+01
2.530000000000265814e+00 7.777112755681486078e+01
2.550000000000265388e+00 7.718727588211544344e+01
2.570000000000264961e+00 7.706929733159059026e+01
2.590000000000264535e+00 7.649756420430907156e+01
2.610000000000264109e+00 7.604454709990346828e+01
2.630000000000263682e+00 7.537050060085597636e+01
2.650000000000263256e+00 7.451628144813464871e+01
2.670000000000262830e+00 7.460737454599660623e+01
2.690000000000262403e+00 7.292528770522915238e+01
2.710000000000261977e+00 7.208703904610699453e+01
2.730000000000261551e+00 7.303507425296662348e+01
2.750000000000261124e+00 7.149628849086339244e+01
2.770000000000260698e+00 7.120800367166110334e+01
2.790000000000260272e+00 7.056995455606319467e+01
2.810000000000259845e+00 7.004939115428392427e+01
2.830000000000259419e+00 6.949509727476308285e+01
2.850000000000258993e+00 6.916225429014198767e+01
2.870000000000258567e+00 6.794371795018564342e+01
2.890000000000258140e+00 6.830129995855864422e+01
2.910000000000257714e+00 6.766961515115966108e+01
2.930000000000257288e+00 6.645487592823707246e+01
2.950000000000256861e+00 6.648507184330615871e+01
2.970000000000256435e+00 6.574622762280264965e+01
2.990000000000256009e+00 6.490450559399758390e+01
3.010000000000255582e+00 6.463031427086183101e+01
3.030000000000255156e+00 6.477422167946997433e+01
3.050000000000254730e+00 6.389030549825550054e+01
3.070000000000254303e+00 6.350957267703293496e+01
3.090000000000253877e+00 6.293099258478915914e+01
3.110000000000253451e+00 6.224134067646589585e+01
3.130000000000253024e+00 6.205269033004084633e+01
3.150000000000252598e+00 6.157984207181229408e+01
3.170000000000252172e+00 6.107376136019802004e+01
3.190000000000251745e+00 6.058654555944865194e+01
3.210000000000251319e+00 6.012921841739387219e+01
3.230000000000250893e+00 6.003270065039325942e+01
3.250000000000250466e+00 5.959177427658128323e+01
3.270000000000250040e+00 5.871491839735914198e+01
3.290000000000249614e+00 5.840646944888565884e+01
3.310000000000249187e+00 5.813405192576183822e+01
3.330000000000248761e+00 5.768555658363308680e+01
3.350000000000248335e+00 5.775209696337589094e+01
3.370000000000247908e+00 5.693210469688008146e+01
3.390000000000247482e+00 5.653598251686172915e+01
3.410000000000247056e+00 5.559421485501806615e+01
3.430000000000246629e+00 5.576920601044314907e+01
3.450000000000246203e+00 5.576264505647935721e+01
3.470000000000245777e+00 5.527476810021398990e+01
3.490000000000245350e+00 5.452841698745885424e+01
3.510000000000244924e+00 5.446321190483157437e+01
3.530000000000244498e+00 5.351796817265934436e+01
3.550000000000244071e+00 5.359144221352831039e+01
3.570000000000243645e+00 5.267362125969231101e+01
3.590000000000243219e+00 5.291900810815651113e+01
3.610000000000242792e+00 5.305308203599880557e+01
3.630000000000242366e+00 5.243016205548213549e+01
3.650000000000241940e+00 5.190729660055424688e+01
3.670000000000241513e+00 5.161313081788801327e+01
3.690000000000241087e+00 5.165956369644830204e+01
3.710000000000240661e+00 5.057491096001679409e+01
3.730000000000240234e+00 5.072223351115363243e+01
3.750000000000239808e+00 5.094828691778331375e+01
3.770000000000239382e+00 5.002105488590125759e+01
3.790000000000238956e+00 4.964644012215435254e+01
3.810000000000238529e+00 4.957263050542272254e+01
3.830000000000238103e+00 4.924187047353898095e+01
3.850000000000237677e+00 4.902696500389059509e+01
3.870000000000237250e+00 4.889618333301508812e+01
3.890000000000236824e+00 4.873727784132442764e+01
3.910000000000236398e+00 4.841084269040621990e+01
3.930000000000235971e+00 4.786027034313821815e+01
3.950000000000235545e+00 4.825397717093595418e+01
3.970000000000235119e+00 4.743744204872862724e+01
3.990000000000234692e+00 4.754814217859295411e+01
4.010000000000234266e+00 4.659592107816642681e+01
4.030000000000233840e+00 4.722083182877486252e+01
4.050000000000233413e+00 4.655911695714247855e+01
4.070000000000232987e+00 4.664825268729254759e+01
4.090000000000232561e+00 4.605964575992643972e+01
4.110000000000232134e+00 4.610650401097603179e+01
4.130000000000231708e+00 4.537961283941861268e+01
4.150000000000231282e+00 4.588789517102429016e+01
4.170000000000230855e+00 4.577455387865852288e+01
4.190000000000230429e+00 4.479186209781526173e+01
4.210000000000230003e+00 4.519882924491822251e+01
4.230000000000229576e+00 4.470951032684014592e+01
4.250000000000229150e+00 4.435060523756032325e+01
4.270000000000228724e+00 4.479436929145634139e+01
4.290000000000228297e+00 4.405770973172504057e+01
4.310000000000227871e+00 4.403085958948715017e+01
4.330000000000227445e+00 4.453770497569605880e+01
4.350000000000227018e+00 4.378465992666706086e+01
4.370000000000226592e+00 4.338032225727252467e+01
4.390000000000226166e+00 4.358260304231617255e+01
4.410000000000225739e+00 4.340191696980603808e+01
4.430000000000225313e+00 4.329532373718297578e+01
4.450000000000224887e+00 4.320046395353143964e+01
4.470000000000224460e+00 4.277401658995494671e+01
4.490000000000224034e+00 4.287170993292597387e+01
4.510000000000223608e+00 4.267491565437140366e+01
4.530000000000223181e+00 4.248095637830181204e+01
4.550000000000222755e+00 4.241630577664284374e+01
4.570000000000222329e+00 4.210736935328571207e+01
4.590000000000221902e+00 4.205777623460231496e+01
4.610000000000221476e+00 4.217382948353388628e+01
4.630000000000221050e+00 4.190588339823973740e+01
4.650000000000220624e+00 4.198226245510407750e+01
4.670000000000220197e+00 4.162452146122001295e+01
4.690000000000219771e+00 4.162252263093153459e+01
4.710000000000219345e+00 4.155050696090691531e+01
4.730000000000218918e+00 4.147301200883685368e+01
4.750000000000218492e+00 4.117499226593622552e+01
4.770000000000218066e+00 4.132482040141186985e+01
4.790000000000217639e+00 4.109380383914648149e+01
4.810000000000217213e+00 4.093166636357577204e+01
4.830000000000216787e+00 4.063505701522654334e+01
4.850000000000216360e+00 4.082033726250045191e+01
4.870000000000215934e+00 4.072032709105755544e+01
4.890000000000215508e+00 4.081881409630097579e+01
4.910000000000215081e+00 4.022360840919180447e+01
4.930000000000214655e+00 4.067729610519173633e+01
4.950000000000214229e+00 4.049101496061545902e+01
4.970000000000213802e+00 4.041160498898310749e+01
4.990000000000213376e+00 4.013324587411649702e+01
5.010000000000212950e+00 4.039743317984316207e+01
5.030000000000212523e+00 4.013280329363920629e+01
5.050000000000212097e+00 4.008959690082414795e+01
5.070000000000211671e+00 3.998495425372329493e+01
5.090000000000211244e+00 3.977276582793844995e+01
5.110000000000210818e+00 3.983709880447352703e+01
5.130000000000210392e+00 3.962399409953552265e+01
5.150000000000209965e+00 3.986987136804334853e+01
5.170000000000209539e+00 3.921018779964327194e+01
5.190000000000209113e+00 3.987371013642446371e+01
5.210000000000208686e+00 3.955700032170769731e+01
5.230000000000208260e+00 3.956476111029553522e+01
5.250000000000207834e+00 3.930233021274764837e+01
5.270000000000207407e+00 3.927180343325141365e+01
5.290000000000206981e+00 3.914721477892538104e+01
5.310000000000206555e+00 3.913980829517634419e+01
5.330000000000206128e+00 3.942832051573271457e+01
5.350000000000205702e+00 3.923906826592622821e+01
5.370000000000205276e+00 3.899118250607552483e+01
5.390000000000204849e+00 3.883642120782520379e+01
5.410000000000204423e+00 3.907751787756795636e+01
5.430000000000203997e+00 3.898827983136825281e+01
5.450000000000203570e+00 3.902904309218077117e+01
5.470000000000203144e+00 3.858773649358228397e+01
5.490000000000202718e+00 3.865790729698703387e+01
5.510000000000202292e+00 3.905291218647571583e+01
5.530000000000201865e+00 3.867681447239819192e+01
5.550000000000201439e+00 3.905894999845379800e+01
5.570000000000201013e+00 3.867123333537943353e+01
5.590000000000200586e+00 3.830475955567531088e+01
5.610000000000200160e+00 3.868362084851386840e+01
5.630000000000199734e+00 3.850135785927820109e+01
5.650000000000199307e+00 3.856870642543180594e+01
5.670000000000198881e+00 3.830206206382271006e+01
5.690000000000198455e+00 3.822992745991799524e+01
5.710000000000198028e+00 3.814294992196502676e+01
5.730000000000197602e+00 3.836597757191836422e+01
5.750000000000197176e+00 3.807165245752273819e+01
5.770000000000196749e+00 3.816081460722902108e+01
5.790000000000196323e+00 3.794299229027003406e+01
5.810000000000195897e+00 3.802670436596294934e+01
5.830000000000195470e+00 3.818156618874928654e+01
5.850000000000195044e+00 3.817048429320996661e+01
5.870000000000194618e+00 3.788676785683037451e+01
5.890000000000194191e+00 3.790210905830058152e+01
5.910000000000193765e+00 3.769320941738362762e+01
5.930000000000193339e+00 3.801480578549673339e+01
5.950000000000192912e+00 3.784604780901317866e+01
5.970000000000192486e+00 3.755235944908695700e+01
5.990000000000192060e+00 3.780376624714524780e+01
6.010000000000191633e+00 3.761393716288595357e+01
6.030000000000191207e+00 3.734091707023805640e+01
6.050000000000190781e+00 3.778842341592105214e+01
6.070000000000190354e+00 3.731534492312908924e+01
6.090000000000189928e+00 3.734718488863391173e+01
6.110000000000189502e+00 3.748840153470746372e+01
6.130000000000189075e+00 3.715138291474440280e+01
6.150000000000188649e+00 3.750417055453409887e+01
6.170000000000188223e+00 3.695379610866265807e+01
6.190000000000187796e+00 3.713862671238724289e+01
6.210000000000187370e+00 3.700759094819760975e+01
6.230000000000186944e+00 3.698525773022139873e+01
6.250000000000186517e+00 3.674904589151375234e+01
6.270000000000186091e+00 3.671212256673307905e+01
6.290000000000185665e+00 3.690328081515714587e+01
6.310000000000185238e+00 3.669631186082126106e+01
6.330000000000184812e+00 3.650872126132652795e+01
6.350000000000184386e+00 3.660475702054316827e+01
6.370000000000183960e+00 3.662078304264014150e+01
6.390000000000183533e+00 3.640223172891084857e+01
6.410000000000183107e+00 3.655159426550358859e+01
6.430000000000182681e+00 3.625151097214627072e+01
6.450000000000182254e+00 3.622886829897797867e+01
6.470000000000181828e+00 3.621270544417454573e+01
6.490000000000181402e+00 3.607870744924688466e+01
6.510000000000180975e+00 3.608163903464425459e+01
6.530000000000180549e+00 3.606552153741280620e+01
6.550000000000180123e+00 3.566884344031810627e+01
6.570000000000179696e+00 3.596519860312199057e+01
6.590000000000179270e+00 3.620113914116495124e+01
6.610000000000178844e+00 3.577187360732983734e+01
6.630000000000178417e+00 3.562877852184070093e+01
6.650000000000177991e+00 3.551339313009508913e+01
6.670000000000177565e+00 3.541004447346126227e+01
6.690000000000177138e+00 3.567394496091848310e+01
6.710000000000176712e+00 3.533478421739853559e+01
6.730000000000176286e+00 3.526569659885754504e+01
6.750000000000175859e+00 3.520544320107417491e+01
6.770000000000175433e+00 3.519425081497039542e+01
6.790000000000175007e+00 3.504587252909304596e+01
6.810000000000174580e+00 3.498173559520136422e+01
6.830000000000174154e+00 3.471762816528334383e+01
6.850000000000173728e+00 3.452755599440753542e+01
6.870000000000173301e+00 3.454581802374021038e+01
6.890000000000172875e+00 3.446625227735255237e+01
6.910000000000172449e+00 3.434889814314480816e+01
6.930000000000172022e+00 3.411609913017521478e+01
6.950000000000171596e+00 3.401553203566029993e+01
6.970000000000171170e+00 3.428046238890481590e+01
6.990000000000170743e+00 3.399390853474188390e+01
7.010000000000170317e+00 3.401001833028497146e+01
7.030000000000169891e+00 3.381613601724421869e+01
7.050000000000169464e+00 3.364481141502947992e+01
7.070000000000169038e+00 3.357092628015384150e+01
7.090000000000168612e+00 3.355993265168448403e+01
7.110000000000168185e+00 3.326200561119888732e+01
7.130000000000167759e+00 3.324827529286346817e+01
7.150000000000167333e+00 3.294592770307593099e+01
7.170000000000166906e+00 3.300212945958212885e+01
7.190000000000166480e+00 3.292988512344921759e+01
7.210000000000166054e+00 3.285714111873613064e+01
7.230000000000165628e+00 3.262110488378961293e+01
7.250000000000165201e+00 3.265769223299128754e+01
7.270000000000164775e+00 3.238774520031993376e+01
7.290000000000164349e+00 3.222227129205690943e+01
7.310000000000163922e+00 3.211451006151403931e+01
7.330000000000163496e+00 3.200840600569553374e+01
7.350000000000163070e+00 3.193748038878421625e+01
7.370000000000162643e+00 3.200512972982500060e+01
7.390000000000162217e+00 3.161805599241668929e+01
7.410000000000161791e+00 3.152822041578578194e+01
7.430000000000161364e+00 3.121647345896549908e+01
7.450000000000160938e+00 3.130212738844834419e+01
7.470000000000160512e+00 3.111063140795526394e+01
7.490000000000160085e+00 3.102640932691407016e+01
7.510000000000159659e+00 3.096724785786701162e+01
7.530000000000159233e+00 3.073012289528767838e+01
7.550000000000158806e+00 3.074194293314394955e+01
7.570000000000158380e+00 3.050028546199283497e+01
7.590000000000157954e+00 3.024082763741243696e+01
7.610000000000157527e+00 3.010155330201919810e+01
7.630000000000157101e+00 2.997870159862146622e+01
7.650000000000156675e+00 2.980688400494837964e+01
7.670000000000156248e+00 2.967059852901458683e+01
7.690000000000155822e+00 2.950100894949322949e+01
7.710000000000155396e+00 2.928527851584654229e+01
7.730000000000154969e+00 2.928634267256873969e+01
7.750000000000154543e+00 2.915309473351369718e+01
7.770000000000154117e+00 2.885166653685921645e+01
7.790000000000153690e+00 2.884666085210114161e+01
7.810000000000153264e+00 2.871463224459799335e+01
7.830000000000152838e+00 2.867840491430334282e+01
7.850000000000152411e+00 2.844294147336445633e+01
7.870000000000151985e+00 2.819408688066403812e+01
7.890000000000151559e+00 2.801702591896621897e+01
7.910000000000151132e+00 2.771407928116823527e+01
7.930000000000150706e+00 2.774890583762271135e+01
7.950000000000150280e+00 2.761525587393479597e+01
7.970000000000149853e+00 2.730802325799487207e+01
7.990000000000149427e+00 2.728770021818205294e+01
8.010000000000149001e+00 2.710905051525365650e+01
8.030000000000148574e+00 2.685903682460678610e+01
8.050000000000148148e+00 2.674982180137595122e+01
8.070000000000147722e+00 2.661039744560706666e+01
8.090000000000147296e+00 2.639534802307564476e+01
8.110000000000146869e+00 2.632680566288432544e+01
8.130000000000146443e+00 2.605790724701308747e+01
8.150000000000146017e+00 2.594547796016967567e+01
8.170000000000145590e+00 2.567138430364054003e+01
8.190000000000145164e+00 2.562004201871192421e+01
8.210000000000144738e+00 2.539645649518039150e+01
8.230000000000144311e+00 2.521781582297486679e+01
8.250000000000143885e+00 2.502107672073453770e+01
8.270000000000143459e+00 2.492039148262914594e+01
8.290000000000143032e+00 2.477247504480764206e+01
8.310000000000142606e+00 2.458019131197860929e+01
8.330000000000142180e+00 2.438590032422388987e+01
8.350000000000141753e+00 2.428768829587466271e+01
8.370000000000141327e+00 2.402763699017156540e+01
8.390000000000140901e+00 2.374864615745801188e+01
8.410000000000140474e+00 2.381522428819119597e+01
8.430000000000140048e+00 2.353639024851581141e+01
8.450000000000139622e+00 2.331108741687499020e+01
8.470000000000139195e+00 2.306239193994486314e+01
8.490000000000138769e+00 2.292897989935013570e+01
8.510000000000138343e+00 2.292195966272646146e+01
8.530000000000137916e+00 2.271814145581840805e+01
8.550000000000137490e+00 2.256805966128982277e+01
8.570000000000137064e+00 2.228163043397857024e+01
8.590000000000136637e+00 2.207461451792196527e+01
8.610000000000136211e+00 2.192175132633494172e+01
8.630000000000135785e+00 2.179719162156810697e+01
8.650000000000135358e+00 2.160397334744673259e+01
8.670000000000134932e+00 2.140663392740681559e+01
8.690000000000134506e+00 2.124228893061991030e+01
8.710000000000134079e+00 2.102862260181084864e+01
8.730000000000133653e+00 2.087373631839076538e+01
8.750000000000133227e+00 2.068128579178231874e+01
8.770000000000132800e+00 2.046386779147916002e+01
8.790000000000132374e+00 2.036309095239769462e+01
8.810000000000131948e+00 2.013905210010984703e+01
8.830000000000131521e+00 2.008918149619057658e+01
8.850000000000131095e+00 1.982032339337355253e+01
8.870000000000130669e+00 1.962304698132587788e+01
8.890000000000130242e+00 1.948902860569346274e+01
8.910000000000129816e+00 1.933330893471313772e+01
8.930000000000129390e+00 1.912337653256753001e+01
8.950000000000128964e+00 1.897676764033487373e+01
8.970000000000128537e+00 1.879748135137731779e+01
8.990000000000128111e+00 1.854252127351867685e+01
9.010000000000127685e+00 1.834156879071757729e+01
9.030000000000127258e+00 1.817925063524831586e+01
9.050000000000126832e+00 1.804751460012489161e+01
9.070000000000126406e+00 1.792762519161969337e+01
9.090000000000125979e+00 1.768778544764010974e+01
9.110000000000125553e+00 1.761137715394086456e+01
9.130000000000125127e+00 1.738421813896293244e+01
9.150000000000124700e+00 1.718435115265595670e+01
9.170000000000124274e+00 1.703086442968368175e+01
9.190000000000123848e+00 1.689120520305797157e+01
9.210000000000123421e+00 1.667464268105299041e+01
9.230000000000122995e+00 1.657560131613710297e+01
9.250000000000122569e+00 1.632703424059161179e+01
9.270000000000122142e+00 1.621015676424615393e+01
9.290000000000121716e+00 1.604473992408797045e+01
9.310000000000121290e+00 1.581891218010395939e+01
9.330000000000120863e+00 1.562813647722904520e+01
9.350000000000120437e+00 1.555616341054927254e+01
9.370000000000120011e+00 1.542664689739661554e+01
9.390000000000119584e+00 1.516749844079604514e+01
9.410000000000119158e+00 1.508234714033897639e+01
9.430000000000118732e+00 1.484580350783824976e+01
9.450000000000118305e+00 1.467051518532509213e+01
9.470000000000117879e+00 1.457161503262416247e+01
9.490000000000117453e+00 1.437800918474513701e+01
9.510000000000117026e+00 1.423891819791238866e+01
9.530000000000116600e+00 1.400211114187388617e+01
9.550000000000116174e+00 1.382473028638483292e+01
9.570000000000115747e+00 1.375295757476682468e+01
9.590000000000115321e+00 1.362075219062849563e+01
9.610000000000114895e+00 1.343933911469365761e+01
9.630000000000114468e+00 1.331065318441834755e+01
9.650000000000114042e+00 1.319463845369247856e+01
9.670000000000113616e+00 1.301192500493945836e+01
9.690000000000113189e+00 1.283743504911502953e+01
9.710000000000112763e+00 1.265000787292074413e+01
9.730000000000112337e+00 1.248867794933375741e+01
9.750000000000111910e+00 1.238001923976118945e+01
9.770000000000111484e+00 1.220584116453545853e+01
9.790000000000111058e+00 1.205218508085011919e+01
9.810000000000110632e+00 1.191924767157979481e+01
9.830000000000110205e+00 1.182760095198417361e+01
9.850000000000109779e+00 1.167536626691029866e+01
9.870000000000109353e+00 1.149855591663805932e+01
9.890000000000108926e+00 1.130953975009887635e+01
9.910000000000108500e+00 1.123292843878289027e+01
9.930000000000108074e+00 1.110428480545938434e+01
9.950000000000107647e+00 1.093901252534852908e+01
9.970000000000107221e+00 1.087061290005678948e+01
9.990000000000106795e+00 1.067710903051949778e+01
1.001000000000010637e+01 1.058184477796529421e+01
1.003000000000010594e+01 1.040882745659098063e+01
1.005000000000010552e+01 1.028697630527299722e+01
1.007000000000010509e+01 1.015529866676321724e+01
1.009000000000010466e+01 1.004082744748909661e+01
1.011000000000010424e+01 9.867726432212480248e+00
1.013000000000010381e+01 9.726551356723042829e+00
1.015000000000010338e+01 9.667323978308031585e+00
1.017000000000010296e+01 9.526148370860516579e+00
1.019000000000010253e+01 9.400473581759744235e+00
1.021000000000010210e+01 9.222166164326553783e+00
1.023000000000010168e+01 9.140541269932484170e+00
1.025000000000010125e+01 9.002291118594099473e+00
1.027000000000010083e+01 8.972700167318311770e+00
1.029000000000010040e+01 8.843208256018243674e+00
1.031000000000009997e+01 8.651922618835412138e+00
1.033000000000009955e+01 8.528592053637403581e+00
1.035000000000009912e+01 8.453391728157372498e+00
1.037000000000009869e+01 8.322518042280737660e+00
1.039000000000009827e+01 8.243641326282169501e+00
1.041000000000009784e+01 8.166572558134420845e+00
1.043000000000009742e+01 8.005288197171568143e+00
1.045000000000009699e+01 7.890021897783430660e+00
1.047000000000009656e+01 7.772171103586388519e+00
1.049000000000009614e+01 7.734036085368842350e+00
1.051000000000009571e+01 7.569278555092823879e+00
1.053000000000009528e+01 7.509499356782817436e+00
1.055000000000009486e+01 7.376837693819239483e+00
1.057000000000009443e+01 7.251193331102695261e+00
1.059000000000009400e+01 7.196781947140921787e+00
1.061000000000009358e+01 7.066069381872402744e+00
1.063000000000009315e+01 7.050679254033784815e+00
1.065000000000009273e+01 6.881882521552101117e+00
1.067000000000009230e+01 6.782793318179189512e+00
1.069000000000009187e+01 6.636411337702938340e+00
1.071000000000009145e+01 6.636229637486085409e+00
1.073000000000009102e+01 6.506781981127421233e+00
1.075000000000009059e+01 6.396092056621641930e+00
1.077000000000009017e+01 6.323758811048006301e+00
1.079000000000008974e+01 6.252806109004527713e+00
1.081000000000008932e+01 6.172388904423807610e+00
1.083000000000008889e+01 6.056972667909225727e+00
1.085000000000008846e+01 5.931050731693516376e+00
1.087000000000008804e+01 5.923853436308281317e+00
1.089000000000008761e+01 5.810362060752080282e+00
1.091000000000008718e+01 5.707860252899251918e+00
1.093000000000008676e+01 5.678624866633345647e+00
1.095000000000008633e+01 5.572819573086113643e+00
1.097000000000008590e+01 5.496670093799572498e+00
1.099000000000008548e+01 5.459072406330728988e+00
1.101000000000008505e+01 5.315015511979515495e+00
1.103000000000008463e+01 5.299624820421725779e+00
1.105000000000008420e+01 5.190705511864293520e+00
1.107000000000008377e+01 5.111343004929747913e+00
1.109000000000008335e+01 5.105886344602673432e+00
1.111000000000008292e+01 4.953782596723193876e+00
1.113000000000008249e+01 4.898167802864411335e+00
1.115000000000008207e+01 4.894134658320084874e+00
1.117000000000008164e+01 4.789467991517638801e+00
1.119000000000008122e+01 4.686535616807930182e+00
1.121000000000008079e+01 4.677262788922533332e+00
1.123000000000008036e+01 4.586216057385309242e+00
1.125000000000007994e+01 4.505775553872555683e+00
1.127000000000007951e+01 4.487295253263236638e+00
1.129000000000007908e+01 4.394481556478368134e+00
1.131000000000007866e+01 4.331511894058880152e+00
1.133000000000007823e+01 4.280815302498908181e+00
1.135000000000007780e+01 4.263103792813745407e+00
1.137000000000007738e+01 4.158536736548664514e+00
1.139000000000007695e+01 4.140343310310271363e+00
1.141000000000007653e+01 4.061113281234305816e+00
1.143000000000007610e+01 3.972064702941574765e+00
1.145000000000007567e+01 3.961270496675858954e+00
1.147000000000007525e+01 3.870712204114066690e+00
1.149000000000007482e+01 3.865826315795072077e+00
1.151000000000007439e+01 3.786352000524556338e+00
1.153000000000007397e+01 3.764044472024072441e+00
1.155000000000007354e+01 3.653665333180645458e+00
1.157000000000007311e+01 3.636517083831255714e+00
1.159000000000007269e+01 3.610581273749314146e+00
1.161000000000007226e+01 3.531120071404257210e+00
1.163000000000007184e+01 3.474249636541840935e+00
1.165000000000007141e+01 3.423020417145563599e+00
1.167000000000007098e+01 3.397093450351799770e+00
1.169000000000007056e+01 3.372614936510553107e+00
1.171000000000007013e+01 3.326081181470673442e+00
1.173000000000006970e+01 3.262610669346231784e+00
1.175000000000006928e+01 3.204745682273849372e+00
1.177000000000006885e+01 3.182376037274082581e+00
1.179000000000006843e+01 3.166776084421288662e+00
1.181000000000006800e+01 3.099649294846479552e+00
1.183000000000006757e+01 3.065825599738263296e+00
1.185000000000006715e+01 3.013373493035696349e+00
1.187000000000006672e+01 2.954831694728937919e+00
1.189000000000006629e+01 2.953541758536307515e+00
1.191000000000006587e+01 2.920176283142266183e+00
1.193000000000006544e+01 2.859035210290554740e+00
1.195000000000006501e+01 2.850226917558593254e+00
1.197000000000006459e+01 2.795845724557893597e+00
1.199000000000006416e+01 2.757011030271759644e+00
1.201000000000006374e+01 2.773777201511406609e+00
1.203000000000006331e+01 2.689164777182598165e+00
1.205000000000006288e+01 2.654563312958185595e+00
1.207000000000006246e+01 2.616246006143774672e+00
1.209000000000006203e+01 2.587400032556578910e+00
1.211000000000006160e+01 2.579532186946806416e+00
1.213000000000006118e+01 2.521286064160772611e+00
1.215000000000006075e+01 2.518737927619995709e+00
1.217000000000006033e+01 2.503229136247223430e+00
1.219000000000005990e+01 2.508961507650449896e+00
1.221000000000005947e+01 2.412938465841760305e+00
1.223000000000005905e+01 2.391901400816567769e+00
1.225000000000005862e+01 2.351747755519949745e+00
1.227000000000005819e+01 2.317128871998169526e+00
1.229000000000005777e+01 2.299691743407662248e+00
1.231000000000005734e+01 2.318423927526977568e+00
1.233000000000005691e+01 2.272600648153098479e+00
1.235000000000005649e+01 2.199418766010630577e+00
1.237000000000005606e+01 2.214838397143515714e+00
1.239000000000005564e+01 2.192575681138491550e+00
1.241000000000005521e+01 2.165897484156248609e+00
1.243000000000005478e+01 2.127631210513710069e+00
1.245000000000005436e+01 2.140166790004077946e+00
1.247000000000005393e+01 2.043496111864085751e+00
1.249000000000005350e+01 2.069610728843858549e+00
1.251000000000005308e+01 2.047373676647762597e+00
1.253000000000005265e+01 2.032659076749240512e+00
1.255000000000005222e+01 1.988817508415110735e+00
1.257000000000005180e+01 1.968281042031837957e+00
1.259000000000005137e+01 1.961946176967412026e+00
1.261000000000005095e+01 1.942267691726211831e+00
1.263000000000005052e+01 1.953006309711384336e+00
1.265000000000005009e+01 1.899424427482162114e+00
1.267000000000004967e+01 1.875848198620456930e+00
1.269000000000004924e+01 1.887321392860408231e+00
1.271000000000004881e+01 1.830441816808996203e+00
1.273000000000004839e+01 1.789630651466233902e+00
1.275000000000004796e+01 1.869438543574614142e+00
1.277000000000004754e+01 1.811459207485040190e+00
1.279000000000004711e+01 1.767116039230135049e+00
1.281000000000004668e+01 1.780559495602380249e+00
1.283000000000004626e+01 1.739202758941102989e+00
1.285000000000004583e+01 1.712378354807637226e+00
1.287000000000004540e+01 1.692073814723063618e+00
1.289000000000004498e+01 1.683842156782828337e+00
1.291000000000004455e+01 1.675077880551520293e+00
1.293000000000004412e+01 1.660330243603841849e+00
1.295000000000004370e+01 1.640792239979899536e+00
1.297000000000004327e+01 1.604957031010475266e+00
1.299000000000004285e+01 1.601538683154161813e+00
1.301000000000004242e+01 1.594442702749247598e+00
1.303000000000004199e+01 1.567318010525134531e+00
1.305000000000004157e+01 1.547928639916561933e+00
1.307000000000004114e+01 1.517332522138184814e+00
1.309000000000004071e+01 1.513034440878372022e+00
1.311000000000004029e+01 1.503755749711517042e+00
1.313000000000003986e+01 1.510668573410314908e+00
1.315000000000003944e+01 1.449312888064894667e+00
1.317000000000003901e+01 1.425256882718322737e+00
1.319000000000003858e+01 1.422702914928398954e+00
1.321000000000003816e+01 1.406592495344146654e+00
1.323000000000003773e+01 1.411230880081215888e+00
1.325000000000003730e+01 1.371524491504327870e+00
1.327000000000003688e+01 1.345051744721541098e+00
1.329000000000003645e+01 1.364204438631505312e+00
1.331000000000003602e+01 1.314917400057431518e+00
1.333000000000003560e+01 1.304957959709972082e+00
1.335000000000003517e+01 1.293290816505965779e+00
1.337000000000003475e+01 1.250831679318865408e+00
1.339000000000003432e+01 1.271399294929273394e+00
1.341000000000003389e+01 1.244585979316694457e+00
1.343000000000003347e+01 1.212928155058875301e+00
1.345000000000003304e+01 1.238974966572048420e+00
1.347000000000003261e+01 1.191190572829649463e+00
1.349000000000003219e+01 1.227165303027131005e+00
1.351000000000003176e+01 1.166070928220798164e+00
1.353000000000003133e+01 1.137167087789716424e+00
1.355000000000003091e+01 1.140426619387201912e+00
1.357000000000003048e+01 1.130666752039366063e+00
1.359000000000003006e+01 1.102515779463796752e+00
1.361000000000002963e+01 1.084478739171198303e+00
1.363000000000002920e+01 1.080866127729416259e+00
1.365000000000002878e+01 1.055275671352360778e+00
1.367000000000002835e+01 1.050318935192118941e+00
1.369000000000002792e+01 1.022898569103835920e+00
1.371000000000002750e+01 1.026798793394776865e+00
1.373000000000002707e+01 1.019164162387764749e+00
1.375000000000002665e+01 1.025901392034449966e+00
1.377000000000002622e+01 1.020380027134627277e+00
1.379000000000002579e+01 9.702178321803548444e-01
1.381000000000002537e+01 9.607387481194027412e-01
1.383000000000002494e+01 9.376070848558253346e-01
1.385000000000002451e+01 9.089181425645881385e-01
1.387000000000002409e+01 9.122798914414619320e-01
1.389000000000002366e+01 9.268356474121761668e-01
1.391000000000002323e+01 8.836633182459580071e-01
1.393000000000002281e+01 8.544294003531870407e-01
1.395000000000002238e+01 8.565597203032874196e-01
1.397000000000002196e+01 8.154951752240565677e-01
1.399000000000002153e+01 7.894055914624321657e-01
1.401000000000002110e+01 7.540138661168570566e-01
1.403000000000002068e+01 7.690187620311391692e-01
1.405000000000002025e+01 7.663634644882783009e-01
1.407000000000001982e+01 7.536107905744797719e-01
1.409000000000001940e+01 7.294713411397011349e-01
1.411000000000001897e+01 7.128857607560353804e-01
1.413000000000001855e+01 6.770268368149809923e-01
1.415000000000001812e+01 6.795545383437739950e-01
1.417000000000001769e+01 6.389866323380090085e-01
1.419000000000001727e+01 6.279146921509987100e-01
1.421000000000001684e+01 6.067736667248917470e-01
1.423000000000001641e+01 5.789806508488748449e-01
1.425000000000001599e+01 5.485133537479521815e-01
1.427000000000001556e+01 5.354475573295759405e-01
1.429000000000001513e+01 4.926088714859156448e-01
1.431000000000001471e+01 4.728173071222970258e-01
1.433000000000001428e+01 4.490680123981024008e-01
1.435000000000001386e+01 4.334356601406333942e-01
1.437000000000001343e+01 4.065915681798813464e-01
1.439000000000001300e+01 3.759883393908945992e-01
1.441000000000001258e+01 3.476445300817173067e-01
1.443000000000001215e+01 3.433014694009867696e-01
1.445000000000001172e+01 2.888622355834076227e-01
1.447000000000001130e+01 2.654386654446295735e-01
1.449000000000001087e+01 2.403220088156755307e-01
1.451000000000001044e+01 2.066707243789766557e-01
1.453000000000001002e+01 1.864310975481137389e-01
1.455000000000000959e+01 1.621011419688364597e-01
1.457000000000000917e+01 1.491332742556525093e-01
1.459000000000000874e+01 9.158460574289346845e-02
1.461000000000000831e+01 5.569692752320094808e-02
1.463000000000000789e+01 3.608293204920488134e-02
1.465000000000000746e+01 2.207543566948121094e-02
1.467000000000000703e+01 8.286503544046319031e-03
1.469000000000000661e+01 2.725938532680370965e-03
1.471000000000000618e+01 1.561189213401702787e-18
1.473000000000000576e+01 1.243401422284010050e-18
1.475000000000000533e+01 0.000000000000000000e+00
1.477000000000000490e+01 0.000000000000000000e+00
1.479000000000000448e+01 0.000000000000000000e+00
1.481000000000000405e+01 0.000000000000000000e+00
1.483000000000000362e+01 0.000000000000000000e+00
1.485000000000000320e+01 0.000000000000000000e+00
1.487000000000000277e+01 0.000000000000000000e+00
1.489000000000000234e+01 0.000000000000000000e+00
1.491000000000000192e+01 0.000000000000000000e+00
1.493000000000000149e+01 0.000000000000000000e+00
1.495000000000000107e+01 0.000000000000000000e+00
1.497000000000000064e+01 0.000000000000000000e+00
1.499000000000000021e+01 0.000000000000000000e+00
