# Redshift		Merger Rate Density [Gpc^-3yr^-1]
1.000000000031931770e-02 2.233813919494072486e+00
3.000000000031888964e-02 2.350026067251823836e+00
5.000000000031846331e-02 2.497943970070131137e+00
7.000000000031804392e-02 2.466359713748199400e+00
9.000000000031761760e-02 2.496414104165474601e+00
1.100000000003171913e-01 2.565912716805271554e+00
1.300000000003167511e-01 2.648477244201317582e+00
1.500000000003163247e-01 2.712903058293048453e+00
1.700000000003158984e-01 2.814187486404410521e+00
1.900000000003154721e-01 3.009819734752765541e+00
2.100000000003150458e-01 2.959564148655701388e+00
2.300000000003146194e-01 3.094965570560216150e+00
2.500000000003141931e-01 3.184983011290721588e+00
2.700000000003137668e-01 3.283126581128530841e+00
2.900000000003133405e-01 3.239614555736202384e+00
3.100000000003129141e-01 3.335148326654832296e+00
3.300000000003124878e-01 3.428743619018622013e+00
3.500000000003120615e-01 3.438884311751733147e+00
3.700000000003116352e-01 3.653440006280301411e+00
3.900000000003112088e-01 3.696761448778590253e+00
4.100000000003107825e-01 3.807901407084441470e+00
4.300000000003103562e-01 3.821445283692965766e+00
4.500000000003099299e-01 3.942096754535164393e+00
4.700000000003095035e-01 3.933946584697056270e+00
4.900000000003090772e-01 4.154083368897921957e+00
5.100000000003086509e-01 4.279476713382135422e+00
5.300000000003082246e-01 4.343792709170823052e+00
5.500000000003077982e-01 4.433614740569591817e+00
5.700000000003073719e-01 4.658367999645262714e+00
5.900000000003069456e-01 4.632253947780029968e+00
6.100000000003065193e-01 4.846004999104476241e+00
6.300000000003060929e-01 4.771842396697132394e+00
6.500000000003056666e-01 4.982678692474625137e+00
6.700000000003052403e-01 4.872050519778232669e+00
6.900000000003048140e-01 4.914004102044586375e+00
7.100000000003043876e-01 5.054117493520292825e+00
7.300000000003039613e-01 5.125461868441441915e+00
7.500000000003035350e-01 5.238338877194967047e+00
7.700000000003031086e-01 5.186111508529942071e+00
7.900000000003026823e-01 5.371209434700864094e+00
8.100000000003022560e-01 5.755582290987595329e+00
8.300000000003018297e-01 5.520378400048704393e+00
8.500000000003014033e-01 6.083016917189346451e+00
8.700000000003009770e-01 6.048429663825944935e+00
8.900000000003005507e-01 6.657409863980987552e+00
9.100000000003001244e-01 6.367404908277357833e+00
9.300000000002996980e-01 6.672431612182505134e+00
9.500000000002992717e-01 6.761194403715734325e+00
9.700000000002988454e-01 7.074463690159726426e+00
9.900000000002984191e-01 6.872700397342706324e+00
1.010000000000297993e+00 7.576671760056338911e+00
1.030000000000297566e+00 7.312802235255225547e+00
1.050000000000297140e+00 7.636373110049905044e+00
1.070000000000296714e+00 7.812227801302222829e+00
1.090000000000296287e+00 7.468814084865279312e+00
1.110000000000295861e+00 8.143771361151395993e+00
1.130000000000295435e+00 7.995582332608801579e+00
1.150000000000295008e+00 7.983517792428793669e+00
1.170000000000294582e+00 8.261759905123318148e+00
1.190000000000294156e+00 8.439659123459891887e+00
1.210000000000293729e+00 8.379912331481152776e+00
1.230000000000293303e+00 8.567832812020455435e+00
1.250000000000292877e+00 9.048383648246165478e+00
1.270000000000292451e+00 8.653561709885275732e+00
1.290000000000292024e+00 9.141268127292299539e+00
1.310000000000291598e+00 9.040480744107803446e+00
1.330000000000291172e+00 9.204796117811991252e+00
1.350000000000290745e+00 9.164196653214862209e+00
1.370000000000290319e+00 9.288754206020810145e+00
1.390000000000289893e+00 9.642590508508687819e+00
1.410000000000289466e+00 9.414060529413989187e+00
1.430000000000289040e+00 9.841601319653875635e+00
1.450000000000288614e+00 9.937277573243395778e+00
1.470000000000288187e+00 9.802007062534240589e+00
1.490000000000287761e+00 9.864401535697091106e+00
1.510000000000287335e+00 1.021312348921988900e+01
1.530000000000286908e+00 1.019413673255873576e+01
1.550000000000286482e+00 1.050501151845071135e+01
1.570000000000286056e+00 1.060484929900102102e+01
1.590000000000285629e+00 1.046329481521640936e+01
1.610000000000285203e+00 1.071142780342302814e+01
1.630000000000284777e+00 1.059973777966449227e+01
1.650000000000284350e+00 1.077805683797156355e+01
1.670000000000283924e+00 1.111547683257836105e+01
1.690000000000283498e+00 1.095479618448022663e+01
1.710000000000283071e+00 1.099459489555948899e+01
1.730000000000282645e+00 1.128685526452615484e+01
1.750000000000282219e+00 1.119746095934367069e+01
1.770000000000281792e+00 1.142957461985440482e+01
1.790000000000281366e+00 1.134507581451413749e+01
1.810000000000280940e+00 1.140202749020151174e+01
1.830000000000280513e+00 1.184594804899365883e+01
1.850000000000280087e+00 1.158962471561134677e+01
1.870000000000279661e+00 1.186728222604286742e+01
1.890000000000279234e+00 1.166698028537843079e+01
1.910000000000278808e+00 1.182114674924731723e+01
1.930000000000278382e+00 1.207377026582538271e+01
1.950000000000277955e+00 1.220989879954364987e+01
1.970000000000277529e+00 1.214562176402745663e+01
1.990000000000277103e+00 1.228494383918671851e+01
2.010000000000276899e+00 1.221489107454474343e+01
2.030000000000276472e+00 1.220198063426076018e+01
2.050000000000276046e+00 1.238060385554851273e+01
2.070000000000275620e+00 1.270031796022087534e+01
2.090000000000275193e+00 1.254241225007450922e+01
2.110000000000274767e+00 1.252408976099306059e+01
2.130000000000274341e+00 1.291542939126209788e+01
2.150000000000273914e+00 1.269486326816961785e+01
2.170000000000273488e+00 1.238319387099442359e+01
2.190000000000273062e+00 1.302843736843078837e+01
2.210000000000272635e+00 1.267747228477298016e+01
2.230000000000272209e+00 1.268930648107365222e+01
2.250000000000271783e+00 1.298785134674353436e+01
2.270000000000271356e+00 1.277463151055416901e+01
2.290000000000270930e+00 1.315154197985910223e+01
2.310000000000270504e+00 1.283701128567046190e+01
2.330000000000270077e+00 1.307619013862096580e+01
2.350000000000269651e+00 1.296854892845737162e+01
2.370000000000269225e+00 1.354302119493910084e+01
2.390000000000268798e+00 1.353462106113873631e+01
2.410000000000268372e+00 1.312774642994549623e+01
2.430000000000267946e+00 1.362343556056863569e+01
2.450000000000267519e+00 1.323492297505286963e+01
2.470000000000267093e+00 1.363183036213419719e+01
2.490000000000266667e+00 1.362001260446615802e+01
2.510000000000266240e+00 1.351347127373086288e+01
2.530000000000265814e+00 1.361858606535029459e+01
2.550000000000265388e+00 1.371670811010563895e+01
2.570000000000264961e+00 1.398359267290883778e+01
2.590000000000264535e+00 1.370053118016691940e+01
2.610000000000264109e+00 1.387033171399441045e+01
2.630000000000263682e+00 1.416085211559469670e+01
2.650000000000263256e+00 1.389924940748054105e+01
2.670000000000262830e+00 1.399766809747369933e+01
2.690000000000262403e+00 1.400293573598741936e+01
2.710000000000261977e+00 1.401647924910615295e+01
2.730000000000261551e+00 1.431867873911762779e+01
2.750000000000261124e+00 1.397234479281944175e+01
2.770000000000260698e+00 1.404214824162323794e+01
2.790000000000260272e+00 1.392549678024085580e+01
2.810000000000259845e+00 1.421694524865137232e+01
2.830000000000259419e+00 1.414946286520273944e+01
2.850000000000258993e+00 1.401302766189349391e+01
2.870000000000258567e+00 1.429019797258286317e+01
2.890000000000258140e+00 1.413594039643183820e+01
2.910000000000257714e+00 1.407345887550074970e+01
2.930000000000257288e+00 1.415464106689364243e+01
2.950000000000256861e+00 1.455514752959618363e+01
2.970000000000256435e+00 1.426092692068228729e+01
2.990000000000256009e+00 1.431831090608686807e+01
3.010000000000255582e+00 1.426150713071113074e+01
3.030000000000255156e+00 1.436252467338105099e+01
3.050000000000254730e+00 1.429768071125050533e+01
3.070000000000254303e+00 1.455222242318475523e+01
3.090000000000253877e+00 1.390191669304382138e+01
3.110000000000253451e+00 1.436962697815102175e+01
3.130000000000253024e+00 1.434493597533540132e+01
3.150000000000252598e+00 1.408857421981740821e+01
3.170000000000252172e+00 1.425943059319753736e+01
3.190000000000251745e+00 1.427597473139921291e+01
3.210000000000251319e+00 1.449898541413876529e+01
3.230000000000250893e+00 1.421235356157760599e+01
3.250000000000250466e+00 1.421718578180814241e+01
3.270000000000250040e+00 1.427785704204213424e+01
3.290000000000249614e+00 1.424122394800189717e+01
3.310000000000249187e+00 1.420047967568780223e+01
3.330000000000248761e+00 1.400456311268540865e+01
3.350000000000248335e+00 1.442841731649852122e+01
3.370000000000247908e+00 1.442225780069568408e+01
3.390000000000247482e+00 1.453724700113119361e+01
3.410000000000247056e+00 1.434161834998162988e+01
3.430000000000246629e+00 1.407168570857744427e+01
3.450000000000246203e+00 1.426900653184608991e+01
3.470000000000245777e+00 1.417639294806570227e+01
3.490000000000245350e+00 1.426398335411459328e+01
3.510000000000244924e+00 1.416469154834312327e+01
3.530000000000244498e+00 1.457429122189982174e+01
3.550000000000244071e+00 1.394580867998501006e+01
3.570000000000243645e+00 1.432888965070324083e+01
3.590000000000243219e+00 1.423270363615811718e+01
3.610000000000242792e+00 1.418954624515420804e+01
3.630000000000242366e+00 1.446141040019822377e+01
3.650000000000241940e+00 1.404153573061347693e+01
3.670000000000241513e+00 1.420010509571687862e+01
3.690000000000241087e+00 1.411455704541061706e+01
3.710000000000240661e+00 1.389663234199698572e+01
3.730000000000240234e+00 1.424707485606232993e+01
3.750000000000239808e+00 1.382599402545693223e+01
3.770000000000239382e+00 1.418973783574910108e+01
3.790000000000238956e+00 1.412026244232472827e+01
3.810000000000238529e+00 1.397496387401250750e+01
3.830000000000238103e+00 1.403729538787034059e+01
3.850000000000237677e+00 1.408423808051380810e+01
3.870000000000237250e+00 1.394655408850013600e+01
3.890000000000236824e+00 1.393989891214107857e+01
3.910000000000236398e+00 1.393562994989498982e+01
3.930000000000235971e+00 1.409448396991221841e+01
3.950000000000235545e+00 1.386152255848257298e+01
3.970000000000235119e+00 1.397324079101822214e+01
3.990000000000234692e+00 1.375342970534445897e+01
4.010000000000234266e+00 1.389446673610743410e+01
4.030000000000233840e+00 1.392396395900778749e+01
4.050000000000233413e+00 1.350708087470622409e+01
4.070000000000232987e+00 1.403196831187316640e+01
4.090000000000232561e+00 1.364077630685849485e+01
4.110000000000232134e+00 1.364910780774120269e+01
4.130000000000231708e+00 1.360331001522826178e+01
4.150000000000231282e+00 1.375239812942447237e+01
4.170000000000230855e+00 1.373188672956150747e+01
4.190000000000230429e+00 1.347637340907448333e+01
4.210000000000230003e+00 1.361877545173891946e+01
4.230000000000229576e+00 1.347792542024865980e+01
4.250000000000229150e+00 1.358762198596482484e+01
4.270000000000228724e+00 1.344102637575561765e+01
4.290000000000228297e+00 1.347984359141178246e+01
4.310000000000227871e+00 1.322240914623965757e+01
4.330000000000227445e+00 1.368088871655758787e+01
4.350000000000227018e+00 1.340075389346624490e+01
4.370000000000226592e+00 1.359352155160847708e+01
4.390000000000226166e+00 1.332017486848155485e+01
4.410000000000225739e+00 1.304792700673943706e+01
4.430000000000225313e+00 1.330477817042712374e+01
4.450000000000224887e+00 1.330748791901463690e+01
4.470000000000224460e+00 1.331334816524058162e+01
4.490000000000224034e+00 1.311979045394344290e+01
4.510000000000223608e+00 1.325940960125292101e+01
4.530000000000223181e+00 1.322024548824435541e+01
4.550000000000222755e+00 1.327888427422887574e+01
4.570000000000222329e+00 1.315514215897043115e+01
4.590000000000221902e+00 1.284698913000637610e+01
4.610000000000221476e+00 1.311969243361942006e+01
4.630000000000221050e+00 1.307787952607216120e+01
4.650000000000220624e+00 1.267962517964724611e+01
4.670000000000220197e+00 1.308731545336015323e+01
4.690000000000219771e+00 1.275781929220094568e+01
4.710000000000219345e+00 1.296601921650082012e+01
4.730000000000218918e+00 1.276766859966071088e+01
4.750000000000218492e+00 1.270614942148003301e+01
4.770000000000218066e+00 1.258052208286913931e+01
4.790000000000217639e+00 1.266952992484731055e+01
4.810000000000217213e+00 1.247679671772267085e+01
4.830000000000216787e+00 1.258839676757177095e+01
4.850000000000216360e+00 1.239042052616110290e+01
4.870000000000215934e+00 1.258925343098575667e+01
4.890000000000215508e+00 1.235960671429320357e+01
4.910000000000215081e+00 1.232316509190858156e+01
4.930000000000214655e+00 1.236476783341023733e+01
4.950000000000214229e+00 1.245457979721916786e+01
4.970000000000213802e+00 1.203790982994614112e+01
4.990000000000213376e+00 1.228205581235749122e+01
5.010000000000212950e+00 1.216388522839725539e+01
5.030000000000212523e+00 1.225789876460485672e+01
5.050000000000212097e+00 1.211201715967021819e+01
5.070000000000211671e+00 1.219397893484046413e+01
5.090000000000211244e+00 1.196049039055578689e+01
5.110000000000210818e+00 1.210190616670619335e+01
5.130000000000210392e+00 1.185512728684029504e+01
5.150000000000209965e+00 1.172850978661150911e+01
5.170000000000209539e+00 1.206610843049254989e+01
5.190000000000209113e+00 1.199079064335941602e+01
5.210000000000208686e+00 1.172338193089592018e+01
5.230000000000208260e+00 1.168371396745506807e+01
5.250000000000207834e+00 1.166264346625172088e+01
5.270000000000207407e+00 1.160324775247075735e+01
5.290000000000206981e+00 1.169295144347610460e+01
5.310000000000206555e+00 1.146312316064415349e+01
5.330000000000206128e+00 1.171784522061552813e+01
5.350000000000205702e+00 1.145980746815338236e+01
5.370000000000205276e+00 1.133903371954432338e+01
5.390000000000204849e+00 1.149624761751935509e+01
5.410000000000204423e+00 1.128962310275010239e+01
5.430000000000203997e+00 1.127096911036116822e+01
5.450000000000203570e+00 1.098052000584572241e+01
5.470000000000203144e+00 1.141239071533818716e+01
5.490000000000202718e+00 1.103399818913475094e+01
5.510000000000202292e+00 1.119344498356717743e+01
5.530000000000201865e+00 1.111048657660526118e+01
5.550000000000201439e+00 1.097697068946759025e+01
5.570000000000201013e+00 1.087218474769362153e+01
5.590000000000200586e+00 1.083467346043013890e+01
5.610000000000200160e+00 1.085933622076634641e+01
5.630000000000199734e+00 1.089081759675696759e+01
5.650000000000199307e+00 1.072992341738723354e+01
5.670000000000198881e+00 1.103607078477216241e+01
5.690000000000198455e+00 1.047565330817094242e+01
5.710000000000198028e+00 1.066535700793762054e+01
5.730000000000197602e+00 1.045936284919342718e+01
5.750000000000197176e+00 1.047726093743549391e+01
5.770000000000196749e+00 1.045593058281449217e+01
5.790000000000196323e+00 1.052170935668087459e+01
5.810000000000195897e+00 1.036247240425528382e+01
5.830000000000195470e+00 1.034475974181320801e+01
5.850000000000195044e+00 1.029327230550207339e+01
5.870000000000194618e+00 1.019794086017060586e+01
5.890000000000194191e+00 1.003156010830806899e+01
5.910000000000193765e+00 1.033230378053887932e+01
5.930000000000193339e+00 9.966231799891909660e+00
5.950000000000192912e+00 9.899469510928621929e+00
5.970000000000192486e+00 1.001551973627614522e+01
5.990000000000192060e+00 9.885189345055012566e+00
6.010000000000191633e+00 9.854571328981212019e+00
6.030000000000191207e+00 9.810816335645840880e+00
6.050000000000190781e+00 9.594435419412194577e+00
6.070000000000190354e+00 9.604257840096240173e+00
6.090000000000189928e+00 9.593376915170789943e+00
6.110000000000189502e+00 9.396487215313477748e+00
6.130000000000189075e+00 9.385031916192536627e+00
6.150000000000188649e+00 9.387519820463193554e+00
6.170000000000188223e+00 9.264004822140893936e+00
6.190000000000187796e+00 9.282574141799180723e+00
6.210000000000187370e+00 9.277457225379551531e+00
6.230000000000186944e+00 9.073263939230130859e+00
6.250000000000186517e+00 9.165797705387346284e+00
6.270000000000186091e+00 9.052145528701396771e+00
6.290000000000185665e+00 8.998266726931543502e+00
6.310000000000185238e+00 8.798790800230275266e+00
6.330000000000184812e+00 8.884987844992703998e+00
6.350000000000184386e+00 8.786956794879241528e+00
6.370000000000183960e+00 8.686951592730737914e+00
6.390000000000183533e+00 8.700830863632608825e+00
6.410000000000183107e+00 8.567232231215976768e+00
6.430000000000182681e+00 8.906180183133681538e+00
6.450000000000182254e+00 8.459983512683306728e+00
6.470000000000181828e+00 8.418471482744042333e+00
6.490000000000181402e+00 8.391713326053467981e+00
6.510000000000180975e+00 8.439164327094948348e+00
6.530000000000180549e+00 8.394733055202690863e+00
6.550000000000180123e+00 8.175035828623000711e+00
6.570000000000179696e+00 8.209329279450759742e+00
6.590000000000179270e+00 8.220261551378499121e+00
6.610000000000178844e+00 8.149397243612694908e+00
6.630000000000178417e+00 7.988304284478370931e+00
6.650000000000177991e+00 7.846863514426988040e+00
6.670000000000177565e+00 7.930731347939059539e+00
6.690000000000177138e+00 7.840286665452889103e+00
6.710000000000176712e+00 7.824479045356360629e+00
6.730000000000176286e+00 7.744908120221141168e+00
6.750000000000175859e+00 7.678608377938374474e+00
6.770000000000175433e+00 7.764741071679960527e+00
6.790000000000175007e+00 7.615239725498129886e+00
6.810000000000174580e+00 7.363712725022769412e+00
6.830000000000174154e+00 7.610756945009542029e+00
6.850000000000173728e+00 7.396324158882127797e+00
6.870000000000173301e+00 7.213953836473282699e+00
6.890000000000172875e+00 7.247402360350748474e+00
6.910000000000172449e+00 7.233629769441198398e+00
6.930000000000172022e+00 7.129523230780240084e+00
6.950000000000171596e+00 7.135091468540030846e+00
6.970000000000171170e+00 7.005810636646495837e+00
6.990000000000170743e+00 7.047705972578705236e+00
7.010000000000170317e+00 6.943320364633307484e+00
7.030000000000169891e+00 6.803425958554194075e+00
7.050000000000169464e+00 6.808892489274412263e+00
7.070000000000169038e+00 6.765886518482967737e+00
7.090000000000168612e+00 6.651477030792426248e+00
7.110000000000168185e+00 6.674377631886446061e+00
7.130000000000167759e+00 6.679346787218938708e+00
7.150000000000167333e+00 6.513684837156255902e+00
7.170000000000166906e+00 6.474439822825230451e+00
7.190000000000166480e+00 6.437900480238172740e+00
7.210000000000166054e+00 6.403947282268290131e+00
7.230000000000165628e+00 6.431396894068417858e+00
7.250000000000165201e+00 6.237411030154616398e+00
7.270000000000164775e+00 6.132445043854285238e+00
7.290000000000164349e+00 6.220642190771981106e+00
7.310000000000163922e+00 6.136635439217910992e+00
7.330000000000163496e+00 6.051960468380729985e+00
7.350000000000163070e+00 5.998066619210237427e+00
7.370000000000162643e+00 5.935857111546053666e+00
7.390000000000162217e+00 5.947544228377974029e+00
7.410000000000161791e+00 5.815764685291267888e+00
7.430000000000161364e+00 5.906021546949540735e+00
7.450000000000160938e+00 5.706084255177102271e+00
7.470000000000160512e+00 5.771710567093514044e+00
7.490000000000160085e+00 5.681716093051901950e+00
7.510000000000159659e+00 5.678731551126818822e+00
7.530000000000159233e+00 5.465185486546608296e+00
7.550000000000158806e+00 5.472134802445311585e+00
7.570000000000158380e+00 5.442959180225795279e+00
7.590000000000157954e+00 5.476003983362636163e+00
7.610000000000157527e+00 5.415742007053590434e+00
7.630000000000157101e+00 5.389053794786766716e+00
7.650000000000156675e+00 5.345630190087702793e+00
7.670000000000156248e+00 5.193453888483173131e+00
7.690000000000155822e+00 5.190734598982355230e+00
7.710000000000155396e+00 5.205815282333208671e+00
7.730000000000154969e+00 5.014906428487716283e+00
7.750000000000154543e+00 5.115174037803416951e+00
7.770000000000154117e+00 5.068977899059324166e+00
7.790000000000153690e+00 5.015958111455272928e+00
7.810000000000153264e+00 4.913930859702141163e+00
7.830000000000152838e+00 4.916587684082124987e+00
7.850000000000152411e+00 4.931445675631111136e+00
7.870000000000151985e+00 4.845223701306285768e+00
7.890000000000151559e+00 4.855783436812669329e+00
7.910000000000151132e+00 4.723260406961122371e+00
7.930000000000150706e+00 4.654122461179582615e+00
7.950000000000150280e+00 4.688062781101596244e+00
7.970000000000149853e+00 4.576998370540169780e+00
7.990000000000149427e+00 4.571298261656119521e+00
8.010000000000149001e+00 4.583074619303003416e+00
8.030000000000148574e+00 4.490778205587369065e+00
8.050000000000148148e+00 4.526843813550265772e+00
8.070000000000147722e+00 4.489888586639016133e+00
8.090000000000147296e+00 4.417633698002463305e+00
8.110000000000146869e+00 4.394136240406283811e+00
8.130000000000146443e+00 4.382447789853665121e+00
8.150000000000146017e+00 4.282514239773401954e+00
8.170000000000145590e+00 4.273480473538425528e+00
8.190000000000145164e+00 4.193496367374666356e+00
8.210000000000144738e+00 4.222154639586321423e+00
8.230000000000144311e+00 4.146097598249449234e+00
8.250000000000143885e+00 4.059070281938636171e+00
8.270000000000143459e+00 4.121086047952849718e+00
8.290000000000143032e+00 4.075247846938772511e+00
8.310000000000142606e+00 4.060793116756562071e+00
8.330000000000142180e+00 4.025957236231798575e+00
8.350000000000141753e+00 3.959649899288838704e+00
8.370000000000141327e+00 3.975503381232067479e+00
8.390000000000140901e+00 3.918868123222113198e+00
8.410000000000140474e+00 3.880461724741193663e+00
8.430000000000140048e+00 3.837901635775043729e+00
8.450000000000139622e+00 3.837027556713508147e+00
8.470000000000139195e+00 3.822463678037348878e+00
8.490000000000138769e+00 3.808476646553101919e+00
8.510000000000138343e+00 3.741042938929609374e+00
8.530000000000137916e+00 3.723003921613122102e+00
8.550000000000137490e+00 3.685105861475195699e+00
8.570000000000137064e+00 3.615355744301596008e+00
8.590000000000136637e+00 3.658925164714646350e+00
8.610000000000136211e+00 3.588885064715361395e+00
8.630000000000135785e+00 3.570511430920450202e+00
8.650000000000135358e+00 3.506123852456308754e+00
8.670000000000134932e+00 3.533163651433736341e+00
8.690000000000134506e+00 3.491728633920327063e+00
8.710000000000134079e+00 3.444250830913369477e+00
8.730000000000133653e+00 3.416640062868197880e+00
8.750000000000133227e+00 3.385409751901516717e+00
8.770000000000132800e+00 3.379371726507954143e+00
8.790000000000132374e+00 3.337330671187447972e+00
8.810000000000131948e+00 3.289088505997135314e+00
8.830000000000131521e+00 3.284773286308669604e+00
8.850000000000131095e+00 3.273448655841187716e+00
8.870000000000130669e+00 3.252515364007956489e+00
8.890000000000130242e+00 3.169559887913409479e+00
8.910000000000129816e+00 3.173345761128048892e+00
8.930000000000129390e+00 3.151349258350827576e+00
8.950000000000128964e+00 3.143290966310701595e+00
8.970000000000128537e+00 3.106926804913282769e+00
8.990000000000128111e+00 3.091411651368842328e+00
9.010000000000127685e+00 3.046648157047213257e+00
9.030000000000127258e+00 3.042261185247313371e+00
9.050000000000126832e+00 3.009820846991185572e+00
9.070000000000126406e+00 2.949362419990049666e+00
9.090000000000125979e+00 2.962007958253262796e+00
9.110000000000125553e+00 2.954129278031636385e+00
9.130000000000125127e+00 2.926459393957350219e+00
9.150000000000124700e+00 2.898963905794019968e+00
9.170000000000124274e+00 2.887933109586172442e+00
9.190000000000123848e+00 2.871657453976976804e+00
9.210000000000123421e+00 2.801901079921840232e+00
9.230000000000122995e+00 2.807510319635191820e+00
9.250000000000122569e+00 2.763043795234933597e+00
9.270000000000122142e+00 2.739831268358666083e+00
9.290000000000121716e+00 2.735540995926272423e+00
9.310000000000121290e+00 2.702663831944744910e+00
9.330000000000120863e+00 2.688895545167173218e+00
9.350000000000120437e+00 2.652125868340104109e+00
9.370000000000120011e+00 2.627021698735550803e+00
9.390000000000119584e+00 2.607499617974808892e+00
9.410000000000119158e+00 2.579041327931249405e+00
9.430000000000118732e+00 2.545834404404498486e+00
9.450000000000118305e+00 2.554839309712526152e+00
9.470000000000117879e+00 2.526153580024614431e+00
9.490000000000117453e+00 2.539669974931694441e+00
9.510000000000117026e+00 2.467843246129189261e+00
9.530000000000116600e+00 2.492929194090104161e+00
9.550000000000116174e+00 2.448092096543597052e+00
9.570000000000115747e+00 2.405137340329606577e+00
9.590000000000115321e+00 2.431190916676709612e+00
9.610000000000114895e+00 2.388127877333847238e+00
9.630000000000114468e+00 2.382359761721136060e+00
9.650000000000114042e+00 2.342418456648234670e+00
9.670000000000113616e+00 2.348647259812453481e+00
9.690000000000113189e+00 2.277250734651154129e+00
9.710000000000112763e+00 2.289914923585622653e+00
9.730000000000112337e+00 2.284511875808280745e+00
9.750000000000111910e+00 2.263977296792740734e+00
9.770000000000111484e+00 2.223498363060521399e+00
9.790000000000111058e+00 2.208588488731302757e+00
9.810000000000110632e+00 2.220697075750444949e+00
9.830000000000110205e+00 2.195959675506768516e+00
9.850000000000109779e+00 2.170137174173801142e+00
9.870000000000109353e+00 2.146060191656599336e+00
9.890000000000108926e+00 2.149223486224739688e+00
9.910000000000108500e+00 2.081469343377701620e+00
9.930000000000108074e+00 2.079020126407176150e+00
9.950000000000107647e+00 2.081427267001954906e+00
9.970000000000107221e+00 2.034090418196857986e+00
9.990000000000106795e+00 2.053288436209936840e+00
1.001000000000010637e+01 2.009492915887610476e+00
1.003000000000010594e+01 1.997435240220734265e+00
1.005000000000010552e+01 1.978239923441501569e+00
1.007000000000010509e+01 1.942435755810878018e+00
1.009000000000010466e+01 1.935578379092170787e+00
1.011000000000010424e+01 1.971700804332153334e+00
1.013000000000010381e+01 1.915923748328058007e+00
1.015000000000010338e+01 1.923133010604935134e+00
1.017000000000010296e+01 1.872737102764615580e+00
1.019000000000010253e+01 1.847186036094027761e+00
1.021000000000010210e+01 1.845260292198599439e+00
1.023000000000010168e+01 1.842269451810867320e+00
1.025000000000010125e+01 1.840407737787473907e+00
1.027000000000010083e+01 1.827291552160669408e+00
1.029000000000010040e+01 1.816847930011531220e+00
1.031000000000009997e+01 1.782510921673237769e+00
1.033000000000009955e+01 1.790809565572780704e+00
1.035000000000009912e+01 1.738556700637142516e+00
1.037000000000009869e+01 1.729964590435111971e+00
1.039000000000009827e+01 1.732638853102282051e+00
1.041000000000009784e+01 1.695306394483110823e+00
1.043000000000009742e+01 1.722302531861163111e+00
1.045000000000009699e+01 1.682427778289402376e+00
1.047000000000009656e+01 1.692480292786084695e+00
1.049000000000009614e+01 1.637695717385266869e+00
1.051000000000009571e+01 1.619956754125404519e+00
1.053000000000009528e+01 1.627056592664921864e+00
1.055000000000009486e+01 1.614155587394904945e+00
1.057000000000009443e+01 1.590467666220786169e+00
1.059000000000009400e+01 1.558260036743430499e+00
1.061000000000009358e+01 1.547897328659362470e+00
1.063000000000009315e+01 1.549999988225183367e+00
1.065000000000009273e+01 1.547148670966059791e+00
1.067000000000009230e+01 1.546578240996569598e+00
1.069000000000009187e+01 1.501842661909147614e+00
1.071000000000009145e+01 1.494178903920264645e+00
1.073000000000009102e+01 1.484814741973435437e+00
1.075000000000009059e+01 1.466913311677090714e+00
1.077000000000009017e+01 1.477633517036239796e+00
1.079000000000008974e+01 1.435577621413396177e+00
1.081000000000008932e+01 1.430576777731482174e+00
1.083000000000008889e+01 1.495371445418100853e+00
1.085000000000008846e+01 1.418650847991260067e+00
1.087000000000008804e+01 1.392597210999519941e+00
1.089000000000008761e+01 1.379602000716906307e+00
1.091000000000008718e+01 1.361292353689637746e+00
1.093000000000008676e+01 1.361766620602287370e+00
1.095000000000008633e+01 1.350512283668595659e+00
1.097000000000008590e+01 1.324731685718853358e+00
1.099000000000008548e+01 1.353255043182968631e+00
1.101000000000008505e+01 1.313457334222219552e+00
1.103000000000008463e+01 1.304696762156039247e+00
1.105000000000008420e+01 1.288857956949664541e+00
1.107000000000008377e+01 1.295433365564363060e+00
1.109000000000008335e+01 1.284307705156282342e+00
1.111000000000008292e+01 1.258840783931709062e+00
1.113000000000008249e+01 1.253313428669709628e+00
1.115000000000008207e+01 1.251839261644232426e+00
1.117000000000008164e+01 1.230473961071255617e+00
1.119000000000008122e+01 1.225102716514167023e+00
1.121000000000008079e+01 1.225039905459505585e+00
1.123000000000008036e+01 1.171496284282257605e+00
1.125000000000007994e+01 1.190993284814647613e+00
1.127000000000007951e+01 1.184777145602316395e+00
1.129000000000007908e+01 1.179904572634518756e+00
1.131000000000007866e+01 1.131564332900926173e+00
1.133000000000007823e+01 1.153587289532291171e+00
1.135000000000007780e+01 1.118619321635114572e+00
1.137000000000007738e+01 1.128283917055960206e+00
1.139000000000007695e+01 1.108546658985300137e+00
1.141000000000007653e+01 1.091594306360824884e+00
1.143000000000007610e+01 1.128160514404882075e+00
1.145000000000007567e+01 1.106752611045656920e+00
1.147000000000007525e+01 1.049936044688943193e+00
1.149000000000007482e+01 1.087303141113120653e+00
1.151000000000007439e+01 1.067596509030428242e+00
1.153000000000007397e+01 1.041132682416070265e+00
1.155000000000007354e+01 1.035422671748978285e+00
1.157000000000007311e+01 1.042004407181148729e+00
1.159000000000007269e+01 1.024485514517354368e+00
1.161000000000007226e+01 1.011637198867892051e+00
1.163000000000007184e+01 9.996275506457232840e-01
1.165000000000007141e+01 9.721523507762338534e-01
1.167000000000007098e+01 9.980268762163948537e-01
1.169000000000007056e+01 9.734474053790088677e-01
1.171000000000007013e+01 9.570638230706183247e-01
1.173000000000006970e+01 9.400898928196537163e-01
1.175000000000006928e+01 9.690584911239863430e-01
1.177000000000006885e+01 9.390537299949536232e-01
1.179000000000006843e+01 9.510869621087989501e-01
1.181000000000006800e+01 8.922311901543893420e-01
1.183000000000006757e+01 9.193730768218265625e-01
1.185000000000006715e+01 8.914057278870203271e-01
1.187000000000006672e+01 8.964853241883040669e-01
1.189000000000006629e+01 8.978292387858974877e-01
1.191000000000006587e+01 8.693128155061562445e-01
1.193000000000006544e+01 8.861864534713276287e-01
1.195000000000006501e+01 8.611151723062315799e-01
1.197000000000006459e+01 8.596880455665671938e-01
1.199000000000006416e+01 8.496307679821110126e-01
1.201000000000006374e+01 8.529138468208727897e-01
1.203000000000006331e+01 8.084593339773631371e-01
1.205000000000006288e+01 8.387855926763480019e-01
1.207000000000006246e+01 8.342578424858894115e-01
1.209000000000006203e+01 8.165230081021598307e-01
1.211000000000006160e+01 8.131609176485744550e-01
1.213000000000006118e+01 7.960025316523787753e-01
1.215000000000006075e+01 8.007927949367292797e-01
1.217000000000006033e+01 7.900286926123841758e-01
1.219000000000005990e+01 7.836085112528762275e-01
1.221000000000005947e+01 7.522055838825523200e-01
1.223000000000005905e+01 7.527660801812057212e-01
1.225000000000005862e+01 7.932856744410577976e-01
1.227000000000005819e+01 7.381575210645656693e-01
1.229000000000005777e+01 7.460746860519178458e-01
1.231000000000005734e+01 7.327510148468848739e-01
1.233000000000005691e+01 7.387677775015197845e-01
1.235000000000005649e+01 7.480972052410289619e-01
1.237000000000005606e+01 7.309114133760499232e-01
1.239000000000005564e+01 7.122639453394239428e-01
1.241000000000005521e+01 7.182776482515436101e-01
1.243000000000005478e+01 7.100515970017625689e-01
1.245000000000005436e+01 7.252204194386453473e-01
1.247000000000005393e+01 6.723295247829899068e-01
1.249000000000005350e+01 6.925704719304316415e-01
1.251000000000005308e+01 6.695481766031118331e-01
1.253000000000005265e+01 6.818165999331238236e-01
1.255000000000005222e+01 6.736694219036675202e-01
1.257000000000005180e+01 6.688448433602477428e-01
1.259000000000005137e+01 6.682335486347078524e-01
1.261000000000005095e+01 6.573575957427577610e-01
1.263000000000005052e+01 6.572243006612190630e-01
1.265000000000005009e+01 6.614358819199643857e-01
1.267000000000004967e+01 6.263626585383835765e-01
1.269000000000004924e+01 6.333247660259798684e-01
1.271000000000004881e+01 6.539898056088219169e-01
1.273000000000004839e+01 6.374934590431975412e-01
1.275000000000004796e+01 6.103257816210575504e-01
1.277000000000004754e+01 6.063963219262591409e-01
1.279000000000004711e+01 6.015105291699937018e-01
1.281000000000004668e+01 5.935826057496627062e-01
1.283000000000004626e+01 5.924454030110559710e-01
1.285000000000004583e+01 5.878708544249110490e-01
1.287000000000004540e+01 5.840086407099229771e-01
1.289000000000004498e+01 5.907236177020667167e-01
1.291000000000004455e+01 5.470222139993096144e-01
1.293000000000004412e+01 5.777227294988177553e-01
1.295000000000004370e+01 5.566486409449421524e-01
1.297000000000004327e+01 5.600408927423859984e-01
1.299000000000004285e+01 5.736648025106656501e-01
1.301000000000004242e+01 5.431244699892803229e-01
1.303000000000004199e+01 5.323422023614147180e-01
1.305000000000004157e+01 5.241626416602226390e-01
1.307000000000004114e+01 5.213442326034661845e-01
1.309000000000004071e+01 5.133122087816602841e-01
1.311000000000004029e+01 5.280320433568013172e-01
1.313000000000003986e+01 5.196413227044441863e-01
1.315000000000003944e+01 4.873686245365245195e-01
1.317000000000003901e+01 5.196677767119378677e-01
1.319000000000003858e+01 5.115413895486681239e-01
1.321000000000003816e+01 4.841683129933490037e-01
1.323000000000003773e+01 4.750927795576059820e-01
1.325000000000003730e+01 4.733742337135756761e-01
1.327000000000003688e+01 4.774677181122062297e-01
1.329000000000003645e+01 4.731925481474262285e-01
1.331000000000003602e+01 4.560201774975317091e-01
1.333000000000003560e+01 4.594388634615170219e-01
1.335000000000003517e+01 4.438983355875905090e-01
1.337000000000003475e+01 4.348188769336785442e-01
1.339000000000003432e+01 4.478267456487309284e-01
1.341000000000003389e+01 4.374170684377074458e-01
1.343000000000003347e+01 4.199867087360367179e-01
1.345000000000003304e+01 4.411527806200265522e-01
1.347000000000003261e+01 4.276420942413696191e-01
1.349000000000003219e+01 4.082993719158257151e-01
1.351000000000003176e+01 4.265340204423036519e-01
1.353000000000003133e+01 4.197762336716047149e-01
1.355000000000003091e+01 3.863160779972483194e-01
1.357000000000003048e+01 4.179515361717838773e-01
1.359000000000003006e+01 4.055562062171487736e-01
1.361000000000002963e+01 3.799703325106655871e-01
1.363000000000002920e+01 3.731755943111140228e-01
1.365000000000002878e+01 3.660139021974663232e-01
1.367000000000002835e+01 3.672026457356729057e-01
1.369000000000002792e+01 3.625968518554782416e-01
1.371000000000002750e+01 3.693318581173525295e-01
1.373000000000002707e+01 3.525520032918793012e-01
1.375000000000002665e+01 3.603719963119780823e-01
1.377000000000002622e+01 3.535602297497675295e-01
1.379000000000002579e+01 3.634418658020874826e-01
1.381000000000002537e+01 3.434134794715694716e-01
1.383000000000002494e+01 3.288786879485304238e-01
1.385000000000002451e+01 3.315815125649987927e-01
1.387000000000002409e+01 3.160695693319591770e-01
1.389000000000002366e+01 3.108710061063533758e-01
1.391000000000002323e+01 3.043359841148260969e-01
1.393000000000002281e+01 3.098172054089550209e-01
1.395000000000002238e+01 2.850596389812045661e-01
1.397000000000002196e+01 2.757457603853029626e-01
1.399000000000002153e+01 2.905172980367993762e-01
1.401000000000002110e+01 2.748141192350514461e-01
1.403000000000002068e+01 2.757185671419787876e-01
1.405000000000002025e+01 2.693803044706911121e-01
1.407000000000001982e+01 2.580981849914327775e-01
1.409000000000001940e+01 2.488656549887582614e-01
1.411000000000001897e+01 2.563232170583571445e-01
1.413000000000001855e+01 2.332889944270553628e-01
1.415000000000001812e+01 2.406830187871045468e-01
1.417000000000001769e+01 2.337827035586987900e-01
1.419000000000001727e+01 2.418150815816943466e-01
1.421000000000001684e+01 2.233272076381158933e-01
1.423000000000001641e+01 2.335499375564475399e-01
1.425000000000001599e+01 2.184385641130970890e-01
1.427000000000001556e+01 2.093570369787207952e-01
1.429000000000001513e+01 2.144608516310669288e-01
1.431000000000001471e+01 1.994819505574529639e-01
1.433000000000001428e+01 2.017924519947238704e-01
1.435000000000001386e+01 1.923246483513807725e-01
1.437000000000001343e+01 1.920738903891075766e-01
1.439000000000001300e+01 1.828759911292273388e-01
1.441000000000001258e+01 1.604661805811089248e-01
1.443000000000001215e+01 1.545329506765331096e-01
1.445000000000001172e+01 1.596566634754569003e-01
1.447000000000001130e+01 1.502827985445159276e-01
1.449000000000001087e+01 1.310220922560836609e-01
1.451000000000001044e+01 1.087815819994323863e-01
1.453000000000001002e+01 1.055047611970253013e-01
1.455000000000000959e+01 8.611054226384426413e-02
1.457000000000000917e+01 6.143501109434637564e-02
1.459000000000000874e+01 5.279865895052165969e-02
1.461000000000000831e+01 4.715453826171304985e-02
1.463000000000000789e+01 2.775095996353419206e-02
1.465000000000000746e+01 1.390702700781639052e-02
1.467000000000000703e+01 2.852558540363145552e-03
1.469000000000000661e+01 2.815153851155444663e-03
1.471000000000000618e+01 2.803306925417960345e-03
1.473000000000000576e+01 2.791508452651813004e-03
1.475000000000000533e+01 7.981372699885629246e-13
1.477000000000000490e+01 0.000000000000000000e+00
1.479000000000000448e+01 0.000000000000000000e+00
1.481000000000000405e+01 0.000000000000000000e+00
1.483000000000000362e+01 0.000000000000000000e+00
1.485000000000000320e+01 0.000000000000000000e+00
1.487000000000000277e+01 0.000000000000000000e+00
1.489000000000000234e+01 0.000000000000000000e+00
1.491000000000000192e+01 0.000000000000000000e+00
1.493000000000000149e+01 0.000000000000000000e+00
1.495000000000000107e+01 0.000000000000000000e+00
1.497000000000000064e+01 0.000000000000000000e+00
1.499000000000000021e+01 0.000000000000000000e+00
