# Redshift		Merger Rate Density [Gpc^-3yr^-1]
1.000000000031931770e-02 2.050444594971456880e+01
3.000000000031888964e-02 2.112541016672366823e+01
5.000000000031846331e-02 2.131339269318692331e+01
7.000000000031804392e-02 2.141554876124141416e+01
9.000000000031761760e-02 2.164569725707542602e+01
1.100000000003171913e-01 2.166569767266165769e+01
1.300000000003167511e-01 2.233921337535268492e+01
1.500000000003163247e-01 2.221317464846500300e+01
1.700000000003158984e-01 2.243206103008517260e+01
1.900000000003154721e-01 2.284746126297751445e+01
2.100000000003150458e-01 2.320706063288841747e+01
2.300000000003146194e-01 2.392050083363372437e+01
2.500000000003141931e-01 2.439920384215055549e+01
2.700000000003137668e-01 2.485822385071637086e+01
2.900000000003133405e-01 2.572824329926564246e+01
3.100000000003129141e-01 2.585815121578255216e+01
3.300000000003124878e-01 2.679011981423746391e+01
3.500000000003120615e-01 2.691601929050020203e+01
3.700000000003116352e-01 2.755863220239965372e+01
3.900000000003112088e-01 2.812252015876288880e+01
4.100000000003107825e-01 2.864293335294432907e+01
4.300000000003103562e-01 2.938544144981775474e+01
4.500000000003099299e-01 3.013549778352010833e+01
4.700000000003095035e-01 3.011634936066961288e+01
4.900000000003090772e-01 3.126215356514031285e+01
5.100000000003086509e-01 3.186668051978754690e+01
5.300000000003082246e-01 3.215112919478485054e+01
5.500000000003077982e-01 3.296851485182635599e+01
5.700000000003073719e-01 3.362200368593020272e+01
5.900000000003069456e-01 3.409885532804222663e+01
6.100000000003065193e-01 3.474515636292677101e+01
6.300000000003060929e-01 3.489788760148275060e+01
6.500000000003056666e-01 3.587030111409292488e+01
6.700000000003052403e-01 3.575252915990515845e+01
6.900000000003048140e-01 3.680490196643088296e+01
7.100000000003043876e-01 3.684888287741347312e+01
7.300000000003039613e-01 3.750155206650265427e+01
7.500000000003035350e-01 3.763484323056113823e+01
7.700000000003031086e-01 3.803262642231181445e+01
7.900000000003026823e-01 3.898841286563707342e+01
8.100000000003022560e-01 3.847004089267154825e+01
8.300000000003018297e-01 3.905261263865084942e+01
8.500000000003014033e-01 3.948535981281538199e+01
8.700000000003009770e-01 4.003685341427995326e+01
8.900000000003005507e-01 3.998221900047085597e+01
9.100000000003001244e-01 4.054865532922320881e+01
9.300000000002996980e-01 4.101848838989946699e+01
9.500000000002992717e-01 4.111445092090521314e+01
9.700000000002988454e-01 4.215242880260692004e+01
9.900000000002984191e-01 4.120607129541832592e+01
1.010000000000297993e+00 4.261336056642496573e+01
1.030000000000297566e+00 4.234371502168832535e+01
1.050000000000297140e+00 4.317671212374865064e+01
1.070000000000296714e+00 4.308100742039039943e+01
1.090000000000296287e+00 4.460327900782864674e+01
1.110000000000295861e+00 4.374216961372101053e+01
1.130000000000295435e+00 4.428742454734884149e+01
1.150000000000295008e+00 4.464782644059867067e+01
1.170000000000294582e+00 4.514718312801704059e+01
1.190000000000294156e+00 4.588566255245356018e+01
1.210000000000293729e+00 4.534878159884251403e+01
1.230000000000293303e+00 4.572216127899633165e+01
1.250000000000292877e+00 4.634590822310811831e+01
1.270000000000292451e+00 4.703139826881635344e+01
1.290000000000292024e+00 4.693907915398765596e+01
1.310000000000291598e+00 4.736071430404549432e+01
1.330000000000291172e+00 4.727761464587099738e+01
1.350000000000290745e+00 4.776564498931209357e+01
1.370000000000290319e+00 4.802802005378453742e+01
1.390000000000289893e+00 4.832812431341785242e+01
1.410000000000289466e+00 4.802538089247070019e+01
1.430000000000289040e+00 4.888091549215558018e+01
1.450000000000288614e+00 4.860466193723947725e+01
1.470000000000288187e+00 4.890166249031316426e+01
1.490000000000287761e+00 4.929799122445735549e+01
1.510000000000287335e+00 4.970695541994718525e+01
1.530000000000286908e+00 4.999265265184970986e+01
1.550000000000286482e+00 4.965844771867623564e+01
1.570000000000286056e+00 4.973126789486850186e+01
1.590000000000285629e+00 5.084634987339421031e+01
1.610000000000285203e+00 5.012678066243326924e+01
1.630000000000284777e+00 5.102905812626499937e+01
1.650000000000284350e+00 5.017627539752834309e+01
1.670000000000283924e+00 5.077523514451981868e+01
1.690000000000283498e+00 5.060812451265530854e+01
1.710000000000283071e+00 5.131159190835483486e+01
1.730000000000282645e+00 5.062127024863789160e+01
1.750000000000282219e+00 5.115818547164373342e+01
1.770000000000281792e+00 5.107798459043397798e+01
1.790000000000281366e+00 5.116850161813857056e+01
1.810000000000280940e+00 5.129233504714274972e+01
1.830000000000280513e+00 5.056041608206976434e+01
1.850000000000280087e+00 5.139364911328955543e+01
1.870000000000279661e+00 5.079728264585342146e+01
1.890000000000279234e+00 5.138650794816342682e+01
1.910000000000278808e+00 5.099330512496494094e+01
1.930000000000278382e+00 5.044444914549525549e+01
1.950000000000277955e+00 5.182313567331745929e+01
1.970000000000277529e+00 4.988518234532251938e+01
1.990000000000277103e+00 5.036794035993832352e+01
2.010000000000276899e+00 5.014484882124587273e+01
2.030000000000276472e+00 5.047619712570666906e+01
2.050000000000276046e+00 4.946989919218229659e+01
2.070000000000275620e+00 5.087537807602780049e+01
2.090000000000275193e+00 4.977024343098215553e+01
2.110000000000274767e+00 4.954322156319974368e+01
2.130000000000274341e+00 4.906939040032549570e+01
2.150000000000273914e+00 4.937593373660010343e+01
2.170000000000273488e+00 4.909245873762332479e+01
2.190000000000273062e+00 4.957950242450250755e+01
2.210000000000272635e+00 4.853704907916620925e+01
2.230000000000272209e+00 4.860445276592822950e+01
2.250000000000271783e+00 4.802673219445791375e+01
2.270000000000271356e+00 4.771496519194799646e+01
2.290000000000270930e+00 4.812729002060149242e+01
2.310000000000270504e+00 4.711981034940447444e+01
2.330000000000270077e+00 4.692155058112984989e+01
2.350000000000269651e+00 4.721709855664190769e+01
2.370000000000269225e+00 4.668164882193510579e+01
2.390000000000268798e+00 4.602210905058248613e+01
2.410000000000268372e+00 4.649055355540906476e+01
2.430000000000267946e+00 4.530820432692759425e+01
2.450000000000267519e+00 4.578915071177709706e+01
2.470000000000267093e+00 4.472601020685879547e+01
2.490000000000266667e+00 4.498062072926374810e+01
2.510000000000266240e+00 4.480778861980190442e+01
2.530000000000265814e+00 4.452103929401264537e+01
2.550000000000265388e+00 4.343836981448797019e+01
2.570000000000264961e+00 4.319958089459201744e+01
2.590000000000264535e+00 4.359663778421327152e+01
2.610000000000264109e+00 4.273661483280348250e+01
2.630000000000263682e+00 4.277574782285488197e+01
2.650000000000263256e+00 4.171140713331860184e+01
2.670000000000262830e+00 4.197410702456393494e+01
2.690000000000262403e+00 4.125124236097919805e+01
2.710000000000261977e+00 4.107612543282723294e+01
2.730000000000261551e+00 4.109228459325373706e+01
2.750000000000261124e+00 4.016419042939580919e+01
2.770000000000260698e+00 3.951265608750069447e+01
2.790000000000260272e+00 3.997888096626184762e+01
2.810000000000259845e+00 3.958883163943878714e+01
2.830000000000259419e+00 3.908520671608750519e+01
2.850000000000258993e+00 3.850123889367849728e+01
2.870000000000258567e+00 3.842219421299903814e+01
2.890000000000258140e+00 3.773448451492930644e+01
2.910000000000257714e+00 3.840890640919621291e+01
2.930000000000257288e+00 3.742426067658540489e+01
2.950000000000256861e+00 3.707285614840493793e+01
2.970000000000256435e+00 3.667066172805819946e+01
2.990000000000256009e+00 3.646375581756176132e+01
3.010000000000255582e+00 3.645325712269599450e+01
3.030000000000255156e+00 3.587770031074638410e+01
3.050000000000254730e+00 3.535318111611389469e+01
3.070000000000254303e+00 3.549259946443182656e+01
3.090000000000253877e+00 3.525124438287527795e+01
3.110000000000253451e+00 3.493003224029813225e+01
3.130000000000253024e+00 3.407738714728412077e+01
3.150000000000252598e+00 3.443904073018181577e+01
3.170000000000252172e+00 3.352021216292295236e+01
3.190000000000251745e+00 3.358294491525322911e+01
3.210000000000251319e+00 3.272752170125334459e+01
3.230000000000250893e+00 3.281155321120545665e+01
3.250000000000250466e+00 3.250099556138037826e+01
3.270000000000250040e+00 3.203948288226899876e+01
3.290000000000249614e+00 3.229644703936916272e+01
3.310000000000249187e+00 3.187072791663034010e+01
3.330000000000248761e+00 3.135606967370909359e+01
3.350000000000248335e+00 3.128842437509124608e+01
3.370000000000247908e+00 3.058580022779108276e+01
3.390000000000247482e+00 3.049859422751261562e+01
3.410000000000247056e+00 3.061067629681470947e+01
3.430000000000246629e+00 2.983761617406302946e+01
3.450000000000246203e+00 3.005598991636565742e+01
3.470000000000245777e+00 2.926246023482029912e+01
3.490000000000245350e+00 2.936948351008106073e+01
3.510000000000244924e+00 2.903426536240094791e+01
3.530000000000244498e+00 2.884560134474416770e+01
3.550000000000244071e+00 2.867256143752175035e+01
3.570000000000243645e+00 2.818963300369496139e+01
3.590000000000243219e+00 2.805119319451989668e+01
3.610000000000242792e+00 2.769657890193331085e+01
3.630000000000242366e+00 2.782494925350938786e+01
3.650000000000241940e+00 2.733346488289877385e+01
3.670000000000241513e+00 2.723708917944287933e+01
3.690000000000241087e+00 2.687151188518688372e+01
3.710000000000240661e+00 2.670475899017871058e+01
3.730000000000240234e+00 2.616271813765382959e+01
3.750000000000239808e+00 2.654298842545362191e+01
3.770000000000239382e+00 2.584632687774285387e+01
3.790000000000238956e+00 2.595059936468300776e+01
3.810000000000238529e+00 2.561051832299239450e+01
3.830000000000238103e+00 2.569963274871061998e+01
3.850000000000237677e+00 2.522491692821251874e+01
3.870000000000237250e+00 2.477030174502113979e+01
3.890000000000236824e+00 2.468217194746054943e+01
3.910000000000236398e+00 2.482118474619607085e+01
3.930000000000235971e+00 2.481258577309257873e+01
3.950000000000235545e+00 2.431891497465864660e+01
3.970000000000235119e+00 2.389410389431791160e+01
3.990000000000234692e+00 2.388741627973004356e+01
4.010000000000234266e+00 2.345967578342276383e+01
4.030000000000233840e+00 2.383390952506348270e+01
4.050000000000233413e+00 2.328268547848574244e+01
4.070000000000232987e+00 2.299403914328588527e+01
4.090000000000232561e+00 2.301257249075979061e+01
4.110000000000232134e+00 2.274709504016394845e+01
4.130000000000231708e+00 2.287641835597248985e+01
4.150000000000231282e+00 2.228066852848244395e+01
4.170000000000230855e+00 2.249243259994725719e+01
4.190000000000230429e+00 2.265251409255016313e+01
4.210000000000230003e+00 2.191540986838057847e+01
4.230000000000229576e+00 2.149670838774848747e+01
4.250000000000229150e+00 2.194823610660974467e+01
4.270000000000228724e+00 2.113521299097226702e+01
4.290000000000228297e+00 2.172388745242018260e+01
4.310000000000227871e+00 2.067028992301731449e+01
4.330000000000227445e+00 2.120278585032624363e+01
4.350000000000227018e+00 2.100333721739398030e+01
4.370000000000226592e+00 2.069208628543735173e+01
4.390000000000226166e+00 2.085336263766269127e+01
4.410000000000225739e+00 2.032206787281940308e+01
4.430000000000225313e+00 2.026881723522042833e+01
4.450000000000224887e+00 2.002538798910702056e+01
4.470000000000224460e+00 2.040044291554297473e+01
4.490000000000224034e+00 1.946000458049129733e+01
4.510000000000223608e+00 1.968367529681437134e+01
4.530000000000223181e+00 1.952681592480278994e+01
4.550000000000222755e+00 1.952604353704663964e+01
4.570000000000222329e+00 1.943826299936607782e+01
4.590000000000221902e+00 1.890674280679683150e+01
4.610000000000221476e+00 1.927526685611631407e+01
4.630000000000221050e+00 1.881159115554766359e+01
4.650000000000220624e+00 1.882772340566524250e+01
4.670000000000220197e+00 1.845569709861813479e+01
4.690000000000219771e+00 1.877396271057332200e+01
4.710000000000219345e+00 1.840155594764475211e+01
4.730000000000218918e+00 1.855766183438010231e+01
4.750000000000218492e+00 1.807106948304209482e+01
4.770000000000218066e+00 1.777374670343913010e+01
4.790000000000217639e+00 1.793974013491158459e+01
4.810000000000217213e+00 1.779179732934088065e+01
4.830000000000216787e+00 1.770575506732853555e+01
4.850000000000216360e+00 1.757041946717147596e+01
4.870000000000215934e+00 1.754576836775133941e+01
4.890000000000215508e+00 1.732794270537843317e+01
4.910000000000215081e+00 1.717388057682647329e+01
4.930000000000214655e+00 1.735905829511624532e+01
4.950000000000214229e+00 1.690528349080394577e+01
4.970000000000213802e+00 1.687473301842333839e+01
4.990000000000213376e+00 1.671207577697131441e+01
5.010000000000212950e+00 1.693816261296980841e+01
5.030000000000212523e+00 1.645002895986477753e+01
5.050000000000212097e+00 1.671863587173908527e+01
5.070000000000211671e+00 1.636956661344161290e+01
5.090000000000211244e+00 1.640488855556097292e+01
5.110000000000210818e+00 1.595396010727169944e+01
5.130000000000210392e+00 1.614378429943953464e+01
5.150000000000209965e+00 1.599520006333902522e+01
5.170000000000209539e+00 1.584777536868017123e+01
5.190000000000209113e+00 1.599536834505663307e+01
5.210000000000208686e+00 1.592224676584125653e+01
5.230000000000208260e+00 1.551794796698932721e+01
5.250000000000207834e+00 1.572519167969089615e+01
5.270000000000207407e+00 1.547417086297914857e+01
5.290000000000206981e+00 1.545342858981150513e+01
5.310000000000206555e+00 1.516268724113397859e+01
5.330000000000206128e+00 1.531942148727296349e+01
5.350000000000205702e+00 1.520944343130730303e+01
5.370000000000205276e+00 1.516511080157698288e+01
5.390000000000204849e+00 1.489405030787430739e+01
5.410000000000204423e+00 1.492666418345919688e+01
5.430000000000203997e+00 1.482327188141854890e+01
5.450000000000203570e+00 1.479666751824231063e+01
5.470000000000203144e+00 1.474286113380763119e+01
5.490000000000202718e+00 1.464267216721034970e+01
5.510000000000202292e+00 1.444389769681702518e+01
5.530000000000201865e+00 1.447015772127660505e+01
5.550000000000201439e+00 1.443049002557338412e+01
5.570000000000201013e+00 1.434215928996774814e+01
5.590000000000200586e+00 1.426887617990718127e+01
5.610000000000200160e+00 1.422911906025954387e+01
5.630000000000199734e+00 1.408213797392984645e+01
5.650000000000199307e+00 1.402104159328406219e+01
5.670000000000198881e+00 1.403069893779743893e+01
5.690000000000198455e+00 1.386951678207624816e+01
5.710000000000198028e+00 1.385273135944432887e+01
5.730000000000197602e+00 1.375895898997692157e+01
5.750000000000197176e+00 1.344833204405961169e+01
5.770000000000196749e+00 1.357837865520767551e+01
5.790000000000196323e+00 1.341368401027938084e+01
5.810000000000195897e+00 1.335157045838975520e+01
5.830000000000195470e+00 1.352056713000559007e+01
5.850000000000195044e+00 1.348153519535025247e+01
5.870000000000194618e+00 1.323682752807476959e+01
5.890000000000194191e+00 1.326199732676003329e+01
5.910000000000193765e+00 1.307188430950798086e+01
5.930000000000193339e+00 1.294506480182020880e+01
5.950000000000192912e+00 1.299849377569354480e+01
5.970000000000192486e+00 1.290845668995032369e+01
5.990000000000192060e+00 1.284485032584887954e+01
6.010000000000191633e+00 1.277535970454272984e+01
6.030000000000191207e+00 1.271891391863045229e+01
6.050000000000190781e+00 1.261064132530865045e+01
6.070000000000190354e+00 1.246614610096728093e+01
6.090000000000189928e+00 1.251017652288575199e+01
6.110000000000189502e+00 1.252229454245133589e+01
6.130000000000189075e+00 1.224511068183347184e+01
6.150000000000188649e+00 1.239468295618645222e+01
6.170000000000188223e+00 1.227574089880365982e+01
6.190000000000187796e+00 1.220312706174136785e+01
6.210000000000187370e+00 1.209012980438813578e+01
6.230000000000186944e+00 1.204559792163770915e+01
6.250000000000186517e+00 1.191124493212745605e+01
6.270000000000186091e+00 1.209867309424249271e+01
6.290000000000185665e+00 1.171447601805324013e+01
6.310000000000185238e+00 1.191120741883109346e+01
6.330000000000184812e+00 1.186923481184989981e+01
6.350000000000184386e+00 1.172085180249914416e+01
6.370000000000183960e+00 1.152457259692282143e+01
6.390000000000183533e+00 1.173285709424432000e+01
6.410000000000183107e+00 1.157601288219798974e+01
6.430000000000182681e+00 1.139511668839442571e+01
6.450000000000182254e+00 1.159689305173814411e+01
6.470000000000181828e+00 1.129232186929022674e+01
6.490000000000181402e+00 1.138770865427428980e+01
6.510000000000180975e+00 1.117812376433723998e+01
6.530000000000180549e+00 1.126112304255665286e+01
6.550000000000180123e+00 1.114998413237924524e+01
6.570000000000179696e+00 1.106056767830768806e+01
6.590000000000179270e+00 1.109064271106526789e+01
6.610000000000178844e+00 1.094425371750899600e+01
6.630000000000178417e+00 1.116038921016438046e+01
6.650000000000177991e+00 1.075547628574205916e+01
6.670000000000177565e+00 1.082717927731645347e+01
6.690000000000177138e+00 1.078601346157404173e+01
6.710000000000176712e+00 1.078484569538890447e+01
6.730000000000176286e+00 1.070692518244652547e+01
6.750000000000175859e+00 1.080639046302045081e+01
6.770000000000175433e+00 1.059701053717720143e+01
6.790000000000175007e+00 1.054552840251055379e+01
6.810000000000174580e+00 1.048588832569111950e+01
6.830000000000174154e+00 1.049468139407198919e+01
6.850000000000173728e+00 1.036303105224479637e+01
6.870000000000173301e+00 1.035653044789266453e+01
6.890000000000172875e+00 1.017348589511957258e+01
6.910000000000172449e+00 1.021863905993758692e+01
6.930000000000172022e+00 1.023959076157617787e+01
6.950000000000171596e+00 1.016965992716977318e+01
6.970000000000171170e+00 1.011005268427269144e+01
6.990000000000170743e+00 9.972917653768785584e+00
7.010000000000170317e+00 1.012754767826503155e+01
7.030000000000169891e+00 1.000578973683492556e+01
7.050000000000169464e+00 9.826424035877575847e+00
7.070000000000169038e+00 9.847429168618189621e+00
7.090000000000168612e+00 9.830542187129795551e+00
7.110000000000168185e+00 9.771698860839201473e+00
7.130000000000167759e+00 9.675553868769691590e+00
7.150000000000167333e+00 9.740287469734552062e+00
7.170000000000166906e+00 9.546425563480230636e+00
7.190000000000166480e+00 9.496169709399566727e+00
7.210000000000166054e+00 9.606841872315795783e+00
7.230000000000165628e+00 9.612417641403366630e+00
7.250000000000165201e+00 9.555228781968754248e+00
7.270000000000164775e+00 9.463304248336202207e+00
7.290000000000164349e+00 9.361340920019760148e+00
7.310000000000163922e+00 9.292179948216839236e+00
7.330000000000163496e+00 9.298262154625740905e+00
7.350000000000163070e+00 9.292061071817871110e+00
7.370000000000162643e+00 9.212997652254450998e+00
7.390000000000162217e+00 9.159307643224806839e+00
7.410000000000161791e+00 9.250832890735216196e+00
7.430000000000161364e+00 9.133012797700624574e+00
7.450000000000160938e+00 9.103363193028902955e+00
7.470000000000160512e+00 9.012784691689224914e+00
7.490000000000160085e+00 8.967480436878304317e+00
7.510000000000159659e+00 9.064195837435020664e+00
7.530000000000159233e+00 8.967191344896205507e+00
7.550000000000158806e+00 8.965394812968680682e+00
7.570000000000158380e+00 8.909415784260231064e+00
7.590000000000157954e+00 8.744864445096807160e+00
7.610000000000157527e+00 8.711970879953408797e+00
7.630000000000157101e+00 8.752569256966721056e+00
7.650000000000156675e+00 8.708664629897674203e+00
7.670000000000156248e+00 8.640426272444187816e+00
7.690000000000155822e+00 8.607897743178655858e+00
7.710000000000155396e+00 8.606392131289752001e+00
7.730000000000154969e+00 8.542980118332865302e+00
7.750000000000154543e+00 8.440555036545564604e+00
7.770000000000154117e+00 8.485297512519322183e+00
7.790000000000153690e+00 8.423969508804601602e+00
7.810000000000153264e+00 8.329172280355432889e+00
7.830000000000152838e+00 8.312861705713730842e+00
7.850000000000152411e+00 8.492613790299653687e+00
7.870000000000151985e+00 8.289948894627649167e+00
7.890000000000151559e+00 8.319085123085738331e+00
7.910000000000151132e+00 8.242298886259810331e+00
7.930000000000150706e+00 8.100107568959868942e+00
7.950000000000150280e+00 8.160477955321251642e+00
7.970000000000149853e+00 8.084386609328873874e+00
7.990000000000149427e+00 8.088432690466390795e+00
8.010000000000149001e+00 8.077048075818682449e+00
8.030000000000148574e+00 8.012718369919948458e+00
8.050000000000148148e+00 7.939511946372132201e+00
8.070000000000147722e+00 7.924634242360242276e+00
8.090000000000147296e+00 7.960418042738629296e+00
8.110000000000146869e+00 7.939968353246461774e+00
8.130000000000146443e+00 7.807344319075173011e+00
8.150000000000146017e+00 7.840246278356626242e+00
8.170000000000145590e+00 7.827900552226248365e+00
8.190000000000145164e+00 7.707044200565639436e+00
8.210000000000144738e+00 7.739705341257322679e+00
8.230000000000144311e+00 7.773881770219305487e+00
8.250000000000143885e+00 7.699882924651603844e+00
8.270000000000143459e+00 7.574445302031709737e+00
8.290000000000143032e+00 7.629380771667481298e+00
8.310000000000142606e+00 7.583950862967313356e+00
8.330000000000142180e+00 7.553878981655371305e+00
8.350000000000141753e+00 7.481430160202773294e+00
8.370000000000141327e+00 7.447051849242097177e+00
8.390000000000140901e+00 7.362209185442616821e+00
8.410000000000140474e+00 7.396387065864516330e+00
8.430000000000140048e+00 7.292568962686497791e+00
8.450000000000139622e+00 7.392541192897303937e+00
8.470000000000139195e+00 7.273248357228107253e+00
8.490000000000138769e+00 7.350067990651065308e+00
8.510000000000138343e+00 7.189195371803898560e+00
8.530000000000137916e+00 7.148388294374260710e+00
8.550000000000137490e+00 7.132906780408213798e+00
8.570000000000137064e+00 7.168521907114919323e+00
8.590000000000136637e+00 7.146722702502221303e+00
8.610000000000136211e+00 7.071831304722935307e+00
8.630000000000135785e+00 7.072428575399927198e+00
8.650000000000135358e+00 6.927473642872010728e+00
8.670000000000134932e+00 7.008236705835674485e+00
8.690000000000134506e+00 6.937263691717275194e+00
8.710000000000134079e+00 6.898434616475083381e+00
8.730000000000133653e+00 6.868767021897806302e+00
8.750000000000133227e+00 6.860728548735558263e+00
8.770000000000132800e+00 6.800600179982497551e+00
8.790000000000132374e+00 6.841058452408146806e+00
8.810000000000131948e+00 6.727554894456542200e+00
8.830000000000131521e+00 6.781780664316068297e+00
8.850000000000131095e+00 6.750778239390149871e+00
8.870000000000130669e+00 6.668886025075346780e+00
8.890000000000130242e+00 6.666896567453129308e+00
8.910000000000129816e+00 6.649361019094568448e+00
8.930000000000129390e+00 6.549694454544413347e+00
8.950000000000128964e+00 6.593308924236441548e+00
8.970000000000128537e+00 6.536693870023787767e+00
8.990000000000128111e+00 6.561818933187988812e+00
9.010000000000127685e+00 6.423557597714792955e+00
9.030000000000127258e+00 6.427727221295324256e+00
9.050000000000126832e+00 6.391478924293894970e+00
9.070000000000126406e+00 6.398051606684997950e+00
9.090000000000125979e+00 6.337556030130682139e+00
9.110000000000125553e+00 6.326271330335150544e+00
9.130000000000125127e+00 6.265741243058140952e+00
9.150000000000124700e+00 6.242633431538600952e+00
9.170000000000124274e+00 6.270832415495980250e+00
9.190000000000123848e+00 6.157088691582663031e+00
9.210000000000123421e+00 6.157239563992430220e+00
9.230000000000122995e+00 6.096194844141042068e+00
9.250000000000122569e+00 6.110295440841015058e+00
9.270000000000122142e+00 6.053915283194177377e+00
9.290000000000121716e+00 6.054468967780006317e+00
9.310000000000121290e+00 6.047374809023989606e+00
9.330000000000120863e+00 6.017957941531379085e+00
9.350000000000120437e+00 5.997851944023522286e+00
9.370000000000120011e+00 5.936722057572828781e+00
9.390000000000119584e+00 5.919998519022989569e+00
9.410000000000119158e+00 5.896152241945378236e+00
9.430000000000118732e+00 5.876145674440967248e+00
9.450000000000118305e+00 5.841692275017553726e+00
9.470000000000117879e+00 5.791107521298547667e+00
9.490000000000117453e+00 5.808395767329793458e+00
9.510000000000117026e+00 5.754913237330576692e+00
9.530000000000116600e+00 5.775506747601652613e+00
9.550000000000116174e+00 5.760876535991535263e+00
9.570000000000115747e+00 5.726583632977785498e+00
9.590000000000115321e+00 5.640237895738532181e+00
9.610000000000114895e+00 5.598763446468449700e+00
9.630000000000114468e+00 5.589123168244552353e+00
9.650000000000114042e+00 5.514009352217372317e+00
9.670000000000113616e+00 5.604276666106962068e+00
9.690000000000113189e+00 5.520354038340014924e+00
9.710000000000112763e+00 5.471619238817601705e+00
9.730000000000112337e+00 5.466884644363337209e+00
9.750000000000111910e+00 5.425919476408590292e+00
9.770000000000111484e+00 5.419665008286390417e+00
9.790000000000111058e+00 5.348721087016674147e+00
9.810000000000110632e+00 5.368739814406582767e+00
9.830000000000110205e+00 5.342784779619619506e+00
9.850000000000109779e+00 5.345950915460368158e+00
9.870000000000109353e+00 5.289993781163209619e+00
9.890000000000108926e+00 5.277215735884401404e+00
9.910000000000108500e+00 5.222532129013418789e+00
9.930000000000108074e+00 5.218883193092134221e+00
9.950000000000107647e+00 5.265805438580556164e+00
9.970000000000107221e+00 5.123192675518626338e+00
9.990000000000106795e+00 5.164489053685064945e+00
1.001000000000010637e+01 5.178662828023712805e+00
1.003000000000010594e+01 5.080640232735643025e+00
1.005000000000010552e+01 5.094367542463356990e+00
1.007000000000010509e+01 5.093659330101473870e+00
1.009000000000010466e+01 5.041787884994258562e+00
1.011000000000010424e+01 5.020692009804819556e+00
1.013000000000010381e+01 4.997113841209178453e+00
1.015000000000010338e+01 4.925664072147738715e+00
1.017000000000010296e+01 4.899368943924921282e+00
1.019000000000010253e+01 4.865099111300578372e+00
1.021000000000010210e+01 4.874196992452711541e+00
1.023000000000010168e+01 4.870271196153496795e+00
1.025000000000010125e+01 4.807379490689393187e+00
1.027000000000010083e+01 4.844773850877513333e+00
1.029000000000010040e+01 4.789970207390903845e+00
1.031000000000009997e+01 4.711950948944638284e+00
1.033000000000009955e+01 4.713477706234859177e+00
1.035000000000009912e+01 4.736613791224091763e+00
1.037000000000009869e+01 4.717733307331570813e+00
1.039000000000009827e+01 4.662991647977499987e+00
1.041000000000009784e+01 4.645833478083324586e+00
1.043000000000009742e+01 4.613047028291856755e+00
1.045000000000009699e+01 4.659704158422647957e+00
1.047000000000009656e+01 4.623312447273686843e+00
1.049000000000009614e+01 4.558470229189603096e+00
1.051000000000009571e+01 4.524216438800634954e+00
1.053000000000009528e+01 4.461755956313004035e+00
1.055000000000009486e+01 4.535110228373462782e+00
1.057000000000009443e+01 4.495346163212711410e+00
1.059000000000009400e+01 4.482793290654739415e+00
1.061000000000009358e+01 4.357636574665067819e+00
1.063000000000009315e+01 4.389992779552237323e+00
1.065000000000009273e+01 4.389370167715362925e+00
1.067000000000009230e+01 4.367402856157258206e+00
1.069000000000009187e+01 4.286129773860316128e+00
1.071000000000009145e+01 4.361628107514737174e+00
1.073000000000009102e+01 4.259267775836175218e+00
1.075000000000009059e+01 4.265321568118399576e+00
1.077000000000009017e+01 4.270641457662986085e+00
1.079000000000008974e+01 4.169712831579754031e+00
1.081000000000008932e+01 4.195027041177204374e+00
1.083000000000008889e+01 4.196557227043229865e+00
1.085000000000008846e+01 4.133102454056182928e+00
1.087000000000008804e+01 4.174546682695951638e+00
1.089000000000008761e+01 4.148371222060988295e+00
1.091000000000008718e+01 4.129264939036434434e+00
1.093000000000008676e+01 4.091000108496388954e+00
1.095000000000008633e+01 4.039309824968642104e+00
1.097000000000008590e+01 4.059706032118600483e+00
1.099000000000008548e+01 3.981707277428114367e+00
1.101000000000008505e+01 4.001356528432794768e+00
1.103000000000008463e+01 4.029451306982916314e+00
1.105000000000008420e+01 3.950968588187048436e+00
1.107000000000008377e+01 3.963797625354295917e+00
1.109000000000008335e+01 3.880312472757289743e+00
1.111000000000008292e+01 3.891373787423130448e+00
1.113000000000008249e+01 3.842396217451482077e+00
1.115000000000008207e+01 3.879982854120715974e+00
1.117000000000008164e+01 3.810654459144096950e+00
1.119000000000008122e+01 3.841095144099451186e+00
1.121000000000008079e+01 3.758242584509358775e+00
1.123000000000008036e+01 3.822864928591563682e+00
1.125000000000007994e+01 3.729824847745737415e+00
1.127000000000007951e+01 3.754163458554875543e+00
1.129000000000007908e+01 3.698583191702237372e+00
1.131000000000007866e+01 3.665497818621588078e+00
1.133000000000007823e+01 3.655582550379568474e+00
1.135000000000007780e+01 3.653581661156769300e+00
1.137000000000007738e+01 3.594048516567053486e+00
1.139000000000007695e+01 3.682100883241595124e+00
1.141000000000007653e+01 3.571480545184988031e+00
1.143000000000007610e+01 3.554707094608418938e+00
1.145000000000007567e+01 3.535201485190760717e+00
1.147000000000007525e+01 3.554231074295783888e+00
1.149000000000007482e+01 3.500855240509708199e+00
1.151000000000007439e+01 3.516649167269896736e+00
1.153000000000007397e+01 3.480470471609304894e+00
1.155000000000007354e+01 3.414414846360115163e+00
1.157000000000007311e+01 3.424895787698696736e+00
1.159000000000007269e+01 3.391159002881142026e+00
1.161000000000007226e+01 3.365333950959602305e+00
1.163000000000007184e+01 3.371340795761830655e+00
1.165000000000007141e+01 3.355689167399618977e+00
1.167000000000007098e+01 3.268235025746912825e+00
1.169000000000007056e+01 3.291126202699874881e+00
1.171000000000007013e+01 3.296365853923622691e+00
1.173000000000006970e+01 3.303012056301349197e+00
1.175000000000006928e+01 3.205807372079343853e+00
1.177000000000006885e+01 3.248476200000791625e+00
1.179000000000006843e+01 3.202668293940536870e+00
1.181000000000006800e+01 3.214780458756891779e+00
1.183000000000006757e+01 3.169855366498679050e+00
1.185000000000006715e+01 3.155050964776810574e+00
1.187000000000006672e+01 3.132251020268510988e+00
1.189000000000006629e+01 3.125915239520299149e+00
1.191000000000006587e+01 3.129484573431160932e+00
1.193000000000006544e+01 3.070331723682930836e+00
1.195000000000006501e+01 3.022166543153769425e+00
1.197000000000006459e+01 3.044575506003912579e+00
1.199000000000006416e+01 3.053641974970645823e+00
1.201000000000006374e+01 2.973433322254209976e+00
1.203000000000006331e+01 2.936834408784432693e+00
1.205000000000006288e+01 2.936485745474180398e+00
1.207000000000006246e+01 2.951440870281482720e+00
1.209000000000006203e+01 2.932301825381615767e+00
1.211000000000006160e+01 2.937212521346479033e+00
1.213000000000006118e+01 2.823937426526566430e+00
1.215000000000006075e+01 2.879215614699221160e+00
1.217000000000006033e+01 2.840415774284851924e+00
1.219000000000005990e+01 2.827037290483391807e+00
1.221000000000005947e+01 2.792521163486632041e+00
1.223000000000005905e+01 2.774922426106448903e+00
1.225000000000005862e+01 2.759720922135169285e+00
1.227000000000005819e+01 2.738108560405810632e+00
1.229000000000005777e+01 2.724932702416338337e+00
1.231000000000005734e+01 2.717486775101958241e+00
1.233000000000005691e+01 2.652349090866848336e+00
1.235000000000005649e+01 2.662427860651406242e+00
1.237000000000005606e+01 2.642190417050250595e+00
1.239000000000005564e+01 2.602736533603071667e+00
1.241000000000005521e+01 2.550852593491931497e+00
1.243000000000005478e+01 2.605686992394204093e+00
1.245000000000005436e+01 2.558391036459920720e+00
1.247000000000005393e+01 2.555349912841153870e+00
1.249000000000005350e+01 2.491742110430228418e+00
1.251000000000005308e+01 2.513774581707910905e+00
1.253000000000005265e+01 2.505005738802313253e+00
1.255000000000005222e+01 2.482625729533729952e+00
1.257000000000005180e+01 2.474915744579139432e+00
1.259000000000005137e+01 2.404699106408715537e+00
1.261000000000005095e+01 2.443275741967069870e+00
1.263000000000005052e+01 2.372942616628471058e+00
1.265000000000005009e+01 2.374993306275296590e+00
1.267000000000004967e+01 2.379256941460105246e+00
1.269000000000004924e+01 2.377127233430164299e+00
1.271000000000004881e+01 2.295667311059949256e+00
1.273000000000004839e+01 2.309058938639493075e+00
1.275000000000004796e+01 2.249716151297618705e+00
1.277000000000004754e+01 2.223877803006644616e+00
1.279000000000004711e+01 2.225777278216015453e+00
1.281000000000004668e+01 2.191023550780096141e+00
1.283000000000004626e+01 2.179778139617134070e+00
1.285000000000004583e+01 2.142887475342539982e+00
1.287000000000004540e+01 2.192681737876419845e+00
1.289000000000004498e+01 2.138863899304785932e+00
1.291000000000004455e+01 2.102910504837956385e+00
1.293000000000004412e+01 2.089546508025097449e+00
1.295000000000004370e+01 2.072237764843672725e+00
1.297000000000004327e+01 2.052906045319479844e+00
1.299000000000004285e+01 2.040247997261435575e+00
1.301000000000004242e+01 2.022049151383808141e+00
1.303000000000004199e+01 1.983937196837664452e+00
1.305000000000004157e+01 1.993505898413994171e+00
1.307000000000004114e+01 1.927457595893281361e+00
1.309000000000004071e+01 1.988909459688481318e+00
1.311000000000004029e+01 1.855544107060487669e+00
1.313000000000003986e+01 1.881744414893367079e+00
1.315000000000003944e+01 1.880091723006118265e+00
1.317000000000003901e+01 1.783663659792566580e+00
1.319000000000003858e+01 1.805639799771729725e+00
1.321000000000003816e+01 1.771125015767597954e+00
1.323000000000003773e+01 1.749191795933134008e+00
1.325000000000003730e+01 1.747966095699929667e+00
1.327000000000003688e+01 1.710386673899214172e+00
1.329000000000003645e+01 1.702675757311804094e+00
1.331000000000003602e+01 1.645922364218374900e+00
1.333000000000003560e+01 1.638508750996491736e+00
1.335000000000003517e+01 1.589990443168249001e+00
1.337000000000003475e+01 1.599170592851566930e+00
1.339000000000003432e+01 1.593580035170117259e+00
1.341000000000003389e+01 1.506159799273959266e+00
1.343000000000003347e+01 1.497233393173724281e+00
1.345000000000003304e+01 1.478247571129504667e+00
1.347000000000003261e+01 1.471867089352870694e+00
1.349000000000003219e+01 1.407159695824548695e+00
1.351000000000003176e+01 1.412187494539726806e+00
1.353000000000003133e+01 1.368842310199085643e+00
1.355000000000003091e+01 1.355549150762639377e+00
1.357000000000003048e+01 1.303415622316832057e+00
1.359000000000003006e+01 1.290398909323488663e+00
1.361000000000002963e+01 1.249005619671679668e+00
1.363000000000002920e+01 1.209888380095455185e+00
1.365000000000002878e+01 1.177332343887574906e+00
1.367000000000002835e+01 1.138090934198284554e+00
1.369000000000002792e+01 1.109657203142460524e+00
1.371000000000002750e+01 1.083689396243507241e+00
1.373000000000002707e+01 1.136559325332929138e+00
1.375000000000002665e+01 1.091653883879197373e+00
1.377000000000002622e+01 1.004423431860664850e+00
1.379000000000002579e+01 9.874683019317767041e-01
1.381000000000002537e+01 9.495920131680108955e-01
1.383000000000002494e+01 9.405542535570871054e-01
1.385000000000002451e+01 9.083601138474720615e-01
1.387000000000002409e+01 8.899697024732405870e-01
1.389000000000002366e+01 8.627079160553475790e-01
1.391000000000002323e+01 8.291777756119668163e-01
1.393000000000002281e+01 8.120903134135899482e-01
1.395000000000002238e+01 7.983998575998259017e-01
1.397000000000002196e+01 7.527081416601337782e-01
1.399000000000002153e+01 7.148121704744310190e-01
1.401000000000002110e+01 6.830209631985382224e-01
1.403000000000002068e+01 6.712156873084271780e-01
1.405000000000002025e+01 6.528983835956931880e-01
1.407000000000001982e+01 6.293719074211328035e-01
1.409000000000001940e+01 5.815572356841273161e-01
1.411000000000001897e+01 5.548165591951976783e-01
1.413000000000001855e+01 5.417416563960052445e-01
1.415000000000001812e+01 4.904217530803184344e-01
1.417000000000001769e+01 4.708934377268175764e-01
1.419000000000001727e+01 4.718134961767574964e-01
1.421000000000001684e+01 4.544109176667479044e-01
1.423000000000001641e+01 4.435054647586136878e-01
1.425000000000001599e+01 3.963270871073396040e-01
1.427000000000001556e+01 3.869373742262047777e-01
1.429000000000001513e+01 3.550665089934091911e-01
1.431000000000001471e+01 3.599001874317763194e-01
1.433000000000001428e+01 3.308348015883521009e-01
1.435000000000001386e+01 3.433391541002151492e-01
1.437000000000001343e+01 3.518643122914822396e-01
1.439000000000001300e+01 3.363816933703102641e-01
1.441000000000001258e+01 3.211631838224690561e-01
1.443000000000001215e+01 3.166619907654223964e-01
1.445000000000001172e+01 3.180992758278116672e-01
1.447000000000001130e+01 3.187357406485389344e-01
1.449000000000001087e+01 3.066680088533204618e-01
1.451000000000001044e+01 3.020610093676941443e-01
1.453000000000001002e+01 2.844828577732458341e-01
1.455000000000000959e+01 2.908653042038288894e-01
1.457000000000000917e+01 2.676519579533077620e-01
1.459000000000000874e+01 2.404388474350195315e-01
1.461000000000000831e+01 1.267243217434859404e-01
1.463000000000000789e+01 6.325082224750183668e-02
1.465000000000000746e+01 1.643331158186459723e-02
1.467000000000000703e+01 2.713909283287035349e-03
1.469000000000000661e+01 1.973278905787532109e-07
1.471000000000000618e+01 1.803834987048090360e-07
1.473000000000000576e+01 0.000000000000000000e+00
1.475000000000000533e+01 0.000000000000000000e+00
1.477000000000000490e+01 0.000000000000000000e+00
1.479000000000000448e+01 0.000000000000000000e+00
1.481000000000000405e+01 0.000000000000000000e+00
1.483000000000000362e+01 0.000000000000000000e+00
1.485000000000000320e+01 0.000000000000000000e+00
1.487000000000000277e+01 0.000000000000000000e+00
1.489000000000000234e+01 0.000000000000000000e+00
1.491000000000000192e+01 0.000000000000000000e+00
1.493000000000000149e+01 0.000000000000000000e+00
1.495000000000000107e+01 0.000000000000000000e+00
1.497000000000000064e+01 0.000000000000000000e+00
1.499000000000000021e+01 0.000000000000000000e+00
