# Redshift		Merger Rate Density [Gpc^-3yr^-1]
1.000000000031931770e-02 3.164637379638158166e+01
3.000000000031888964e-02 3.225668070838157320e+01
5.000000000031846331e-02 3.286311580859419479e+01
7.000000000031804392e-02 3.394854837480247056e+01
9.000000000031761760e-02 3.452057613046905971e+01
1.100000000003171913e-01 3.530741310094782648e+01
1.300000000003167511e-01 3.636250061740631168e+01
1.500000000003163247e-01 3.738887982934168974e+01
1.700000000003158984e-01 3.839018014630909903e+01
1.900000000003154721e-01 3.947009558753227054e+01
2.100000000003150458e-01 4.015313116307169850e+01
2.300000000003146194e-01 4.145119693509630565e+01
2.500000000003141931e-01 4.186848507082556381e+01
2.700000000003137668e-01 4.296474178108234554e+01
2.900000000003133405e-01 4.376970813974930508e+01
3.100000000003129141e-01 4.489197494165794211e+01
3.300000000003124878e-01 4.577303033208144711e+01
3.500000000003120615e-01 4.638789149707051962e+01
3.700000000003116352e-01 4.762595109298371199e+01
3.900000000003112088e-01 4.790205010493869509e+01
4.100000000003107825e-01 4.936221563568173565e+01
4.300000000003103562e-01 5.027825395814046772e+01
4.500000000003099299e-01 5.094963279286324820e+01
4.700000000003095035e-01 5.177876665453702998e+01
4.900000000003090772e-01 5.279887946000118859e+01
5.100000000003086509e-01 5.382723627111857212e+01
5.300000000003082246e-01 5.457320300923694134e+01
5.500000000003077982e-01 5.556084932529154941e+01
5.700000000003073719e-01 5.663385283655985347e+01
5.900000000003069456e-01 5.727768140125913021e+01
6.100000000003065193e-01 5.844099190480555706e+01
6.300000000003060929e-01 5.947370760289845748e+01
6.500000000003056666e-01 6.054979613113363968e+01
6.700000000003052403e-01 6.106764631471514804e+01
6.900000000003048140e-01 6.308565939921530230e+01
7.100000000003043876e-01 6.282383958341210928e+01
7.300000000003039613e-01 6.410387634778420818e+01
7.500000000003035350e-01 6.567116800739336213e+01
7.700000000003031086e-01 6.652591729548400679e+01
7.900000000003026823e-01 6.793510077325829855e+01
8.100000000003022560e-01 6.807251304150770466e+01
8.300000000003018297e-01 6.994935749557637905e+01
8.500000000003014033e-01 7.072195200100000534e+01
8.700000000003009770e-01 7.157747168591220088e+01
8.900000000003005507e-01 7.206485599819383481e+01
9.100000000003001244e-01 7.375105118230220569e+01
9.300000000002996980e-01 7.435986465866845663e+01
9.500000000002992717e-01 7.616629481794467438e+01
9.700000000002988454e-01 7.692164097582933380e+01
9.900000000002984191e-01 7.753575173500578899e+01
1.010000000000297993e+00 7.922307325520934285e+01
1.030000000000297566e+00 7.960782882580811304e+01
1.050000000000297140e+00 8.002403626470810138e+01
1.070000000000296714e+00 8.227774970621182149e+01
1.090000000000296287e+00 8.207080979693471079e+01
1.110000000000295861e+00 8.383618894034879077e+01
1.130000000000295435e+00 8.386064015100780011e+01
1.150000000000295008e+00 8.558730029920242544e+01
1.170000000000294582e+00 8.561259130219289659e+01
1.190000000000294156e+00 8.782249812528255006e+01
1.210000000000293729e+00 8.862336078357618874e+01
1.230000000000293303e+00 8.883136846413975718e+01
1.250000000000292877e+00 9.042581544622777301e+01
1.270000000000292451e+00 9.036492201284515602e+01
1.290000000000292024e+00 9.195776977786499629e+01
1.310000000000291598e+00 9.245665438639811384e+01
1.330000000000291172e+00 9.448289235171439771e+01
1.350000000000290745e+00 9.498563437371898033e+01
1.370000000000290319e+00 9.548679127892748397e+01
1.390000000000289893e+00 9.558504242434415232e+01
1.410000000000289466e+00 9.683635197844911602e+01
1.430000000000289040e+00 9.810410562614511321e+01
1.450000000000288614e+00 9.860886566111636853e+01
1.470000000000288187e+00 9.906996923158359891e+01
1.490000000000287761e+00 1.005277945807957707e+02
1.510000000000287335e+00 1.011943761681838510e+02
1.530000000000286908e+00 1.012364792906503368e+02
1.550000000000286482e+00 1.028502325960597688e+02
1.570000000000286056e+00 1.041214137941093156e+02
1.590000000000285629e+00 1.037284009683383914e+02
1.610000000000285203e+00 1.049679194510089957e+02
1.630000000000284777e+00 1.050531610514919691e+02
1.650000000000284350e+00 1.065571536130751582e+02
1.670000000000283924e+00 1.069516369591294875e+02
1.690000000000283498e+00 1.068675307525449227e+02
1.710000000000283071e+00 1.076137238703078651e+02
1.730000000000282645e+00 1.092357242418208898e+02
1.750000000000282219e+00 1.091590498546449766e+02
1.770000000000281792e+00 1.101454793452083862e+02
1.790000000000281366e+00 1.105785779820231625e+02
1.810000000000280940e+00 1.107764687618179948e+02
1.830000000000280513e+00 1.124251819629983657e+02
1.850000000000280087e+00 1.104299851590153594e+02
1.870000000000279661e+00 1.130583348427414307e+02
1.890000000000279234e+00 1.129794425430762601e+02
1.910000000000278808e+00 1.123668711591449068e+02
1.930000000000278382e+00 1.141185135700156934e+02
1.950000000000277955e+00 1.136061950732305235e+02
1.970000000000277529e+00 1.136851596872783858e+02
1.990000000000277103e+00 1.151060309035539433e+02
2.010000000000276899e+00 1.142357747245949611e+02
2.030000000000276472e+00 1.157301068213727575e+02
2.050000000000276046e+00 1.149106066728798083e+02
2.070000000000275620e+00 1.155587702195444990e+02
2.090000000000275193e+00 1.154064588927659827e+02
2.110000000000274767e+00 1.159217910751769551e+02
2.130000000000274341e+00 1.166635777749632297e+02
2.150000000000273914e+00 1.166894329690582310e+02
2.170000000000273488e+00 1.165136610048172088e+02
2.190000000000273062e+00 1.167657160075424088e+02
2.210000000000272635e+00 1.164161043091570491e+02
2.230000000000272209e+00 1.174976203299463151e+02
2.250000000000271783e+00 1.155124980932662169e+02
2.270000000000271356e+00 1.169138647198987258e+02
2.290000000000270930e+00 1.152308830660148686e+02
2.310000000000270504e+00 1.167624223895538478e+02
2.330000000000270077e+00 1.163172420734614718e+02
2.350000000000269651e+00 1.154022936354018185e+02
2.370000000000269225e+00 1.164529073332417539e+02
2.390000000000268798e+00 1.161804468971530326e+02
2.410000000000268372e+00 1.155289575595695339e+02
2.430000000000267946e+00 1.153961585789119937e+02
2.450000000000267519e+00 1.147602469577905424e+02
2.470000000000267093e+00 1.148125166802875583e+02
2.490000000000266667e+00 1.153723471468911725e+02
2.510000000000266240e+00 1.139811167354756805e+02
2.530000000000265814e+00 1.152700601000284450e+02
2.550000000000265388e+00 1.148627305332118880e+02
2.570000000000264961e+00 1.144282630684414386e+02
2.590000000000264535e+00 1.143705801814768250e+02
2.610000000000264109e+00 1.144898361696821496e+02
2.630000000000263682e+00 1.123926201759814063e+02
2.650000000000263256e+00 1.129059480285849304e+02
2.670000000000262830e+00 1.125240980796964436e+02
2.690000000000262403e+00 1.104955831920831741e+02
2.710000000000261977e+00 1.107740295365388619e+02
2.730000000000261551e+00 1.110860593909379759e+02
2.750000000000261124e+00 1.096751567934057761e+02
2.770000000000260698e+00 1.094781813630847864e+02
2.790000000000260272e+00 1.081855569705303566e+02
2.810000000000259845e+00 1.084736660160082522e+02
2.830000000000259419e+00 1.079779169185136425e+02
2.850000000000258993e+00 1.070597889447206512e+02
2.870000000000258567e+00 1.061431961316711465e+02
2.890000000000258140e+00 1.066844394682413935e+02
2.910000000000257714e+00 1.057976290614822545e+02
2.930000000000257288e+00 1.052781699613931039e+02
2.950000000000256861e+00 1.042863936305352581e+02
2.970000000000256435e+00 1.034439108789128028e+02
2.990000000000256009e+00 1.039554379407368714e+02
3.010000000000255582e+00 1.032254020679104372e+02
3.030000000000255156e+00 1.027584517542189531e+02
3.050000000000254730e+00 1.021976100963146763e+02
3.070000000000254303e+00 1.020497132894795271e+02
3.090000000000253877e+00 1.006147143934337151e+02
3.110000000000253451e+00 1.005663851171415502e+02
3.130000000000253024e+00 9.988947972270962339e+01
3.150000000000252598e+00 1.003080368719279534e+02
3.170000000000252172e+00 9.880847166183507113e+01
3.190000000000251745e+00 9.902837409809679059e+01
3.210000000000251319e+00 9.821767663681596616e+01
3.230000000000250893e+00 9.788380142008197993e+01
3.250000000000250466e+00 9.656537789696578500e+01
3.270000000000250040e+00 9.673450851127277872e+01
3.290000000000249614e+00 9.616897707223299108e+01
3.310000000000249187e+00 9.557447157950386440e+01
3.330000000000248761e+00 9.529494717194116049e+01
3.350000000000248335e+00 9.470076663793764737e+01
3.370000000000247908e+00 9.384953129278402173e+01
3.390000000000247482e+00 9.371951694864849003e+01
3.410000000000247056e+00 9.298512532177242917e+01
3.430000000000246629e+00 9.250178381379426185e+01
3.450000000000246203e+00 9.265858089095870298e+01
3.470000000000245777e+00 9.106996857856579197e+01
3.490000000000245350e+00 9.122045416850036759e+01
3.510000000000244924e+00 9.067988343161702858e+01
3.530000000000244498e+00 8.960601806504277533e+01
3.550000000000244071e+00 8.982791542052081013e+01
3.570000000000243645e+00 8.901826303404131124e+01
3.590000000000243219e+00 8.897297121747755000e+01
3.610000000000242792e+00 8.834751254178975444e+01
3.630000000000242366e+00 8.729871796734806821e+01
3.650000000000241940e+00 8.743184491926336932e+01
3.670000000000241513e+00 8.698583850315901600e+01
3.690000000000241087e+00 8.591771013470466301e+01
3.710000000000240661e+00 8.593943998780736138e+01
3.730000000000240234e+00 8.504458810473323638e+01
3.750000000000239808e+00 8.474682476128140252e+01
3.770000000000239382e+00 8.445627242347816832e+01
3.790000000000238956e+00 8.402817224461954027e+01
3.810000000000238529e+00 8.308114011767102625e+01
3.830000000000238103e+00 8.336980621147333181e+01
3.850000000000237677e+00 8.227693589421221532e+01
3.870000000000237250e+00 8.235027772430984783e+01
3.890000000000236824e+00 8.196598517615819901e+01
3.910000000000236398e+00 8.200242604467601382e+01
3.930000000000235971e+00 8.068513288350567336e+01
3.950000000000235545e+00 8.122613235606777948e+01
3.970000000000235119e+00 8.023598263155541588e+01
3.990000000000234692e+00 7.983423671386674414e+01
4.010000000000234266e+00 7.888019177368255441e+01
4.030000000000233840e+00 7.892623224534573012e+01
4.050000000000233413e+00 7.842254876703105992e+01
4.070000000000232987e+00 7.793335200962295062e+01
4.090000000000232561e+00 7.706187029804162592e+01
4.110000000000232134e+00 7.681671785191750246e+01
4.130000000000231708e+00 7.642197593438855563e+01
4.150000000000231282e+00 7.634095568802277398e+01
4.170000000000230855e+00 7.544273937778588390e+01
4.190000000000230429e+00 7.543109162206525298e+01
4.210000000000230003e+00 7.503000960056309054e+01
4.230000000000229576e+00 7.463286552510493266e+01
4.250000000000229150e+00 7.434495911328197337e+01
4.270000000000228724e+00 7.370419958143087058e+01
4.290000000000228297e+00 7.308369927979464364e+01
4.310000000000227871e+00 7.287458865691910148e+01
4.330000000000227445e+00 7.242851866611292166e+01
4.350000000000227018e+00 7.196592868948681598e+01
4.370000000000226592e+00 7.151740106844393097e+01
4.390000000000226166e+00 7.090998026101033247e+01
4.410000000000225739e+00 7.092360612994428948e+01
4.430000000000225313e+00 7.067065602868807161e+01
4.450000000000224887e+00 6.961493522869257333e+01
4.470000000000224460e+00 6.938090745714031016e+01
4.490000000000224034e+00 6.976034058642882485e+01
4.510000000000223608e+00 6.920244482675408904e+01
4.530000000000223181e+00 6.863554091798309287e+01
4.550000000000222755e+00 6.830142647577149262e+01
4.570000000000222329e+00 6.825423838683238387e+01
4.590000000000221902e+00 6.758837033304163810e+01
4.610000000000221476e+00 6.762675119434703674e+01
4.630000000000221050e+00 6.723339229882644474e+01
4.650000000000220624e+00 6.629765567713032226e+01
4.670000000000220197e+00 6.537546209504897377e+01
4.690000000000219771e+00 6.585200393689910925e+01
4.710000000000219345e+00 6.457251035247574578e+01
4.730000000000218918e+00 6.450266229022898301e+01
4.750000000000218492e+00 6.364539937161362104e+01
4.770000000000218066e+00 6.384540012812209397e+01
4.790000000000217639e+00 6.319664488505356559e+01
4.810000000000217213e+00 6.280530533674655658e+01
4.830000000000216787e+00 6.258065003480631816e+01
4.850000000000216360e+00 6.189526106340079536e+01
4.870000000000215934e+00 6.160541569459386579e+01
4.890000000000215508e+00 6.100765306888555983e+01
4.910000000000215081e+00 6.069335376680164984e+01
4.930000000000214655e+00 6.029506809047220628e+01
4.950000000000214229e+00 6.025900930874344397e+01
4.970000000000213802e+00 5.977573207117650611e+01
4.990000000000213376e+00 5.970731969161477792e+01
5.010000000000212950e+00 5.887541935648877711e+01
5.030000000000212523e+00 5.847449849994747240e+01
5.050000000000212097e+00 5.823422778937686672e+01
5.070000000000211671e+00 5.815277927981072992e+01
5.090000000000211244e+00 5.731983195174115053e+01
5.110000000000210818e+00 5.708589501741982275e+01
5.130000000000210392e+00 5.695959889216349126e+01
5.150000000000209965e+00 5.598133115079598099e+01
5.170000000000209539e+00 5.583629966828571867e+01
5.190000000000209113e+00 5.568609007889611462e+01
5.210000000000208686e+00 5.511389927884786033e+01
5.230000000000208260e+00 5.478160000207568459e+01
5.250000000000207834e+00 5.427457680599079737e+01
5.270000000000207407e+00 5.427504692071254766e+01
5.290000000000206981e+00 5.373288004221853242e+01
5.310000000000206555e+00 5.322743459881200323e+01
5.330000000000206128e+00 5.327643600977234684e+01
5.350000000000205702e+00 5.286853631047556235e+01
5.370000000000205276e+00 5.227604567482369902e+01
5.390000000000204849e+00 5.192682562292522164e+01
5.410000000000204423e+00 5.169005770418167600e+01
5.430000000000203997e+00 5.129799363829845760e+01
5.450000000000203570e+00 5.089552303308149561e+01
5.470000000000203144e+00 5.042310048953881108e+01
5.490000000000202718e+00 5.039690140699921983e+01
5.510000000000202292e+00 5.009608315514182664e+01
5.530000000000201865e+00 4.967687511780067666e+01
5.550000000000201439e+00 4.904032179649425416e+01
5.570000000000201013e+00 4.891655328533880720e+01
5.590000000000200586e+00 4.837952484092893712e+01
5.610000000000200160e+00 4.839897188566322228e+01
5.630000000000199734e+00 4.796693443820336711e+01
5.650000000000199307e+00 4.758235092068785832e+01
5.670000000000198881e+00 4.719069146866991105e+01
5.690000000000198455e+00 4.683470222587892096e+01
5.710000000000198028e+00 4.667727513335271539e+01
5.730000000000197602e+00 4.636133861240572429e+01
5.750000000000197176e+00 4.605913660787006592e+01
5.770000000000196749e+00 4.572583522349206220e+01
5.790000000000196323e+00 4.552552297933070236e+01
5.810000000000195897e+00 4.529662812591355703e+01
5.830000000000195470e+00 4.489814679494044469e+01
5.850000000000195044e+00 4.453333200980188877e+01
5.870000000000194618e+00 4.408297345029349401e+01
5.890000000000194191e+00 4.421989317597375901e+01
5.910000000000193765e+00 4.314280348352155414e+01
5.930000000000193339e+00 4.292495342094476030e+01
5.950000000000192912e+00 4.280759770863756586e+01
5.970000000000192486e+00 4.216436833232521053e+01
5.990000000000192060e+00 4.210836254219835695e+01
6.010000000000191633e+00 4.174676916636716584e+01
6.030000000000191207e+00 4.091203768074992553e+01
6.050000000000190781e+00 4.065427475451114248e+01
6.070000000000190354e+00 4.043825218303944524e+01
6.090000000000189928e+00 4.014633928740470026e+01
6.110000000000189502e+00 3.984009741940331395e+01
6.130000000000189075e+00 3.945303679134114816e+01
6.150000000000188649e+00 3.903805365223083612e+01
6.170000000000188223e+00 3.883043227294295718e+01
6.190000000000187796e+00 3.853366591618658532e+01
6.210000000000187370e+00 3.806753431773893936e+01
6.230000000000186944e+00 3.755415128244523260e+01
6.250000000000186517e+00 3.728983376948120565e+01
6.270000000000186091e+00 3.727121510596188614e+01
6.290000000000185665e+00 3.692018196617318182e+01
6.310000000000185238e+00 3.633689330077678648e+01
6.330000000000184812e+00 3.586619841604996139e+01
6.350000000000184386e+00 3.570134598296351669e+01
6.370000000000183960e+00 3.557584870123294252e+01
6.390000000000183533e+00 3.523775987972862822e+01
6.410000000000183107e+00 3.497681638272663207e+01
6.430000000000182681e+00 3.447762192837697626e+01
6.450000000000182254e+00 3.424985757233909567e+01
6.470000000000181828e+00 3.399617749835036307e+01
6.490000000000181402e+00 3.359605958749040155e+01
6.510000000000180975e+00 3.320079882533723037e+01
6.530000000000180549e+00 3.284384811329778131e+01
6.550000000000180123e+00 3.266587430718983143e+01
6.570000000000179696e+00 3.241343058379295172e+01
6.590000000000179270e+00 3.192424072856638162e+01
6.610000000000178844e+00 3.184720447187618575e+01
6.630000000000178417e+00 3.130565290485134611e+01
6.650000000000177991e+00 3.123204451439090334e+01
6.670000000000177565e+00 3.110518728732113658e+01
6.690000000000177138e+00 3.025207155222921074e+01
6.710000000000176712e+00 3.035661312819865287e+01
6.730000000000176286e+00 2.997755203663777124e+01
6.750000000000175859e+00 2.989596356248751974e+01
6.770000000000175433e+00 2.951630414444066730e+01
6.790000000000175007e+00 2.916502681965982191e+01
6.810000000000174580e+00 2.870572975614154743e+01
6.830000000000174154e+00 2.850587762945500359e+01
6.850000000000173728e+00 2.824187095126807634e+01
6.870000000000173301e+00 2.802500045487719760e+01
6.890000000000172875e+00 2.758963108893974692e+01
6.910000000000172449e+00 2.742314900226528707e+01
6.930000000000172022e+00 2.716578046487927267e+01
6.950000000000171596e+00 2.686862153514279683e+01
6.970000000000171170e+00 2.654537818245857395e+01
6.990000000000170743e+00 2.602628847133943069e+01
7.010000000000170317e+00 2.590358302700311910e+01
7.030000000000169891e+00 2.574610424399153175e+01
7.050000000000169464e+00 2.547271893570307455e+01
7.070000000000169038e+00 2.497606552027128402e+01
7.090000000000168612e+00 2.490057607651553795e+01
7.110000000000168185e+00 2.462252051433100064e+01
7.130000000000167759e+00 2.424231844370604705e+01
7.150000000000167333e+00 2.405619335668353997e+01
7.170000000000166906e+00 2.377528422745812620e+01
7.190000000000166480e+00 2.339260672461541191e+01
7.210000000000166054e+00 2.316932651583335101e+01
7.230000000000165628e+00 2.315517123571564895e+01
7.250000000000165201e+00 2.267940273848571309e+01
7.270000000000164775e+00 2.244233075705674452e+01
7.290000000000164349e+00 2.208900742942725515e+01
7.310000000000163922e+00 2.207079811731891184e+01
7.330000000000163496e+00 2.181301427793992787e+01
7.350000000000163070e+00 2.134992117610833162e+01
7.370000000000162643e+00 2.116959290113322112e+01
7.390000000000162217e+00 2.095818697848136480e+01
7.410000000000161791e+00 2.080105942343532277e+01
7.430000000000161364e+00 2.034880611807060546e+01
7.450000000000160938e+00 2.024960399910521858e+01
7.470000000000160512e+00 2.009047829725068013e+01
7.490000000000160085e+00 1.997230318489460998e+01
7.510000000000159659e+00 1.947898226756644391e+01
7.530000000000159233e+00 1.925264646967349336e+01
7.550000000000158806e+00 1.924941294090756116e+01
7.570000000000158380e+00 1.885014485582407673e+01
7.590000000000157954e+00 1.873746766529225383e+01
7.610000000000157527e+00 1.856171473760054624e+01
7.630000000000157101e+00 1.825707365780713687e+01
7.650000000000156675e+00 1.802435745411487389e+01
7.670000000000156248e+00 1.791553962291937196e+01
7.690000000000155822e+00 1.755229089946730525e+01
7.710000000000155396e+00 1.750705782556286394e+01
7.730000000000154969e+00 1.707509276610906213e+01
7.750000000000154543e+00 1.706495853133616691e+01
7.770000000000154117e+00 1.669848503293971476e+01
7.790000000000153690e+00 1.660085522720338957e+01
7.810000000000153264e+00 1.634661684225229550e+01
7.830000000000152838e+00 1.627066810888639026e+01
7.850000000000152411e+00 1.593499283260441324e+01
7.870000000000151985e+00 1.574396879145614569e+01
7.890000000000151559e+00 1.553835052825986907e+01
7.910000000000151132e+00 1.533981111581964285e+01
7.930000000000150706e+00 1.526907097080562536e+01
7.950000000000150280e+00 1.497874284923299548e+01
7.970000000000149853e+00 1.477023345243635255e+01
7.990000000000149427e+00 1.459760973217359847e+01
8.010000000000149001e+00 1.449669980492296872e+01
8.030000000000148574e+00 1.425995960780637617e+01
8.050000000000148148e+00 1.406800537841688481e+01
8.070000000000147722e+00 1.385623076828295197e+01
8.090000000000147296e+00 1.380205334356151425e+01
8.110000000000146869e+00 1.363422183293894818e+01
8.130000000000146443e+00 1.329285273325323580e+01
8.150000000000146017e+00 1.330584896906471570e+01
8.170000000000145590e+00 1.307405918398492162e+01
8.190000000000145164e+00 1.296212271835649865e+01
8.210000000000144738e+00 1.277589639746049777e+01
8.230000000000144311e+00 1.263769902391444866e+01
8.250000000000143885e+00 1.242984415178252888e+01
8.270000000000143459e+00 1.235197985630173001e+01
8.290000000000143032e+00 1.214072740850031273e+01
8.310000000000142606e+00 1.201342203089658156e+01
8.330000000000142180e+00 1.195985523158563879e+01
8.350000000000141753e+00 1.182926573095506129e+01
8.370000000000141327e+00 1.153655132643818426e+01
8.390000000000140901e+00 1.155089479591402934e+01
8.410000000000140474e+00 1.132645182160229247e+01
8.430000000000140048e+00 1.118881761732425240e+01
8.450000000000139622e+00 1.101955189611792463e+01
8.470000000000139195e+00 1.086796733922641245e+01
8.490000000000138769e+00 1.076644972968005654e+01
8.510000000000138343e+00 1.065160227632774692e+01
8.530000000000137916e+00 1.053105832954841858e+01
8.550000000000137490e+00 1.038041378222602873e+01
8.570000000000137064e+00 1.023254502123081267e+01
8.590000000000136637e+00 1.017439870795835155e+01
8.610000000000136211e+00 1.004189828838618048e+01
8.630000000000135785e+00 9.754089438756258446e+00
8.650000000000135358e+00 9.666621770313751583e+00
8.670000000000134932e+00 9.676156288001944716e+00
8.690000000000134506e+00 9.503130163929466079e+00
8.710000000000134079e+00 9.464922621903101074e+00
8.730000000000133653e+00 9.290692871069726522e+00
8.750000000000133227e+00 9.157750840868219555e+00
8.770000000000132800e+00 9.062584998526691749e+00
8.790000000000132374e+00 8.994574154779224173e+00
8.810000000000131948e+00 8.980736392210260988e+00
8.830000000000131521e+00 8.757218149986318423e+00
8.850000000000131095e+00 8.683434763357185560e+00
8.870000000000130669e+00 8.578190225317289475e+00
8.890000000000130242e+00 8.512298403731087149e+00
8.910000000000129816e+00 8.374221299635603799e+00
8.930000000000129390e+00 8.230020899143276836e+00
8.950000000000128964e+00 8.264184066492097358e+00
8.970000000000128537e+00 8.115191980537357352e+00
8.990000000000128111e+00 7.975362916938486535e+00
9.010000000000127685e+00 7.867810340397944913e+00
9.030000000000127258e+00 7.804241764393756497e+00
9.050000000000126832e+00 7.764038500058796366e+00
9.070000000000126406e+00 7.685534498637761835e+00
9.090000000000125979e+00 7.519249240440664117e+00
9.110000000000125553e+00 7.492773899799769488e+00
9.130000000000125127e+00 7.403276580341401569e+00
9.150000000000124700e+00 7.265742118603244037e+00
9.170000000000124274e+00 7.225850332674121468e+00
9.190000000000123848e+00 7.135514600658313000e+00
9.210000000000123421e+00 7.029918642156407493e+00
9.230000000000122995e+00 6.982654424220510414e+00
9.250000000000122569e+00 6.936254438996977356e+00
9.270000000000122142e+00 6.843534604663043197e+00
9.290000000000121716e+00 6.741312725149677831e+00
9.310000000000121290e+00 6.652385743541429974e+00
9.330000000000120863e+00 6.607239875824215680e+00
9.350000000000120437e+00 6.502074707044712021e+00
9.370000000000120011e+00 6.460817479889628068e+00
9.390000000000119584e+00 6.380900040223966840e+00
9.410000000000119158e+00 6.322558473350571973e+00
9.430000000000118732e+00 6.263099896802531319e+00
9.450000000000118305e+00 6.211428726442176362e+00
9.470000000000117879e+00 6.114127376806478331e+00
9.490000000000117453e+00 6.083541850052561095e+00
9.510000000000117026e+00 6.028335439879655588e+00
9.530000000000116600e+00 5.931942198337414318e+00
9.550000000000116174e+00 5.873767607746778197e+00
9.570000000000115747e+00 5.836842773742504598e+00
9.590000000000115321e+00 5.802465334478644543e+00
9.610000000000114895e+00 5.727364793364002615e+00
9.630000000000114468e+00 5.641034881301081327e+00
9.650000000000114042e+00 5.616935494697740339e+00
9.670000000000113616e+00 5.520009926755451879e+00
9.690000000000113189e+00 5.478376054814674490e+00
9.710000000000112763e+00 5.400309995953899822e+00
9.730000000000112337e+00 5.349916158206288408e+00
9.750000000000111910e+00 5.276738644405628342e+00
9.770000000000111484e+00 5.288813629918714732e+00
9.790000000000111058e+00 5.155442014434688858e+00
9.810000000000110632e+00 5.167107431660044270e+00
9.830000000000110205e+00 5.108546134220040003e+00
9.850000000000109779e+00 5.027520292758749676e+00
9.870000000000109353e+00 4.962634583214639683e+00
9.890000000000108926e+00 4.925822529257454008e+00
9.910000000000108500e+00 4.914209164881942371e+00
9.930000000000108074e+00 4.869015881347447561e+00
9.950000000000107647e+00 4.835637827186193505e+00
9.970000000000107221e+00 4.729721993857072704e+00
9.990000000000106795e+00 4.729585619235390226e+00
1.001000000000010637e+01 4.663805880499753087e+00
1.003000000000010594e+01 4.618649471782243943e+00
1.005000000000010552e+01 4.570402193517022482e+00
1.007000000000010509e+01 4.550948310645193118e+00
1.009000000000010466e+01 4.513913862861278936e+00
1.011000000000010424e+01 4.444831916401600580e+00
1.013000000000010381e+01 4.394665442451449522e+00
1.015000000000010338e+01 4.381882729791795050e+00
1.017000000000010296e+01 4.321286972409000171e+00
1.019000000000010253e+01 4.264603508003745880e+00
1.021000000000010210e+01 4.217556238131733970e+00
1.023000000000010168e+01 4.220304569559731434e+00
1.025000000000010125e+01 4.128663204480544913e+00
1.027000000000010083e+01 4.146976214653443904e+00
1.029000000000010040e+01 4.079799298762773141e+00
1.031000000000009997e+01 4.075672488360378765e+00
1.033000000000009955e+01 3.974914181681664882e+00
1.035000000000009912e+01 3.976985715044012437e+00
1.037000000000009869e+01 3.934384146327141174e+00
1.039000000000009827e+01 3.873148126485109977e+00
1.041000000000009784e+01 3.869283405254367203e+00
1.043000000000009742e+01 3.825116202251804154e+00
1.045000000000009699e+01 3.751686260720911381e+00
1.047000000000009656e+01 3.745476732929659214e+00
1.049000000000009614e+01 3.760210056251299449e+00
1.051000000000009571e+01 3.677428988098733864e+00
1.053000000000009528e+01 3.648993152838650111e+00
1.055000000000009486e+01 3.599303774028494107e+00
1.057000000000009443e+01 3.545156679849788883e+00
1.059000000000009400e+01 3.564750499422705499e+00
1.061000000000009358e+01 3.487390301948000815e+00
1.063000000000009315e+01 3.465972892631537849e+00
1.065000000000009273e+01 3.454336715483778519e+00
1.067000000000009230e+01 3.394629286152671899e+00
1.069000000000009187e+01 3.380961289896765365e+00
1.071000000000009145e+01 3.322231062894538400e+00
1.073000000000009102e+01 3.290366497314889838e+00
1.075000000000009059e+01 3.253889427280470592e+00
1.077000000000009017e+01 3.264014538269530252e+00
1.079000000000008974e+01 3.211570534462806936e+00
1.081000000000008932e+01 3.173438880574175336e+00
1.083000000000008889e+01 3.121466872606447396e+00
1.085000000000008846e+01 3.086463886915458144e+00
1.087000000000008804e+01 3.115069371385739583e+00
1.089000000000008761e+01 3.041241881513560230e+00
1.091000000000008718e+01 3.032000481657657787e+00
1.093000000000008676e+01 3.004259356039982620e+00
1.095000000000008633e+01 2.984575502822043092e+00
1.097000000000008590e+01 2.937714010930803976e+00
1.099000000000008548e+01 2.890550402623289106e+00
1.101000000000008505e+01 2.901813161588605361e+00
1.103000000000008463e+01 2.885305375649982462e+00
1.105000000000008420e+01 2.807719242849853636e+00
1.107000000000008377e+01 2.821574760819971495e+00
1.109000000000008335e+01 2.818570297888049137e+00
1.111000000000008292e+01 2.732779566022036200e+00
1.113000000000008249e+01 2.739321080062401936e+00
1.115000000000008207e+01 2.702254802567148673e+00
1.117000000000008164e+01 2.711312213899343515e+00
1.119000000000008122e+01 2.662563771961206083e+00
1.121000000000008079e+01 2.604810566205897349e+00
1.123000000000008036e+01 2.609555269774181063e+00
1.125000000000007994e+01 2.576341822718080987e+00
1.127000000000007951e+01 2.532552711291509162e+00
1.129000000000007908e+01 2.542891103473756687e+00
1.131000000000007866e+01 2.505162367179896155e+00
1.133000000000007823e+01 2.497830868819192141e+00
1.135000000000007780e+01 2.474297202253414429e+00
1.137000000000007738e+01 2.424897376211548661e+00
1.139000000000007695e+01 2.462791945362636792e+00
1.141000000000007653e+01 2.405689850360435145e+00
1.143000000000007610e+01 2.361258359001230378e+00
1.145000000000007567e+01 2.332859935746667279e+00
1.147000000000007525e+01 2.320218854545335052e+00
1.149000000000007482e+01 2.286958011359759180e+00
1.151000000000007439e+01 2.300753979239707370e+00
1.153000000000007397e+01 2.262492545278356637e+00
1.155000000000007354e+01 2.227703600391412575e+00
1.157000000000007311e+01 2.208966315281793324e+00
1.159000000000007269e+01 2.151502564719316890e+00
1.161000000000007226e+01 2.161866890795428819e+00
1.163000000000007184e+01 2.148543235557009545e+00
1.165000000000007141e+01 2.114582002623259793e+00
1.167000000000007098e+01 2.100972399968886961e+00
1.169000000000007056e+01 2.098288675077740084e+00
1.171000000000007013e+01 2.080374480539941562e+00
1.173000000000006970e+01 2.031323762561390467e+00
1.175000000000006928e+01 2.009572413583920358e+00
1.177000000000006885e+01 1.999877144596178269e+00
1.179000000000006843e+01 1.997714157514835609e+00
1.181000000000006800e+01 1.947252597986522726e+00
1.183000000000006757e+01 1.933063731703523747e+00
1.185000000000006715e+01 1.923303907087078546e+00
1.187000000000006672e+01 1.902799286436374082e+00
1.189000000000006629e+01 1.875970934086277797e+00
1.191000000000006587e+01 1.852439137391697299e+00
1.193000000000006544e+01 1.849296335704613714e+00
1.195000000000006501e+01 1.795212204222059738e+00
1.197000000000006459e+01 1.802586536959517094e+00
1.199000000000006416e+01 1.796346994358579918e+00
1.201000000000006374e+01 1.779570961967542608e+00
1.203000000000006331e+01 1.761740939542389084e+00
1.205000000000006288e+01 1.729349184949852125e+00
1.207000000000006246e+01 1.724283839622215320e+00
1.209000000000006203e+01 1.709540155765172820e+00
1.211000000000006160e+01 1.691461515653806869e+00
1.213000000000006118e+01 1.675645259211470783e+00
1.215000000000006075e+01 1.648440058146228626e+00
1.217000000000006033e+01 1.672222067866564466e+00
1.219000000000005990e+01 1.653791138116388115e+00
1.221000000000005947e+01 1.584892222424623798e+00
1.223000000000005905e+01 1.576680365598815303e+00
1.225000000000005862e+01 1.575176358086017414e+00
1.227000000000005819e+01 1.532217566670166509e+00
1.229000000000005777e+01 1.519299866792247711e+00
1.231000000000005734e+01 1.535853882939560711e+00
1.233000000000005691e+01 1.502159597847314343e+00
1.235000000000005649e+01 1.478614387521065776e+00
1.237000000000005606e+01 1.491065530812005768e+00
1.239000000000005564e+01 1.445301458581880638e+00
1.241000000000005521e+01 1.447918724902791610e+00
1.243000000000005478e+01 1.449070440654516068e+00
1.245000000000005436e+01 1.436826237978250376e+00
1.247000000000005393e+01 1.389678185802738275e+00
1.249000000000005350e+01 1.405207423510084208e+00
1.251000000000005308e+01 1.367177262212584843e+00
1.253000000000005265e+01 1.380411946753041574e+00
1.255000000000005222e+01 1.316877401652350565e+00
1.257000000000005180e+01 1.344624617916544862e+00
1.259000000000005137e+01 1.325933545735061614e+00
1.261000000000005095e+01 1.290995735446354375e+00
1.263000000000005052e+01 1.290289522743609751e+00
1.265000000000005009e+01 1.262420183843124377e+00
1.267000000000004967e+01 1.288352955539637135e+00
1.269000000000004924e+01 1.264569647243383610e+00
1.271000000000004881e+01 1.227941493039924836e+00
1.273000000000004839e+01 1.221404278101994700e+00
1.275000000000004796e+01 1.241978507397480502e+00
1.277000000000004754e+01 1.211647968230055605e+00
1.279000000000004711e+01 1.191209913952544497e+00
1.281000000000004668e+01 1.196444381876895946e+00
1.283000000000004626e+01 1.169593105420664303e+00
1.285000000000004583e+01 1.156032143213546748e+00
1.287000000000004540e+01 1.146440290750200264e+00
1.289000000000004498e+01 1.138402089321561839e+00
1.291000000000004455e+01 1.126722961400896006e+00
1.293000000000004412e+01 1.128005368958624244e+00
1.295000000000004370e+01 1.097356440130434541e+00
1.297000000000004327e+01 1.123274355759904308e+00
1.299000000000004285e+01 1.080472618365786897e+00
1.301000000000004242e+01 1.080530878650713511e+00
1.303000000000004199e+01 1.093566770042830205e+00
1.305000000000004157e+01 1.078186177246962529e+00
1.307000000000004114e+01 1.051799281287683296e+00
1.309000000000004071e+01 1.044963602519610957e+00
1.311000000000004029e+01 1.006219864893654448e+00
1.313000000000003986e+01 1.051341457041297556e+00
1.315000000000003944e+01 1.033787342666505848e+00
1.317000000000003901e+01 1.005391254727187267e+00
1.319000000000003858e+01 9.984226262570413679e-01
1.321000000000003816e+01 1.000084736696609689e+00
1.323000000000003773e+01 9.735259821982615858e-01
1.325000000000003730e+01 9.506493823254310582e-01
1.327000000000003688e+01 9.280856024691264139e-01
1.329000000000003645e+01 9.442671996543088309e-01
1.331000000000003602e+01 9.289378500429589236e-01
1.333000000000003560e+01 9.338006916086813991e-01
1.335000000000003517e+01 9.253844017994120597e-01
1.337000000000003475e+01 9.001933220941994440e-01
1.339000000000003432e+01 8.864320565996600676e-01
1.341000000000003389e+01 8.808206628273814731e-01
1.343000000000003347e+01 8.549309195412060358e-01
1.345000000000003304e+01 8.673953639177243158e-01
1.347000000000003261e+01 8.561026040222007305e-01
1.349000000000003219e+01 8.735925148117906769e-01
1.351000000000003176e+01 8.107745395819578871e-01
1.353000000000003133e+01 8.070037395139110226e-01
1.355000000000003091e+01 7.732642579533940408e-01
1.357000000000003048e+01 7.697181548606559787e-01
1.359000000000003006e+01 7.684473153932888101e-01
1.361000000000002963e+01 7.768736038307682001e-01
1.363000000000002920e+01 7.498887898094952487e-01
1.365000000000002878e+01 7.317621072717770403e-01
1.367000000000002835e+01 7.379542393973258507e-01
1.369000000000002792e+01 7.320276731221487809e-01
1.371000000000002750e+01 7.216950022645417517e-01
1.373000000000002707e+01 7.173544335979662456e-01
1.375000000000002665e+01 7.128700374525214212e-01
1.377000000000002622e+01 6.993263135499513394e-01
1.379000000000002579e+01 6.932678448848794694e-01
1.381000000000002537e+01 6.633543463620499292e-01
1.383000000000002494e+01 6.422775668214044664e-01
1.385000000000002451e+01 6.499062543415365933e-01
1.387000000000002409e+01 6.597277054512636907e-01
1.389000000000002366e+01 6.361834263951500201e-01
1.391000000000002323e+01 6.368218460793169111e-01
1.393000000000002281e+01 6.281261493920788919e-01
1.395000000000002238e+01 5.957802980606747845e-01
1.397000000000002196e+01 5.871248057164393241e-01
1.399000000000002153e+01 5.893555861283564790e-01
1.401000000000002110e+01 5.616238830852738895e-01
1.403000000000002068e+01 5.884592508554113977e-01
1.405000000000002025e+01 5.823949551117014733e-01
1.407000000000001982e+01 5.750217355600122371e-01
1.409000000000001940e+01 5.627337244827474994e-01
1.411000000000001897e+01 5.426603362131754427e-01
1.413000000000001855e+01 5.505884370604610112e-01
1.415000000000001812e+01 5.319829068629355895e-01
1.417000000000001769e+01 5.189336962160383537e-01
1.419000000000001727e+01 5.056520481323560912e-01
1.421000000000001684e+01 4.988265069775966731e-01
1.423000000000001641e+01 4.903099311994074672e-01
1.425000000000001599e+01 4.698584204173580914e-01
1.427000000000001556e+01 4.753828074625903732e-01
1.429000000000001513e+01 4.560343165655378894e-01
1.431000000000001471e+01 4.446806739441188649e-01
1.433000000000001428e+01 4.589455235942389577e-01
1.435000000000001386e+01 4.290765181255852823e-01
1.437000000000001343e+01 4.223986782842526488e-01
1.439000000000001300e+01 3.975993886140994360e-01
1.441000000000001258e+01 3.826030244812056447e-01
1.443000000000001215e+01 3.600120615284979619e-01
1.445000000000001172e+01 3.341141348981687687e-01
1.447000000000001130e+01 3.261960426880538000e-01
1.449000000000001087e+01 3.224817859014601495e-01
1.451000000000001044e+01 2.855343685591785197e-01
1.453000000000001002e+01 2.565717857947346636e-01
1.455000000000000959e+01 1.800107862664986347e-01
1.457000000000000917e+01 1.328120128145544032e-01
1.459000000000000874e+01 9.878309464964937781e-02
1.461000000000000831e+01 8.439043253443331838e-02
1.463000000000000789e+01 6.429073746288621605e-02
1.465000000000000746e+01 2.502015622803080777e-02
1.467000000000000703e+01 1.097828562888735274e-02
1.469000000000000661e+01 2.722463207362902943e-03
1.471000000000000618e+01 7.231742879393254850e-09
1.473000000000000576e+01 0.000000000000000000e+00
1.475000000000000533e+01 0.000000000000000000e+00
1.477000000000000490e+01 0.000000000000000000e+00
1.479000000000000448e+01 0.000000000000000000e+00
1.481000000000000405e+01 0.000000000000000000e+00
1.483000000000000362e+01 0.000000000000000000e+00
1.485000000000000320e+01 0.000000000000000000e+00
1.487000000000000277e+01 0.000000000000000000e+00
1.489000000000000234e+01 0.000000000000000000e+00
1.491000000000000192e+01 0.000000000000000000e+00
1.493000000000000149e+01 0.000000000000000000e+00
1.495000000000000107e+01 0.000000000000000000e+00
1.497000000000000064e+01 0.000000000000000000e+00
1.499000000000000021e+01 0.000000000000000000e+00
