# Redshift		Merger Rate Density [Gpc^-3yr^-1]
1.000000000031931770e-02 5.975244666750221256e+00
3.000000000031888964e-02 6.362799734119864326e+00
5.000000000031846331e-02 6.379939549431549395e+00
7.000000000031804392e-02 6.862110113820055979e+00
9.000000000031761760e-02 6.970774878375237016e+00
1.100000000003171913e-01 7.242714868755632196e+00
1.300000000003167511e-01 7.453495055865518637e+00
1.500000000003163247e-01 7.929458052034904725e+00
1.700000000003158984e-01 7.735300136868717757e+00
1.900000000003154721e-01 7.921567626113222182e+00
2.100000000003150458e-01 8.191018442872502803e+00
2.300000000003146194e-01 8.458783937670643738e+00
2.500000000003141931e-01 8.650274046197178990e+00
2.700000000003137668e-01 8.636492635633068460e+00
2.900000000003133405e-01 8.886791738526929052e+00
3.100000000003129141e-01 9.167899573607948938e+00
3.300000000003124878e-01 9.181739437586081465e+00
3.500000000003120615e-01 9.105352046265391408e+00
3.700000000003116352e-01 9.351784847865079797e+00
3.900000000003112088e-01 9.483245970341895870e+00
4.100000000003107825e-01 9.810687157755049626e+00
4.300000000003103562e-01 9.768020021469979497e+00
4.500000000003099299e-01 9.943540800827095794e+00
4.700000000003095035e-01 9.978606266485634535e+00
4.900000000003090772e-01 1.032415451472405898e+01
5.100000000003086509e-01 1.060198385057493731e+01
5.300000000003082246e-01 1.028189276676579489e+01
5.500000000003077982e-01 1.102530749373948105e+01
5.700000000003073719e-01 1.067697809836490386e+01
5.900000000003069456e-01 1.113138339974726065e+01
6.100000000003065193e-01 1.126655391092602443e+01
6.300000000003060929e-01 1.114235995688916070e+01
6.500000000003056666e-01 1.158924968801299293e+01
6.700000000003052403e-01 1.206545709646681530e+01
6.900000000003048140e-01 1.216891006420108923e+01
7.100000000003043876e-01 1.244220147123994913e+01
7.300000000003039613e-01 1.264190147410793408e+01
7.500000000003035350e-01 1.274762019651076628e+01
7.700000000003031086e-01 1.315742072252779238e+01
7.900000000003026823e-01 1.311953907609552239e+01
8.100000000003022560e-01 1.383509870076493264e+01
8.300000000003018297e-01 1.375891692144507417e+01
8.500000000003014033e-01 1.374296033055586364e+01
8.700000000003009770e-01 1.438907125442693058e+01
8.900000000003005507e-01 1.436133062915472003e+01
9.100000000003001244e-01 1.487745488167460373e+01
9.300000000002996980e-01 1.487629198725119828e+01
9.500000000002992717e-01 1.483023530814940294e+01
9.700000000002988454e-01 1.529973649045131978e+01
9.900000000002984191e-01 1.528129219157543695e+01
1.010000000000297993e+00 1.546821493292073058e+01
1.030000000000297566e+00 1.592877951801589909e+01
1.050000000000297140e+00 1.577106195841500025e+01
1.070000000000296714e+00 1.583547301411286412e+01
1.090000000000296287e+00 1.604593299057212619e+01
1.110000000000295861e+00 1.626530947378898162e+01
1.130000000000295435e+00 1.655330244560604314e+01
1.150000000000295008e+00 1.657760325582545846e+01
1.170000000000294582e+00 1.650069741542256807e+01
1.190000000000294156e+00 1.697118309149623272e+01
1.210000000000293729e+00 1.725420027780304366e+01
1.230000000000293303e+00 1.762193045091666477e+01
1.250000000000292877e+00 1.727588024965390545e+01
1.270000000000292451e+00 1.743711926196609951e+01
1.290000000000292024e+00 1.753268404423593196e+01
1.310000000000291598e+00 1.845194930843680226e+01
1.330000000000291172e+00 1.833780982854072050e+01
1.350000000000290745e+00 1.863387441352938723e+01
1.370000000000290319e+00 1.849492697566509847e+01
1.390000000000289893e+00 1.908354291822895021e+01
1.410000000000289466e+00 1.856514422531578390e+01
1.430000000000289040e+00 1.916964804888195673e+01
1.450000000000288614e+00 1.907007454433936999e+01
1.470000000000288187e+00 1.962611097630550461e+01
1.490000000000287761e+00 1.900231546191566778e+01
1.510000000000287335e+00 1.954618061294666020e+01
1.530000000000286908e+00 2.043562323015117244e+01
1.550000000000286482e+00 1.955880358576040834e+01
1.570000000000286056e+00 2.034921771759292497e+01
1.590000000000285629e+00 2.033016440490100862e+01
1.610000000000285203e+00 2.027002399204944894e+01
1.630000000000284777e+00 1.960061576072429901e+01
1.650000000000284350e+00 2.067397804544257056e+01
1.670000000000283924e+00 2.040766078879122247e+01
1.690000000000283498e+00 2.066360753411822060e+01
1.710000000000283071e+00 2.013534113517424373e+01
1.730000000000282645e+00 2.111424791423996794e+01
1.750000000000282219e+00 2.027379496545140469e+01
1.770000000000281792e+00 2.064983576804679899e+01
1.790000000000281366e+00 2.085520765148000422e+01
1.810000000000280940e+00 2.081116505999413135e+01
1.830000000000280513e+00 2.049325056683635538e+01
1.850000000000280087e+00 2.070510647686051442e+01
1.870000000000279661e+00 2.086791792985960825e+01
1.890000000000279234e+00 2.086284353956025583e+01
1.910000000000278808e+00 2.057951983263066964e+01
1.930000000000278382e+00 2.088476365495892395e+01
1.950000000000277955e+00 2.035916915434079044e+01
1.970000000000277529e+00 2.051981878182386865e+01
1.990000000000277103e+00 2.101954042109560561e+01
2.010000000000276899e+00 2.074161364965367582e+01
2.030000000000276472e+00 2.026862378688644384e+01
2.050000000000276046e+00 2.052518567931707594e+01
2.070000000000275620e+00 2.021287511389810021e+01
2.090000000000275193e+00 2.016518192827096456e+01
2.110000000000274767e+00 2.031355507704178365e+01
2.130000000000274341e+00 2.025104909811161136e+01
2.150000000000273914e+00 1.975326475722714648e+01
2.170000000000273488e+00 2.000420258106384708e+01
2.190000000000273062e+00 2.041486440160489479e+01
2.210000000000272635e+00 1.985030031250466820e+01
2.230000000000272209e+00 2.026433366185950291e+01
2.250000000000271783e+00 1.951409319662779751e+01
2.270000000000271356e+00 2.016294125787775826e+01
2.290000000000270930e+00 1.972125137257189920e+01
2.310000000000270504e+00 1.963738712008764864e+01
2.330000000000270077e+00 2.004179481047155775e+01
2.350000000000269651e+00 1.950391345458309189e+01
2.370000000000269225e+00 1.944218149373920923e+01
2.390000000000268798e+00 1.953284148776339890e+01
2.410000000000268372e+00 1.927257248573610582e+01
2.430000000000267946e+00 2.002580849436649402e+01
2.450000000000267519e+00 1.919260276784126873e+01
2.470000000000267093e+00 1.938555893653379059e+01
2.490000000000266667e+00 1.984383414341138163e+01
2.510000000000266240e+00 1.890758305973663056e+01
2.530000000000265814e+00 1.883533767806474657e+01
2.550000000000265388e+00 1.946495584044632210e+01
2.570000000000264961e+00 1.925709301451822242e+01
2.590000000000264535e+00 1.894382629225496828e+01
2.610000000000264109e+00 1.884091417336051322e+01
2.630000000000263682e+00 1.887620175570382841e+01
2.650000000000263256e+00 1.869576824340851218e+01
2.670000000000262830e+00 1.858169325650543513e+01
2.690000000000262403e+00 1.866196261707635529e+01
2.710000000000261977e+00 1.884349736982071377e+01
2.730000000000261551e+00 1.858863137584956249e+01
2.750000000000261124e+00 1.791671130070243478e+01
2.770000000000260698e+00 1.827433397293796702e+01
2.790000000000260272e+00 1.874521271633078712e+01
2.810000000000259845e+00 1.774713482469983106e+01
2.830000000000259419e+00 1.780281480003193195e+01
2.850000000000258993e+00 1.819211077150799127e+01
2.870000000000258567e+00 1.775667554286573591e+01
2.890000000000258140e+00 1.815584959331660997e+01
2.910000000000257714e+00 1.751792172938419512e+01
2.930000000000257288e+00 1.737626445120341501e+01
2.950000000000256861e+00 1.773190581691326884e+01
2.970000000000256435e+00 1.735490753811761167e+01
2.990000000000256009e+00 1.760763809213836240e+01
3.010000000000255582e+00 1.723559834427775783e+01
3.030000000000255156e+00 1.734271363656651843e+01
3.050000000000254730e+00 1.751836436534124175e+01
3.070000000000254303e+00 1.685969776783228014e+01
3.090000000000253877e+00 1.704742103776529305e+01
3.110000000000253451e+00 1.673195002925734798e+01
3.130000000000253024e+00 1.688315507223035894e+01
3.150000000000252598e+00 1.671391404653355295e+01
3.170000000000252172e+00 1.662341099391392163e+01
3.190000000000251745e+00 1.640987636073949218e+01
3.210000000000251319e+00 1.648762012340620942e+01
3.230000000000250893e+00 1.632982022735306060e+01
3.250000000000250466e+00 1.660720613792385691e+01
3.270000000000250040e+00 1.597256029880212047e+01
3.290000000000249614e+00 1.615477576026480477e+01
3.310000000000249187e+00 1.596614108304002144e+01
3.330000000000248761e+00 1.575540190372787919e+01
3.350000000000248335e+00 1.588907659367854919e+01
3.370000000000247908e+00 1.585131814530074656e+01
3.390000000000247482e+00 1.570705310341232597e+01
3.410000000000247056e+00 1.531069398158165740e+01
3.430000000000246629e+00 1.545160245199426363e+01
3.450000000000246203e+00 1.567120755062003568e+01
3.470000000000245777e+00 1.529055784277061925e+01
3.490000000000245350e+00 1.493122781689782741e+01
3.510000000000244924e+00 1.500702617799360183e+01
3.530000000000244498e+00 1.517629734057030078e+01
3.550000000000244071e+00 1.483143681094145627e+01
3.570000000000243645e+00 1.497157161529053582e+01
3.590000000000243219e+00 1.450773384475772154e+01
3.610000000000242792e+00 1.464048017929862766e+01
3.630000000000242366e+00 1.465657840300441705e+01
3.650000000000241940e+00 1.416024673522171717e+01
3.670000000000241513e+00 1.489364176650547833e+01
3.690000000000241087e+00 1.416200445129687857e+01
3.710000000000240661e+00 1.429949885745255855e+01
3.730000000000240234e+00 1.403479897813772581e+01
3.750000000000239808e+00 1.377180156905812858e+01
3.770000000000239382e+00 1.375604454815877453e+01
3.790000000000238956e+00 1.384662798395066652e+01
3.810000000000238529e+00 1.386062244112210173e+01
3.830000000000238103e+00 1.377327369595774620e+01
3.850000000000237677e+00 1.344015050170867909e+01
3.870000000000237250e+00 1.378066119102227383e+01
3.890000000000236824e+00 1.334179468353645781e+01
3.910000000000236398e+00 1.347366793974551591e+01
3.930000000000235971e+00 1.314626199172161236e+01
3.950000000000235545e+00 1.301274774499039033e+01
3.970000000000235119e+00 1.317577181248204887e+01
3.990000000000234692e+00 1.314898588017565473e+01
4.010000000000234266e+00 1.302965291470036568e+01
4.030000000000233840e+00 1.303025117455040061e+01
4.050000000000233413e+00 1.272984239480258317e+01
4.070000000000232987e+00 1.266061390891613136e+01
4.090000000000232561e+00 1.275736403252622075e+01
4.110000000000232134e+00 1.266142882230245448e+01
4.130000000000231708e+00 1.261072060479264856e+01
4.150000000000231282e+00 1.238542104693068246e+01
4.170000000000230855e+00 1.241558123769765132e+01
4.190000000000230429e+00 1.254775663641193084e+01
4.210000000000230003e+00 1.220718116168652401e+01
4.230000000000229576e+00 1.211110772509449518e+01
4.250000000000229150e+00 1.212628804545517802e+01
4.270000000000228724e+00 1.204004539879120728e+01
4.290000000000228297e+00 1.206909408406001027e+01
4.310000000000227871e+00 1.177330859095177473e+01
4.330000000000227445e+00 1.196944125440256101e+01
4.350000000000227018e+00 1.207121879165735123e+01
4.370000000000226592e+00 1.167241043363217834e+01
4.390000000000226166e+00 1.198920765259385846e+01
4.410000000000225739e+00 1.134125748401905298e+01
4.430000000000225313e+00 1.150603474859797615e+01
4.450000000000224887e+00 1.155161540520896324e+01
4.470000000000224460e+00 1.139869927611538181e+01
4.490000000000224034e+00 1.184094191807278840e+01
4.510000000000223608e+00 1.124752917203742619e+01
4.530000000000223181e+00 1.130677079221975490e+01
4.550000000000222755e+00 1.129146812227654273e+01
4.570000000000222329e+00 1.105744595306722466e+01
4.590000000000221902e+00 1.125890673207589643e+01
4.610000000000221476e+00 1.089589925994426167e+01
4.630000000000221050e+00 1.107870513959658076e+01
4.650000000000220624e+00 1.110637322282028450e+01
4.670000000000220197e+00 1.082869951321991842e+01
4.690000000000219771e+00 1.085158677616923661e+01
4.710000000000219345e+00 1.090791760481920747e+01
4.730000000000218918e+00 1.096503773844531970e+01
4.750000000000218492e+00 1.057982933007634330e+01
4.770000000000218066e+00 1.073445678337984610e+01
4.790000000000217639e+00 1.084477297958721209e+01
4.810000000000217213e+00 1.061895760223793950e+01
4.830000000000216787e+00 1.058845161820331171e+01
4.850000000000216360e+00 1.044037646250290408e+01
4.870000000000215934e+00 1.055390053642703130e+01
4.890000000000215508e+00 1.035431922547498473e+01
4.910000000000215081e+00 1.047427529202000684e+01
4.930000000000214655e+00 1.051054246656405766e+01
4.950000000000214229e+00 1.028369169339181610e+01
4.970000000000213802e+00 1.028667551838326588e+01
4.990000000000213376e+00 1.038591705161421075e+01
5.010000000000212950e+00 1.009137138042807535e+01
5.030000000000212523e+00 1.012158445439802890e+01
5.050000000000212097e+00 1.038444717224014191e+01
5.070000000000211671e+00 1.001126498384445895e+01
5.090000000000211244e+00 1.000297346269223375e+01
5.110000000000210818e+00 1.027208028756535008e+01
5.130000000000210392e+00 1.002262612921546925e+01
5.150000000000209965e+00 1.000071150117847552e+01
5.170000000000209539e+00 9.946492833423020485e+00
5.190000000000209113e+00 9.867645117300197555e+00
5.210000000000208686e+00 9.965645770125929559e+00
5.230000000000208260e+00 9.961153535145374605e+00
5.250000000000207834e+00 9.775584066842778697e+00
5.270000000000207407e+00 9.950928095459605771e+00
5.290000000000206981e+00 9.961045675441313918e+00
5.310000000000206555e+00 9.945001596440999236e+00
5.330000000000206128e+00 9.655881247089647346e+00
5.350000000000205702e+00 9.702374510813640995e+00
5.370000000000205276e+00 9.572150248824023322e+00
5.390000000000204849e+00 9.832692119499371941e+00
5.410000000000204423e+00 9.697323547470924510e+00
5.430000000000203997e+00 9.636956453303762160e+00
5.450000000000203570e+00 9.686350449436320176e+00
5.470000000000203144e+00 9.521191878454672519e+00
5.490000000000202718e+00 9.651787107890573481e+00
5.510000000000202292e+00 9.548598236695072572e+00
5.530000000000201865e+00 9.573698830852857000e+00
5.550000000000201439e+00 9.548253853587400641e+00
5.570000000000201013e+00 9.471895971886894472e+00
5.590000000000200586e+00 9.504563651282749603e+00
5.610000000000200160e+00 9.552749044598579431e+00
5.630000000000199734e+00 9.445303047258541085e+00
5.650000000000199307e+00 9.372330631421087688e+00
5.670000000000198881e+00 9.415115283830006732e+00
5.690000000000198455e+00 9.528579135531250799e+00
5.710000000000198028e+00 9.305647858449379584e+00
5.730000000000197602e+00 9.456294063759578705e+00
5.750000000000197176e+00 9.153169274122673116e+00
5.770000000000196749e+00 9.385474450661240198e+00
5.790000000000196323e+00 9.333825335758925590e+00
5.810000000000195897e+00 9.154858351980168507e+00
5.830000000000195470e+00 9.433618166382270687e+00
5.850000000000195044e+00 9.227856891283812146e+00
5.870000000000194618e+00 9.287262448469796539e+00
5.890000000000194191e+00 9.276478506673830893e+00
5.910000000000193765e+00 9.154822962710845502e+00
5.930000000000193339e+00 9.097644762508888761e+00
5.950000000000192912e+00 9.141763960350202112e+00
5.970000000000192486e+00 9.171801439668108458e+00
5.990000000000192060e+00 9.173693754971479208e+00
6.010000000000191633e+00 9.203031550608626432e+00
6.030000000000191207e+00 9.032601525351383387e+00
6.050000000000190781e+00 9.125556469771129997e+00
6.070000000000190354e+00 9.141455049245125863e+00
6.090000000000189928e+00 9.065154783549932205e+00
6.110000000000189502e+00 8.970219620403829808e+00
6.130000000000189075e+00 8.974378185465502256e+00
6.150000000000188649e+00 8.988401809097965156e+00
6.170000000000188223e+00 8.975521524074379087e+00
6.190000000000187796e+00 9.009235071058862232e+00
6.210000000000187370e+00 8.870978219533029119e+00
6.230000000000186944e+00 8.922607898272872262e+00
6.250000000000186517e+00 8.897539568222990525e+00
6.270000000000186091e+00 8.915438123486753241e+00
6.290000000000185665e+00 8.845592755337941426e+00
6.310000000000185238e+00 8.812973288137328609e+00
6.330000000000184812e+00 8.860568382102588458e+00
6.350000000000184386e+00 8.790671663212247466e+00
6.370000000000183960e+00 8.774673802244214116e+00
6.390000000000183533e+00 8.679878115548834927e+00
6.410000000000183107e+00 8.679081007946638948e+00
6.430000000000182681e+00 8.791727834697745436e+00
6.450000000000182254e+00 8.773093870090376001e+00
6.470000000000181828e+00 8.574077951417507393e+00
6.490000000000181402e+00 8.629563088804378168e+00
6.510000000000180975e+00 8.657899234518129816e+00
6.530000000000180549e+00 8.390568978344138173e+00
6.550000000000180123e+00 8.643834081528815716e+00
6.570000000000179696e+00 8.526162408828550809e+00
6.590000000000179270e+00 8.559759396308400881e+00
6.610000000000178844e+00 8.401590899823135672e+00
6.630000000000178417e+00 8.512259126509102103e+00
6.650000000000177991e+00 8.274466331656912033e+00
6.670000000000177565e+00 8.408162378618250443e+00
6.690000000000177138e+00 8.423467831643575821e+00
6.710000000000176712e+00 8.402807041327637450e+00
6.730000000000176286e+00 8.256836892447152465e+00
6.750000000000175859e+00 8.223244810930093962e+00
6.770000000000175433e+00 8.427443658003850757e+00
6.790000000000175007e+00 8.106967730863292587e+00
6.810000000000174580e+00 8.159244818236448538e+00
6.830000000000174154e+00 8.358218494137856780e+00
6.850000000000173728e+00 8.172933406735177542e+00
6.870000000000173301e+00 8.004004808628575773e+00
6.890000000000172875e+00 7.975243814903103079e+00
6.910000000000172449e+00 8.258033501950070132e+00
6.930000000000172022e+00 8.051154827063395913e+00
6.950000000000171596e+00 8.098160804962491355e+00
6.970000000000171170e+00 8.082721132814354448e+00
6.990000000000170743e+00 7.916605818188499732e+00
7.010000000000170317e+00 7.959796595950210829e+00
7.030000000000169891e+00 7.940231960902421449e+00
7.050000000000169464e+00 7.959124115110086883e+00
7.070000000000169038e+00 7.912950836399217813e+00
7.090000000000168612e+00 7.847092362035391844e+00
7.110000000000168185e+00 7.807774739298358746e+00
7.130000000000167759e+00 7.796073816685296087e+00
7.150000000000167333e+00 7.767253141406484929e+00
7.170000000000166906e+00 7.815150736051139191e+00
7.190000000000166480e+00 7.792624457188966680e+00
7.210000000000166054e+00 7.845589579636260247e+00
7.230000000000165628e+00 7.678662204894305177e+00
7.250000000000165201e+00 7.764118627390529603e+00
7.270000000000164775e+00 7.631855125759433811e+00
7.290000000000164349e+00 7.654905000046762886e+00
7.310000000000163922e+00 7.555707998251960156e+00
7.330000000000163496e+00 7.656672584716389451e+00
7.350000000000163070e+00 7.538111245514887315e+00
7.370000000000162643e+00 7.553193977120262304e+00
7.390000000000162217e+00 7.505135696471648465e+00
7.410000000000161791e+00 7.499181404622832225e+00
7.430000000000161364e+00 7.609904244779028382e+00
7.450000000000160938e+00 7.525654621770366148e+00
7.470000000000160512e+00 7.354785363319235714e+00
7.490000000000160085e+00 7.469875848846611710e+00
7.510000000000159659e+00 7.347036634159879398e+00
7.530000000000159233e+00 7.391609728981526573e+00
7.550000000000158806e+00 7.318319558061904040e+00
7.570000000000158380e+00 7.368688898825705103e+00
7.590000000000157954e+00 7.170859988680222230e+00
7.610000000000157527e+00 7.237542253598376440e+00
7.630000000000157101e+00 7.277285709300967298e+00
7.650000000000156675e+00 7.251354210893885543e+00
7.670000000000156248e+00 7.326846964674488483e+00
7.690000000000155822e+00 7.203469212520684728e+00
7.710000000000155396e+00 7.153780307301062180e+00
7.730000000000154969e+00 7.085246437626136817e+00
7.750000000000154543e+00 7.043649774861506785e+00
7.770000000000154117e+00 7.105525910665315692e+00
7.790000000000153690e+00 7.067887296041793554e+00
7.810000000000153264e+00 7.054609310534641686e+00
7.830000000000152838e+00 7.042352078448428365e+00
7.850000000000152411e+00 6.997086508083794953e+00
7.870000000000151985e+00 6.970745402719428441e+00
7.890000000000151559e+00 7.099857640187298813e+00
7.910000000000151132e+00 6.856508759174809953e+00
7.930000000000150706e+00 6.930686719818733188e+00
7.950000000000150280e+00 6.976769841056388977e+00
7.970000000000149853e+00 6.820212479338160882e+00
7.990000000000149427e+00 6.977086058737227425e+00
8.010000000000149001e+00 6.724430867329431294e+00
8.030000000000148574e+00 6.846957004288541704e+00
8.050000000000148148e+00 6.783691308653888363e+00
8.070000000000147722e+00 6.811814638605131478e+00
8.090000000000147296e+00 6.889677707281078867e+00
8.110000000000146869e+00 6.757572491314651764e+00
8.130000000000146443e+00 6.717144674742003829e+00
8.150000000000146017e+00 6.778008043373269231e+00
8.170000000000145590e+00 6.684510916555542082e+00
8.190000000000145164e+00 6.635354763510644460e+00
8.210000000000144738e+00 6.694588824553300732e+00
8.230000000000144311e+00 6.580252597137652870e+00
8.250000000000143885e+00 6.536283250581409021e+00
8.270000000000143459e+00 6.607488436633732753e+00
8.290000000000143032e+00 6.561225425378108156e+00
8.310000000000142606e+00 6.541087926611833581e+00
8.330000000000142180e+00 6.502243490381924396e+00
8.350000000000141753e+00 6.513445209973507843e+00
8.370000000000141327e+00 6.518984659564677209e+00
8.390000000000140901e+00 6.457611685181348093e+00
8.410000000000140474e+00 6.553060775384691006e+00
8.430000000000140048e+00 6.366122598795031173e+00
8.450000000000139622e+00 6.406567290881894472e+00
8.470000000000139195e+00 6.402036780983583419e+00
8.490000000000138769e+00 6.381042850725282101e+00
8.510000000000138343e+00 6.308592531030040362e+00
8.530000000000137916e+00 6.301503226205116270e+00
8.550000000000137490e+00 6.371959071028751254e+00
8.570000000000137064e+00 6.367778242865813176e+00
8.590000000000136637e+00 6.217247505787177886e+00
8.610000000000136211e+00 6.176542835936316145e+00
8.630000000000135785e+00 6.234345139060950558e+00
8.650000000000135358e+00 6.218931570376650342e+00
8.670000000000134932e+00 6.164067541056543753e+00
8.690000000000134506e+00 6.140957209912415671e+00
8.710000000000134079e+00 6.153079383583229145e+00
8.730000000000133653e+00 6.173951443787667692e+00
8.750000000000133227e+00 6.094310561578199170e+00
8.770000000000132800e+00 6.081457109262875527e+00
8.790000000000132374e+00 6.056345502785119628e+00
8.810000000000131948e+00 5.978379474861359455e+00
8.830000000000131521e+00 6.087810709078704363e+00
8.850000000000131095e+00 5.974848048801692180e+00
8.870000000000130669e+00 5.949310953291250925e+00
8.890000000000130242e+00 5.965268589460097637e+00
8.910000000000129816e+00 5.939801475201788250e+00
8.930000000000129390e+00 5.847668782669565246e+00
8.950000000000128964e+00 5.823325765244312002e+00
8.970000000000128537e+00 5.902390816367876880e+00
8.990000000000128111e+00 5.803586662573238186e+00
9.010000000000127685e+00 5.845469885639598573e+00
9.030000000000127258e+00 5.714473829165005903e+00
9.050000000000126832e+00 5.736262130008560334e+00
9.070000000000126406e+00 5.779014657250587383e+00
9.090000000000125979e+00 5.737942640742328848e+00
9.110000000000125553e+00 5.661379220628334430e+00
9.130000000000125127e+00 5.701029699410228524e+00
9.150000000000124700e+00 5.642742392439526355e+00
9.170000000000124274e+00 5.655428719947192207e+00
9.190000000000123848e+00 5.674594298246693924e+00
9.210000000000123421e+00 5.550623358299709764e+00
9.230000000000122995e+00 5.581930479573030013e+00
9.250000000000122569e+00 5.502840607769702963e+00
9.270000000000122142e+00 5.566207522206140901e+00
9.290000000000121716e+00 5.490463598644779175e+00
9.310000000000121290e+00 5.500917519472077188e+00
9.330000000000120863e+00 5.481615017105230692e+00
9.350000000000120437e+00 5.432339950053587607e+00
9.370000000000120011e+00 5.391010839754391881e+00
9.390000000000119584e+00 5.396124093456684534e+00
9.410000000000119158e+00 5.393757549581019717e+00
9.430000000000118732e+00 5.296122690025024227e+00
9.450000000000118305e+00 5.356445966053911434e+00
9.470000000000117879e+00 5.310864820236595563e+00
9.490000000000117453e+00 5.245000052945099078e+00
9.510000000000117026e+00 5.282277224784820646e+00
9.530000000000116600e+00 5.221469004600987063e+00
9.550000000000116174e+00 5.170671705553266939e+00
9.570000000000115747e+00 5.094995358846406752e+00
9.590000000000115321e+00 5.164162931864942685e+00
9.610000000000114895e+00 5.102371417084665239e+00
9.630000000000114468e+00 5.120796923786597787e+00
9.650000000000114042e+00 5.041641607296025285e+00
9.670000000000113616e+00 5.049710828770848536e+00
9.690000000000113189e+00 5.045765756317943662e+00
9.710000000000112763e+00 4.993158978098207079e+00
9.730000000000112337e+00 4.912902682953101952e+00
9.750000000000111910e+00 4.936314599785162294e+00
9.770000000000111484e+00 4.913404154214369157e+00
9.790000000000111058e+00 4.899417476279223749e+00
9.810000000000110632e+00 4.834979230469460987e+00
9.830000000000110205e+00 4.856477364290060272e+00
9.850000000000109779e+00 4.870568784457710798e+00
9.870000000000109353e+00 4.788639865200205570e+00
9.890000000000108926e+00 4.719192142861866834e+00
9.910000000000108500e+00 4.761317141957188248e+00
9.930000000000108074e+00 4.716322438640495385e+00
9.950000000000107647e+00 4.704119448446286711e+00
9.970000000000107221e+00 4.658245731777186371e+00
9.990000000000106795e+00 4.647506433356866751e+00
1.001000000000010637e+01 4.646337388962061610e+00
1.003000000000010594e+01 4.606155317495116641e+00
1.005000000000010552e+01 4.516702066770739599e+00
1.007000000000010509e+01 4.592857120667576787e+00
1.009000000000010466e+01 4.520018798292964490e+00
1.011000000000010424e+01 4.495512814716147609e+00
1.013000000000010381e+01 4.461710993788241986e+00
1.015000000000010338e+01 4.358675614806872822e+00
1.017000000000010296e+01 4.427636027260259510e+00
1.019000000000010253e+01 4.378754115921270618e+00
1.021000000000010210e+01 4.319137129686958509e+00
1.023000000000010168e+01 4.336450484122074123e+00
1.025000000000010125e+01 4.322158707442490311e+00
1.027000000000010083e+01 4.227177023529093525e+00
1.029000000000010040e+01 4.231752012689580233e+00
1.031000000000009997e+01 4.217601585785298646e+00
1.033000000000009955e+01 4.192028236773029271e+00
1.035000000000009912e+01 4.170764123246130772e+00
1.037000000000009869e+01 4.176168634887678088e+00
1.039000000000009827e+01 4.114360408918073198e+00
1.041000000000009784e+01 4.140943548594388623e+00
1.043000000000009742e+01 4.088918821247095714e+00
1.045000000000009699e+01 4.081033948386296295e+00
1.047000000000009656e+01 3.992615815978474814e+00
1.049000000000009614e+01 4.012794176952475311e+00
1.051000000000009571e+01 3.981140978074099390e+00
1.053000000000009528e+01 4.022615315214658871e+00
1.055000000000009486e+01 3.923850784395751745e+00
1.057000000000009443e+01 3.909205347410145137e+00
1.059000000000009400e+01 3.898019079101198159e+00
1.061000000000009358e+01 3.850972108661975035e+00
1.063000000000009315e+01 3.839928373629300395e+00
1.065000000000009273e+01 3.804486529112774740e+00
1.067000000000009230e+01 3.834336986767647559e+00
1.069000000000009187e+01 3.810889938595485305e+00
1.071000000000009145e+01 3.797224977111173683e+00
1.073000000000009102e+01 3.705501077407077126e+00
1.075000000000009059e+01 3.708041912140850105e+00
1.077000000000009017e+01 3.719418044104030763e+00
1.079000000000008974e+01 3.701149220711198673e+00
1.081000000000008932e+01 3.711412855763527752e+00
1.083000000000008889e+01 3.663000040595775442e+00
1.085000000000008846e+01 3.660201584511213913e+00
1.087000000000008804e+01 3.633325612489105350e+00
1.089000000000008761e+01 3.573512670642076561e+00
1.091000000000008718e+01 3.584013512361863274e+00
1.093000000000008676e+01 3.562538323521944328e+00
1.095000000000008633e+01 3.501779657243947685e+00
1.097000000000008590e+01 3.532912682705922069e+00
1.099000000000008548e+01 3.517849353347431762e+00
1.101000000000008505e+01 3.496770522210001175e+00
1.103000000000008463e+01 3.443557795064215110e+00
1.105000000000008420e+01 3.450925595060316819e+00
1.107000000000008377e+01 3.415648689640609081e+00
1.109000000000008335e+01 3.349488012326875985e+00
1.111000000000008292e+01 3.442150246314063633e+00
1.113000000000008249e+01 3.342201260495651916e+00
1.115000000000008207e+01 3.305745871689757198e+00
1.117000000000008164e+01 3.375649013324486081e+00
1.119000000000008122e+01 3.340014850332925889e+00
1.121000000000008079e+01 3.240900652362968426e+00
1.123000000000008036e+01 3.321543129711188591e+00
1.125000000000007994e+01 3.285533469795198336e+00
1.127000000000007951e+01 3.278641629302517568e+00
1.129000000000007908e+01 3.265230972977243962e+00
1.131000000000007866e+01 3.239218927772262280e+00
1.133000000000007823e+01 3.183566204531317112e+00
1.135000000000007780e+01 3.215970297370909226e+00
1.137000000000007738e+01 3.179035340546394472e+00
1.139000000000007695e+01 3.168346122920628893e+00
1.141000000000007653e+01 3.156017950290299634e+00
1.143000000000007610e+01 3.135851394390048341e+00
1.145000000000007567e+01 3.130946432961994930e+00
1.147000000000007525e+01 3.082807900447460447e+00
1.149000000000007482e+01 3.035619927117075179e+00
1.151000000000007439e+01 3.081223694517845502e+00
1.153000000000007397e+01 3.000697091340575273e+00
1.155000000000007354e+01 3.060560317297603472e+00
1.157000000000007311e+01 3.020312376748487182e+00
1.159000000000007269e+01 2.949264603774313098e+00
1.161000000000007226e+01 2.939779712212570839e+00
1.163000000000007184e+01 2.983295473913255780e+00
1.165000000000007141e+01 2.984683794670466739e+00
1.167000000000007098e+01 2.886542812530556112e+00
1.169000000000007056e+01 2.947700783159376225e+00
1.171000000000007013e+01 2.910579378779534210e+00
1.173000000000006970e+01 2.915300996929973465e+00
1.175000000000006928e+01 2.842719382099361258e+00
1.177000000000006885e+01 2.868039453261223226e+00
1.179000000000006843e+01 2.872331503683936749e+00
1.181000000000006800e+01 2.836602739783537164e+00
1.183000000000006757e+01 2.807059432383081532e+00
1.185000000000006715e+01 2.789383077950465140e+00
1.187000000000006672e+01 2.784110922047979830e+00
1.189000000000006629e+01 2.734089191802495211e+00
1.191000000000006587e+01 2.767947293667609276e+00
1.193000000000006544e+01 2.708631116999662858e+00
1.195000000000006501e+01 2.701952094509374902e+00
1.197000000000006459e+01 2.680655062211726225e+00
1.199000000000006416e+01 2.641019269971028205e+00
1.201000000000006374e+01 2.655043394313874483e+00
1.203000000000006331e+01 2.602721093503083782e+00
1.205000000000006288e+01 2.626477988055739843e+00
1.207000000000006246e+01 2.640941596536725555e+00
1.209000000000006203e+01 2.618342892708990011e+00
1.211000000000006160e+01 2.620604452122546224e+00
1.213000000000006118e+01 2.585316583538106894e+00
1.215000000000006075e+01 2.555056707325633170e+00
1.217000000000006033e+01 2.548407969517903382e+00
1.219000000000005990e+01 2.497372661380008463e+00
1.221000000000005947e+01 2.498345195466210811e+00
1.223000000000005905e+01 2.512812825007194384e+00
1.225000000000005862e+01 2.471233575898168944e+00
1.227000000000005819e+01 2.476989213856063188e+00
1.229000000000005777e+01 2.486431418375331326e+00
1.231000000000005734e+01 2.442302904856009427e+00
1.233000000000005691e+01 2.398847709223307145e+00
1.235000000000005649e+01 2.399689222976019831e+00
1.237000000000005606e+01 2.354899155273533662e+00
1.239000000000005564e+01 2.383538753053986436e+00
1.241000000000005521e+01 2.346447462482215585e+00
1.243000000000005478e+01 2.333363634052134650e+00
1.245000000000005436e+01 2.323073570605001859e+00
1.247000000000005393e+01 2.320875596667284047e+00
1.249000000000005350e+01 2.278960328171452332e+00
1.251000000000005308e+01 2.291914733233085144e+00
1.253000000000005265e+01 2.298508965957554384e+00
1.255000000000005222e+01 2.277535697908383838e+00
1.257000000000005180e+01 2.170675132174245459e+00
1.259000000000005137e+01 2.242523529073908506e+00
1.261000000000005095e+01 2.223316902403859707e+00
1.263000000000005052e+01 2.197591012740721883e+00
1.265000000000005009e+01 2.183996453427266449e+00
1.267000000000004967e+01 2.182897604204085074e+00
1.269000000000004924e+01 2.134398390969873383e+00
1.271000000000004881e+01 2.143208368566953403e+00
1.273000000000004839e+01 2.137371705436450942e+00
1.275000000000004796e+01 2.082354449001317054e+00
1.277000000000004754e+01 2.067117903066024276e+00
1.279000000000004711e+01 2.044732111796089047e+00
1.281000000000004668e+01 2.056888996713961415e+00
1.283000000000004626e+01 2.026271540106776570e+00
1.285000000000004583e+01 2.036729639081618970e+00
1.287000000000004540e+01 1.992470219343694282e+00
1.289000000000004498e+01 1.992342769121662638e+00
1.291000000000004455e+01 1.980229260926700263e+00
1.293000000000004412e+01 1.943469832154533838e+00
1.295000000000004370e+01 1.948641041833563792e+00
1.297000000000004327e+01 1.939146504914160518e+00
1.299000000000004285e+01 1.911671931203112740e+00
1.301000000000004242e+01 1.891389903506201398e+00
1.303000000000004199e+01 1.881643023194569775e+00
1.305000000000004157e+01 1.916868778861065215e+00
1.307000000000004114e+01 1.815425246067005283e+00
1.309000000000004071e+01 1.843980186610884919e+00
1.311000000000004029e+01 1.819898049099892834e+00
1.313000000000003986e+01 1.787899885478456907e+00
1.315000000000003944e+01 1.788488286672136995e+00
1.317000000000003901e+01 1.786079853643925519e+00
1.319000000000003858e+01 1.746885707968136581e+00
1.321000000000003816e+01 1.746567580870839409e+00
1.323000000000003773e+01 1.731197724739338417e+00
1.325000000000003730e+01 1.731039147916136001e+00
1.327000000000003688e+01 1.731524590206331204e+00
1.329000000000003645e+01 1.667408940693227093e+00
1.331000000000003602e+01 1.668834773189785459e+00
1.333000000000003560e+01 1.652601703791242382e+00
1.335000000000003517e+01 1.705864114558313549e+00
1.337000000000003475e+01 1.630210498971874200e+00
1.339000000000003432e+01 1.603003127897588032e+00
1.341000000000003389e+01 1.614043828016963111e+00
1.343000000000003347e+01 1.608290630314151759e+00
1.345000000000003304e+01 1.622505219293562062e+00
1.347000000000003261e+01 1.543386833017587723e+00
1.349000000000003219e+01 1.545850154317537584e+00
1.351000000000003176e+01 1.498081523079458854e+00
1.353000000000003133e+01 1.485729761678831640e+00
1.355000000000003091e+01 1.485859228277718547e+00
1.357000000000003048e+01 1.467420387928484837e+00
1.359000000000003006e+01 1.444530468860794725e+00
1.361000000000002963e+01 1.417687572134245233e+00
1.363000000000002920e+01 1.407414553032238835e+00
1.365000000000002878e+01 1.419826814839120432e+00
1.367000000000002835e+01 1.444326205339943048e+00
1.369000000000002792e+01 1.388453218463968186e+00
1.371000000000002750e+01 1.386287003682562302e+00
1.373000000000002707e+01 1.353065301816444244e+00
1.375000000000002665e+01 1.386021542762592595e+00
1.377000000000002622e+01 1.341775333470066611e+00
1.379000000000002579e+01 1.308260611783956140e+00
1.381000000000002537e+01 1.310375842398247226e+00
1.383000000000002494e+01 1.280996060307590945e+00
1.385000000000002451e+01 1.255691442596947649e+00
1.387000000000002409e+01 1.218351377233786614e+00
1.389000000000002366e+01 1.217382520450180250e+00
1.391000000000002323e+01 1.184073616894248060e+00
1.393000000000002281e+01 1.163132968881174012e+00
1.395000000000002238e+01 1.158182483441422939e+00
1.397000000000002196e+01 1.124463385044033537e+00
1.399000000000002153e+01 1.112682378788153681e+00
1.401000000000002110e+01 1.090721760754981950e+00
1.403000000000002068e+01 1.065480693469296414e+00
1.405000000000002025e+01 1.054655677768329136e+00
1.407000000000001982e+01 1.047150069071645984e+00
1.409000000000001940e+01 1.025903252913036967e+00
1.411000000000001897e+01 1.015508862546903091e+00
1.413000000000001855e+01 9.915847088075667726e-01
1.415000000000001812e+01 9.555176410575492163e-01
1.417000000000001769e+01 9.670651404090104819e-01
1.419000000000001727e+01 9.596158059254619177e-01
1.421000000000001684e+01 9.271530685156542662e-01
1.423000000000001641e+01 9.057953604517849922e-01
1.425000000000001599e+01 8.667205093472436506e-01
1.427000000000001556e+01 8.565617779535033005e-01
1.429000000000001513e+01 8.594074514674953091e-01
1.431000000000001471e+01 8.559038416096013124e-01
1.433000000000001428e+01 8.140808999841793181e-01
1.435000000000001386e+01 7.829108717301868081e-01
1.437000000000001343e+01 7.858540631483680317e-01
1.439000000000001300e+01 7.492100777863286432e-01
1.441000000000001258e+01 7.625864150387192675e-01
1.443000000000001215e+01 7.317927057854786144e-01
1.445000000000001172e+01 6.954403563919363540e-01
1.447000000000001130e+01 6.848917597296548809e-01
1.449000000000001087e+01 6.519030021961339516e-01
1.451000000000001044e+01 6.084615386252292257e-01
1.453000000000001002e+01 5.816571467738532730e-01
1.455000000000000959e+01 5.461985867503917902e-01
1.457000000000000917e+01 4.974928214685874761e-01
1.459000000000000874e+01 3.917504153678536549e-01
1.461000000000000831e+01 2.208846261609498374e-01
1.463000000000000789e+01 8.316022729015432047e-02
1.465000000000000746e+01 2.798351171507238930e-02
1.467000000000000703e+01 1.407908772042100985e-02
1.469000000000000661e+01 1.125550170304350818e-02
1.471000000000000618e+01 1.121846219269364252e-02
1.473000000000000576e+01 2.820627956557289137e-03
1.475000000000000533e+01 2.800423859550472266e-03
1.477000000000000490e+01 0.000000000000000000e+00
1.479000000000000448e+01 0.000000000000000000e+00
1.481000000000000405e+01 0.000000000000000000e+00
1.483000000000000362e+01 0.000000000000000000e+00
1.485000000000000320e+01 0.000000000000000000e+00
1.487000000000000277e+01 0.000000000000000000e+00
1.489000000000000234e+01 0.000000000000000000e+00
1.491000000000000192e+01 0.000000000000000000e+00
1.493000000000000149e+01 0.000000000000000000e+00
1.495000000000000107e+01 0.000000000000000000e+00
1.497000000000000064e+01 0.000000000000000000e+00
1.499000000000000021e+01 0.000000000000000000e+00
