# Redshift		Merger Rate Density [Gpc^-3yr^-1]
1.000000000031931770e-02 3.801635824117703777e+01
3.000000000031888964e-02 3.851066190488418073e+01
5.000000000031846331e-02 3.941083420424084238e+01
7.000000000031804392e-02 4.050840314384048924e+01
9.000000000031761760e-02 4.113600069645262636e+01
1.100000000003171913e-01 4.203388200742574554e+01
1.300000000003167511e-01 4.321015183562195006e+01
1.500000000003163247e-01 4.424177005086890802e+01
1.700000000003158984e-01 4.548192515192619112e+01
1.900000000003154721e-01 4.651834788824889699e+01
2.100000000003150458e-01 4.725151860619171629e+01
2.300000000003146194e-01 4.854583823389449293e+01
2.500000000003141931e-01 4.898593092184810160e+01
2.700000000003137668e-01 5.023992946479666699e+01
2.900000000003133405e-01 5.107276590032287800e+01
3.100000000003129141e-01 5.204602939022051089e+01
3.300000000003124878e-01 5.320503827063127034e+01
3.500000000003120615e-01 5.387974158732668428e+01
3.700000000003116352e-01 5.516280436748332505e+01
3.900000000003112088e-01 5.535752948507816029e+01
4.100000000003107825e-01 5.720979622828175337e+01
4.300000000003103562e-01 5.789085681780778714e+01
4.500000000003099299e-01 5.905415293885101846e+01
4.700000000003095035e-01 6.010225337006581725e+01
4.900000000003090772e-01 6.118963274663585139e+01
5.100000000003086509e-01 6.223858774440255814e+01
5.300000000003082246e-01 6.335410363042569060e+01
5.500000000003077982e-01 6.438719390878257798e+01
5.700000000003073719e-01 6.544559384816916747e+01
5.900000000003069456e-01 6.642273047067018865e+01
6.100000000003065193e-01 6.787147182277999491e+01
6.300000000003060929e-01 6.892204305666462005e+01
6.500000000003056666e-01 6.990956051034407892e+01
6.700000000003052403e-01 7.101506845504214027e+01
6.900000000003048140e-01 7.290196126028151014e+01
7.100000000003043876e-01 7.274518132065168174e+01
7.300000000003039613e-01 7.465277099740522715e+01
7.500000000003035350e-01 7.612606364295032790e+01
7.700000000003031086e-01 7.663983707766421105e+01
7.900000000003026823e-01 7.864335114650268110e+01
8.100000000003022560e-01 7.908564992742451238e+01
8.300000000003018297e-01 8.109270219828901816e+01
8.500000000003014033e-01 8.178113311247903994e+01
8.700000000003009770e-01 8.310274345766909221e+01
8.900000000003005507e-01 8.359243554798267439e+01
9.100000000003001244e-01 8.629331180220204089e+01
9.300000000002996980e-01 8.616905074572126466e+01
9.500000000002992717e-01 8.827671213580768494e+01
9.700000000002988454e-01 8.901261247687985190e+01
9.900000000002984191e-01 9.044378174794157133e+01
1.010000000000297993e+00 9.197962708908791285e+01
1.030000000000297566e+00 9.307449422216079427e+01
1.050000000000297140e+00 9.316511207203305389e+01
1.070000000000296714e+00 9.541715202166844279e+01
1.090000000000296287e+00 9.599429264726191491e+01
1.110000000000295861e+00 9.742821008333491761e+01
1.130000000000295435e+00 9.798963706529529816e+01
1.150000000000295008e+00 1.002161318893453767e+02
1.170000000000294582e+00 1.000303792611971545e+02
1.190000000000294156e+00 1.028377489029122955e+02
1.210000000000293729e+00 1.034514598393288622e+02
1.230000000000293303e+00 1.046123735330233160e+02
1.250000000000292877e+00 1.057289692506972472e+02
1.270000000000292451e+00 1.067326279292096416e+02
1.290000000000292024e+00 1.080090927642062155e+02
1.310000000000291598e+00 1.087056047428640255e+02
1.330000000000291172e+00 1.108520832489419945e+02
1.350000000000290745e+00 1.117510340671653637e+02
1.370000000000290319e+00 1.124978958461156680e+02
1.390000000000289893e+00 1.127044482868965787e+02
1.410000000000289466e+00 1.145019911570956168e+02
1.430000000000289040e+00 1.156062953224061403e+02
1.450000000000288614e+00 1.167404508929841285e+02
1.470000000000288187e+00 1.172270525262162835e+02
1.490000000000287761e+00 1.188316363466660732e+02
1.510000000000287335e+00 1.199874950383620700e+02
1.530000000000286908e+00 1.199007163415543005e+02
1.550000000000286482e+00 1.215669139649028665e+02
1.570000000000286056e+00 1.234987569687531703e+02
1.590000000000285629e+00 1.226085366196609243e+02
1.610000000000285203e+00 1.243667582426186016e+02
1.630000000000284777e+00 1.246597233705618066e+02
1.650000000000284350e+00 1.258536741520338609e+02
1.670000000000283924e+00 1.266234557598934458e+02
1.690000000000283498e+00 1.267950256273906149e+02
1.710000000000283071e+00 1.277678870135976581e+02
1.730000000000282645e+00 1.296369174716776627e+02
1.750000000000282219e+00 1.289670505826948101e+02
1.770000000000281792e+00 1.301097081892979190e+02
1.790000000000281366e+00 1.308179669226623787e+02
1.810000000000280940e+00 1.317296882544928280e+02
1.830000000000280513e+00 1.320548348251213895e+02
1.850000000000280087e+00 1.316794536537050249e+02
1.870000000000279661e+00 1.339705080539132496e+02
1.890000000000279234e+00 1.330250447443590929e+02
1.910000000000278808e+00 1.332677021080456825e+02
1.930000000000278382e+00 1.344272841263580460e+02
1.950000000000277955e+00 1.338866360909309208e+02
1.970000000000277529e+00 1.342823285688171779e+02
1.990000000000277103e+00 1.358214378438207746e+02
2.010000000000276899e+00 1.346907702152855961e+02
2.030000000000276472e+00 1.359941061076846154e+02
2.050000000000276046e+00 1.351648615381732270e+02
2.070000000000275620e+00 1.359776384622988132e+02
2.090000000000275193e+00 1.355673286939549769e+02
2.110000000000274767e+00 1.358073671048168478e+02
2.130000000000274341e+00 1.369708861546228889e+02
2.150000000000273914e+00 1.367213984175438952e+02
2.170000000000273488e+00 1.359547885271109351e+02
2.190000000000273062e+00 1.370871257842226214e+02
2.210000000000272635e+00 1.356995254962552622e+02
2.230000000000272209e+00 1.370292816827910940e+02
2.250000000000271783e+00 1.349973081920477398e+02
2.270000000000271356e+00 1.357031103305985198e+02
2.290000000000270930e+00 1.346316902168299805e+02
2.310000000000270504e+00 1.352455808331160938e+02
2.330000000000270077e+00 1.350926967452680003e+02
2.350000000000269651e+00 1.342563393638678235e+02
2.370000000000269225e+00 1.351319496823938664e+02
2.390000000000268798e+00 1.344814110626952015e+02
2.410000000000268372e+00 1.331917739857190384e+02
2.430000000000267946e+00 1.334713385840324804e+02
2.450000000000267519e+00 1.325434298652739642e+02
2.470000000000267093e+00 1.329233008606767896e+02
2.490000000000266667e+00 1.328881674644143231e+02
2.510000000000266240e+00 1.314958577494602139e+02
2.530000000000265814e+00 1.316549465048057073e+02
2.550000000000265388e+00 1.315869131450297118e+02
2.570000000000264961e+00 1.315948548447991300e+02
2.590000000000264535e+00 1.302439483476775308e+02
2.610000000000264109e+00 1.304048991052556516e+02
2.630000000000263682e+00 1.284569704588149648e+02
2.650000000000263256e+00 1.282974513517469575e+02
2.670000000000262830e+00 1.276797796578681243e+02
2.690000000000262403e+00 1.265008971333468821e+02
2.710000000000261977e+00 1.260402505235739028e+02
2.730000000000261551e+00 1.258829395542494467e+02
2.750000000000261124e+00 1.242197961837143367e+02
2.770000000000260698e+00 1.240530565410358292e+02
2.790000000000260272e+00 1.229236491193968561e+02
2.810000000000259845e+00 1.232984275832381513e+02
2.830000000000259419e+00 1.229245153304544260e+02
2.850000000000258993e+00 1.212688856204703853e+02
2.870000000000258567e+00 1.203407339065555277e+02
2.890000000000258140e+00 1.206828721159736375e+02
2.910000000000257714e+00 1.199924395571806883e+02
2.930000000000257288e+00 1.188724329118869463e+02
2.950000000000256861e+00 1.174733043232289731e+02
2.970000000000256435e+00 1.163316125953978712e+02
2.990000000000256009e+00 1.161877775188093977e+02
3.010000000000255582e+00 1.155897131679910217e+02
3.030000000000255156e+00 1.150928156790738939e+02
3.050000000000254730e+00 1.145163884558008647e+02
3.070000000000254303e+00 1.134728515438863212e+02
3.090000000000253877e+00 1.119968555862816402e+02
3.110000000000253451e+00 1.117253536864508021e+02
3.130000000000253024e+00 1.108992000491555814e+02
3.150000000000252598e+00 1.113671733525853824e+02
3.170000000000252172e+00 1.094246818826715497e+02
3.190000000000251745e+00 1.096630569104119814e+02
3.210000000000251319e+00 1.084700080964922648e+02
3.230000000000250893e+00 1.075651881710016511e+02
3.250000000000250466e+00 1.063066203860850862e+02
3.270000000000250040e+00 1.061911482998173568e+02
3.290000000000249614e+00 1.056138530068367345e+02
3.310000000000249187e+00 1.044060697578319292e+02
3.330000000000248761e+00 1.039601604523753622e+02
3.350000000000248335e+00 1.030135179743513731e+02
3.370000000000247908e+00 1.025322228871010140e+02
3.390000000000247482e+00 1.020014668530833433e+02
3.410000000000247056e+00 1.010082001987455271e+02
3.430000000000246629e+00 1.003954985668891453e+02
3.450000000000246203e+00 1.002888520279554569e+02
3.470000000000245777e+00 9.872265992652170041e+01
3.490000000000245350e+00 9.849174815722278709e+01
3.510000000000244924e+00 9.798474567864656137e+01
3.530000000000244498e+00 9.649648524361118973e+01
3.550000000000244071e+00 9.695858681788175204e+01
3.570000000000243645e+00 9.554976680724853111e+01
3.590000000000243219e+00 9.540755831960302658e+01
3.610000000000242792e+00 9.473965683141254601e+01
3.630000000000242366e+00 9.373094114769840246e+01
3.650000000000241940e+00 9.340866469055238497e+01
3.670000000000241513e+00 9.303242418977544048e+01
3.690000000000241087e+00 9.191052983321986858e+01
3.710000000000240661e+00 9.150414703173933617e+01
3.730000000000240234e+00 9.038708935937523847e+01
3.750000000000239808e+00 8.994627638865762265e+01
3.770000000000239382e+00 8.977724797151400082e+01
3.790000000000238956e+00 8.935376881532141624e+01
3.810000000000238529e+00 8.848668982125929006e+01
3.830000000000238103e+00 8.809562771246372392e+01
3.850000000000237677e+00 8.670928309492282438e+01
3.870000000000237250e+00 8.694266719586195791e+01
3.890000000000236824e+00 8.650045505111488353e+01
3.910000000000236398e+00 8.640052671076593072e+01
3.930000000000235971e+00 8.500812822475550945e+01
3.950000000000235545e+00 8.521113193975324407e+01
3.970000000000235119e+00 8.416550500277296010e+01
3.990000000000234692e+00 8.359155099092890850e+01
4.010000000000234266e+00 8.265006633994784124e+01
4.030000000000233840e+00 8.254060977852419967e+01
4.050000000000233413e+00 8.207865101170523303e+01
4.070000000000232987e+00 8.148556502812549240e+01
4.090000000000232561e+00 8.007844027930333652e+01
4.110000000000232134e+00 8.019374358930068070e+01
4.130000000000231708e+00 7.931011864469290629e+01
4.150000000000231282e+00 7.908062795304034864e+01
4.170000000000230855e+00 7.841507440551268360e+01
4.190000000000230429e+00 7.838137159448625368e+01
4.210000000000230003e+00 7.769857642922345065e+01
4.230000000000229576e+00 7.743102298966020669e+01
4.250000000000229150e+00 7.657033238304859424e+01
4.270000000000228724e+00 7.593274436013966522e+01
4.290000000000228297e+00 7.530488937778100933e+01
4.310000000000227871e+00 7.493193927923969966e+01
4.330000000000227445e+00 7.459662106450063845e+01
4.350000000000227018e+00 7.365175573123040920e+01
4.370000000000226592e+00 7.351312025408789452e+01
4.390000000000226166e+00 7.271814532606533987e+01
4.410000000000225739e+00 7.272760954946609502e+01
4.430000000000225313e+00 7.249196315972645266e+01
4.450000000000224887e+00 7.114635167336683708e+01
4.470000000000224460e+00 7.087218658304558971e+01
4.490000000000224034e+00 7.092668787045771239e+01
4.510000000000223608e+00 7.067747765591148834e+01
4.530000000000223181e+00 7.005644607382062361e+01
4.550000000000222755e+00 6.957033885669646622e+01
4.570000000000222329e+00 6.916099889913240872e+01
4.590000000000221902e+00 6.825016527494551610e+01
4.610000000000221476e+00 6.849263172614276129e+01
4.630000000000221050e+00 6.785220181990824528e+01
4.650000000000220624e+00 6.686861117820122047e+01
4.670000000000220197e+00 6.592330510918483810e+01
4.690000000000219771e+00 6.632802158173311113e+01
4.710000000000219345e+00 6.515656881412343182e+01
4.730000000000218918e+00 6.491252121247200080e+01
4.750000000000218492e+00 6.401824294026967266e+01
4.770000000000218066e+00 6.423033461600454075e+01
4.790000000000217639e+00 6.348259890117481774e+01
4.810000000000217213e+00 6.293353419706372875e+01
4.830000000000216787e+00 6.263555413978387776e+01
4.850000000000216360e+00 6.202704292722434332e+01
4.870000000000215934e+00 6.164901531041454774e+01
4.890000000000215508e+00 6.101338779754601660e+01
4.910000000000215081e+00 6.062279231914035194e+01
4.930000000000214655e+00 6.013006285114056482e+01
4.950000000000214229e+00 6.015563078231080851e+01
4.970000000000213802e+00 5.990422016307712028e+01
4.990000000000213376e+00 5.953244572048775751e+01
5.010000000000212950e+00 5.871919631535708106e+01
5.030000000000212523e+00 5.818417549842008896e+01
5.050000000000212097e+00 5.788763028024356316e+01
5.070000000000211671e+00 5.787446350237899395e+01
5.090000000000211244e+00 5.711143026433745007e+01
5.110000000000210818e+00 5.649652707399053497e+01
5.130000000000210392e+00 5.648785639097459921e+01
5.150000000000209965e+00 5.539086908130529707e+01
5.170000000000209539e+00 5.518265871808764444e+01
5.190000000000209113e+00 5.513651321682113604e+01
5.210000000000208686e+00 5.452381935747948205e+01
5.230000000000208260e+00 5.397777789031854212e+01
5.250000000000207834e+00 5.347066153934768806e+01
5.270000000000207407e+00 5.344702449667263977e+01
5.290000000000206981e+00 5.289082721383967822e+01
5.310000000000206555e+00 5.242029147619192742e+01
5.330000000000206128e+00 5.223203191584941152e+01
5.350000000000205702e+00 5.189091019150549755e+01
5.370000000000205276e+00 5.116291032719117737e+01
5.390000000000204849e+00 5.093316827656261125e+01
5.410000000000204423e+00 5.062061889271721071e+01
5.430000000000203997e+00 5.013561453132275147e+01
5.450000000000203570e+00 4.978365053883409530e+01
5.470000000000203144e+00 4.923543969488038385e+01
5.490000000000202718e+00 4.931862813148656954e+01
5.510000000000202292e+00 4.890415616712100899e+01
5.530000000000201865e+00 4.856168479644493630e+01
5.550000000000201439e+00 4.784372203724917227e+01
5.570000000000201013e+00 4.746351192454368118e+01
5.590000000000200586e+00 4.702838390808629043e+01
5.610000000000200160e+00 4.709701557310214071e+01
5.630000000000199734e+00 4.664890416748921353e+01
5.650000000000199307e+00 4.608998071057629176e+01
5.670000000000198881e+00 4.572064227256326063e+01
5.690000000000198455e+00 4.539469175361982423e+01
5.710000000000198028e+00 4.521638027371220403e+01
5.730000000000197602e+00 4.496536694838573567e+01
5.750000000000197176e+00 4.464976015953791944e+01
5.770000000000196749e+00 4.426966376401490777e+01
5.790000000000196323e+00 4.405961740482441513e+01
5.810000000000195897e+00 4.381532796088325910e+01
5.830000000000195470e+00 4.326206586062391324e+01
5.850000000000195044e+00 4.311651576494936222e+01
5.870000000000194618e+00 4.237136002397953405e+01
5.890000000000194191e+00 4.246386595673397579e+01
5.910000000000193765e+00 4.151232067018203509e+01
5.930000000000193339e+00 4.115519481558177262e+01
5.950000000000192912e+00 4.123284680077795628e+01
5.970000000000192486e+00 4.061254857106955285e+01
5.990000000000192060e+00 4.045923059148470458e+01
6.010000000000191633e+00 4.018242217252613813e+01
6.030000000000191207e+00 3.918568553007008148e+01
6.050000000000190781e+00 3.896291646297059685e+01
6.070000000000190354e+00 3.877183750626575431e+01
6.090000000000189928e+00 3.849466989058306865e+01
6.110000000000189502e+00 3.810993726931369707e+01
6.130000000000189075e+00 3.780094429725979666e+01
6.150000000000188649e+00 3.746205062710622258e+01
6.170000000000188223e+00 3.728435314925820876e+01
6.190000000000187796e+00 3.682677088636243923e+01
6.210000000000187370e+00 3.646530925143692770e+01
6.230000000000186944e+00 3.596196480062845779e+01
6.250000000000186517e+00 3.558986034241039675e+01
6.270000000000186091e+00 3.570775016413827530e+01
6.290000000000185665e+00 3.543652799376741314e+01
6.310000000000185238e+00 3.474231953483244695e+01
6.330000000000184812e+00 3.431720241555346007e+01
6.350000000000184386e+00 3.419534205531868309e+01
6.370000000000183960e+00 3.401993479139908771e+01
6.390000000000183533e+00 3.363380086769468136e+01
6.410000000000183107e+00 3.340064098748740662e+01
6.430000000000182681e+00 3.293593243358130707e+01
6.450000000000182254e+00 3.274866609422171138e+01
6.470000000000181828e+00 3.255296504085720244e+01
6.490000000000181402e+00 3.208138490468677162e+01
6.510000000000180975e+00 3.158680249451365540e+01
6.530000000000180549e+00 3.135221354385199533e+01
6.550000000000180123e+00 3.118110874255121701e+01
6.570000000000179696e+00 3.099805191049134123e+01
6.590000000000179270e+00 3.047449848993407429e+01
6.610000000000178844e+00 3.031471057317166284e+01
6.630000000000178417e+00 2.987730421007453430e+01
6.650000000000177991e+00 2.971635568292400009e+01
6.670000000000177565e+00 2.964123696100455518e+01
6.690000000000177138e+00 2.889025024779693496e+01
6.710000000000176712e+00 2.893024376632848416e+01
6.730000000000176286e+00 2.866246909262735088e+01
6.750000000000175859e+00 2.846875261016717218e+01
6.770000000000175433e+00 2.811386267121318028e+01
6.790000000000175007e+00 2.779085003685797162e+01
6.810000000000174580e+00 2.738340325490239024e+01
6.830000000000174154e+00 2.722290357645895398e+01
6.850000000000173728e+00 2.689518454901000410e+01
6.870000000000173301e+00 2.659871550961413078e+01
6.890000000000172875e+00 2.624141168686263015e+01
6.910000000000172449e+00 2.607146793249068750e+01
6.930000000000172022e+00 2.587517905963215270e+01
6.950000000000171596e+00 2.560337638837080476e+01
6.970000000000171170e+00 2.525672780708962151e+01
6.990000000000170743e+00 2.478744863166500778e+01
7.010000000000170317e+00 2.462463839264040288e+01
7.030000000000169891e+00 2.458635776623046354e+01
7.050000000000169464e+00 2.428046028435451476e+01
7.070000000000169038e+00 2.377661683829187211e+01
7.090000000000168612e+00 2.371902173041691242e+01
7.110000000000168185e+00 2.346879948456545506e+01
7.130000000000167759e+00 2.315976373181934989e+01
7.150000000000167333e+00 2.297569949675015977e+01
7.170000000000166906e+00 2.266800827139289964e+01
7.190000000000166480e+00 2.229913643600867701e+01
7.210000000000166054e+00 2.214422122950828609e+01
7.230000000000165628e+00 2.207987541195512193e+01
7.250000000000165201e+00 2.162694028265975277e+01
7.270000000000164775e+00 2.136942992834875810e+01
7.290000000000164349e+00 2.112221959430416263e+01
7.310000000000163922e+00 2.107180424958178477e+01
7.330000000000163496e+00 2.087712629246487950e+01
7.350000000000163070e+00 2.044688218311725336e+01
7.370000000000162643e+00 2.022488306948796577e+01
7.390000000000162217e+00 2.012243137724219011e+01
7.410000000000161791e+00 1.987869961474070379e+01
7.430000000000161364e+00 1.944740039085564121e+01
7.450000000000160938e+00 1.943412988134195984e+01
7.470000000000160512e+00 1.925469319499920573e+01
7.490000000000160085e+00 1.916195559295340445e+01
7.510000000000159659e+00 1.865450921754190361e+01
7.530000000000159233e+00 1.845485104262981579e+01
7.550000000000158806e+00 1.844162238202909521e+01
7.570000000000158380e+00 1.809143812676265384e+01
7.590000000000157954e+00 1.796706901427081604e+01
7.610000000000157527e+00 1.778151217158758257e+01
7.630000000000157101e+00 1.758149975524922226e+01
7.650000000000156675e+00 1.731310918109106822e+01
7.670000000000156248e+00 1.719808165693780921e+01
7.690000000000155822e+00 1.686764841353058841e+01
7.710000000000155396e+00 1.681975054800922820e+01
7.730000000000154969e+00 1.643941763446563797e+01
7.750000000000154543e+00 1.637446789357480270e+01
7.770000000000154117e+00 1.603633440904524221e+01
7.790000000000153690e+00 1.594671761885008543e+01
7.810000000000153264e+00 1.575099405434774269e+01
7.830000000000152838e+00 1.566739708927109653e+01
7.850000000000152411e+00 1.536047319586551119e+01
7.870000000000151985e+00 1.517240170758942419e+01
7.890000000000151559e+00 1.499988049331800433e+01
7.910000000000151132e+00 1.479064319397334692e+01
7.930000000000150706e+00 1.471544928949621145e+01
7.950000000000150280e+00 1.445198523718386241e+01
7.970000000000149853e+00 1.424945311271017623e+01
7.990000000000149427e+00 1.412880886143793546e+01
8.010000000000149001e+00 1.400047208423177203e+01
8.030000000000148574e+00 1.377895872518515397e+01
8.050000000000148148e+00 1.361172828675711166e+01
8.070000000000147722e+00 1.342596764009677379e+01
8.090000000000147296e+00 1.336634532169032141e+01
8.110000000000146869e+00 1.320071145224616593e+01
8.130000000000146443e+00 1.285170075391809696e+01
8.150000000000146017e+00 1.291130490360017369e+01
8.170000000000145590e+00 1.267655047951535252e+01
8.190000000000145164e+00 1.258543965690991051e+01
8.210000000000144738e+00 1.239426910429995843e+01
8.230000000000144311e+00 1.227620683320901485e+01
8.250000000000143885e+00 1.209030346326662730e+01
8.270000000000143459e+00 1.201756777522870578e+01
8.290000000000143032e+00 1.180058508693903718e+01
8.310000000000142606e+00 1.169159659173162780e+01
8.330000000000142180e+00 1.162097947107378637e+01
8.350000000000141753e+00 1.153420486379466681e+01
8.370000000000141327e+00 1.122061222329154972e+01
8.390000000000140901e+00 1.125633491803083608e+01
8.410000000000140474e+00 1.104506785776652222e+01
8.430000000000140048e+00 1.090968379632084861e+01
8.450000000000139622e+00 1.075163753455851712e+01
8.470000000000139195e+00 1.059253236525574238e+01
8.490000000000138769e+00 1.049506628943505504e+01
8.510000000000138343e+00 1.041431088398412719e+01
8.530000000000137916e+00 1.027187747339324453e+01
8.550000000000137490e+00 1.015325780190829441e+01
8.570000000000137064e+00 1.001834203053852157e+01
8.590000000000136637e+00 9.950697732097470549e+00
8.610000000000136211e+00 9.820842365751085268e+00
8.630000000000135785e+00 9.547702985732813730e+00
8.650000000000135358e+00 9.464388491065513165e+00
8.670000000000134932e+00 9.480929859464300336e+00
8.690000000000134506e+00 9.319011946436869920e+00
8.710000000000134079e+00 9.273100316951438771e+00
8.730000000000133653e+00 9.116023997757180197e+00
8.750000000000133227e+00 8.976822561365761288e+00
8.770000000000132800e+00 8.897917932203080582e+00
8.790000000000132374e+00 8.826546228433052477e+00
8.810000000000131948e+00 8.824703541626265135e+00
8.830000000000131521e+00 8.604547156182153600e+00
8.850000000000131095e+00 8.539191858809594748e+00
8.870000000000130669e+00 8.434736596160204769e+00
8.890000000000130242e+00 8.369830021906471629e+00
8.910000000000129816e+00 8.242600255650883057e+00
8.930000000000129390e+00 8.092735408591652302e+00
8.950000000000128964e+00 8.142373529980615032e+00
8.970000000000128537e+00 7.993469066174703208e+00
8.990000000000128111e+00 7.864454750235965186e+00
9.010000000000127685e+00 7.752460657412090228e+00
9.030000000000127258e+00 7.697186715278402147e+00
9.050000000000126832e+00 7.652055242174783167e+00
9.070000000000126406e+00 7.583220696760244905e+00
9.090000000000125979e+00 7.422499707380336709e+00
9.110000000000125553e+00 7.397862942249536999e+00
9.130000000000125127e+00 7.303308687205500860e+00
9.150000000000124700e+00 7.172289102075607659e+00
9.170000000000124274e+00 7.144591537736747711e+00
9.190000000000123848e+00 7.056808260335439620e+00
9.210000000000123421e+00 6.946426840677036196e+00
9.230000000000122995e+00 6.899510526012790024e+00
9.250000000000122569e+00 6.864272634247343241e+00
9.270000000000122142e+00 6.772917213642770662e+00
9.290000000000121716e+00 6.671491333766350174e+00
9.310000000000121290e+00 6.583890415698297360e+00
9.330000000000120863e+00 6.531847760128637326e+00
9.350000000000120437e+00 6.444300077279795147e+00
9.370000000000120011e+00 6.397293519268386852e+00
9.390000000000119584e+00 6.323124961984611048e+00
9.410000000000119158e+00 6.265292841992297745e+00
9.430000000000118732e+00 6.206869252695596195e+00
9.450000000000118305e+00 6.161356904066059847e+00
9.470000000000117879e+00 6.065229795604263785e+00
9.490000000000117453e+00 6.032787161768117912e+00
9.510000000000117026e+00 5.979579549736795840e+00
9.530000000000116600e+00 5.885142199113528427e+00
9.550000000000116174e+00 5.832811192439356418e+00
9.570000000000115747e+00 5.792320832749218162e+00
9.590000000000115321e+00 5.765402379562367230e+00
9.610000000000114895e+00 5.685238018351363110e+00
9.630000000000114468e+00 5.602601026333332790e+00
9.650000000000114042e+00 5.577890973163110999e+00
9.670000000000113616e+00 5.485806848814035241e+00
9.690000000000113189e+00 5.445130374586402588e+00
9.710000000000112763e+00 5.367951961965443886e+00
9.730000000000112337e+00 5.317988742227405474e+00
9.750000000000111910e+00 5.244722222925106259e+00
9.770000000000111484e+00 5.262895245997431637e+00
9.790000000000111058e+00 5.125814652122307358e+00
9.810000000000110632e+00 5.138467564141581789e+00
9.830000000000110205e+00 5.082926356310779603e+00
9.850000000000109779e+00 5.002201037687900254e+00
9.870000000000109353e+00 4.936075898230654957e+00
9.890000000000108926e+00 4.902173598558209555e+00
9.910000000000108500e+00 4.895906912793694943e+00
9.930000000000108074e+00 4.846451731913222538e+00
9.950000000000107647e+00 4.812944763272679616e+00
9.970000000000107221e+00 4.710464779457620210e+00
9.990000000000106795e+00 4.711192988096826184e+00
1.001000000000010637e+01 4.646219037536972074e+00
1.003000000000010594e+01 4.598742896061917662e+00
1.005000000000010552e+01 4.553579706143109362e+00
1.007000000000010509e+01 4.535212456306570772e+00
1.009000000000010466e+01 4.495569818629160608e+00
1.011000000000010424e+01 4.430009073912129836e+00
1.013000000000010381e+01 4.380333898046242957e+00
1.015000000000010338e+01 4.368371233754878347e+00
1.017000000000010296e+01 4.305921911189039442e+00
1.019000000000010253e+01 4.250703516541413762e+00
1.021000000000010210e+01 4.207738054851393628e+00
1.023000000000010168e+01 4.205539200794013333e+00
1.025000000000010125e+01 4.117631145246907209e+00
1.027000000000010083e+01 4.136484073690201768e+00
1.029000000000010040e+01 4.069865000747111772e+00
1.031000000000009997e+01 4.063962761069442209e+00
1.033000000000009955e+01 3.965194828323383103e+00
1.035000000000009912e+01 3.967337017924470466e+00
1.037000000000009869e+01 3.923263524211832554e+00
1.039000000000009827e+01 3.865266066864713856e+00
1.041000000000009784e+01 3.861164797373678681e+00
1.043000000000009742e+01 3.817311821172641118e+00
1.045000000000009699e+01 3.742908603449381033e+00
1.047000000000009656e+01 3.738092756487076063e+00
1.049000000000009614e+01 3.753817782044541751e+00
1.051000000000009571e+01 3.671169388187847105e+00
1.053000000000009528e+01 3.643158480993735182e+00
1.055000000000009486e+01 3.593564492397081089e+00
1.057000000000009443e+01 3.537408749722256829e+00
1.059000000000009400e+01 3.558362056103178794e+00
1.061000000000009358e+01 3.482288700087299294e+00
1.063000000000009315e+01 3.460091064701781072e+00
1.065000000000009273e+01 3.447810194194329547e+00
1.067000000000009230e+01 3.389928211384146906e+00
1.069000000000009187e+01 3.376912773831270087e+00
1.071000000000009145e+01 3.316671795930764777e+00
1.073000000000009102e+01 3.286509985879904949e+00
1.075000000000009059e+01 3.249580810921704366e+00
1.077000000000009017e+01 3.259123151377019134e+00
1.079000000000008974e+01 3.208273483756451938e+00
1.081000000000008932e+01 3.172711575965054820e+00
1.083000000000008889e+01 3.116937649776951424e+00
1.085000000000008846e+01 3.083753325447605942e+00
1.087000000000008804e+01 3.112588806108361972e+00
1.089000000000008761e+01 3.038750432932506129e+00
1.091000000000008718e+01 3.028181881960955391e+00
1.093000000000008676e+01 3.002030786160322151e+00
1.095000000000008633e+01 2.982494406208254567e+00
1.097000000000008590e+01 2.934159038185461199e+00
1.099000000000008548e+01 2.888914961342571086e+00
1.101000000000008505e+01 2.900154816153621251e+00
1.103000000000008463e+01 2.881675029876686001e+00
1.105000000000008420e+01 2.806347199724095631e+00
1.107000000000008377e+01 2.821920167775167965e+00
1.109000000000008335e+01 2.816005096887032710e+00
1.111000000000008292e+01 2.731523514735485492e+00
1.113000000000008249e+01 2.738316282250929046e+00
1.115000000000008207e+01 2.699968818792783054e+00
1.117000000000008164e+01 2.710506508237926049e+00
1.119000000000008122e+01 2.661900057688169063e+00
1.121000000000008079e+01 2.602996317107688640e+00
1.123000000000008036e+01 2.609031648419863902e+00
1.125000000000007994e+01 2.575700037608736892e+00
1.127000000000007951e+01 2.531055409633859998e+00
1.129000000000007908e+01 2.542618135832197090e+00
1.131000000000007866e+01 2.504903036008827577e+00
1.133000000000007823e+01 2.496652284964293589e+00
1.135000000000007780e+01 2.476538659707135714e+00
1.137000000000007738e+01 2.424816573055277313e+00
1.139000000000007695e+01 2.461265195192037680e+00
1.141000000000007653e+01 2.405743013898729910e+00
1.143000000000007610e+01 2.361399805539741603e+00
1.145000000000007567e+01 2.332157040359956302e+00
1.147000000000007525e+01 2.320455034783071468e+00
1.149000000000007482e+01 2.287227682205871915e+00
1.151000000000007439e+01 2.299754718456183955e+00
1.153000000000007397e+01 2.262837994662100893e+00
1.155000000000007354e+01 2.227353843749743323e+00
1.157000000000007311e+01 2.209463038031824755e+00
1.159000000000007269e+01 2.154195495793831405e+00
1.161000000000007226e+01 2.161693368096830437e+00
1.163000000000007184e+01 2.149109073499052780e+00
1.165000000000007141e+01 2.115150364234628100e+00
1.167000000000007098e+01 2.100959689597012403e+00
1.169000000000007056e+01 2.098961160211853194e+00
1.171000000000007013e+01 2.081085677149785429e+00
1.173000000000006970e+01 2.031451370468999595e+00
1.175000000000006928e+01 2.010056609485141976e+00
1.177000000000006885e+01 2.000662692868654613e+00
1.179000000000006843e+01 1.997952931055290371e+00
1.181000000000006800e+01 1.948097446127386778e+00
1.183000000000006757e+01 1.933412511192987626e+00
1.185000000000006715e+01 1.926111064716976129e+00
1.187000000000006672e+01 1.903637472584557733e+00
1.189000000000006629e+01 1.876403434024449979e+00
1.191000000000006587e+01 1.853324708150065447e+00
1.193000000000006544e+01 1.850004128641083101e+00
1.195000000000006501e+01 1.795742168955242635e+00
1.197000000000006459e+01 1.803542334471505137e+00
1.199000000000006416e+01 1.796935079725598072e+00
1.201000000000006374e+01 1.780541454797690326e+00
1.203000000000006331e+01 1.762720790173901264e+00
1.205000000000006288e+01 1.729989054670492798e+00
1.207000000000006246e+01 1.725280828866109673e+00
1.209000000000006203e+01 1.712037808166246622e+00
1.211000000000006160e+01 1.692148212009855879e+00
1.213000000000006118e+01 1.676635825743967523e+00
1.215000000000006075e+01 1.649158540266356887e+00
1.217000000000006033e+01 1.673203733184581266e+00
1.219000000000005990e+01 1.654785330736335380e+00
1.221000000000005947e+01 1.585631598762869299e+00
1.223000000000005905e+01 1.577677190408857566e+00
1.225000000000005862e+01 1.575952736775218632e+00
1.227000000000005819e+01 1.533210394476149929e+00
1.229000000000005777e+01 1.520280149706549233e+00
1.231000000000005734e+01 1.536541897724338135e+00
1.233000000000005691e+01 1.504504682002258287e+00
1.235000000000005649e+01 1.479568293946337709e+00
1.237000000000005606e+01 1.491849476196850821e+00
1.239000000000005564e+01 1.446244913199472792e+00
1.241000000000005521e+01 1.448625464025510068e+00
1.243000000000005478e+01 1.450005775238805583e+00
1.245000000000005436e+01 1.437752412817516978e+00
1.247000000000005393e+01 1.390467257470870299e+00
1.249000000000005350e+01 1.406119248651455100e+00
1.251000000000005308e+01 1.367964989105906248e+00
1.253000000000005265e+01 1.381304118115123991e+00
1.255000000000005222e+01 1.318753384135142870e+00
1.257000000000005180e+01 1.345476988498387927e+00
1.259000000000005137e+01 1.326775433907765978e+00
1.261000000000005095e+01 1.291738690495947361e+00
1.263000000000005052e+01 1.291111529432370730e+00
1.265000000000005009e+01 1.263151226777101899e+00
1.267000000000004967e+01 1.289154680255858221e+00
1.269000000000004924e+01 1.265359568461704720e+00
1.271000000000004881e+01 1.228608453283180912e+00
1.273000000000004839e+01 1.222137121323323861e+00
1.275000000000004796e+01 1.242679296938220102e+00
1.277000000000004754e+01 1.213255886871974942e+00
1.279000000000004711e+01 1.191872997540566637e+00
1.281000000000004668e+01 1.197147997552155951e+00
1.283000000000004626e+01 1.170284322676345079e+00
1.285000000000004583e+01 1.156665281508947096e+00
1.287000000000004540e+01 1.147108305511527426e+00
1.289000000000004498e+01 1.139096109187667016e+00
1.291000000000004455e+01 1.127403503747552271e+00
1.293000000000004412e+01 1.128671384519062570e+00
1.295000000000004370e+01 1.098008442074783098e+00
1.297000000000004327e+01 1.123912155131449930e+00
1.299000000000004285e+01 1.081747757680617372e+00
1.301000000000004242e+01 1.081122873039852994e+00
1.303000000000004199e+01 1.094127909721012371e+00
1.305000000000004157e+01 1.078752508020364154e+00
1.307000000000004114e+01 1.052333931071357087e+00
1.309000000000004071e+01 1.045504670339948872e+00
1.311000000000004029e+01 1.006747614213513220e+00
1.313000000000003986e+01 1.051857035962311837e+00
1.315000000000003944e+01 1.034290276101939243e+00
1.317000000000003901e+01 1.005881073984465246e+00
1.319000000000003858e+01 9.989010136860184685e-01
1.321000000000003816e+01 1.001027726430920861e+00
1.323000000000003773e+01 9.739659569755074742e-01
1.325000000000003730e+01 9.510779440743147850e-01
1.327000000000003688e+01 9.285029380060936255e-01
1.329000000000003645e+01 9.446734969575656393e-01
1.331000000000003602e+01 9.293250794247627233e-01
1.333000000000003560e+01 9.341857138184693765e-01
1.335000000000003517e+01 9.257590864436502365e-01
1.337000000000003475e+01 9.005576231749813365e-01
1.339000000000003432e+01 8.867862541170212776e-01
1.341000000000003389e+01 8.815045962689039838e-01
1.343000000000003347e+01 8.552542119626026507e-01
1.345000000000003304e+01 8.677091465411881366e-01
1.347000000000003261e+01 8.564075340144281512e-01
1.349000000000003219e+01 8.738884781887529263e-01
1.351000000000003176e+01 8.110617177819778867e-01
1.353000000000003133e+01 8.072822423214147669e-01
1.355000000000003091e+01 7.735344126941341436e-01
1.357000000000003048e+01 7.699800757636615645e-01
1.359000000000003006e+01 7.687011808567753013e-01
1.361000000000002963e+01 7.773613438256827823e-01
1.363000000000002920e+01 7.501185282851628999e-01
1.365000000000002878e+01 7.319845034150150864e-01
1.367000000000002835e+01 7.381695517808140039e-01
1.369000000000002792e+01 7.322360283985687168e-01
1.371000000000002750e+01 7.218965708319627916e-01
1.373000000000002707e+01 7.175493740617232552e-01
1.375000000000002665e+01 7.130556862403208962e-01
1.377000000000002622e+01 6.995086816515245776e-01
1.379000000000002579e+01 6.934440738301679286e-01
1.381000000000002537e+01 6.636924931240946179e-01
1.383000000000002494e+01 6.424355513963568853e-01
1.385000000000002451e+01 6.500587426121091639e-01
1.387000000000002409e+01 6.598733994181266160e-01
1.389000000000002366e+01 6.363255275684892576e-01
1.391000000000002323e+01 6.369589031350763042e-01
1.393000000000002281e+01 6.282583077146197681e-01
1.395000000000002238e+01 5.959076942968669632e-01
1.397000000000002196e+01 5.872475792385601912e-01
1.399000000000002153e+01 5.895896647889438125e-01
1.401000000000002110e+01 5.617330826116549991e-01
1.403000000000002068e+01 5.885643454350737436e-01
1.405000000000002025e+01 5.824961305841822590e-01
1.407000000000001982e+01 5.751181089553517589e-01
1.409000000000001940e+01 5.628274238230186466e-01
1.411000000000001897e+01 5.427504381609550288e-01
1.413000000000001855e+01 5.506750564856692787e-01
1.415000000000001812e+01 5.320655803897860192e-01
1.417000000000001769e+01 5.190137206996177088e-01
1.419000000000001727e+01 5.058035892825549773e-01
1.421000000000001684e+01 4.988970612714119235e-01
1.423000000000001641e+01 4.903776472236107686e-01
1.425000000000001599e+01 4.699233938967578017e-01
1.427000000000001556e+01 4.754451325089730784e-01
1.429000000000001513e+01 4.560940747424413466e-01
1.431000000000001471e+01 4.447379744189748907e-01
1.433000000000001428e+01 4.590004426363010204e-01
1.435000000000001386e+01 4.291291397682031605e-01
1.437000000000001343e+01 4.223980289466489624e-01
1.439000000000001300e+01 3.975984627090132784e-01
1.441000000000001258e+01 3.826022561150335122e-01
1.443000000000001215e+01 3.600115687552200017e-01
1.445000000000001172e+01 3.341136750607192618e-01
1.447000000000001130e+01 3.261956138093782265e-01
1.449000000000001087e+01 3.224813859241065228e-01
1.451000000000001044e+01 2.855339956351318764e-01
1.453000000000001002e+01 2.565715850707889212e-01
1.455000000000000959e+01 1.800106023839190827e-01
1.457000000000000917e+01 1.328118414112297307e-01
1.459000000000000874e+01 9.878293492633162531e-02
1.461000000000000831e+01 8.439043251176062133e-02
1.463000000000000789e+01 6.429073745324927203e-02
1.465000000000000746e+01 2.502015622783164417e-02
1.467000000000000703e+01 1.097828562919080965e-02
1.469000000000000661e+01 2.722463207368989221e-03
1.471000000000000618e+01 7.231743038662707016e-09
1.473000000000000576e+01 0.000000000000000000e+00
1.475000000000000533e+01 0.000000000000000000e+00
1.477000000000000490e+01 0.000000000000000000e+00
1.479000000000000448e+01 0.000000000000000000e+00
1.481000000000000405e+01 0.000000000000000000e+00
1.483000000000000362e+01 0.000000000000000000e+00
1.485000000000000320e+01 0.000000000000000000e+00
1.487000000000000277e+01 0.000000000000000000e+00
1.489000000000000234e+01 0.000000000000000000e+00
1.491000000000000192e+01 0.000000000000000000e+00
1.493000000000000149e+01 0.000000000000000000e+00
1.495000000000000107e+01 0.000000000000000000e+00
1.497000000000000064e+01 0.000000000000000000e+00
1.499000000000000021e+01 0.000000000000000000e+00
