# Redshift		Merger Rate Density [Gpc^-3yr^-1]
1.000000000031931770e-02 1.033192683034086556e+01
3.000000000031888964e-02 1.090828223257033258e+01
5.000000000031846331e-02 1.090256895212946020e+01
7.000000000031804392e-02 1.106001819430569100e+01
9.000000000031761760e-02 1.136922662013259533e+01
1.100000000003171913e-01 1.135335416129866992e+01
1.300000000003167511e-01 1.211634173600970144e+01
1.500000000003163247e-01 1.188848683880222978e+01
1.700000000003158984e-01 1.210215351561490138e+01
1.900000000003154721e-01 1.217019638944677240e+01
2.100000000003150458e-01 1.238786332105797250e+01
2.300000000003146194e-01 1.272143078555895457e+01
2.500000000003141931e-01 1.309099107421821451e+01
2.700000000003137668e-01 1.355075263407211494e+01
2.900000000003133405e-01 1.394130872815135547e+01
3.100000000003129141e-01 1.382665078049332585e+01
3.300000000003124878e-01 1.443953885698373796e+01
3.500000000003120615e-01 1.449731037287352287e+01
3.700000000003116352e-01 1.449228873105016824e+01
3.900000000003112088e-01 1.468048059225172608e+01
4.100000000003107825e-01 1.471203076105687302e+01
4.300000000003103562e-01 1.528868781935483057e+01
4.500000000003099299e-01 1.537428708331739458e+01
4.700000000003095035e-01 1.507806595690230722e+01
4.900000000003090772e-01 1.590241103411927170e+01
5.100000000003086509e-01 1.586020984561766589e+01
5.300000000003082246e-01 1.606937661272249684e+01
5.500000000003077982e-01 1.664954243561891545e+01
5.700000000003073719e-01 1.711603136502615286e+01
5.900000000003069456e-01 1.768693527479376826e+01
6.100000000003065193e-01 1.815754984361814905e+01
6.300000000003060929e-01 1.838359557049857784e+01
6.500000000003056666e-01 1.891186394987132502e+01
6.700000000003052403e-01 1.837452262725115304e+01
6.900000000003048140e-01 1.952410983929176069e+01
7.100000000003043876e-01 1.884510880179021441e+01
7.300000000003039613e-01 1.935947266345065643e+01
7.500000000003035350e-01 1.985626181711544547e+01
7.700000000003031086e-01 2.048818253030006531e+01
7.900000000003026823e-01 2.128604534783695712e+01
8.100000000003022560e-01 2.079944990238830727e+01
8.300000000003018297e-01 2.134974235686987498e+01
8.500000000003014033e-01 2.170235801178437640e+01
8.700000000003009770e-01 2.271065478306773855e+01
8.900000000003005507e-01 2.200218977182248281e+01
9.100000000003001244e-01 2.244535998844050795e+01
9.300000000002996980e-01 2.351485396816505258e+01
9.500000000002992717e-01 2.285376814023945968e+01
9.700000000002988454e-01 2.361639794309099472e+01
9.900000000002984191e-01 2.248268912733946223e+01
1.010000000000297993e+00 2.355457587423034482e+01
1.030000000000297566e+00 2.348973723732326135e+01
1.050000000000297140e+00 2.387863149222016190e+01
1.070000000000296714e+00 2.311719808450232350e+01
1.090000000000296287e+00 2.470603232213835199e+01
1.110000000000295861e+00 2.437310478852268503e+01
1.130000000000295435e+00 2.410460074966285049e+01
1.150000000000295008e+00 2.402696666897687905e+01
1.170000000000294582e+00 2.453531388817029679e+01
1.190000000000294156e+00 2.489002281844962283e+01
1.210000000000293729e+00 2.426309992352969758e+01
1.230000000000293303e+00 2.479351989955267399e+01
1.250000000000292877e+00 2.572515749237454585e+01
1.270000000000292451e+00 2.644555429278010195e+01
1.290000000000292024e+00 2.547527010516012780e+01
1.310000000000291598e+00 2.691010529260206852e+01
1.330000000000291172e+00 2.589420929900258983e+01
1.350000000000290745e+00 2.693620674508176194e+01
1.370000000000290319e+00 2.652492645852993647e+01
1.390000000000289893e+00 2.688696141022675334e+01
1.410000000000289466e+00 2.638065811436775121e+01
1.430000000000289040e+00 2.637226357188006176e+01
1.450000000000288614e+00 2.680983373121279101e+01
1.470000000000288187e+00 2.634324194971577171e+01
1.490000000000287761e+00 2.761959136706602536e+01
1.510000000000287335e+00 2.681416231532086059e+01
1.530000000000286908e+00 2.720496386573553949e+01
1.550000000000286482e+00 2.756947406221954822e+01
1.570000000000286056e+00 2.623743484254608305e+01
1.590000000000285629e+00 2.845070188521393106e+01
1.610000000000285203e+00 2.756444590840046871e+01
1.630000000000284777e+00 2.701226335416422231e+01
1.650000000000284350e+00 2.683676230123020190e+01
1.670000000000283924e+00 2.743209118108626754e+01
1.690000000000283498e+00 2.663147721158208725e+01
1.710000000000283071e+00 2.752800292255207282e+01
1.730000000000282645e+00 2.664686540381278590e+01
1.750000000000282219e+00 2.647257706603261340e+01
1.770000000000281792e+00 2.764379497884305437e+01
1.790000000000281366e+00 2.608579098471713209e+01
1.810000000000280940e+00 2.708801809033440122e+01
1.830000000000280513e+00 2.604827345960760709e+01
1.850000000000280087e+00 2.718156100485847659e+01
1.870000000000279661e+00 2.632718145888255634e+01
1.890000000000279234e+00 2.653969605601622561e+01
1.910000000000278808e+00 2.645662936676316335e+01
1.930000000000278382e+00 2.543648823244325641e+01
1.950000000000277955e+00 2.650438106307391450e+01
1.970000000000277529e+00 2.510437727816299969e+01
1.990000000000277103e+00 2.562790637701857932e+01
2.010000000000276899e+00 2.594294185871534708e+01
2.030000000000276472e+00 2.545626646760707601e+01
2.050000000000276046e+00 2.511547733624438905e+01
2.070000000000275620e+00 2.654799396793937660e+01
2.090000000000275193e+00 2.513259409093787511e+01
2.110000000000274767e+00 2.528098574986803015e+01
2.130000000000274341e+00 2.525276450846132548e+01
2.150000000000273914e+00 2.509488812805181013e+01
2.170000000000273488e+00 2.466017940406194953e+01
2.190000000000273062e+00 2.555774882798974801e+01
2.210000000000272635e+00 2.468331762256238093e+01
2.230000000000272209e+00 2.473011050344476303e+01
2.250000000000271783e+00 2.479855749502484841e+01
2.270000000000271356e+00 2.425810733130949970e+01
2.290000000000270930e+00 2.494318744177500591e+01
2.310000000000270504e+00 2.421931764983886026e+01
2.330000000000270077e+00 2.367056638361824028e+01
2.350000000000269651e+00 2.450513587972351814e+01
2.370000000000269225e+00 2.419670312123476208e+01
2.390000000000268798e+00 2.395652981500921186e+01
2.410000000000268372e+00 2.455843573753733722e+01
2.430000000000267946e+00 2.383346648895716058e+01
2.450000000000267519e+00 2.411675252454316265e+01
2.470000000000267093e+00 2.360053238077586357e+01
2.490000000000266667e+00 2.409793409446160339e+01
2.510000000000266240e+00 2.429077942672006785e+01
2.530000000000265814e+00 2.418885486823662845e+01
2.550000000000265388e+00 2.311327359283579597e+01
2.570000000000264961e+00 2.373063462105431043e+01
2.590000000000264535e+00 2.367943166467027538e+01
2.610000000000264109e+00 2.393420925020676293e+01
2.630000000000263682e+00 2.326960280922736857e+01
2.650000000000263256e+00 2.330705143053653217e+01
2.670000000000262830e+00 2.385526805014151819e+01
2.690000000000262403e+00 2.394466434719775449e+01
2.710000000000261977e+00 2.280730790169598876e+01
2.730000000000261551e+00 2.380059462837463258e+01
2.750000000000261124e+00 2.304088409174994112e+01
2.770000000000260698e+00 2.275224718172901817e+01
2.790000000000260272e+00 2.334764733870425246e+01
2.810000000000259845e+00 2.312914889599628410e+01
2.830000000000259419e+00 2.292209872737258891e+01
2.850000000000258993e+00 2.269641948842276236e+01
2.870000000000258567e+00 2.292952679579210695e+01
2.890000000000258140e+00 2.231936779133032545e+01
2.910000000000257714e+00 2.263464487725177321e+01
2.930000000000257288e+00 2.260177460396423044e+01
2.950000000000256861e+00 2.262420335225383639e+01
2.970000000000256435e+00 2.269348776603945694e+01
2.990000000000256009e+00 2.257683511150936084e+01
3.010000000000255582e+00 2.215333243964834864e+01
3.030000000000255156e+00 2.208348437061674474e+01
3.050000000000254730e+00 2.264591472279050066e+01
3.070000000000254303e+00 2.267413060247039880e+01
3.090000000000253877e+00 2.203648562136607936e+01
3.110000000000253451e+00 2.263713346866565956e+01
3.130000000000253024e+00 2.164898134080318215e+01
3.150000000000252598e+00 2.246411166819877536e+01
3.170000000000252172e+00 2.160676891307045011e+01
3.190000000000251745e+00 2.238370299335651836e+01
3.210000000000251319e+00 2.196419399365451852e+01
3.230000000000250893e+00 2.128373145627668350e+01
3.250000000000250466e+00 2.199655245498862044e+01
3.270000000000250040e+00 2.082611144267525205e+01
3.290000000000249614e+00 2.131914275772093958e+01
3.310000000000249187e+00 2.155138774172068850e+01
3.330000000000248761e+00 2.116997211710966198e+01
3.350000000000248335e+00 2.090834790723240033e+01
3.370000000000247908e+00 2.070936536028591846e+01
3.390000000000247482e+00 2.108311842677528958e+01
3.410000000000247056e+00 2.110185345336040896e+01
3.430000000000246629e+00 2.058030145841603442e+01
3.450000000000246203e+00 2.054259671318940406e+01
3.470000000000245777e+00 2.003750294371351259e+01
3.490000000000245350e+00 2.045022387746782044e+01
3.510000000000244924e+00 1.996072461374876639e+01
3.530000000000244498e+00 1.991162163389769546e+01
3.550000000000244071e+00 1.963674449217561957e+01
3.570000000000243645e+00 1.976128258789809067e+01
3.590000000000243219e+00 1.961264552035629904e+01
3.610000000000242792e+00 1.931451200656934830e+01
3.630000000000242366e+00 1.964609020199409173e+01
3.650000000000241940e+00 1.894266523109597955e+01
3.670000000000241513e+00 1.881379545157203026e+01
3.690000000000241087e+00 1.884576995417484824e+01
3.710000000000240661e+00 1.867218785712287499e+01
3.730000000000240234e+00 1.811520485575011108e+01
3.750000000000239808e+00 1.853456357951385058e+01
3.770000000000239382e+00 1.790195440985434416e+01
3.790000000000238956e+00 1.840484478975633564e+01
3.810000000000238529e+00 1.764514741913474793e+01
3.830000000000238103e+00 1.814284605582275489e+01
3.850000000000237677e+00 1.747836164164496964e+01
3.870000000000237250e+00 1.707653582528846670e+01
3.890000000000236824e+00 1.747102619588114436e+01
3.910000000000236398e+00 1.716503531289943041e+01
3.930000000000235971e+00 1.720532877430451180e+01
3.950000000000235545e+00 1.703862790379939440e+01
3.970000000000235119e+00 1.709792073678635660e+01
3.990000000000234692e+00 1.626096636277531005e+01
4.010000000000234266e+00 1.641585368290079927e+01
4.030000000000233840e+00 1.665655250374071983e+01
4.050000000000233413e+00 1.635265569936194296e+01
4.070000000000232987e+00 1.576761506166231008e+01
4.090000000000232561e+00 1.609292074145699303e+01
4.110000000000232134e+00 1.611392312439063446e+01
4.130000000000231708e+00 1.604313984133339233e+01
4.150000000000231282e+00 1.531066432997910454e+01
4.170000000000230855e+00 1.534154514038251627e+01
4.190000000000230429e+00 1.556140597543902615e+01
4.210000000000230003e+00 1.512388250671390111e+01
4.230000000000229576e+00 1.473628306225717921e+01
4.250000000000229150e+00 1.484999489061799771e+01
4.270000000000228724e+00 1.474877485979497393e+01
4.290000000000228297e+00 1.465565048658930181e+01
4.310000000000227871e+00 1.413452661118202514e+01
4.330000000000227445e+00 1.437531716444230234e+01
4.350000000000227018e+00 1.413681270155843883e+01
4.370000000000226592e+00 1.397335094120163745e+01
4.390000000000226166e+00 1.404741831603751301e+01
4.410000000000225739e+00 1.355288237439747512e+01
4.430000000000225313e+00 1.369099555127565537e+01
4.450000000000224887e+00 1.335076753674131922e+01
4.470000000000224460e+00 1.362719380004127245e+01
4.490000000000224034e+00 1.333004487028279605e+01
4.510000000000223608e+00 1.326598517443703429e+01
4.530000000000223181e+00 1.297984987021118641e+01
4.550000000000222755e+00 1.306511179288453306e+01
4.570000000000222329e+00 1.300433234752724232e+01
4.590000000000221902e+00 1.253881293871426017e+01
4.610000000000221476e+00 1.307658703754941598e+01
4.630000000000221050e+00 1.248128813655000435e+01
4.650000000000220624e+00 1.248689815974998218e+01
4.670000000000220197e+00 1.252960623531822471e+01
4.690000000000219771e+00 1.243922722760000887e+01
4.710000000000219345e+00 1.233983516151587700e+01
4.730000000000218918e+00 1.236777279335150048e+01
4.750000000000218492e+00 1.229584575430548021e+01
4.770000000000218066e+00 1.195207104049480940e+01
4.790000000000217639e+00 1.205518901265358345e+01
4.810000000000217213e+00 1.187239678390276865e+01
4.830000000000216787e+00 1.202463687923339108e+01
4.850000000000216360e+00 1.193671748394627130e+01
4.870000000000215934e+00 1.185380546151257164e+01
4.890000000000215508e+00 1.172823780064550725e+01
4.910000000000215081e+00 1.195258950818421617e+01
4.930000000000214655e+00 1.147226114428112709e+01
4.950000000000214229e+00 1.168676668997987811e+01
4.970000000000213802e+00 1.151708498075321607e+01
4.990000000000213376e+00 1.154372636508948524e+01
5.010000000000212950e+00 1.141352888384282771e+01
5.030000000000212523e+00 1.141830318959080870e+01
5.050000000000212097e+00 1.144867635271149631e+01
5.070000000000211671e+00 1.153057864211410255e+01
5.090000000000211244e+00 1.133694327405195246e+01
5.110000000000210818e+00 1.097935164797183027e+01
5.130000000000210392e+00 1.123074865179274617e+01
5.150000000000209965e+00 1.122120963443258823e+01
5.170000000000209539e+00 1.123926486656162815e+01
5.190000000000209113e+00 1.126179014095491127e+01
5.210000000000208686e+00 1.131381092108279951e+01
5.230000000000208260e+00 1.109325705439713339e+01
5.250000000000207834e+00 1.126172467738698302e+01
5.270000000000207407e+00 1.097313585917457246e+01
5.290000000000206981e+00 1.099183041012063988e+01
5.310000000000206555e+00 1.110803440492926875e+01
5.330000000000206128e+00 1.113594937854660927e+01
5.350000000000205702e+00 1.092640905621299474e+01
5.370000000000205276e+00 1.101520932223894711e+01
5.390000000000204849e+00 1.098221093433878259e+01
5.410000000000204423e+00 1.100697828171188419e+01
5.430000000000203997e+00 1.101808148553631206e+01
5.450000000000203570e+00 1.091442928622101682e+01
5.470000000000203144e+00 1.115585007350954072e+01
5.490000000000202718e+00 1.110715028650183633e+01
5.510000000000202292e+00 1.065241424320315211e+01
5.530000000000201865e+00 1.079321389200288905e+01
5.550000000000201439e+00 1.079917298165382533e+01
5.570000000000201013e+00 1.070251063692981575e+01
5.590000000000200586e+00 1.068895033129323657e+01
5.610000000000200160e+00 1.070207368117734958e+01
5.630000000000199734e+00 1.072920930163412656e+01
5.650000000000199307e+00 1.074621128287897243e+01
5.670000000000198881e+00 1.071280627590743251e+01
5.690000000000198455e+00 1.043815429984291399e+01
5.710000000000198028e+00 1.079214523607677023e+01
5.730000000000197602e+00 1.061956317073149769e+01
5.750000000000197176e+00 1.041974307852061976e+01
5.770000000000196749e+00 1.057660816160884920e+01
5.790000000000196323e+00 1.035508249490084154e+01
5.810000000000195897e+00 1.026072874342339603e+01
5.830000000000195470e+00 1.050093354275514024e+01
5.850000000000195044e+00 1.053060568728462343e+01
5.870000000000194618e+00 1.028663184218742899e+01
5.890000000000194191e+00 1.041474034323386633e+01
5.910000000000193765e+00 1.022483581565878197e+01
5.930000000000193339e+00 1.017572029257406818e+01
5.950000000000192912e+00 9.973663194552008449e+00
5.970000000000192486e+00 1.040666485837631328e+01
5.990000000000192060e+00 1.010952308625394913e+01
6.010000000000191633e+00 9.990864590707012383e+00
6.030000000000191207e+00 1.009183043275669256e+01
6.050000000000190781e+00 9.992902847666154997e+00
6.070000000000190354e+00 9.847004343430716844e+00
6.090000000000189928e+00 9.934171940858769645e+00
6.110000000000189502e+00 9.870259686999519388e+00
6.130000000000189075e+00 9.668868625214200208e+00
6.150000000000188649e+00 9.959285130509787365e+00
6.170000000000188223e+00 9.752531206904688332e+00
6.190000000000187796e+00 9.870196066838490268e+00
6.210000000000187370e+00 9.669336290662570832e+00
6.230000000000186944e+00 9.712556689382836339e+00
6.250000000000186517e+00 9.489379534871433819e+00
6.270000000000186091e+00 9.776075692891565083e+00
6.290000000000185665e+00 9.444807930176045474e+00
6.310000000000185238e+00 9.524176152205939161e+00
6.330000000000184812e+00 9.642974250657667667e+00
6.350000000000184386e+00 9.455896610047258122e+00
6.370000000000183960e+00 9.272281318081509127e+00
6.390000000000183533e+00 9.590919515739994239e+00
6.410000000000183107e+00 9.384325104066880030e+00
6.430000000000182681e+00 9.126274824725308932e+00
6.450000000000182254e+00 9.673447907779040733e+00
6.470000000000181828e+00 9.139448233002291033e+00
6.490000000000181402e+00 9.257823217176106567e+00
6.510000000000180975e+00 9.154985751908705893e+00
6.530000000000180549e+00 9.319277257831080519e+00
6.550000000000180123e+00 9.246920192190820842e+00
6.570000000000179696e+00 9.182684546513225854e+00
6.590000000000179270e+00 9.180844847621527194e+00
6.610000000000178844e+00 9.020907918492401478e+00
6.630000000000178417e+00 9.380847217572906516e+00
6.650000000000177991e+00 8.916754619556533257e+00
6.670000000000177565e+00 9.132238301620605014e+00
6.690000000000177138e+00 9.051622577453500185e+00
6.710000000000176712e+00 9.022363284366837988e+00
6.730000000000176286e+00 8.967017087181574198e+00
6.750000000000175859e+00 9.263257207154371287e+00
6.770000000000175433e+00 8.880406307688589962e+00
6.790000000000175007e+00 8.967779518543185446e+00
6.810000000000174580e+00 8.891223301619676889e+00
6.830000000000174154e+00 9.059735031100926150e+00
6.850000000000173728e+00 8.775829455923545908e+00
6.870000000000173301e+00 8.831572862346504849e+00
6.890000000000172875e+00 8.714965505152338920e+00
6.910000000000172449e+00 8.822437479301735053e+00
6.930000000000172022e+00 8.786460437249120403e+00
6.950000000000171596e+00 8.797209453574346583e+00
6.970000000000171170e+00 8.715574633428296636e+00
6.990000000000170743e+00 8.633413541928964818e+00
7.010000000000170317e+00 8.842273358471340217e+00
7.030000000000169891e+00 8.748887944225661073e+00
7.050000000000169464e+00 8.570340144103573365e+00
7.070000000000169038e+00 8.445017586264702558e+00
7.090000000000168612e+00 8.608585031314673230e+00
7.110000000000168185e+00 8.455880723165984492e+00
7.130000000000167759e+00 8.396768244151060046e+00
7.150000000000167333e+00 8.326519908479815157e+00
7.170000000000166906e+00 8.216707766536265112e+00
7.190000000000166480e+00 8.079085763199229220e+00
7.210000000000166054e+00 8.404882559330189906e+00
7.230000000000165628e+00 8.416342279273573368e+00
7.250000000000165201e+00 8.251916645422463503e+00
7.270000000000164775e+00 8.203914154498791689e+00
7.290000000000164349e+00 8.048269679903508944e+00
7.310000000000163922e+00 7.834096131264431051e+00
7.330000000000163496e+00 8.005620883780226293e+00
7.350000000000163070e+00 8.006658380060017066e+00
7.370000000000162643e+00 7.907574115680963800e+00
7.390000000000162217e+00 7.721917383939783441e+00
7.410000000000161791e+00 8.054668260602451113e+00
7.430000000000161364e+00 7.855571550769326450e+00
7.450000000000160938e+00 7.699667170401768068e+00
7.470000000000160512e+00 7.713646779623799077e+00
7.490000000000160085e+00 7.560287251550514398e+00
7.510000000000159659e+00 7.810381709032621522e+00
7.530000000000159233e+00 7.575186628184261473e+00
7.550000000000158806e+00 7.503534842154542694e+00
7.570000000000158380e+00 7.736787393741513696e+00
7.590000000000157954e+00 7.392451144467617752e+00
7.610000000000157527e+00 7.440065636331710586e+00
7.630000000000157101e+00 7.421540113292818042e+00
7.650000000000156675e+00 7.428189084589551072e+00
7.670000000000156248e+00 7.446559211267382850e+00
7.690000000000155822e+00 7.314040599683038657e+00
7.710000000000155396e+00 7.350341073798466240e+00
7.730000000000154969e+00 7.301656284225313875e+00
7.750000000000154543e+00 7.203377781193012197e+00
7.770000000000154117e+00 7.326410536269319707e+00
7.790000000000153690e+00 7.188261007423025539e+00
7.810000000000153264e+00 7.179853295058506113e+00
7.830000000000152838e+00 7.164930397526754646e+00
7.850000000000152411e+00 7.434607011029116030e+00
7.870000000000151985e+00 7.199837724971590802e+00
7.890000000000151559e+00 7.224494451919736271e+00
7.910000000000151132e+00 7.225286502090476404e+00
7.930000000000150706e+00 7.062567417949247250e+00
7.950000000000150280e+00 7.103007739024276290e+00
7.970000000000149853e+00 7.089583619326594643e+00
7.990000000000149427e+00 7.154553999597546010e+00
8.010000000000149001e+00 7.175381240370253266e+00
8.030000000000148574e+00 7.125031702300856473e+00
8.050000000000148148e+00 7.002078205444452585e+00
8.070000000000147722e+00 7.128751429771140735e+00
8.090000000000147296e+00 7.164658205381317480e+00
8.110000000000146869e+00 7.184793268339951133e+00
8.130000000000146443e+00 6.998871727246934071e+00
8.150000000000146017e+00 7.092453441223738331e+00
8.170000000000145590e+00 7.147757059469302732e+00
8.190000000000145164e+00 6.973862698359283741e+00
8.210000000000144738e+00 7.064169534404401318e+00
8.230000000000144311e+00 7.160204701551328377e+00
8.250000000000143885e+00 7.108763704930156635e+00
8.270000000000143459e+00 7.040192906108091897e+00
8.290000000000143032e+00 7.064950128583247668e+00
8.310000000000142606e+00 7.029932144373477243e+00
8.330000000000142180e+00 7.074287761168256417e+00
8.350000000000141753e+00 6.985145533306025278e+00
8.370000000000141327e+00 7.026961287486717112e+00
8.390000000000140901e+00 6.941346025902451977e+00
8.410000000000140474e+00 6.983156945326695286e+00
8.430000000000140048e+00 6.934658183505292506e+00
8.450000000000139622e+00 7.059237175240730799e+00
8.470000000000139195e+00 6.930147069010786254e+00
8.490000000000138769e+00 7.043062916365590453e+00
8.510000000000138343e+00 6.946973445622422361e+00
8.530000000000137916e+00 6.829628123190676803e+00
8.550000000000137490e+00 6.878472024947521746e+00
8.570000000000137064e+00 6.839484745348384465e+00
8.590000000000136637e+00 6.916011028169483765e+00
8.610000000000136211e+00 6.888555676171636222e+00
8.630000000000135785e+00 6.890154330037441710e+00
8.650000000000135358e+00 6.764369394781212463e+00
8.670000000000134932e+00 6.777257527726731290e+00
8.690000000000134506e+00 6.754366411783749413e+00
8.710000000000134079e+00 6.750403215640416121e+00
8.730000000000133653e+00 6.654572975876137164e+00
8.750000000000133227e+00 6.648519898781809268e+00
8.770000000000132800e+00 6.656407326612944431e+00
8.790000000000132374e+00 6.647684248867179235e+00
8.810000000000131948e+00 6.523160695620009442e+00
8.830000000000131521e+00 6.587304348114716213e+00
8.850000000000131095e+00 6.573912260853806977e+00
8.870000000000130669e+00 6.543857375867823123e+00
8.890000000000130242e+00 6.485740072836656545e+00
8.910000000000129816e+00 6.482212400004024211e+00
8.930000000000129390e+00 6.316918430506587967e+00
8.950000000000128964e+00 6.400562910978139008e+00
8.970000000000128537e+00 6.363470295361327800e+00
8.990000000000128111e+00 6.380048038773542984e+00
9.010000000000127685e+00 6.256951384868239430e+00
9.030000000000127258e+00 6.243067209513747606e+00
9.050000000000126832e+00 6.218519875927013274e+00
9.070000000000126406e+00 6.222140748816441302e+00
9.090000000000125979e+00 6.159679240469620787e+00
9.110000000000125553e+00 6.080318075348919216e+00
9.130000000000125127e+00 6.090108985511777817e+00
9.150000000000124700e+00 6.052873645787966161e+00
9.170000000000124274e+00 6.088831687185759733e+00
9.190000000000123848e+00 5.950357582545874990e+00
9.210000000000123421e+00 5.988051343295690998e+00
9.230000000000122995e+00 5.790970420508801730e+00
9.250000000000122569e+00 5.970422370015583624e+00
9.270000000000122142e+00 5.833981560740908456e+00
9.290000000000121716e+00 5.823945070423232728e+00
9.310000000000121290e+00 5.873793311783169990e+00
9.330000000000120863e+00 5.743640630980877404e+00
9.350000000000120437e+00 5.790987735287526306e+00
9.370000000000120011e+00 5.680534026249967283e+00
9.390000000000119584e+00 5.695634715058187858e+00
9.410000000000119158e+00 5.678638422295827937e+00
9.430000000000118732e+00 5.632656673388455992e+00
9.450000000000118305e+00 5.580864119517429778e+00
9.470000000000117879e+00 5.562994211697016134e+00
9.490000000000117453e+00 5.559036510849320045e+00
9.510000000000117026e+00 5.548711104871787647e+00
9.530000000000116600e+00 5.514432115815528057e+00
9.550000000000116174e+00 5.502021946380860840e+00
9.570000000000115747e+00 5.530077809803031208e+00
9.590000000000115321e+00 5.414586650911660470e+00
9.610000000000114895e+00 5.307978672710760293e+00
9.630000000000114468e+00 5.357578365338101278e+00
9.650000000000114042e+00 5.309664572479378286e+00
9.670000000000113616e+00 5.413972122364930861e+00
9.690000000000113189e+00 5.228980797119091584e+00
9.710000000000112763e+00 5.205220757496077155e+00
9.730000000000112337e+00 5.209744233491057308e+00
9.750000000000111910e+00 5.221978347163046763e+00
9.770000000000111484e+00 5.180624961296076414e+00
9.790000000000111058e+00 5.149209861845422509e+00
9.810000000000110632e+00 5.065346868031275207e+00
9.830000000000110205e+00 5.109769029374737315e+00
9.850000000000109779e+00 5.130331257162803027e+00
9.870000000000109353e+00 5.047878642358053725e+00
9.890000000000108926e+00 5.030600622531923527e+00
9.910000000000108500e+00 4.924242162201195150e+00
9.930000000000108074e+00 4.992560645110697415e+00
9.950000000000107647e+00 5.002133257414538292e+00
9.970000000000107221e+00 4.875444231682563689e+00
9.990000000000106795e+00 4.892816859222467230e+00
1.001000000000010637e+01 4.946746412802424331e+00
1.003000000000010594e+01 4.821242245985753350e+00
1.005000000000010552e+01 4.844983847363578455e+00
1.007000000000010509e+01 4.805346982546748080e+00
1.009000000000010466e+01 4.735645637302821953e+00
1.011000000000010424e+01 4.764160711399730630e+00
1.013000000000010381e+01 4.735078421275476401e+00
1.015000000000010338e+01 4.650882040426384201e+00
1.017000000000010296e+01 4.661076589611441889e+00
1.019000000000010253e+01 4.615520257804432980e+00
1.021000000000010210e+01 4.615342303789008227e+00
1.023000000000010168e+01 4.573626061644865182e+00
1.025000000000010125e+01 4.547092188100141819e+00
1.027000000000010083e+01 4.593909091989184290e+00
1.029000000000010040e+01 4.547248014983415132e+00
1.031000000000009997e+01 4.429228751111311091e+00
1.033000000000009955e+01 4.453427580537236530e+00
1.035000000000009912e+01 4.533373605882761836e+00
1.037000000000009869e+01 4.540384349756544147e+00
1.039000000000009827e+01 4.426783063861606138e+00
1.041000000000009784e+01 4.436245628132917673e+00
1.043000000000009742e+01 4.377149371812719458e+00
1.045000000000009699e+01 4.454833513642537213e+00
1.047000000000009656e+01 4.421007082770588070e+00
1.049000000000009614e+01 4.382198635882295967e+00
1.051000000000009571e+01 4.344055568654213495e+00
1.053000000000009528e+01 4.304843759670987424e+00
1.055000000000009486e+01 4.347921356306355456e+00
1.057000000000009443e+01 4.320589257483614887e+00
1.059000000000009400e+01 4.300569102678197808e+00
1.061000000000009358e+01 4.227186545404833851e+00
1.063000000000009315e+01 4.184933215392471872e+00
1.065000000000009273e+01 4.288707115148479687e+00
1.067000000000009230e+01 4.251509634394634141e+00
1.069000000000009187e+01 4.146174911998248724e+00
1.071000000000009145e+01 4.263459467624325150e+00
1.073000000000009102e+01 4.149460188766701307e+00
1.075000000000009059e+01 4.196803487916830555e+00
1.077000000000009017e+01 4.198570005345549916e+00
1.079000000000008974e+01 4.121025783805427167e+00
1.081000000000008932e+01 4.170185653716776741e+00
1.083000000000008889e+01 4.149502664020123355e+00
1.085000000000008846e+01 4.134723976996276917e+00
1.087000000000008804e+01 4.189127171024830787e+00
1.089000000000008761e+01 4.142405647394446611e+00
1.091000000000008718e+01 4.123623109212373627e+00
1.093000000000008676e+01 4.126514381832721234e+00
1.095000000000008633e+01 4.072436201917235543e+00
1.097000000000008590e+01 4.071206893812005845e+00
1.099000000000008548e+01 4.012115261108071707e+00
1.101000000000008505e+01 4.040837506268785795e+00
1.103000000000008463e+01 4.073474434956131596e+00
1.105000000000008420e+01 3.965584789081924466e+00
1.107000000000008377e+01 3.986993857999635793e+00
1.109000000000008335e+01 3.924860442384154435e+00
1.111000000000008292e+01 3.944779812138226038e+00
1.113000000000008249e+01 3.921488542625955365e+00
1.115000000000008207e+01 3.991602867807075405e+00
1.117000000000008164e+01 3.854755272484558404e+00
1.119000000000008122e+01 3.887091497494120418e+00
1.121000000000008079e+01 3.855271731753233677e+00
1.123000000000008036e+01 3.876431924872521861e+00
1.125000000000007994e+01 3.789023864957482779e+00
1.127000000000007951e+01 3.829895234260067394e+00
1.129000000000007908e+01 3.783724453114440056e+00
1.131000000000007866e+01 3.740835708177409735e+00
1.133000000000007823e+01 3.715921448700686192e+00
1.135000000000007780e+01 3.719881738842416574e+00
1.137000000000007738e+01 3.634917415500641624e+00
1.139000000000007695e+01 3.768342420762410772e+00
1.141000000000007653e+01 3.627801357214508471e+00
1.143000000000007610e+01 3.625106389712585919e+00
1.145000000000007567e+01 3.584197636885637639e+00
1.147000000000007525e+01 3.596299532507053698e+00
1.149000000000007482e+01 3.549025563499191183e+00
1.151000000000007439e+01 3.574497358934741520e+00
1.153000000000007397e+01 3.544177120006003268e+00
1.155000000000007354e+01 3.449148498975258104e+00
1.157000000000007311e+01 3.444572689767353868e+00
1.159000000000007269e+01 3.417491696940395229e+00
1.161000000000007226e+01 3.398581780261586527e+00
1.163000000000007184e+01 3.377638665449576028e+00
1.165000000000007141e+01 3.393660168168700864e+00
1.167000000000007098e+01 3.305055353753189706e+00
1.169000000000007056e+01 3.342570407958008971e+00
1.171000000000007013e+01 3.318952848464044258e+00
1.173000000000006970e+01 3.305791513189491937e+00
1.175000000000006928e+01 3.207145430321055812e+00
1.177000000000006885e+01 3.266355174385910054e+00
1.179000000000006843e+01 3.242454835362410304e+00
1.181000000000006800e+01 3.246656944540126322e+00
1.183000000000006757e+01 3.188965443395959554e+00
1.185000000000006715e+01 3.167394223129506692e+00
1.187000000000006672e+01 3.146074542059904555e+00
1.189000000000006629e+01 3.173456716584307280e+00
1.191000000000006587e+01 3.146457092674238343e+00
1.193000000000006544e+01 3.112976044975014123e+00
1.195000000000006501e+01 3.050990269890765383e+00
1.197000000000006459e+01 3.066916217392776645e+00
1.199000000000006416e+01 3.074856009367751497e+00
1.201000000000006374e+01 3.001820012909468982e+00
1.203000000000006331e+01 2.963334276940166045e+00
1.205000000000006288e+01 2.958657842092872858e+00
1.207000000000006246e+01 2.990553008145133695e+00
1.209000000000006203e+01 2.987022743177635498e+00
1.211000000000006160e+01 2.976634919914248556e+00
1.213000000000006118e+01 2.863648960866220339e+00
1.215000000000006075e+01 2.912867892179738405e+00
1.217000000000006033e+01 2.877962729429317967e+00
1.219000000000005990e+01 2.879921473872626425e+00
1.221000000000005947e+01 2.836915606376062549e+00
1.223000000000005905e+01 2.820290944890816220e+00
1.225000000000005862e+01 2.825276199598815818e+00
1.227000000000005819e+01 2.795645661359185574e+00
1.229000000000005777e+01 2.781725496932528241e+00
1.231000000000005734e+01 2.781053060263612320e+00
1.233000000000005691e+01 2.710711985797351176e+00
1.235000000000005649e+01 2.713244422663835476e+00
1.237000000000005606e+01 2.699777522843711530e+00
1.239000000000005564e+01 2.660053246735244681e+00
1.241000000000005521e+01 2.601385816895921632e+00
1.243000000000005478e+01 2.658246143155247321e+00
1.245000000000005436e+01 2.621067745429784157e+00
1.247000000000005393e+01 2.615686530723917880e+00
1.249000000000005350e+01 2.545196678798709478e+00
1.251000000000005308e+01 2.568905856210585092e+00
1.253000000000005265e+01 2.553517981993534747e+00
1.255000000000005222e+01 2.545421525163853005e+00
1.257000000000005180e+01 2.535132913860522752e+00
1.259000000000005137e+01 2.449850143195124730e+00
1.261000000000005095e+01 2.496506314566411255e+00
1.263000000000005052e+01 2.430488490460632089e+00
1.265000000000005009e+01 2.425456317558738917e+00
1.267000000000004967e+01 2.430516659006900504e+00
1.269000000000004924e+01 2.428150380247790618e+00
1.271000000000004881e+01 2.335400095755356453e+00
1.273000000000004839e+01 2.354507070201220298e+00
1.275000000000004796e+01 2.292465854198197039e+00
1.277000000000004754e+01 2.260057432817167200e+00
1.279000000000004711e+01 2.265506633935834735e+00
1.281000000000004668e+01 2.221912445047248497e+00
1.283000000000004626e+01 2.207057381498357618e+00
1.285000000000004583e+01 2.177399057105421143e+00
1.287000000000004540e+01 2.227969657324281094e+00
1.289000000000004498e+01 2.167790759456300620e+00
1.291000000000004455e+01 2.129208540765991309e+00
1.293000000000004412e+01 2.114766946269890813e+00
1.295000000000004370e+01 2.092892841098612955e+00
1.297000000000004327e+01 2.074856841392618723e+00
1.299000000000004285e+01 2.063592748452380388e+00
1.301000000000004242e+01 2.039429611760331884e+00
1.303000000000004199e+01 1.999430441665585478e+00
1.305000000000004157e+01 2.010185471160708115e+00
1.307000000000004114e+01 1.941116558195694841e+00
1.309000000000004071e+01 2.006190287558851093e+00
1.311000000000004029e+01 1.859941786820088483e+00
1.313000000000003986e+01 1.896189900100341053e+00
1.315000000000003944e+01 1.892636778328499414e+00
1.317000000000003901e+01 1.790840293727455013e+00
1.319000000000003858e+01 1.809101401473264259e+00
1.321000000000003816e+01 1.779209837755706847e+00
1.323000000000003773e+01 1.749187061093514073e+00
1.325000000000003730e+01 1.758869005306988864e+00
1.327000000000003688e+01 1.715369946691255310e+00
1.329000000000003645e+01 1.704502248733280600e+00
1.331000000000003602e+01 1.648248137892593723e+00
1.333000000000003560e+01 1.639022520734484845e+00
1.335000000000003517e+01 1.590628009326790382e+00
1.337000000000003475e+01 1.601365356661704098e+00
1.339000000000003432e+01 1.598215481651424241e+00
1.341000000000003389e+01 1.503623363302019067e+00
1.343000000000003347e+01 1.496971892468705434e+00
1.345000000000003304e+01 1.474986266022866310e+00
1.347000000000003261e+01 1.472241684720720034e+00
1.349000000000003219e+01 1.405197932814039374e+00
1.351000000000003176e+01 1.411550281923813044e+00
1.353000000000003133e+01 1.366228628867481421e+00
1.355000000000003091e+01 1.355624497467597722e+00
1.357000000000003048e+01 1.299634425853064990e+00
1.359000000000003006e+01 1.289207808749168294e+00
1.361000000000002963e+01 1.244409245719664492e+00
1.363000000000002920e+01 1.206218827296752893e+00
1.365000000000002878e+01 1.173323215310524414e+00
1.367000000000002835e+01 1.134625279399967157e+00
1.369000000000002792e+01 1.105991178058093327e+00
1.371000000000002750e+01 1.078474922189728735e+00
1.373000000000002707e+01 1.137312400620885899e+00
1.375000000000002665e+01 1.090010408123066821e+00
1.377000000000002622e+01 1.000854982993421238e+00
1.379000000000002579e+01 9.831878703889920246e-01
1.381000000000002537e+01 9.446560023994808875e-01
1.383000000000002494e+01 9.373638168102393919e-01
1.385000000000002451e+01 9.022385887920382208e-01
1.387000000000002409e+01 8.882161502280077059e-01
1.389000000000002366e+01 8.601591375550577956e-01
1.391000000000002323e+01 8.259874779767791830e-01
1.393000000000002281e+01 8.079843276594685930e-01
1.395000000000002238e+01 7.961694416928437601e-01
1.397000000000002196e+01 7.490103942690856664e-01
1.399000000000002153e+01 7.112288400360985419e-01
1.401000000000002110e+01 6.791409086175534959e-01
1.403000000000002068e+01 6.672171525663922464e-01
1.405000000000002025e+01 6.501830087632937127e-01
1.407000000000001982e+01 6.263201130484197243e-01
1.409000000000001940e+01 5.784112176925833015e-01
1.411000000000001897e+01 5.508260084848506377e-01
1.413000000000001855e+01 5.391630381326913968e-01
1.415000000000001812e+01 4.854647720971770886e-01
1.417000000000001769e+01 4.675530995696640102e-01
1.419000000000001727e+01 4.687248590015761773e-01
1.421000000000001684e+01 4.501094727515186911e-01
1.423000000000001641e+01 4.403595668688420339e-01
1.425000000000001599e+01 3.915390865813279664e-01
1.427000000000001556e+01 3.833275802346685635e-01
1.429000000000001513e+01 3.509304206390677083e-01
1.431000000000001471e+01 3.564830363001563751e-01
1.433000000000001428e+01 3.262290937161960724e-01
1.435000000000001386e+01 3.392522332555045206e-01
1.437000000000001343e+01 3.489406544677103317e-01
1.439000000000001300e+01 3.332239551428675117e-01
1.441000000000001258e+01 3.177921557808418562e-01
1.443000000000001215e+01 3.134859008909098854e-01
1.445000000000001172e+01 3.150419050194255277e-01
1.447000000000001130e+01 3.162978590272082502e-01
1.449000000000001087e+01 3.040834164320596056e-01
1.451000000000001044e+01 2.999634411197463768e-01
1.453000000000001002e+01 2.817875255627468323e-01
1.455000000000000959e+01 2.888467391077412794e-01
1.457000000000000917e+01 2.655424206830079292e-01
1.459000000000000874e+01 2.399966451955171109e-01
1.461000000000000831e+01 1.270692428912004179e-01
1.463000000000000789e+01 6.352644690706588104e-02
1.465000000000000746e+01 1.660765200838695485e-02
1.467000000000000703e+01 2.773254926637868170e-03
1.469000000000000661e+01 0.000000000000000000e+00
1.471000000000000618e+01 0.000000000000000000e+00
1.473000000000000576e+01 0.000000000000000000e+00
1.475000000000000533e+01 0.000000000000000000e+00
1.477000000000000490e+01 0.000000000000000000e+00
1.479000000000000448e+01 0.000000000000000000e+00
1.481000000000000405e+01 0.000000000000000000e+00
1.483000000000000362e+01 0.000000000000000000e+00
1.485000000000000320e+01 0.000000000000000000e+00
1.487000000000000277e+01 0.000000000000000000e+00
1.489000000000000234e+01 0.000000000000000000e+00
1.491000000000000192e+01 0.000000000000000000e+00
1.493000000000000149e+01 0.000000000000000000e+00
1.495000000000000107e+01 0.000000000000000000e+00
1.497000000000000064e+01 0.000000000000000000e+00
1.499000000000000021e+01 0.000000000000000000e+00
