# Redshift		Merger Rate Density [Gpc^-3yr^-1]
1.000000000031931770e-02 2.368981740072888797e+01
3.000000000031888964e-02 2.447437996379215619e+01
5.000000000031846331e-02 2.447918768732219164e+01
7.000000000031804392e-02 2.499122811209501549e+01
9.000000000031761760e-02 2.506028234098317498e+01
1.100000000003171913e-01 2.548720185050756015e+01
1.300000000003167511e-01 2.603474989700998776e+01
1.500000000003163247e-01 2.610277144150025919e+01
1.700000000003158984e-01 2.648132993916532030e+01
1.900000000003154721e-01 2.716239048515189936e+01
2.100000000003150458e-01 2.737847533525734178e+01
2.300000000003146194e-01 2.791714440692193833e+01
2.500000000003141931e-01 2.815727364521686482e+01
2.700000000003137668e-01 2.860428011517806723e+01
2.900000000003133405e-01 2.940694645796654072e+01
3.100000000003129141e-01 2.958844525068947817e+01
3.300000000003124878e-01 3.020643227842797884e+01
3.500000000003120615e-01 3.077446257158670306e+01
3.700000000003116352e-01 3.160668605203298753e+01
3.900000000003112088e-01 3.232841043939279757e+01
4.100000000003107825e-01 3.293593853562735063e+01
4.300000000003103562e-01 3.358753296169577851e+01
4.500000000003099299e-01 3.474047838796909815e+01
4.700000000003095035e-01 3.492045762135303733e+01
4.900000000003090772e-01 3.594267968989639428e+01
5.100000000003086509e-01 3.644746667718742117e+01
5.300000000003082246e-01 3.747107066399468067e+01
5.500000000003077982e-01 3.785168244610232335e+01
5.700000000003073719e-01 3.841142578289694143e+01
5.900000000003069456e-01 3.922520778094158089e+01
6.100000000003065193e-01 4.001983843853726341e+01
6.300000000003060929e-01 4.018111982514644609e+01
6.500000000003056666e-01 4.122757574918720280e+01
6.700000000003052403e-01 4.107194412550983031e+01
6.900000000003048140e-01 4.183654159261271843e+01
7.100000000003043876e-01 4.206864392109795148e+01
7.300000000003039613e-01 4.302831016087955618e+01
7.500000000003035350e-01 4.357604094503481207e+01
7.700000000003031086e-01 4.425680609885760930e+01
7.900000000003026823e-01 4.394073762040572717e+01
8.100000000003022560e-01 4.461296541642010283e+01
8.300000000003018297e-01 4.541230687899559371e+01
8.500000000003014033e-01 4.612376284681768368e+01
8.700000000003009770e-01 4.621672548999136865e+01
8.900000000003005507e-01 4.761626622735879266e+01
9.100000000003001244e-01 4.741513851853226669e+01
9.300000000002996980e-01 4.784505384989051180e+01
9.500000000002992717e-01 4.856346995744915063e+01
9.700000000002988454e-01 4.915897155992949052e+01
9.900000000002984191e-01 4.899858359642430372e+01
1.010000000000297993e+00 4.995021932187127334e+01
1.030000000000297566e+00 4.962098125051999631e+01
1.050000000000297140e+00 5.129023529577543883e+01
1.070000000000296714e+00 5.156700439331110175e+01
1.090000000000296287e+00 5.193742317890355764e+01
1.110000000000295861e+00 5.192606870784317152e+01
1.130000000000295435e+00 5.255333510077963410e+01
1.150000000000295008e+00 5.278196117395884102e+01
1.170000000000294582e+00 5.360570097771228859e+01
1.190000000000294156e+00 5.410058613837307462e+01
1.210000000000293729e+00 5.419642604697158816e+01
1.230000000000293303e+00 5.390821134506698087e+01
1.250000000000292877e+00 5.522804545837123413e+01
1.270000000000292451e+00 5.529335362806944687e+01
1.290000000000292024e+00 5.604603052501030191e+01
1.310000000000291598e+00 5.595813300840136151e+01
1.330000000000291172e+00 5.618477738615361972e+01
1.350000000000290745e+00 5.693078559893292834e+01
1.370000000000290319e+00 5.693758763001952872e+01
1.390000000000289893e+00 5.740332693476272397e+01
1.410000000000289466e+00 5.752400077345146201e+01
1.430000000000289040e+00 5.847313285924231252e+01
1.450000000000288614e+00 5.780350671933129547e+01
1.470000000000288187e+00 5.856511366973582966e+01
1.490000000000287761e+00 5.871214205836668043e+01
1.510000000000287335e+00 5.851599862344467340e+01
1.530000000000286908e+00 6.003117637977926080e+01
1.550000000000286482e+00 5.910853302553523037e+01
1.570000000000286056e+00 5.993691983928147238e+01
1.590000000000285629e+00 6.027136533819960817e+01
1.610000000000285203e+00 5.958748034969055851e+01
1.630000000000284777e+00 6.116519690729568026e+01
1.650000000000284350e+00 5.987859961449861146e+01
1.670000000000283924e+00 6.102866111330169474e+01
1.690000000000283498e+00 6.117326867338266538e+01
1.710000000000283071e+00 6.033680586795042444e+01
1.730000000000282645e+00 6.088791481942381978e+01
1.750000000000282219e+00 6.082173242655574086e+01
1.770000000000281792e+00 6.106958023686385673e+01
1.790000000000281366e+00 6.112205949194188292e+01
1.810000000000280940e+00 6.072158418290141668e+01
1.830000000000280513e+00 6.144654689547908788e+01
1.850000000000280087e+00 6.044667346762317806e+01
1.870000000000279661e+00 6.064689007533062437e+01
1.890000000000279234e+00 6.152871611130671425e+01
1.910000000000278808e+00 6.074696636292429019e+01
1.930000000000278382e+00 6.051179805642949816e+01
1.950000000000277955e+00 6.085355074308266410e+01
1.970000000000277529e+00 5.974331836487009184e+01
1.990000000000277103e+00 6.105082694959028089e+01
2.010000000000276899e+00 5.980641650623324779e+01
2.030000000000276472e+00 5.960819826376905439e+01
2.050000000000276046e+00 5.982622254853610855e+01
2.070000000000275620e+00 5.948502784582037606e+01
2.090000000000275193e+00 5.963120541468675384e+01
2.110000000000274767e+00 5.920930882938927198e+01
2.130000000000274341e+00 5.843165949932465963e+01
2.150000000000273914e+00 5.896346136482097933e+01
2.170000000000273488e+00 5.854179855388829168e+01
2.190000000000273062e+00 5.810915738623549487e+01
2.210000000000272635e+00 5.737414788588699111e+01
2.230000000000272209e+00 5.770522080259264897e+01
2.250000000000271783e+00 5.697710703338195515e+01
2.270000000000271356e+00 5.668010273028477286e+01
2.290000000000270930e+00 5.723294415268375701e+01
2.310000000000270504e+00 5.564528223392743200e+01
2.330000000000270077e+00 5.605661198155620184e+01
2.350000000000269651e+00 5.592069180375015947e+01
2.370000000000269225e+00 5.539342150307270884e+01
2.390000000000268798e+00 5.411477300311372574e+01
2.410000000000268372e+00 5.410908199824920928e+01
2.430000000000267946e+00 5.405237473449714258e+01
2.450000000000267519e+00 5.356412719448237425e+01
2.470000000000267093e+00 5.306052729242025379e+01
2.490000000000266667e+00 5.281124564109143193e+01
2.510000000000266240e+00 5.291263724313106565e+01
2.530000000000265814e+00 5.181765397818160324e+01
2.550000000000265388e+00 5.112069972676121665e+01
2.570000000000264961e+00 5.138359291171666143e+01
2.590000000000264535e+00 5.072023312248099103e+01
2.610000000000264109e+00 5.038939353145179467e+01
2.630000000000263682e+00 4.997010850658966064e+01
2.650000000000263256e+00 4.926298658932851993e+01
2.670000000000262830e+00 4.946589986967735797e+01
2.690000000000262403e+00 4.838523655349043651e+01
2.710000000000261977e+00 4.847441495282063073e+01
2.730000000000261551e+00 4.753831628887385108e+01
2.750000000000261124e+00 4.781633753350228488e+01
2.770000000000260698e+00 4.730621632401784638e+01
2.790000000000260272e+00 4.661548590562235717e+01
2.810000000000259845e+00 4.582762317734253799e+01
2.830000000000259419e+00 4.588023251058599783e+01
2.850000000000258993e+00 4.551210891944327130e+01
2.870000000000258567e+00 4.514722656663808209e+01
2.890000000000258140e+00 4.458281555970937404e+01
2.910000000000257714e+00 4.415175159467486310e+01
2.930000000000257288e+00 4.353888122564392660e+01
2.950000000000256861e+00 4.345398344685914083e+01
2.970000000000256435e+00 4.285192941544801926e+01
2.990000000000256009e+00 4.260737724901687073e+01
3.010000000000255582e+00 4.265331125556998160e+01
3.030000000000255156e+00 4.157534469757734996e+01
3.050000000000254730e+00 4.184689806798146350e+01
3.070000000000254303e+00 4.117759212087194953e+01
3.090000000000253877e+00 4.042099845718271922e+01
3.110000000000253451e+00 4.052174326183691733e+01
3.130000000000253024e+00 3.986855711533427638e+01
3.150000000000252598e+00 4.009290426076960046e+01
3.170000000000252172e+00 3.932290926111589613e+01
3.190000000000251745e+00 3.916678072853056136e+01
3.210000000000251319e+00 3.817955418186954830e+01
3.230000000000250893e+00 3.856010447667996743e+01
3.250000000000250466e+00 3.796459337255382849e+01
3.270000000000250040e+00 3.784770247758172701e+01
3.290000000000249614e+00 3.720278306369331034e+01
3.310000000000249187e+00 3.658330867845555900e+01
3.330000000000248761e+00 3.632789325412989001e+01
3.350000000000248335e+00 3.684498832234498167e+01
3.370000000000247908e+00 3.565904464888351555e+01
3.390000000000247482e+00 3.557364227342996088e+01
3.410000000000247056e+00 3.525381554551900365e+01
3.430000000000246629e+00 3.504741516985127703e+01
3.450000000000246203e+00 3.470204758433978753e+01
3.470000000000245777e+00 3.444761514708065420e+01
3.490000000000245350e+00 3.430369909054159905e+01
3.510000000000244924e+00 3.363746904933738335e+01
3.530000000000244498e+00 3.341646190824583584e+01
3.550000000000244071e+00 3.293235060625239896e+01
3.570000000000243645e+00 3.282084324773942541e+01
3.590000000000243219e+00 3.210792718924137290e+01
3.610000000000242792e+00 3.235563000348626161e+01
3.630000000000242366e+00 3.224273502257094748e+01
3.650000000000241940e+00 3.170101525781354468e+01
3.670000000000241513e+00 3.160198534987712904e+01
3.690000000000241087e+00 3.132581899169659323e+01
3.710000000000240661e+00 3.053524165650149058e+01
3.730000000000240234e+00 3.023924941753348250e+01
3.750000000000239808e+00 3.035758255747239787e+01
3.770000000000239382e+00 3.009311602379185402e+01
3.790000000000238956e+00 3.027421378691223097e+01
3.810000000000238529e+00 2.915658861377650268e+01
3.830000000000238103e+00 2.956512219181496448e+01
3.850000000000237677e+00 2.910250375944847789e+01
3.870000000000237250e+00 2.883258026138809171e+01
3.890000000000236824e+00 2.838361713053590663e+01
3.910000000000236398e+00 2.857495689891042900e+01
3.930000000000235971e+00 2.814926723038475131e+01
3.950000000000235545e+00 2.759707468954885812e+01
3.970000000000235119e+00 2.779963848630468348e+01
3.990000000000234692e+00 2.756092335998193832e+01
4.010000000000234266e+00 2.705154984305445609e+01
4.030000000000233840e+00 2.726624603833234417e+01
4.050000000000233413e+00 2.658403338248572823e+01
4.070000000000232987e+00 2.643887221868639514e+01
4.090000000000232561e+00 2.638899328152540846e+01
4.110000000000232134e+00 2.592106015319595969e+01
4.130000000000231708e+00 2.602695680139940393e+01
4.150000000000231282e+00 2.576397251456012683e+01
4.170000000000230855e+00 2.552135367371018049e+01
4.190000000000230429e+00 2.533802958762613855e+01
4.210000000000230003e+00 2.501356926156857341e+01
4.230000000000229576e+00 2.466216480154704271e+01
4.250000000000229150e+00 2.500011689684152216e+01
4.270000000000228724e+00 2.428003043847933284e+01
4.290000000000228297e+00 2.435575095709841520e+01
4.310000000000227871e+00 2.404644769530590054e+01
4.330000000000227445e+00 2.407696843996731317e+01
4.350000000000227018e+00 2.381485487423772796e+01
4.370000000000226592e+00 2.349049672552769152e+01
4.390000000000226166e+00 2.352327477104020659e+01
4.410000000000225739e+00 2.297800822783202790e+01
4.430000000000225313e+00 2.301069928019187927e+01
4.450000000000224887e+00 2.278909999759843430e+01
4.470000000000224460e+00 2.257057455094080822e+01
4.490000000000224034e+00 2.238496765709854941e+01
4.510000000000223608e+00 2.221469939937763982e+01
4.530000000000223181e+00 2.211270536638103934e+01
4.550000000000222755e+00 2.201362451845084678e+01
4.570000000000222329e+00 2.203384552168998312e+01
4.590000000000221902e+00 2.153430554821267506e+01
4.610000000000221476e+00 2.131625384266984469e+01
4.630000000000221050e+00 2.112437196398694894e+01
4.650000000000220624e+00 2.121898091943748454e+01
4.670000000000220197e+00 2.094069448672444622e+01
4.690000000000219771e+00 2.126448474558123536e+01
4.710000000000219345e+00 2.063785457459885109e+01
4.730000000000218918e+00 2.069955458448163554e+01
4.750000000000218492e+00 2.038292080811970663e+01
4.770000000000218066e+00 2.013549832779056814e+01
4.790000000000217639e+00 2.031596984898019542e+01
4.810000000000217213e+00 2.003794201714418222e+01
4.830000000000216787e+00 1.970127833285264884e+01
4.850000000000216360e+00 1.965281087739010601e+01
4.870000000000215934e+00 1.971620996371070333e+01
4.890000000000215508e+00 1.939812154958526591e+01
4.910000000000215081e+00 1.925372051971482890e+01
4.930000000000214655e+00 1.910252481140937064e+01
4.950000000000214229e+00 1.910646099688578303e+01
4.970000000000213802e+00 1.911788394780211675e+01
4.990000000000213376e+00 1.870331869826156534e+01
5.010000000000212950e+00 1.895524948603260285e+01
5.030000000000212523e+00 1.831136924746652994e+01
5.050000000000212097e+00 1.855865117633361550e+01
5.070000000000211671e+00 1.826565661901392090e+01
5.090000000000211244e+00 1.810782344225491514e+01
5.110000000000210818e+00 1.790362235091657439e+01
5.130000000000210392e+00 1.802492233676653655e+01
5.150000000000209965e+00 1.772851666099269252e+01
5.170000000000209539e+00 1.783637327527861061e+01
5.190000000000209113e+00 1.776511832375002342e+01
5.210000000000208686e+00 1.742198588367969592e+01
5.230000000000208260e+00 1.726039953059075671e+01
5.250000000000207834e+00 1.732751676364238946e+01
5.270000000000207407e+00 1.738409760254867464e+01
5.290000000000206981e+00 1.707057615452101373e+01
5.310000000000206555e+00 1.705431924893685647e+01
5.330000000000206128e+00 1.698305271274303863e+01
5.350000000000205702e+00 1.665538768136111258e+01
5.370000000000205276e+00 1.669327083391033995e+01
5.390000000000204849e+00 1.670329855383713635e+01
5.410000000000204423e+00 1.653556844447187757e+01
5.430000000000203997e+00 1.652881511607839471e+01
5.450000000000203570e+00 1.624826926378810299e+01
5.470000000000203144e+00 1.626012650929868997e+01
5.490000000000202718e+00 1.619134900857483572e+01
5.510000000000202292e+00 1.585696009770113868e+01
5.530000000000201865e+00 1.593748548616876626e+01
5.550000000000201439e+00 1.586581060199948823e+01
5.570000000000201013e+00 1.586410022317142499e+01
5.590000000000200586e+00 1.585901204547264243e+01
5.610000000000200160e+00 1.551823220986057983e+01
5.630000000000199734e+00 1.548799264750355675e+01
5.650000000000199307e+00 1.534318431976033992e+01
5.670000000000198881e+00 1.526598997548089720e+01
5.690000000000198455e+00 1.547428809397896998e+01
5.710000000000198028e+00 1.509317752344422736e+01
5.730000000000197602e+00 1.506311936191175249e+01
5.750000000000197176e+00 1.506565631100468394e+01
5.770000000000196749e+00 1.491262220617825918e+01
5.790000000000196323e+00 1.483472282176546564e+01
5.810000000000195897e+00 1.481512788712692874e+01
5.830000000000195470e+00 1.450246940689543074e+01
5.850000000000195044e+00 1.468844545851026417e+01
5.870000000000194618e+00 1.466654512589976278e+01
5.890000000000194191e+00 1.457803903578116866e+01
5.910000000000193765e+00 1.430829545520549395e+01
5.930000000000193339e+00 1.436119297686761698e+01
5.950000000000192912e+00 1.425217392616376522e+01
5.970000000000192486e+00 1.430595690956332788e+01
5.990000000000192060e+00 1.413276474111789938e+01
6.010000000000191633e+00 1.396494040896827116e+01
6.030000000000191207e+00 1.397394456602679647e+01
6.050000000000190781e+00 1.390301233162252714e+01
6.070000000000190354e+00 1.387333113812907470e+01
6.090000000000189928e+00 1.379666248557119879e+01
6.110000000000189502e+00 1.387562497051790267e+01
6.130000000000189075e+00 1.368653038240924147e+01
6.150000000000188649e+00 1.345578048999347232e+01
6.170000000000188223e+00 1.365885300500924338e+01
6.190000000000187796e+00 1.367036620473001918e+01
6.210000000000187370e+00 1.348269859514253000e+01
6.230000000000186944e+00 1.338264631126124193e+01
6.250000000000186517e+00 1.330472403129697234e+01
6.270000000000186091e+00 1.331365059841131426e+01
6.290000000000185665e+00 1.316422264785829377e+01
6.310000000000185238e+00 1.297456812014882566e+01
6.330000000000184812e+00 1.322619326083771973e+01
6.350000000000184386e+00 1.308984861428086077e+01
6.370000000000183960e+00 1.298406059626651476e+01
6.390000000000183533e+00 1.314017531543887962e+01
6.410000000000183107e+00 1.277866015772842978e+01
6.430000000000182681e+00 1.285945463404164357e+01
6.450000000000182254e+00 1.277010012841827269e+01
6.470000000000181828e+00 1.280169199345665731e+01
6.490000000000181402e+00 1.269976305909192504e+01
6.510000000000180975e+00 1.264609618105309430e+01
6.530000000000180549e+00 1.253166887210551117e+01
6.550000000000180123e+00 1.258858930826488454e+01
6.570000000000179696e+00 1.252256563302057479e+01
6.590000000000179270e+00 1.257197248488561847e+01
6.610000000000178844e+00 1.235462885549884327e+01
6.630000000000178417e+00 1.240172363846891734e+01
6.650000000000177991e+00 1.233839518424482584e+01
6.670000000000177565e+00 1.233512965174228171e+01
6.690000000000177138e+00 1.215957794135056780e+01
6.710000000000176712e+00 1.221563060696063729e+01
6.730000000000176286e+00 1.214657726236827173e+01
6.750000000000175859e+00 1.224631776981302700e+01
6.770000000000175433e+00 1.211805932511203032e+01
6.790000000000175007e+00 1.207404010680215478e+01
6.810000000000174580e+00 1.199267606721717172e+01
6.830000000000174154e+00 1.194034637237768770e+01
6.850000000000173728e+00 1.187050573822822841e+01
6.870000000000173301e+00 1.191714346746345754e+01
6.890000000000172875e+00 1.168820506664967240e+01
6.910000000000172449e+00 1.167667357492967817e+01
6.930000000000172022e+00 1.177094461125973268e+01
6.950000000000171596e+00 1.166851757521773436e+01
6.970000000000171170e+00 1.165975954467547737e+01
6.990000000000170743e+00 1.158782675162996334e+01
7.010000000000170317e+00 1.161727015492786741e+01
7.030000000000169891e+00 1.161413034815100609e+01
7.050000000000169464e+00 1.142985944682570754e+01
7.070000000000169038e+00 1.146511696312762218e+01
7.090000000000168612e+00 1.149145891539195929e+01
7.110000000000168185e+00 1.140421586621296690e+01
7.130000000000167759e+00 1.133927521088994084e+01
7.150000000000167333e+00 1.122283121191769162e+01
7.170000000000166906e+00 1.140490993155965072e+01
7.190000000000166480e+00 1.126521249681191961e+01
7.210000000000166054e+00 1.116916826940908791e+01
7.230000000000165628e+00 1.119544926088640757e+01
7.250000000000165201e+00 1.122531882684401516e+01
7.270000000000164775e+00 1.103301197592608673e+01
7.290000000000164349e+00 1.108984357960498990e+01
7.310000000000163922e+00 1.100286544599971350e+01
7.330000000000163496e+00 1.109664280640502909e+01
7.350000000000163070e+00 1.094136385134530798e+01
7.370000000000162643e+00 1.096097788274439111e+01
7.390000000000162217e+00 1.096371317439820103e+01
7.410000000000161791e+00 1.098176773640760118e+01
7.430000000000161364e+00 1.081968710572763648e+01
7.450000000000160938e+00 1.074612202960576823e+01
7.470000000000160512e+00 1.075547614913851824e+01
7.490000000000160085e+00 1.074085143517278240e+01
7.510000000000159659e+00 1.077935949525880766e+01
7.530000000000159233e+00 1.070229209717248509e+01
7.550000000000158806e+00 1.072852191410520462e+01
7.570000000000158380e+00 1.066389900174447192e+01
7.590000000000157954e+00 1.064551427011531182e+01
7.610000000000157527e+00 1.057173014615113438e+01
7.630000000000157101e+00 1.047697502409519288e+01
7.650000000000156675e+00 1.048950672838194009e+01
7.670000000000156248e+00 1.051912954703363567e+01
7.690000000000155822e+00 1.035334706666246518e+01
7.710000000000155396e+00 1.055458471830029588e+01
7.730000000000154969e+00 1.034930787669149588e+01
7.750000000000154543e+00 1.032312479706611263e+01
7.770000000000154117e+00 1.031956465566874215e+01
7.790000000000153690e+00 1.040907771403907134e+01
7.810000000000153264e+00 1.032500331285693029e+01
7.830000000000152838e+00 1.030056827285538290e+01
7.850000000000152411e+00 1.021939649553672780e+01
7.870000000000151985e+00 1.023535453824791830e+01
7.890000000000151559e+00 1.019445054362429026e+01
7.910000000000151132e+00 1.015025399288079555e+01
7.930000000000150706e+00 1.014388691352639071e+01
7.950000000000150280e+00 1.011533042157863882e+01
7.970000000000149853e+00 1.004426564579881820e+01
7.990000000000149427e+00 9.951402886055483066e+00
8.010000000000149001e+00 1.000309042845088037e+01
8.030000000000148574e+00 9.932859332325771007e+00
8.050000000000148148e+00 9.981376245890245968e+00
8.070000000000147722e+00 9.962286890980415421e+00
8.090000000000147296e+00 9.881893622259697807e+00
8.110000000000146869e+00 9.915193904619538756e+00
8.130000000000146443e+00 9.864412743920192739e+00
8.150000000000146017e+00 9.816588754241907466e+00
8.170000000000145590e+00 9.831415561369075462e+00
8.190000000000145164e+00 9.737535049880584381e+00
8.210000000000144738e+00 9.684911643239558998e+00
8.230000000000144311e+00 9.846105846739689582e+00
8.250000000000143885e+00 9.664932178312076516e+00
8.270000000000143459e+00 9.630590405365982321e+00
8.290000000000143032e+00 9.660589706295004575e+00
8.310000000000142606e+00 9.520232005578858292e+00
8.330000000000142180e+00 9.591619671233582167e+00
8.350000000000141753e+00 9.447262226617286984e+00
8.370000000000141327e+00 9.500411505170781368e+00
8.390000000000140901e+00 9.474170367962400974e+00
8.410000000000140474e+00 9.495052297776389594e+00
8.430000000000140048e+00 9.452574198979782238e+00
8.450000000000139622e+00 9.338955013874487676e+00
8.470000000000139195e+00 9.378113489007654735e+00
8.490000000000138769e+00 9.320038290444520257e+00
8.510000000000138343e+00 9.337169365187971692e+00
8.530000000000137916e+00 9.310636460434725592e+00
8.550000000000137490e+00 9.232298223547697802e+00
8.570000000000137064e+00 9.248927844385136154e+00
8.590000000000136637e+00 9.250288330807098447e+00
8.610000000000136211e+00 9.142844082005868955e+00
8.630000000000135785e+00 9.089455286131027378e+00
8.650000000000135358e+00 9.090695566022931828e+00
8.670000000000134932e+00 9.099286288836772485e+00
8.690000000000134506e+00 9.035357434019402945e+00
8.710000000000134079e+00 9.061062865443842540e+00
8.730000000000133653e+00 9.039216342994164322e+00
8.750000000000133227e+00 8.917803623832798010e+00
8.770000000000132800e+00 8.932083115322299705e+00
8.790000000000132374e+00 8.964045083706372097e+00
8.810000000000131948e+00 8.886645578021175496e+00
8.830000000000131521e+00 8.781958818813761170e+00
8.850000000000131095e+00 8.867542991844866052e+00
8.870000000000130669e+00 8.771240206998804467e+00
8.890000000000130242e+00 8.784937340093261327e+00
8.910000000000129816e+00 8.734877502037633690e+00
8.930000000000129390e+00 8.703959107243177229e+00
8.950000000000128964e+00 8.647447219486844361e+00
8.970000000000128537e+00 8.604221378631860873e+00
8.990000000000128111e+00 8.553319830965866899e+00
9.010000000000127685e+00 8.636074397662659052e+00
9.030000000000127258e+00 8.541461969245627728e+00
9.050000000000126832e+00 8.508104727190501038e+00
9.070000000000126406e+00 8.484639858655944167e+00
9.090000000000125979e+00 8.502211514120123326e+00
9.110000000000125553e+00 8.424183249164657994e+00
9.130000000000125127e+00 8.507147968188267129e+00
9.150000000000124700e+00 8.389048002459908560e+00
9.170000000000124274e+00 8.277683283718637597e+00
9.190000000000123848e+00 8.314970154044123873e+00
9.210000000000123421e+00 8.328363613097867102e+00
9.230000000000122995e+00 8.215359821230498127e+00
9.250000000000122569e+00 8.166804159554768461e+00
9.270000000000122142e+00 8.177343791495859548e+00
9.290000000000121716e+00 8.134905796223865337e+00
9.310000000000121290e+00 8.091065390749259123e+00
9.330000000000120863e+00 8.120995190523411011e+00
9.350000000000120437e+00 8.120843681133109726e+00
9.370000000000120011e+00 8.043287205224496361e+00
9.390000000000119584e+00 8.009994119604311180e+00
9.410000000000119158e+00 7.916784752743335041e+00
9.430000000000118732e+00 7.917323738271800693e+00
9.450000000000118305e+00 7.927866516508299988e+00
9.470000000000117879e+00 7.892411865780756486e+00
9.490000000000117453e+00 7.848484455231882428e+00
9.510000000000117026e+00 7.835950455674661974e+00
9.530000000000116600e+00 7.799287023312442280e+00
9.550000000000116174e+00 7.746763151886398191e+00
9.570000000000115747e+00 7.677674528413586330e+00
9.590000000000115321e+00 7.656352064442971894e+00
9.610000000000114895e+00 7.689196010852183960e+00
9.630000000000114468e+00 7.623516623763819666e+00
9.650000000000114042e+00 7.592024524874936731e+00
9.670000000000113616e+00 7.526779329394646112e+00
9.690000000000113189e+00 7.486676177887135353e+00
9.710000000000112763e+00 7.519611168644249055e+00
9.730000000000112337e+00 7.445753793955393718e+00
9.750000000000111910e+00 7.423611380021435835e+00
9.770000000000111484e+00 7.451389840346543281e+00
9.790000000000111058e+00 7.357015764682374837e+00
9.810000000000110632e+00 7.340809308464312011e+00
9.830000000000110205e+00 7.309558677539977012e+00
9.850000000000109779e+00 7.227142236879509518e+00
9.870000000000109353e+00 7.215450297711326400e+00
9.890000000000108926e+00 7.200958714694327689e+00
9.910000000000108500e+00 7.212157506658286366e+00
9.930000000000108074e+00 7.142807259898889427e+00
9.950000000000107647e+00 7.116091452674940143e+00
9.970000000000107221e+00 7.038696024193424883e+00
9.990000000000106795e+00 7.047513907264590038e+00
1.001000000000010637e+01 7.015923430238605540e+00
1.003000000000010594e+01 6.971328885424020960e+00
1.005000000000010552e+01 6.890600515860244357e+00
1.007000000000010509e+01 6.950651432596763435e+00
1.009000000000010466e+01 6.854432089966347341e+00
1.011000000000010424e+01 6.842435255599252919e+00
1.013000000000010381e+01 6.788473844717039185e+00
1.015000000000010338e+01 6.796230813774375434e+00
1.017000000000010296e+01 6.720375712030080884e+00
1.019000000000010253e+01 6.702729392976125133e+00
1.021000000000010210e+01 6.677283026470216321e+00
1.023000000000010168e+01 6.658372912706925995e+00
1.025000000000010125e+01 6.581287653889332567e+00
1.027000000000010083e+01 6.600160982028743462e+00
1.029000000000010040e+01 6.529808549275587737e+00
1.031000000000009997e+01 6.500474235569632775e+00
1.033000000000009955e+01 6.440666280680539479e+00
1.035000000000009912e+01 6.455699261826547186e+00
1.037000000000009869e+01 6.472771857788813143e+00
1.039000000000009827e+01 6.348055995279842989e+00
1.041000000000009784e+01 6.348355971206890658e+00
1.043000000000009742e+01 6.288556481409891319e+00
1.045000000000009699e+01 6.278749331455999005e+00
1.047000000000009656e+01 6.265524705348862078e+00
1.049000000000009614e+01 6.217511914079661750e+00
1.051000000000009571e+01 6.184585935130698431e+00
1.053000000000009528e+01 6.147363578366836556e+00
1.055000000000009486e+01 6.097196974848957396e+00
1.057000000000009443e+01 6.112909759816519184e+00
1.059000000000009400e+01 6.089028830487724697e+00
1.061000000000009358e+01 6.041539766259386823e+00
1.063000000000009315e+01 5.982314270813292367e+00
1.065000000000009273e+01 5.923175468010414946e+00
1.067000000000009230e+01 5.940853751862330334e+00
1.069000000000009187e+01 5.885820394133148170e+00
1.071000000000009145e+01 5.878837947931248031e+00
1.073000000000009102e+01 5.845133950899285225e+00
1.075000000000009059e+01 5.845229981037719291e+00
1.077000000000009017e+01 5.786340399628201681e+00
1.079000000000008974e+01 5.752803555537993496e+00
1.081000000000008932e+01 5.709161145299898266e+00
1.083000000000008889e+01 5.675348638628808118e+00
1.085000000000008846e+01 5.636679363996536907e+00
1.087000000000008804e+01 5.657673207703271423e+00
1.089000000000008761e+01 5.599487138494699145e+00
1.091000000000008718e+01 5.575482869397467844e+00
1.093000000000008676e+01 5.514438139810802220e+00
1.095000000000008633e+01 5.539556271401605336e+00
1.097000000000008590e+01 5.441482564443325565e+00
1.099000000000008548e+01 5.449664261292382683e+00
1.101000000000008505e+01 5.400634322363727868e+00
1.103000000000008463e+01 5.382401159269694979e+00
1.105000000000008420e+01 5.402814903259630874e+00
1.107000000000008377e+01 5.301581896345026301e+00
1.109000000000008335e+01 5.303879867361508182e+00
1.111000000000008292e+01 5.238022293965347131e+00
1.113000000000008249e+01 5.252243289713414143e+00
1.115000000000008207e+01 5.207518820473170607e+00
1.117000000000008164e+01 5.176205548161244785e+00
1.119000000000008122e+01 5.134172014052774458e+00
1.121000000000008079e+01 5.170618777672902233e+00
1.123000000000008036e+01 5.108039667102585391e+00
1.125000000000007994e+01 5.104153015464834908e+00
1.127000000000007951e+01 5.016578706789206699e+00
1.129000000000007908e+01 4.999023910230879331e+00
1.131000000000007866e+01 4.967615790016321142e+00
1.133000000000007823e+01 4.957600112018806904e+00
1.135000000000007780e+01 4.955629992549689611e+00
1.137000000000007738e+01 4.914143651600764606e+00
1.139000000000007695e+01 4.862425884325170422e+00
1.141000000000007653e+01 4.835105029291696610e+00
1.143000000000007610e+01 4.845508465846729784e+00
1.145000000000007567e+01 4.794522438566715117e+00
1.147000000000007525e+01 4.736665390927568886e+00
1.149000000000007482e+01 4.783079133241241898e+00
1.151000000000007439e+01 4.730640026252228125e+00
1.153000000000007397e+01 4.708911744413885714e+00
1.155000000000007354e+01 4.654346910177396879e+00
1.157000000000007311e+01 4.668660211323222953e+00
1.159000000000007269e+01 4.614774808559499064e+00
1.161000000000007226e+01 4.606407837904086477e+00
1.163000000000007184e+01 4.576990429139137007e+00
1.165000000000007141e+01 4.523331488468272710e+00
1.167000000000007098e+01 4.519213823272517416e+00
1.169000000000007056e+01 4.475831447748830350e+00
1.171000000000007013e+01 4.438982674295549380e+00
1.173000000000006970e+01 4.453619325127676554e+00
1.175000000000006928e+01 4.396930066087021416e+00
1.177000000000006885e+01 4.430459975046320054e+00
1.179000000000006843e+01 4.371409888997297877e+00
1.181000000000006800e+01 4.380412374952552312e+00
1.183000000000006757e+01 4.324745808969256089e+00
1.185000000000006715e+01 4.288392987505778464e+00
1.187000000000006672e+01 4.310596939413944284e+00
1.189000000000006629e+01 4.291742495010603342e+00
1.191000000000006587e+01 4.223981405358711250e+00
1.193000000000006544e+01 4.236032016083044027e+00
1.195000000000006501e+01 4.152569347102094355e+00
1.197000000000006459e+01 4.177931455878471034e+00
1.199000000000006416e+01 4.145101793680243674e+00
1.201000000000006374e+01 4.131324666828456671e+00
1.203000000000006331e+01 4.093077094010743266e+00
1.205000000000006288e+01 4.059911209554062594e+00
1.207000000000006246e+01 4.057043589644863779e+00
1.209000000000006203e+01 4.038910354025256666e+00
1.211000000000006160e+01 4.040742082937038404e+00
1.213000000000006118e+01 4.002927823128723972e+00
1.215000000000006075e+01 4.007052681843781272e+00
1.217000000000006033e+01 3.959938651539586463e+00
1.219000000000005990e+01 3.948057702071867681e+00
1.221000000000005947e+01 3.896386527511165987e+00
1.223000000000005905e+01 3.928018413537802900e+00
1.225000000000005862e+01 3.903549419163702794e+00
1.227000000000005819e+01 3.850093764578186306e+00
1.229000000000005777e+01 3.799207727528708833e+00
1.231000000000005734e+01 3.821321653531080109e+00
1.233000000000005691e+01 3.791420813257993849e+00
1.235000000000005649e+01 3.731001392505441938e+00
1.237000000000005606e+01 3.747746726634317405e+00
1.239000000000005564e+01 3.733042706474117622e+00
1.241000000000005521e+01 3.713061214148756228e+00
1.243000000000005478e+01 3.710471667815881336e+00
1.245000000000005436e+01 3.720723079804332478e+00
1.247000000000005393e+01 3.686903303367071949e+00
1.249000000000005350e+01 3.648701205502465683e+00
1.251000000000005308e+01 3.619483578677830327e+00
1.253000000000005265e+01 3.629480853083357772e+00
1.255000000000005222e+01 3.605583720265348902e+00
1.257000000000005180e+01 3.579199882945443445e+00
1.259000000000005137e+01 3.545775224811363646e+00
1.261000000000005095e+01 3.552980422628723378e+00
1.263000000000005052e+01 3.501947545299891829e+00
1.265000000000005009e+01 3.517199057859641265e+00
1.267000000000004967e+01 3.445466924010743615e+00
1.269000000000004924e+01 3.444538246110583568e+00
1.271000000000004881e+01 3.414282687943000827e+00
1.273000000000004839e+01 3.421001325276838312e+00
1.275000000000004796e+01 3.439977333657312286e+00
1.277000000000004754e+01 3.405336487991892813e+00
1.279000000000004711e+01 3.393528383727078879e+00
1.281000000000004668e+01 3.368587688367286059e+00
1.283000000000004626e+01 3.353887494276991621e+00
1.285000000000004583e+01 3.370411020352097164e+00
1.287000000000004540e+01 3.351522480199261800e+00
1.289000000000004498e+01 3.266300287380361933e+00
1.291000000000004455e+01 3.238216521934327741e+00
1.293000000000004412e+01 3.265162271990504461e+00
1.295000000000004370e+01 3.265555626686448942e+00
1.297000000000004327e+01 3.225774753985773291e+00
1.299000000000004285e+01 3.187186487353006914e+00
1.301000000000004242e+01 3.185572615902658722e+00
1.303000000000004199e+01 3.176167054384098076e+00
1.305000000000004157e+01 3.160888271758607981e+00
1.307000000000004114e+01 3.167741477428630770e+00
1.309000000000004071e+01 3.123866269030119547e+00
1.311000000000004029e+01 3.126881167417935536e+00
1.313000000000003986e+01 3.089220652147655066e+00
1.315000000000003944e+01 3.098450315983921399e+00
1.317000000000003901e+01 3.080220261181674690e+00
1.319000000000003858e+01 3.068516103418833296e+00
1.321000000000003816e+01 3.032684988792893055e+00
1.323000000000003773e+01 3.013472693106522105e+00
1.325000000000003730e+01 3.027231031994561228e+00
1.327000000000003688e+01 2.978972660295612584e+00
1.329000000000003645e+01 2.943642487109071837e+00
1.331000000000003602e+01 2.968032864183445252e+00
1.333000000000003560e+01 2.901600228548784077e+00
1.335000000000003517e+01 2.937611962547686417e+00
1.337000000000003475e+01 2.895896144886670687e+00
1.339000000000003432e+01 2.894872029125060475e+00
1.341000000000003389e+01 2.934393740824102981e+00
1.343000000000003347e+01 2.853395358123098191e+00
1.345000000000003304e+01 2.825915675344576439e+00
1.347000000000003261e+01 2.824545643803070938e+00
1.349000000000003219e+01 2.864331887313403602e+00
1.351000000000003176e+01 2.777414970357019453e+00
1.353000000000003133e+01 2.784356391737460523e+00
1.355000000000003091e+01 2.769127555203255486e+00
1.357000000000003048e+01 2.740627178329917424e+00
1.359000000000003006e+01 2.747627602031456728e+00
1.361000000000002963e+01 2.703657469380194911e+00
1.363000000000002920e+01 2.738461924351544674e+00
1.365000000000002878e+01 2.700718063183376039e+00
1.367000000000002835e+01 2.715282131122966902e+00
1.369000000000002792e+01 2.658096383366563842e+00
1.371000000000002750e+01 2.664854560945983497e+00
1.373000000000002707e+01 2.627210541928776788e+00
1.375000000000002665e+01 2.626036037837113923e+00
1.377000000000002622e+01 2.602764412180307740e+00
1.379000000000002579e+01 2.607819779136876903e+00
1.381000000000002537e+01 2.608194443937184026e+00
1.383000000000002494e+01 2.573898689074217927e+00
1.385000000000002451e+01 2.577970259035012646e+00
1.387000000000002409e+01 2.514552282618037982e+00
1.389000000000002366e+01 2.536402120637261781e+00
1.391000000000002323e+01 2.503483957527231851e+00
1.393000000000002281e+01 2.515988136956130550e+00
1.395000000000002238e+01 2.494619265650803275e+00
1.397000000000002196e+01 2.473035646220097306e+00
1.399000000000002153e+01 2.439302435858053286e+00
1.401000000000002110e+01 2.435657753802284109e+00
1.403000000000002068e+01 2.402867226015843460e+00
1.405000000000002025e+01 2.395536342011776565e+00
1.407000000000001982e+01 2.357384169276564467e+00
1.409000000000001940e+01 2.399652695342433084e+00
1.411000000000001897e+01 2.339615953691593031e+00
1.413000000000001855e+01 2.326355800022934961e+00
1.415000000000001812e+01 2.293001378908697152e+00
1.417000000000001769e+01 2.326015865923741099e+00
1.419000000000001727e+01 2.283434366197765630e+00
1.421000000000001684e+01 2.257866323647665041e+00
1.423000000000001641e+01 2.236585930618822271e+00
1.425000000000001599e+01 2.186554118892421350e+00
1.427000000000001556e+01 2.171632638204002763e+00
1.429000000000001513e+01 2.141464158440152143e+00
1.431000000000001471e+01 2.140205919670572499e+00
1.433000000000001428e+01 2.134036425745586385e+00
1.435000000000001386e+01 2.085650071063267941e+00
1.437000000000001343e+01 2.080362025392096914e+00
1.439000000000001300e+01 2.054302926346411873e+00
1.441000000000001258e+01 2.013287808689795177e+00
1.443000000000001215e+01 1.998132030998607700e+00
1.445000000000001172e+01 1.933156746008815707e+00
1.447000000000001130e+01 1.804937277107925730e+00
1.449000000000001087e+01 1.586019123071498615e+00
1.451000000000001044e+01 1.296755118292353348e+00
1.453000000000001002e+01 1.001068168114590984e+00
1.455000000000000959e+01 7.257279604333305434e-01
1.457000000000000917e+01 5.283027920832978896e-01
1.459000000000000874e+01 3.038649217968640293e-01
1.461000000000000831e+01 1.709580792364918667e-01
1.463000000000000789e+01 6.794301795945877076e-02
1.465000000000000746e+01 2.179843967148058920e-02
1.467000000000000703e+01 2.794529813626417565e-03
1.469000000000000661e+01 2.778889622062079030e-03
1.471000000000000618e+01 1.876152416747890921e-07
1.473000000000000576e+01 5.523971835117048318e-17
1.475000000000000533e+01 2.525902826981838137e-17
1.477000000000000490e+01 0.000000000000000000e+00
1.479000000000000448e+01 0.000000000000000000e+00
1.481000000000000405e+01 0.000000000000000000e+00
1.483000000000000362e+01 0.000000000000000000e+00
1.485000000000000320e+01 0.000000000000000000e+00
1.487000000000000277e+01 0.000000000000000000e+00
1.489000000000000234e+01 0.000000000000000000e+00
1.491000000000000192e+01 0.000000000000000000e+00
1.493000000000000149e+01 0.000000000000000000e+00
1.495000000000000107e+01 0.000000000000000000e+00
1.497000000000000064e+01 0.000000000000000000e+00
1.499000000000000021e+01 0.000000000000000000e+00
