# Redshift		Merger Rate Density [Gpc^-3yr^-1]
1.000000000031931770e-02 3.217818981062148964e+01
3.000000000031888964e-02 3.284420139718692866e+01
5.000000000031846331e-02 3.351472456628678032e+01
7.000000000031804392e-02 3.464208960027895046e+01
9.000000000031761760e-02 3.528654224423992503e+01
1.100000000003171913e-01 3.612089133494281157e+01
1.300000000003167511e-01 3.724102768346892134e+01
1.500000000003163247e-01 3.827456965172222425e+01
1.700000000003158984e-01 3.933574390210846161e+01
1.900000000003154721e-01 4.046610661874687054e+01
2.100000000003150458e-01 4.114558474831955692e+01
2.300000000003146194e-01 4.250228841843127725e+01
2.500000000003141931e-01 4.293403187513872865e+01
2.700000000003137668e-01 4.409258903277189745e+01
2.900000000003133405e-01 4.487483179596258509e+01
3.100000000003129141e-01 4.600446211538674390e+01
3.300000000003124878e-01 4.696394560533071427e+01
3.500000000003120615e-01 4.761072741900508021e+01
3.700000000003116352e-01 4.894231864691826672e+01
3.900000000003112088e-01 4.923890938560909092e+01
4.100000000003107825e-01 5.074910222308042052e+01
4.300000000003103562e-01 5.177784813864173685e+01
4.500000000003099299e-01 5.254628617749079211e+01
4.700000000003095035e-01 5.340458718449906428e+01
4.900000000003090772e-01 5.447610680890385737e+01
5.100000000003086509e-01 5.560130537100515369e+01
5.300000000003082246e-01 5.638847269525201966e+01
5.500000000003077982e-01 5.743836098919949507e+01
5.700000000003073719e-01 5.854612201644152947e+01
5.900000000003069456e-01 5.923730532407346772e+01
6.100000000003065193e-01 6.045917050512360191e+01
6.300000000003060929e-01 6.151264675105228719e+01
6.500000000003056666e-01 6.263069268907315745e+01
6.700000000003052403e-01 6.324005918635749879e+01
6.900000000003048140e-01 6.530891255873865475e+01
7.100000000003043876e-01 6.514533929813366342e+01
7.300000000003039613e-01 6.638783769668972923e+01
7.500000000003035350e-01 6.806021239823188296e+01
7.700000000003031086e-01 6.893813255282358909e+01
7.900000000003026823e-01 7.033908539562254703e+01
8.100000000003022560e-01 7.058147589932760013e+01
8.300000000003018297e-01 7.248081180430750692e+01
8.500000000003014033e-01 7.336601863253061140e+01
8.700000000003009770e-01 7.404260070600048493e+01
8.900000000003005507e-01 7.470078157395678886e+01
9.100000000003001244e-01 7.642374003614595779e+01
9.300000000002996980e-01 7.696394635353043157e+01
9.500000000002992717e-01 7.874340032642093945e+01
9.700000000002988454e-01 7.969798184200828928e+01
9.900000000002984191e-01 8.022033036694351438e+01
1.010000000000297993e+00 8.196571391056478717e+01
1.030000000000297566e+00 8.230789204028728534e+01
1.050000000000297140e+00 8.269019407671757449e+01
1.070000000000296714e+00 8.483833769536359171e+01
1.090000000000296287e+00 8.479045420224707641e+01
1.110000000000295861e+00 8.656586656645045252e+01
1.130000000000295435e+00 8.639337673629343328e+01
1.150000000000295008e+00 8.843908651305820001e+01
1.170000000000294582e+00 8.807775418428276737e+01
1.190000000000294156e+00 9.045529276247397377e+01
1.210000000000293729e+00 9.108209417049847900e+01
1.230000000000293303e+00 9.123612852441030441e+01
1.250000000000292877e+00 9.310129658741541903e+01
1.270000000000292451e+00 9.281594296263155286e+01
1.290000000000292024e+00 9.441373628894370995e+01
1.310000000000291598e+00 9.471555805552949892e+01
1.330000000000291172e+00 9.692742701596134225e+01
1.350000000000290745e+00 9.721908340022058326e+01
1.370000000000290319e+00 9.774239146452895000e+01
1.390000000000289893e+00 9.764047570276963484e+01
1.410000000000289466e+00 9.904545414425456329e+01
1.430000000000289040e+00 1.001621306656977737e+02
1.450000000000288614e+00 1.005678686167975115e+02
1.470000000000288187e+00 1.005353491327215210e+02
1.490000000000287761e+00 1.024481487215275877e+02
1.510000000000287335e+00 1.027960331109661638e+02
1.530000000000286908e+00 1.027753622574396672e+02
1.550000000000286482e+00 1.044856743948147937e+02
1.570000000000286056e+00 1.052725241567028434e+02
1.590000000000285629e+00 1.045919218160689468e+02
1.610000000000285203e+00 1.063712470428387320e+02
1.630000000000284777e+00 1.060185346302709632e+02
1.650000000000284350e+00 1.072637804133724728e+02
1.670000000000283924e+00 1.075729800905841245e+02
1.690000000000283498e+00 1.072040546724152108e+02
1.710000000000283071e+00 1.080145736294762315e+02
1.730000000000282645e+00 1.092430190871809117e+02
1.750000000000282219e+00 1.089502594831761115e+02
1.770000000000281792e+00 1.097999312282673401e+02
1.790000000000281366e+00 1.103135763418277406e+02
1.810000000000280940e+00 1.104787803688870156e+02
1.830000000000280513e+00 1.114027321690537775e+02
1.850000000000280087e+00 1.092321650754271189e+02
1.870000000000279661e+00 1.117683889393166510e+02
1.890000000000279234e+00 1.117769625628173884e+02
1.910000000000278808e+00 1.105655094060871164e+02
1.930000000000278382e+00 1.124627972250561783e+02
1.950000000000277955e+00 1.118906671135065380e+02
1.970000000000277529e+00 1.112252353997757126e+02
1.990000000000277103e+00 1.124897421139011016e+02
2.010000000000276899e+00 1.120613703556939527e+02
2.030000000000276472e+00 1.127124442077484616e+02
2.050000000000276046e+00 1.112641446255188242e+02
2.070000000000275620e+00 1.121148569243878228e+02
2.090000000000275193e+00 1.115192524924761130e+02
2.110000000000274767e+00 1.116643416956284938e+02
2.130000000000274341e+00 1.122887645856705774e+02
2.150000000000273914e+00 1.116953633133207120e+02
2.170000000000273488e+00 1.113291933426963709e+02
2.190000000000273062e+00 1.110343422491809804e+02
2.210000000000272635e+00 1.110256303746452744e+02
2.230000000000272209e+00 1.120837671174974588e+02
2.250000000000271783e+00 1.100793502442046048e+02
2.270000000000271356e+00 1.105651770414402080e+02
2.290000000000270930e+00 1.085356577316723445e+02
2.310000000000270504e+00 1.104746476558469226e+02
2.330000000000270077e+00 1.093220670694280017e+02
2.350000000000269651e+00 1.085363678840848536e+02
2.370000000000269225e+00 1.089700898049279800e+02
2.390000000000268798e+00 1.089459674051860958e+02
2.410000000000268372e+00 1.083785027792840054e+02
2.430000000000267946e+00 1.078821923745997395e+02
2.450000000000267519e+00 1.062894298006474401e+02
2.470000000000267093e+00 1.062342878617475890e+02
2.490000000000266667e+00 1.065015875005412056e+02
2.510000000000266240e+00 1.052227824928798015e+02
2.530000000000265814e+00 1.054728912673870411e+02
2.550000000000265388e+00 1.046929982648300239e+02
2.570000000000264961e+00 1.039350648219474635e+02
2.590000000000264535e+00 1.039633007758781531e+02
2.610000000000264109e+00 1.036460985867617950e+02
2.630000000000263682e+00 1.021651075150493284e+02
2.650000000000263256e+00 1.024247069829542909e+02
2.670000000000262830e+00 1.027008682102939332e+02
2.690000000000262403e+00 1.010099365170398187e+02
2.710000000000261977e+00 1.000214163024878644e+02
2.730000000000261551e+00 1.005546192618725172e+02
2.750000000000261124e+00 9.901199294613101642e+01
2.770000000000260698e+00 9.894920701947008013e+01
2.790000000000260272e+00 9.831079947554573550e+01
2.810000000000259845e+00 9.761388461451022636e+01
2.830000000000259419e+00 9.780091789685970127e+01
2.850000000000258993e+00 9.674318921136773497e+01
2.870000000000258567e+00 9.538406390647533328e+01
2.890000000000258140e+00 9.584990820768668129e+01
2.910000000000257714e+00 9.511461938272663019e+01
2.930000000000257288e+00 9.449284802626269197e+01
2.950000000000256861e+00 9.347106132480703877e+01
2.970000000000256435e+00 9.236356527335507849e+01
2.990000000000256009e+00 9.259798096548198032e+01
3.010000000000255582e+00 9.253785031097508806e+01
3.030000000000255156e+00 9.132810660663453461e+01
3.050000000000254730e+00 9.088278258192364945e+01
3.070000000000254303e+00 9.089294375044187291e+01
3.090000000000253877e+00 8.879701025851915119e+01
3.110000000000253451e+00 8.887886704971747065e+01
3.130000000000253024e+00 8.812142903517438697e+01
3.150000000000252598e+00 8.842795813541968641e+01
3.170000000000252172e+00 8.668101797146533727e+01
3.190000000000251745e+00 8.768429138110370502e+01
3.210000000000251319e+00 8.575779633968745941e+01
3.230000000000250893e+00 8.594778667798122740e+01
3.250000000000250466e+00 8.396988754222165596e+01
3.270000000000250040e+00 8.477511014883835117e+01
3.290000000000249614e+00 8.393718618466003534e+01
3.310000000000249187e+00 8.313905333004183262e+01
3.330000000000248761e+00 8.292848554133300354e+01
3.350000000000248335e+00 8.205494187731103750e+01
3.370000000000247908e+00 8.138995812716143519e+01
3.390000000000247482e+00 8.139283137265240953e+01
3.410000000000247056e+00 8.017860259514553434e+01
3.430000000000246629e+00 7.981332929659188835e+01
3.450000000000246203e+00 7.957509909142699200e+01
3.470000000000245777e+00 7.859890026768637483e+01
3.490000000000245350e+00 7.790827134647113894e+01
3.510000000000244924e+00 7.768851981092608128e+01
3.530000000000244498e+00 7.677921835419094521e+01
3.550000000000244071e+00 7.713518747752205229e+01
3.570000000000243645e+00 7.574098701703768199e+01
3.590000000000243219e+00 7.594503635976850831e+01
3.610000000000242792e+00 7.526471537673340606e+01
3.630000000000242366e+00 7.450600066195190152e+01
3.650000000000241940e+00 7.425949871042449502e+01
3.670000000000241513e+00 7.366993956195230453e+01
3.690000000000241087e+00 7.247328501562867586e+01
3.710000000000240661e+00 7.273703370335613272e+01
3.730000000000240234e+00 7.171103692730380885e+01
3.750000000000239808e+00 7.158168782030705302e+01
3.770000000000239382e+00 7.167188529477652992e+01
3.790000000000238956e+00 7.030037017191527582e+01
3.810000000000238529e+00 6.912263815232587660e+01
3.830000000000238103e+00 7.002419919578464658e+01
3.850000000000237677e+00 6.891159534620692284e+01
3.870000000000237250e+00 6.855017351610356968e+01
3.890000000000236824e+00 6.817727969625804008e+01
3.910000000000236398e+00 6.817980525792793856e+01
3.930000000000235971e+00 6.690176318981436054e+01
3.950000000000235545e+00 6.763904522626874893e+01
3.970000000000235119e+00 6.681479276814968671e+01
3.990000000000234692e+00 6.560087891511649616e+01
4.010000000000234266e+00 6.569640185083619599e+01
4.030000000000233840e+00 6.524923549930967681e+01
4.050000000000233413e+00 6.461095071192308126e+01
4.070000000000232987e+00 6.443393909600828806e+01
4.090000000000232561e+00 6.382849196505210188e+01
4.110000000000232134e+00 6.376371418900784249e+01
4.130000000000231708e+00 6.268037358328206210e+01
4.150000000000231282e+00 6.283781329953598771e+01
4.170000000000230855e+00 6.202292497627948364e+01
4.190000000000230429e+00 6.203956276649054757e+01
4.210000000000230003e+00 6.158103250967958786e+01
4.230000000000229576e+00 6.137085367884683507e+01
4.250000000000229150e+00 6.091245948105937202e+01
4.270000000000228724e+00 6.037018126626922765e+01
4.290000000000228297e+00 5.950274627441110198e+01
4.310000000000227871e+00 6.002504790281146541e+01
4.330000000000227445e+00 5.931541096422326120e+01
4.350000000000227018e+00 5.883543216562493683e+01
4.370000000000226592e+00 5.827933504090967176e+01
4.390000000000226166e+00 5.826063130070525631e+01
4.410000000000225739e+00 5.787100985893368943e+01
4.430000000000225313e+00 5.760851703141774749e+01
4.450000000000224887e+00 5.631360080393736922e+01
4.470000000000224460e+00 5.637357046316270726e+01
4.490000000000224034e+00 5.673421599524004932e+01
4.510000000000223608e+00 5.584419660492545034e+01
4.530000000000223181e+00 5.563354985937837682e+01
4.550000000000222755e+00 5.485747118714232329e+01
4.570000000000222329e+00 5.522343923880577421e+01
4.590000000000221902e+00 5.457884515361546107e+01
4.610000000000221476e+00 5.437760769316748366e+01
4.630000000000221050e+00 5.395418314882334698e+01
4.650000000000220624e+00 5.329833284881883770e+01
4.670000000000220197e+00 5.291872919258565133e+01
4.690000000000219771e+00 5.366859584374427072e+01
4.710000000000219345e+00 5.249019164106740476e+01
4.730000000000218918e+00 5.202886462953313895e+01
4.750000000000218492e+00 5.198034688983540264e+01
4.770000000000218066e+00 5.163803458351414832e+01
4.790000000000217639e+00 5.134938344862907655e+01
4.810000000000217213e+00 5.078830343051143359e+01
4.830000000000216787e+00 5.088206836862284632e+01
4.850000000000216360e+00 5.034042965704029626e+01
4.870000000000215934e+00 4.979846127640090003e+01
4.890000000000215508e+00 4.940073306393178854e+01
4.910000000000215081e+00 4.970887948447403915e+01
4.930000000000214655e+00 4.885456209712781117e+01
4.950000000000214229e+00 4.911024878127142301e+01
4.970000000000213802e+00 4.856717036828032974e+01
4.990000000000213376e+00 4.855980767330619585e+01
5.010000000000212950e+00 4.760224480821386095e+01
5.030000000000212523e+00 4.765103266644910462e+01
5.050000000000212097e+00 4.705898436773989602e+01
5.070000000000211671e+00 4.738465965905794519e+01
5.090000000000211244e+00 4.655762606714785079e+01
5.110000000000210818e+00 4.658738178322782630e+01
5.130000000000210392e+00 4.603018865958214434e+01
5.150000000000209965e+00 4.540900204736398393e+01
5.170000000000209539e+00 4.582365781415141726e+01
5.190000000000209113e+00 4.538380440237769164e+01
5.210000000000208686e+00 4.526536638434094328e+01
5.230000000000208260e+00 4.462837223482500804e+01
5.250000000000207834e+00 4.431720926596783272e+01
5.270000000000207407e+00 4.437144034603105780e+01
5.290000000000206981e+00 4.374061105335727717e+01
5.310000000000206555e+00 4.374128438118965079e+01
5.330000000000206128e+00 4.377176814033417429e+01
5.350000000000205702e+00 4.336230721929175047e+01
5.370000000000205276e+00 4.273144370867350261e+01
5.390000000000204849e+00 4.273508067882089279e+01
5.410000000000204423e+00 4.231038165890680602e+01
5.430000000000203997e+00 4.181465249087668923e+01
5.450000000000203570e+00 4.183450411187521212e+01
5.470000000000203144e+00 4.119181549508964224e+01
5.490000000000202718e+00 4.139884248486690410e+01
5.510000000000202292e+00 4.144816662053607814e+01
5.530000000000201865e+00 4.089981514237108229e+01
5.550000000000201439e+00 4.034793036994012994e+01
5.570000000000201013e+00 4.016551278089858812e+01
5.590000000000200586e+00 3.986786368877621101e+01
5.610000000000200160e+00 3.998814967862801240e+01
5.630000000000199734e+00 3.968699273383148807e+01
5.650000000000199307e+00 3.914825593207437038e+01
5.670000000000198881e+00 3.885361541690716081e+01
5.690000000000198455e+00 3.873143568300955053e+01
5.710000000000198028e+00 3.886224232185361416e+01
5.730000000000197602e+00 3.823451469339937603e+01
5.750000000000197176e+00 3.796251351562424503e+01
5.770000000000196749e+00 3.756147144121034387e+01
5.790000000000196323e+00 3.762239088810866861e+01
5.810000000000195897e+00 3.751993827615606136e+01
5.830000000000195470e+00 3.715411324540507820e+01
5.850000000000195044e+00 3.657268799679647486e+01
5.870000000000194618e+00 3.653477952421330599e+01
5.890000000000194191e+00 3.643949670236712990e+01
5.910000000000193765e+00 3.548213558181360838e+01
5.930000000000193339e+00 3.578017771313057693e+01
5.950000000000192912e+00 3.564563006957784097e+01
5.970000000000192486e+00 3.524003247378438175e+01
5.990000000000192060e+00 3.506884225972581248e+01
6.010000000000191633e+00 3.483479056452176792e+01
6.030000000000191207e+00 3.427976302083119720e+01
6.050000000000190781e+00 3.427450520506767617e+01
6.070000000000190354e+00 3.383866624105373688e+01
6.090000000000189928e+00 3.376087153041730460e+01
6.110000000000189502e+00 3.349010838829828174e+01
6.130000000000189075e+00 3.324814028546289535e+01
6.150000000000188649e+00 3.316491296540375799e+01
6.170000000000188223e+00 3.301976724854130651e+01
6.190000000000187796e+00 3.266650990600193438e+01
6.210000000000187370e+00 3.206385358354627613e+01
6.230000000000186944e+00 3.200983406576485635e+01
6.250000000000186517e+00 3.173551960427240104e+01
6.270000000000186091e+00 3.170886980265298405e+01
6.290000000000185665e+00 3.137759063485451705e+01
6.310000000000185238e+00 3.098863705218396092e+01
6.330000000000184812e+00 3.084483644734878283e+01
6.350000000000184386e+00 3.037532713833066467e+01
6.370000000000183960e+00 3.048063947444618904e+01
6.390000000000183533e+00 3.028830537680098445e+01
6.410000000000183107e+00 2.986086956599405084e+01
6.430000000000182681e+00 2.951182351751005939e+01
6.450000000000182254e+00 2.951939632776579003e+01
6.470000000000181828e+00 2.922861924625950891e+01
6.490000000000181402e+00 2.901426571811018817e+01
6.510000000000180975e+00 2.840875276866608701e+01
6.530000000000180549e+00 2.830135534559112997e+01
6.550000000000180123e+00 2.829456435246470747e+01
6.570000000000179696e+00 2.808187281442970118e+01
6.590000000000179270e+00 2.759884932456803597e+01
6.610000000000178844e+00 2.759411634950311765e+01
6.630000000000178417e+00 2.703348016762179995e+01
6.650000000000177991e+00 2.705554994750970366e+01
6.670000000000177565e+00 2.700307618844454538e+01
6.690000000000177138e+00 2.627406975894605523e+01
6.710000000000176712e+00 2.629005393587162231e+01
6.730000000000176286e+00 2.602744899401803735e+01
6.750000000000175859e+00 2.591066575262967575e+01
6.770000000000175433e+00 2.572743064325952034e+01
6.790000000000175007e+00 2.527811421627857769e+01
6.810000000000174580e+00 2.488346117190219431e+01
6.830000000000174154e+00 2.472714769361378373e+01
6.850000000000173728e+00 2.467559896984004553e+01
6.870000000000173301e+00 2.432383785005288601e+01
6.890000000000172875e+00 2.415738747488133242e+01
6.910000000000172449e+00 2.412831753940226065e+01
6.930000000000172022e+00 2.373069335151637205e+01
6.950000000000171596e+00 2.347540767927634775e+01
6.970000000000171170e+00 2.329343566796223541e+01
6.990000000000170743e+00 2.272657838858408752e+01
7.010000000000170317e+00 2.283259014865401326e+01
7.030000000000169891e+00 2.260627800114649943e+01
7.050000000000169464e+00 2.240453290241949702e+01
7.070000000000169038e+00 2.209577978121046016e+01
7.090000000000168612e+00 2.198129918088497092e+01
7.110000000000168185e+00 2.166685333855198436e+01
7.130000000000167759e+00 2.147642792637687137e+01
7.150000000000167333e+00 2.120732244046015680e+01
7.170000000000166906e+00 2.099457575365560658e+01
7.190000000000166480e+00 2.065842123417809262e+01
7.210000000000166054e+00 2.037458799657032316e+01
7.230000000000165628e+00 2.044774440622730083e+01
7.250000000000165201e+00 2.012308907509179789e+01
7.270000000000164775e+00 1.985805560531240488e+01
7.290000000000164349e+00 1.967880453928417595e+01
7.310000000000163922e+00 1.954093411744863928e+01
7.330000000000163496e+00 1.933589033705439419e+01
7.350000000000163070e+00 1.906930986729151556e+01
7.370000000000162643e+00 1.876980523216159469e+01
7.390000000000162217e+00 1.859016836293574571e+01
7.410000000000161791e+00 1.856551053360688996e+01
7.430000000000161364e+00 1.810922888977358625e+01
7.450000000000160938e+00 1.811763135466456376e+01
7.470000000000160512e+00 1.788308681988459625e+01
7.490000000000160085e+00 1.768951170318090504e+01
7.510000000000159659e+00 1.723491632586784306e+01
7.530000000000159233e+00 1.710799777094142016e+01
7.550000000000158806e+00 1.701515483945565066e+01
7.570000000000158380e+00 1.683530979895834889e+01
7.590000000000157954e+00 1.660016055400699742e+01
7.610000000000157527e+00 1.645396726564349166e+01
7.630000000000157101e+00 1.616262567046059218e+01
7.650000000000156675e+00 1.611655380973806118e+01
7.670000000000156248e+00 1.590783843789277974e+01
7.690000000000155822e+00 1.566404136960986371e+01
7.710000000000155396e+00 1.559392745000029201e+01
7.730000000000154969e+00 1.516001730628540933e+01
7.750000000000154543e+00 1.519093764976819827e+01
7.770000000000154117e+00 1.479629139656372772e+01
7.790000000000153690e+00 1.477900223043377714e+01
7.810000000000153264e+00 1.454336816333263727e+01
7.830000000000152838e+00 1.444847997028228725e+01
7.850000000000152411e+00 1.422725746139823322e+01
7.870000000000151985e+00 1.405164498164368680e+01
7.890000000000151559e+00 1.377506094994796726e+01
7.910000000000151132e+00 1.372070210894171183e+01
7.930000000000150706e+00 1.357018138532742135e+01
7.950000000000150280e+00 1.327099934712648377e+01
7.970000000000149853e+00 1.314313230674892807e+01
7.990000000000149427e+00 1.299487631880587557e+01
8.010000000000149001e+00 1.293239188842711229e+01
8.030000000000148574e+00 1.268295842962708342e+01
8.050000000000148148e+00 1.251109850076140440e+01
8.070000000000147722e+00 1.227947972074163019e+01
8.090000000000147296e+00 1.225809691340938912e+01
8.110000000000146869e+00 1.207969765438490128e+01
8.130000000000146443e+00 1.180230783385617066e+01
8.150000000000146017e+00 1.179879003351761391e+01
8.170000000000145590e+00 1.159212860177018101e+01
8.190000000000145164e+00 1.145705993378300391e+01
8.210000000000144738e+00 1.124686318810604924e+01
8.230000000000144311e+00 1.119853546319974669e+01
8.250000000000143885e+00 1.088550847180765757e+01
8.270000000000143459e+00 1.089940380996060476e+01
8.290000000000143032e+00 1.071408279838472488e+01
8.310000000000142606e+00 1.053294295678970904e+01
8.330000000000142180e+00 1.055242970753904785e+01
8.350000000000141753e+00 1.043835363323768028e+01
8.370000000000141327e+00 1.006077416006526093e+01
8.390000000000140901e+00 1.008292310857889973e+01
8.410000000000140474e+00 9.931335300787525355e+00
8.430000000000140048e+00 9.737476232566827150e+00
8.450000000000139622e+00 9.626911789199681380e+00
8.470000000000139195e+00 9.488646991437338585e+00
8.490000000000138769e+00 9.431602523517817360e+00
8.510000000000138343e+00 9.299853224911664995e+00
8.530000000000137916e+00 9.196151588899045493e+00
8.550000000000137490e+00 9.065924373873311737e+00
8.570000000000137064e+00 8.852002721218616088e+00
8.590000000000136637e+00 8.903302751617076183e+00
8.610000000000136211e+00 8.678780579911968829e+00
8.630000000000135785e+00 8.487775647433231541e+00
8.650000000000135358e+00 8.421679572249589185e+00
8.670000000000134932e+00 8.355082458715779481e+00
8.690000000000134506e+00 8.196805009090777361e+00
8.710000000000134079e+00 8.164372949452216588e+00
8.730000000000133653e+00 8.036401921953133964e+00
8.750000000000133227e+00 7.886405188190142468e+00
8.770000000000132800e+00 7.756143274603759963e+00
8.790000000000132374e+00 7.744402849052365312e+00
8.810000000000131948e+00 7.705769759956225151e+00
8.830000000000131521e+00 7.492360080821234725e+00
8.850000000000131095e+00 7.436190484072666251e+00
8.870000000000130669e+00 7.305169477080180940e+00
8.890000000000130242e+00 7.240245876116798485e+00
8.910000000000129816e+00 7.114994992104345606e+00
8.930000000000129390e+00 6.984065133043290352e+00
8.950000000000128964e+00 6.996177711724685722e+00
8.970000000000128537e+00 6.860220803089100983e+00
8.990000000000128111e+00 6.719361553690137434e+00
9.010000000000127685e+00 6.632799979501241339e+00
9.030000000000127258e+00 6.552068599876171184e+00
9.050000000000126832e+00 6.538610148756332840e+00
9.070000000000126406e+00 6.410452643255631244e+00
9.090000000000125979e+00 6.297736511348007937e+00
9.110000000000125553e+00 6.243364373759522579e+00
9.130000000000125127e+00 6.179472241907667751e+00
9.150000000000124700e+00 6.053012704961991730e+00
9.170000000000124274e+00 5.987778739843773401e+00
9.190000000000123848e+00 5.941998410311883028e+00
9.210000000000123421e+00 5.849287559928241897e+00
9.230000000000122995e+00 5.784986845939259048e+00
9.250000000000122569e+00 5.702571952729543980e+00
9.270000000000122142e+00 5.620076828950611336e+00
9.290000000000121716e+00 5.574179860199703462e+00
9.310000000000121290e+00 5.483713428435535775e+00
9.330000000000120863e+00 5.410897833525709189e+00
9.350000000000120437e+00 5.326474985142243490e+00
9.370000000000120011e+00 5.301790211080496640e+00
9.390000000000119584e+00 5.153178003392886453e+00
9.410000000000119158e+00 5.148280216790314334e+00
9.430000000000118732e+00 5.083518827389717387e+00
9.450000000000118305e+00 5.041110447562053842e+00
9.470000000000117879e+00 4.898881740099073845e+00
9.490000000000117453e+00 4.901460305101037918e+00
9.510000000000117026e+00 4.862689467655916253e+00
9.530000000000116600e+00 4.731798921481549236e+00
9.550000000000116174e+00 4.653168737319579584e+00
9.570000000000115747e+00 4.671177694772688405e+00
9.590000000000115321e+00 4.613918855505270145e+00
9.610000000000114895e+00 4.519251838499371843e+00
9.630000000000114468e+00 4.460034758276560041e+00
9.650000000000114042e+00 4.431187669131036344e+00
9.670000000000113616e+00 4.316655650972765379e+00
9.690000000000113189e+00 4.335796103644248056e+00
9.710000000000112763e+00 4.204289305993505366e+00
9.730000000000112337e+00 4.182007191835049653e+00
9.750000000000111910e+00 4.113565545008815327e+00
9.770000000000111484e+00 4.114718929322672025e+00
9.790000000000111058e+00 4.023961226813764114e+00
9.810000000000110632e+00 4.010511843131522092e+00
9.830000000000110205e+00 3.945238198752767822e+00
9.850000000000109779e+00 3.859576433571322962e+00
9.870000000000109353e+00 3.828912897623299560e+00
9.890000000000108926e+00 3.814130550993184876e+00
9.910000000000108500e+00 3.759783512834619312e+00
9.930000000000108074e+00 3.732052053397600488e+00
9.950000000000107647e+00 3.688201607041563967e+00
9.970000000000107221e+00 3.606119968915742380e+00
9.990000000000106795e+00 3.588068526242184308e+00
1.001000000000010637e+01 3.555679478773497326e+00
1.003000000000010594e+01 3.502893946158649019e+00
1.005000000000010552e+01 3.423245409312615450e+00
1.007000000000010509e+01 3.443172804690881605e+00
1.009000000000010466e+01 3.401593890396277686e+00
1.011000000000010424e+01 3.347622637577905458e+00
1.013000000000010381e+01 3.281648407121912747e+00
1.015000000000010338e+01 3.253895940002103249e+00
1.017000000000010296e+01 3.250103556310704356e+00
1.019000000000010253e+01 3.185597388398151431e+00
1.021000000000010210e+01 3.129657725974793525e+00
1.023000000000010168e+01 3.140661266657241324e+00
1.025000000000010125e+01 3.068664161617963959e+00
1.027000000000010083e+01 3.025208192704343713e+00
1.029000000000010040e+01 3.033705819999030773e+00
1.031000000000009997e+01 2.999626740277971049e+00
1.033000000000009955e+01 2.907972765515296487e+00
1.035000000000009912e+01 2.919327733779514489e+00
1.037000000000009869e+01 2.867143830484600642e+00
1.039000000000009827e+01 2.813250146218838399e+00
1.041000000000009784e+01 2.795822113762568062e+00
1.043000000000009742e+01 2.790832135934212310e+00
1.045000000000009699e+01 2.719287645678150511e+00
1.047000000000009656e+01 2.731427390418319501e+00
1.049000000000009614e+01 2.712590990991321505e+00
1.051000000000009571e+01 2.634825180937412803e+00
1.053000000000009528e+01 2.646347507985483904e+00
1.055000000000009486e+01 2.594853373175700639e+00
1.057000000000009443e+01 2.526775681053426759e+00
1.059000000000009400e+01 2.540757207887181846e+00
1.061000000000009358e+01 2.486553806732218597e+00
1.063000000000009315e+01 2.495316298099525820e+00
1.065000000000009273e+01 2.443437774016722130e+00
1.067000000000009230e+01 2.410193554691385298e+00
1.069000000000009187e+01 2.393093376162971353e+00
1.071000000000009145e+01 2.327431019122467859e+00
1.073000000000009102e+01 2.323014557823356974e+00
1.075000000000009059e+01 2.299090307442875236e+00
1.077000000000009017e+01 2.270716904505312606e+00
1.079000000000008974e+01 2.267063726287948278e+00
1.081000000000008932e+01 2.257979845347504622e+00
1.083000000000008889e+01 2.170796351925360579e+00
1.085000000000008846e+01 2.131779615832648300e+00
1.087000000000008804e+01 2.171218534748058815e+00
1.089000000000008761e+01 2.104124843499663555e+00
1.091000000000008718e+01 2.092921135328230875e+00
1.093000000000008676e+01 2.092441133380110063e+00
1.095000000000008633e+01 2.074248873754914513e+00
1.097000000000008590e+01 2.011174660684484028e+00
1.099000000000008548e+01 2.004494429519720011e+00
1.101000000000008505e+01 1.986898376006765332e+00
1.103000000000008463e+01 1.970910177588598211e+00
1.105000000000008420e+01 1.910313850744491226e+00
1.107000000000008377e+01 1.955188760481821442e+00
1.109000000000008335e+01 1.933290976677878303e+00
1.111000000000008292e+01 1.869316481059241530e+00
1.113000000000008249e+01 1.871067761115564831e+00
1.115000000000008207e+01 1.860810297412296643e+00
1.117000000000008164e+01 1.828241384700703076e+00
1.119000000000008122e+01 1.826144657137991789e+00
1.121000000000008079e+01 1.773498954780555081e+00
1.123000000000008036e+01 1.779805559440893026e+00
1.125000000000007994e+01 1.763926871371290339e+00
1.127000000000007951e+01 1.734965303378572354e+00
1.129000000000007908e+01 1.741667130990176560e+00
1.131000000000007866e+01 1.698769161782973880e+00
1.133000000000007823e+01 1.691595197905148673e+00
1.135000000000007780e+01 1.669100682023132443e+00
1.137000000000007738e+01 1.635337385261286691e+00
1.139000000000007695e+01 1.666791861316829104e+00
1.141000000000007653e+01 1.624612834736966827e+00
1.143000000000007610e+01 1.609974731013463778e+00
1.145000000000007567e+01 1.577386070964666542e+00
1.147000000000007525e+01 1.552400298447176974e+00
1.149000000000007482e+01 1.526006391226587322e+00
1.151000000000007439e+01 1.555503229847654323e+00
1.153000000000007397e+01 1.513264324754894252e+00
1.155000000000007354e+01 1.496716318236506860e+00
1.157000000000007311e+01 1.476930206256374722e+00
1.159000000000007269e+01 1.460669494866867035e+00
1.161000000000007226e+01 1.437269366310584218e+00
1.163000000000007184e+01 1.424274010799368329e+00
1.165000000000007141e+01 1.420556226096302721e+00
1.167000000000007098e+01 1.398401804197954457e+00
1.169000000000007056e+01 1.405199445701009298e+00
1.171000000000007013e+01 1.380264018117203006e+00
1.173000000000006970e+01 1.341681982461153666e+00
1.175000000000006928e+01 1.338933630505117822e+00
1.177000000000006885e+01 1.332754082663331063e+00
1.179000000000006843e+01 1.360990993207046973e+00
1.181000000000006800e+01 1.287131992476035158e+00
1.183000000000006757e+01 1.281529550357880298e+00
1.185000000000006715e+01 1.284756856018097082e+00
1.187000000000006672e+01 1.264953906682575679e+00
1.189000000000006629e+01 1.242444961708926821e+00
1.191000000000006587e+01 1.209085659091185150e+00
1.193000000000006544e+01 1.247948457338639239e+00
1.195000000000006501e+01 1.188677461471496777e+00
1.197000000000006459e+01 1.215374496588671693e+00
1.199000000000006416e+01 1.193614191159339644e+00
1.201000000000006374e+01 1.186738521593285745e+00
1.203000000000006331e+01 1.150560532274689463e+00
1.205000000000006288e+01 1.121299599015533444e+00
1.207000000000006246e+01 1.155606775636324413e+00
1.209000000000006203e+01 1.132271273696442204e+00
1.211000000000006160e+01 1.125881196411331997e+00
1.213000000000006118e+01 1.118532434069713588e+00
1.215000000000006075e+01 1.069093220534908406e+00
1.217000000000006033e+01 1.100980480799649941e+00
1.219000000000005990e+01 1.096997876523113646e+00
1.221000000000005947e+01 1.049652910586292620e+00
1.223000000000005905e+01 1.032946274935013342e+00
1.225000000000005862e+01 1.054478248139292695e+00
1.227000000000005819e+01 1.028794444911296457e+00
1.229000000000005777e+01 1.005104634305362454e+00
1.231000000000005734e+01 1.025004144576600273e+00
1.233000000000005691e+01 9.889832221146422908e-01
1.235000000000005649e+01 9.713724278830478953e-01
1.237000000000005606e+01 9.931579382939592637e-01
1.239000000000005564e+01 9.562807256794731980e-01
1.241000000000005521e+01 9.549830622038564254e-01
1.243000000000005478e+01 9.432627741248984510e-01
1.245000000000005436e+01 9.428352231335992428e-01
1.247000000000005393e+01 9.133826960830240260e-01
1.249000000000005350e+01 9.207517200149406555e-01
1.251000000000005308e+01 8.916126737893689258e-01
1.253000000000005265e+01 9.071212837462936385e-01
1.255000000000005222e+01 8.664138082440856481e-01
1.257000000000005180e+01 8.724029164813940085e-01
1.259000000000005137e+01 8.742916865681379379e-01
1.261000000000005095e+01 8.433697898265803961e-01
1.263000000000005052e+01 8.446953217530295266e-01
1.265000000000005009e+01 8.135434683960399704e-01
1.267000000000004967e+01 8.336643118379596373e-01
1.269000000000004924e+01 8.207872249277252674e-01
1.271000000000004881e+01 7.885313955278391296e-01
1.273000000000004839e+01 7.897747043625347185e-01
1.275000000000004796e+01 8.049783301707212901e-01
1.277000000000004754e+01 7.765953330095970442e-01
1.279000000000004711e+01 7.700459230467693317e-01
1.281000000000004668e+01 7.694585980648027679e-01
1.283000000000004626e+01 7.207777877326486671e-01
1.285000000000004583e+01 7.435799760227638222e-01
1.287000000000004540e+01 7.348437157455171009e-01
1.289000000000004498e+01 7.272594965104947073e-01
1.291000000000004455e+01 7.251951058008003770e-01
1.293000000000004412e+01 7.200382994204134190e-01
1.295000000000004370e+01 6.995023903799721943e-01
1.297000000000004327e+01 7.176555280086334143e-01
1.299000000000004285e+01 7.039028950153789488e-01
1.301000000000004242e+01 6.837035456563363978e-01
1.303000000000004199e+01 6.790693677812255080e-01
1.305000000000004157e+01 6.910397343352152610e-01
1.307000000000004114e+01 6.594318235839580211e-01
1.309000000000004071e+01 6.722917121551537090e-01
1.311000000000004029e+01 6.490312458668273665e-01
1.313000000000003986e+01 6.726362447402102207e-01
1.315000000000003944e+01 6.402192548836183050e-01
1.317000000000003901e+01 6.313693094933873207e-01
1.319000000000003858e+01 6.183023040060543485e-01
1.321000000000003816e+01 6.321645389423852235e-01
1.323000000000003773e+01 6.201822964104952707e-01
1.325000000000003730e+01 5.891051332368031357e-01
1.327000000000003688e+01 5.603771100828393026e-01
1.329000000000003645e+01 5.671888746616540189e-01
1.331000000000003602e+01 5.583213696140078008e-01
1.333000000000003560e+01 5.638162195441442925e-01
1.335000000000003517e+01 5.552462745419270984e-01
1.337000000000003475e+01 5.413981106201727345e-01
1.339000000000003432e+01 5.217811454045512276e-01
1.341000000000003389e+01 5.121282954537665910e-01
1.343000000000003347e+01 4.970956492680183025e-01
1.345000000000003304e+01 4.969263087195265327e-01
1.347000000000003261e+01 4.793679476243531412e-01
1.349000000000003219e+01 4.961475977314487307e-01
1.351000000000003176e+01 4.692886373924964327e-01
1.353000000000003133e+01 4.542243519568888166e-01
1.355000000000003091e+01 4.253824051087676250e-01
1.357000000000003048e+01 4.133990979944233146e-01
1.359000000000003006e+01 3.968122096799839293e-01
1.361000000000002963e+01 4.103967409881301709e-01
1.363000000000002920e+01 4.002895845488385063e-01
1.365000000000002878e+01 3.769764637578434385e-01
1.367000000000002835e+01 3.787433767326685019e-01
1.369000000000002792e+01 3.735804666026503185e-01
1.371000000000002750e+01 3.619398040727072052e-01
1.373000000000002707e+01 3.641575123396461056e-01
1.375000000000002665e+01 3.520167111001586968e-01
1.377000000000002622e+01 3.513646378524125646e-01
1.379000000000002579e+01 3.291142314547969572e-01
1.381000000000002537e+01 3.237578102069091357e-01
1.383000000000002494e+01 3.097567128211310972e-01
1.385000000000002451e+01 3.085055427742636192e-01
1.387000000000002409e+01 3.107530887654827434e-01
1.389000000000002366e+01 3.062327064500149354e-01
1.391000000000002323e+01 2.940903430615832148e-01
1.393000000000002281e+01 2.908255009010536352e-01
1.395000000000002238e+01 2.551330667364670735e-01
1.397000000000002196e+01 2.390332063461608758e-01
1.399000000000002153e+01 2.303275377778385147e-01
1.401000000000002110e+01 2.268684566536645075e-01
1.403000000000002068e+01 2.384776552989876786e-01
1.405000000000002025e+01 2.356586424360973819e-01
1.407000000000001982e+01 2.207484601044041317e-01
1.409000000000001940e+01 2.217754998017388013e-01
1.411000000000001897e+01 2.032322934669096859e-01
1.413000000000001855e+01 2.006204204499019705e-01
1.415000000000001812e+01 1.890522044363056875e-01
1.417000000000001769e+01 1.698747758231723415e-01
1.419000000000001727e+01 1.670618175059191690e-01
1.421000000000001684e+01 1.562533038200691060e-01
1.423000000000001641e+01 1.418242391477199937e-01
1.425000000000001599e+01 1.288103899519624507e-01
1.427000000000001556e+01 1.306446892937491167e-01
1.429000000000001513e+01 1.218051739749181905e-01
1.431000000000001471e+01 1.086907682468202796e-01
1.433000000000001428e+01 1.030305579495627843e-01
1.435000000000001386e+01 9.456922629896197252e-02
1.437000000000001343e+01 7.820030968605520827e-02
1.439000000000001300e+01 8.033960745466511844e-02
1.441000000000001258e+01 5.895796599837344054e-02
1.443000000000001215e+01 5.595409836028689826e-02
1.445000000000001172e+01 4.792099855451487089e-02
1.447000000000001130e+01 3.958487277875501892e-02
1.449000000000001087e+01 3.713491286544787912e-02
1.451000000000001044e+01 2.848700126205085462e-02
1.453000000000001002e+01 2.558205881373497650e-02
1.455000000000000959e+01 2.293444136454991789e-02
1.457000000000000917e+01 1.451082372328853232e-02
1.459000000000000874e+01 8.777411528983132191e-03
1.461000000000000831e+01 8.610127188265708983e-03
1.463000000000000789e+01 8.445048270301923343e-03
1.465000000000000746e+01 2.854041306226020105e-03
1.467000000000000703e+01 2.732072862829421512e-03
1.469000000000000661e+01 2.722368662666247146e-03
1.471000000000000618e+01 0.000000000000000000e+00
1.473000000000000576e+01 0.000000000000000000e+00
1.475000000000000533e+01 0.000000000000000000e+00
1.477000000000000490e+01 0.000000000000000000e+00
1.479000000000000448e+01 0.000000000000000000e+00
1.481000000000000405e+01 0.000000000000000000e+00
1.483000000000000362e+01 0.000000000000000000e+00
1.485000000000000320e+01 0.000000000000000000e+00
1.487000000000000277e+01 0.000000000000000000e+00
1.489000000000000234e+01 0.000000000000000000e+00
1.491000000000000192e+01 0.000000000000000000e+00
1.493000000000000149e+01 0.000000000000000000e+00
1.495000000000000107e+01 0.000000000000000000e+00
1.497000000000000064e+01 0.000000000000000000e+00
1.499000000000000021e+01 0.000000000000000000e+00
