# Redshift		Merger Rate Density [Gpc^-3yr^-1]
1.000000000031931770e-02 2.441975931011137959e+02
3.000000000031888964e-02 2.476701862109010790e+02
5.000000000031846331e-02 2.516746236730645876e+02
7.000000000031804392e-02 2.569078139451485754e+02
9.000000000031761760e-02 2.613559796288313919e+02
1.100000000003171913e-01 2.652917392866793307e+02
1.300000000003167511e-01 2.714512286266550518e+02
1.500000000003163247e-01 2.760909609946366459e+02
1.700000000003158984e-01 2.795397466289521162e+02
1.900000000003154721e-01 2.850166597631902050e+02
2.100000000003150458e-01 2.897433155002750027e+02
2.300000000003146194e-01 2.947052955950144906e+02
2.500000000003141931e-01 2.992854242930771989e+02
2.700000000003137668e-01 3.011955017789024964e+02
2.900000000003133405e-01 3.070574753117139153e+02
3.100000000003129141e-01 3.102837407000060921e+02
3.300000000003124878e-01 3.127890122297879998e+02
3.500000000003120615e-01 3.195633171733867925e+02
3.700000000003116352e-01 3.211410939222366210e+02
3.900000000003112088e-01 3.240598409201666641e+02
4.100000000003107825e-01 3.270443922322915569e+02
4.300000000003103562e-01 3.304538029737487932e+02
4.500000000003099299e-01 3.328581403720286289e+02
4.700000000003095035e-01 3.377946275265866234e+02
4.900000000003090772e-01 3.365945946889617630e+02
5.100000000003086509e-01 3.409061709354274399e+02
5.300000000003082246e-01 3.455448344841462927e+02
5.500000000003077982e-01 3.464421038726315487e+02
5.700000000003073719e-01 3.486632965237331518e+02
5.900000000003069456e-01 3.497446021706289798e+02
6.100000000003065193e-01 3.560597495836299800e+02
6.300000000003060929e-01 3.532341272581755334e+02
6.500000000003056666e-01 3.592746496026275054e+02
6.700000000003052403e-01 3.605445142438372272e+02
6.900000000003048140e-01 3.613250571028441982e+02
7.100000000003043876e-01 3.640100508005297115e+02
7.300000000003039613e-01 3.636952430131614165e+02
7.500000000003035350e-01 3.668845349527788358e+02
7.700000000003031086e-01 3.676351520623007900e+02
7.900000000003026823e-01 3.704022849993891100e+02
8.100000000003022560e-01 3.690065191746162441e+02
8.300000000003018297e-01 3.686573320179122106e+02
8.500000000003014033e-01 3.714042322059130470e+02
8.700000000003009770e-01 3.696583309616111137e+02
8.900000000003005507e-01 3.702375682340895082e+02
9.100000000003001244e-01 3.717431044760278951e+02
9.300000000002996980e-01 3.713258901332343385e+02
9.500000000002992717e-01 3.714111764847352788e+02
9.700000000002988454e-01 3.684206273149484900e+02
9.900000000002984191e-01 3.698483040134373709e+02
1.010000000000297993e+00 3.688186708134940659e+02
1.030000000000297566e+00 3.678060343849119818e+02
1.050000000000297140e+00 3.672661795451941202e+02
1.070000000000296714e+00 3.690432752291745828e+02
1.090000000000296287e+00 3.643290139896942605e+02
1.110000000000295861e+00 3.636136765472846832e+02
1.130000000000295435e+00 3.641852778008941982e+02
1.150000000000295008e+00 3.616364528398510743e+02
1.170000000000294582e+00 3.608410459325345983e+02
1.190000000000294156e+00 3.584562783310096847e+02
1.210000000000293729e+00 3.596775149001041996e+02
1.230000000000293303e+00 3.561462389959287407e+02
1.250000000000292877e+00 3.548550257055881048e+02
1.270000000000292451e+00 3.523346758976789488e+02
1.290000000000292024e+00 3.523006410590652990e+02
1.310000000000291598e+00 3.467166072353754771e+02
1.330000000000291172e+00 3.513856467917806299e+02
1.350000000000290745e+00 3.466051604734376497e+02
1.370000000000290319e+00 3.425571457421821719e+02
1.390000000000289893e+00 3.445900288969825169e+02
1.410000000000289466e+00 3.420584101573626299e+02
1.430000000000289040e+00 3.404471105379701044e+02
1.450000000000288614e+00 3.370105307610670025e+02
1.470000000000288187e+00 3.370880428772792925e+02
1.490000000000287761e+00 3.354276637719593737e+02
1.510000000000287335e+00 3.347703827563084928e+02
1.530000000000286908e+00 3.298019819744702659e+02
1.550000000000286482e+00 3.310526510479496096e+02
1.570000000000286056e+00 3.278627911760328857e+02
1.590000000000285629e+00 3.263037650901668485e+02
1.610000000000285203e+00 3.244839518209824405e+02
1.630000000000284777e+00 3.223913772994162628e+02
1.650000000000284350e+00 3.214605631681512818e+02
1.670000000000283924e+00 3.185575124888704295e+02
1.690000000000283498e+00 3.173722915486836200e+02
1.710000000000283071e+00 3.153359678861837665e+02
1.730000000000282645e+00 3.129799257821425726e+02
1.750000000000282219e+00 3.101631924815923753e+02
1.770000000000281792e+00 3.095122550864483628e+02
1.790000000000281366e+00 3.081230079926760368e+02
1.810000000000280940e+00 3.049140654281757747e+02
1.830000000000280513e+00 3.044616711571122210e+02
1.850000000000280087e+00 3.000052303163549254e+02
1.870000000000279661e+00 2.989646919425182432e+02
1.890000000000279234e+00 2.970447866077341814e+02
1.910000000000278808e+00 2.937717607779576952e+02
1.930000000000278382e+00 2.941014760706139555e+02
1.950000000000277955e+00 2.901585554383082695e+02
1.970000000000277529e+00 2.885750803186488724e+02
1.990000000000277103e+00 2.862427062460124603e+02
2.010000000000276899e+00 2.841717634149483729e+02
2.030000000000276472e+00 2.811547148802223433e+02
2.050000000000276046e+00 2.797333548690326666e+02
2.070000000000275620e+00 2.767694159094546080e+02
2.090000000000275193e+00 2.750595149539387307e+02
2.110000000000274767e+00 2.727503473176504372e+02
2.130000000000274341e+00 2.713595721132133463e+02
2.150000000000273914e+00 2.685586328896994246e+02
2.170000000000273488e+00 2.649192237117118793e+02
2.190000000000273062e+00 2.629967271865486964e+02
2.210000000000272635e+00 2.608558782312409789e+02
2.230000000000272209e+00 2.598727651731962283e+02
2.250000000000271783e+00 2.563039258412075014e+02
2.270000000000271356e+00 2.547163614110508831e+02
2.290000000000270930e+00 2.521042672057116931e+02
2.310000000000270504e+00 2.505194098171998291e+02
2.330000000000270077e+00 2.480814793362296768e+02
2.350000000000269651e+00 2.455860983524924848e+02
2.370000000000269225e+00 2.442239727256678634e+02
2.390000000000268798e+00 2.411908549299857327e+02
2.410000000000268372e+00 2.426350069034440651e+02
2.430000000000267946e+00 2.377161504961675007e+02
2.450000000000267519e+00 2.375814762738008028e+02
2.470000000000267093e+00 2.355025386274775201e+02
2.490000000000266667e+00 2.317741952002831169e+02
2.510000000000266240e+00 2.317562876782133969e+02
2.530000000000265814e+00 2.277396036897624185e+02
2.550000000000265388e+00 2.250405183358067518e+02
2.570000000000264961e+00 2.242578983679884175e+02
2.590000000000264535e+00 2.213514014587120755e+02
2.610000000000264109e+00 2.179530496545979190e+02
2.630000000000263682e+00 2.161631628419393678e+02
2.650000000000263256e+00 2.152945205493780065e+02
2.670000000000262830e+00 2.132393194643859147e+02
2.690000000000262403e+00 2.090282226457401009e+02
2.710000000000261977e+00 2.071952896657026315e+02
2.730000000000261551e+00 2.064069066203130660e+02
2.750000000000261124e+00 2.030718006066736621e+02
2.770000000000260698e+00 2.007352069212729759e+02
2.790000000000260272e+00 1.980703935100347337e+02
2.810000000000259845e+00 1.964401821160500674e+02
2.830000000000259419e+00 1.946499183009160276e+02
2.850000000000258993e+00 1.930396732530858799e+02
2.870000000000258567e+00 1.913908394601714349e+02
2.890000000000258140e+00 1.878186274533491087e+02
2.910000000000257714e+00 1.872932471501620455e+02
2.930000000000257288e+00 1.846227848548562918e+02
2.950000000000256861e+00 1.828098052538601053e+02
2.970000000000256435e+00 1.821785692807720807e+02
2.990000000000256009e+00 1.801733415621091297e+02
3.010000000000255582e+00 1.770931932897219099e+02
3.030000000000255156e+00 1.757326628048864450e+02
3.050000000000254730e+00 1.753314615623468455e+02
3.070000000000254303e+00 1.719280838236775253e+02
3.090000000000253877e+00 1.708845265236242881e+02
3.110000000000253451e+00 1.688877167896621074e+02
3.130000000000253024e+00 1.663508311812752538e+02
3.150000000000252598e+00 1.666322040782322915e+02
3.170000000000252172e+00 1.643022609013721649e+02
3.190000000000251745e+00 1.620221853757501833e+02
3.210000000000251319e+00 1.605301720967525796e+02
3.230000000000250893e+00 1.596664933114660414e+02
3.250000000000250466e+00 1.574714888713506582e+02
3.270000000000250040e+00 1.556469929618877757e+02
3.290000000000249614e+00 1.537406196171214674e+02
3.310000000000249187e+00 1.528868184387161193e+02
3.330000000000248761e+00 1.511788799302623829e+02
3.350000000000248335e+00 1.501565092353893363e+02
3.370000000000247908e+00 1.483939421833205756e+02
3.390000000000247482e+00 1.476855843388916583e+02
3.410000000000247056e+00 1.460911767617414796e+02
3.430000000000246629e+00 1.440952334991934833e+02
3.450000000000246203e+00 1.426882360410870092e+02
3.470000000000245777e+00 1.417197400830862364e+02
3.490000000000245350e+00 1.399731738666972944e+02
3.510000000000244924e+00 1.382055379501132677e+02
3.530000000000244498e+00 1.372666316927791001e+02
3.550000000000244071e+00 1.362581846499055018e+02
3.570000000000243645e+00 1.356162987305296781e+02
3.590000000000243219e+00 1.334816435020332506e+02
3.610000000000242792e+00 1.320548120402893630e+02
3.630000000000242366e+00 1.314777764349321387e+02
3.650000000000241940e+00 1.298422629962959718e+02
3.670000000000241513e+00 1.278957584589070393e+02
3.690000000000241087e+00 1.276081949693446091e+02
3.710000000000240661e+00 1.262006044493598722e+02
3.730000000000240234e+00 1.249892435646141990e+02
3.750000000000239808e+00 1.239426589347346521e+02
3.770000000000239382e+00 1.231941460693249155e+02
3.790000000000238956e+00 1.206333618513981634e+02
3.810000000000238529e+00 1.207448550275642987e+02
3.830000000000238103e+00 1.190073235706007324e+02
3.850000000000237677e+00 1.186469986429103614e+02
3.870000000000237250e+00 1.169792151323825351e+02
3.890000000000236824e+00 1.157632365252606377e+02
3.910000000000236398e+00 1.150932953574916553e+02
3.930000000000235971e+00 1.135603188472554308e+02
3.950000000000235545e+00 1.130631492964629103e+02
3.970000000000235119e+00 1.112476138889032029e+02
3.990000000000234692e+00 1.105767869732442819e+02
4.010000000000234266e+00 1.093137062460528739e+02
4.030000000000233840e+00 1.083572985398060240e+02
4.050000000000233413e+00 1.075721017519321947e+02
4.070000000000232987e+00 1.066180344957331698e+02
4.090000000000232561e+00 1.060050258426308858e+02
4.110000000000232134e+00 1.042357994787435018e+02
4.130000000000231708e+00 1.042447879290198500e+02
4.150000000000231282e+00 1.031131718137767450e+02
4.170000000000230855e+00 1.018568993053545313e+02
4.190000000000230429e+00 1.017408982678971086e+02
4.210000000000230003e+00 1.008471942593312889e+02
4.230000000000229576e+00 9.928829551627427463e+01
4.250000000000229150e+00 9.808864613430864665e+01
4.270000000000228724e+00 9.740758763043034207e+01
4.290000000000228297e+00 9.664365117960061013e+01
4.310000000000227871e+00 9.552524555835167064e+01
4.330000000000227445e+00 9.553550105217443900e+01
4.350000000000227018e+00 9.362481512940455275e+01
4.370000000000226592e+00 9.324790141977982216e+01
4.390000000000226166e+00 9.283750942053406163e+01
4.410000000000225739e+00 9.152493700348806271e+01
4.430000000000225313e+00 9.076120317762617162e+01
4.450000000000224887e+00 8.940812318546126392e+01
4.470000000000224460e+00 8.860985959998843953e+01
4.490000000000224034e+00 8.841921866410137909e+01
4.510000000000223608e+00 8.635353292314209739e+01
4.530000000000223181e+00 8.614989933739333594e+01
4.550000000000222755e+00 8.528194238226939206e+01
4.570000000000222329e+00 8.337208754501651242e+01
4.590000000000221902e+00 8.300063349489434472e+01
4.610000000000221476e+00 8.236081360549111707e+01
4.630000000000221050e+00 8.160091681525575780e+01
4.650000000000220624e+00 8.022610736704385204e+01
4.670000000000220197e+00 7.972609756755478827e+01
4.690000000000219771e+00 7.904318066190266734e+01
4.710000000000219345e+00 7.825198304745316591e+01
4.730000000000218918e+00 7.741520319903503378e+01
4.750000000000218492e+00 7.602039194029408975e+01
4.770000000000218066e+00 7.575063015007161482e+01
4.790000000000217639e+00 7.498834763465359288e+01
4.810000000000217213e+00 7.391910422145991788e+01
4.830000000000216787e+00 7.307536889198902941e+01
4.850000000000216360e+00 7.231455628779764311e+01
4.870000000000215934e+00 7.154804453771474471e+01
4.890000000000215508e+00 7.065383051332040054e+01
4.910000000000215081e+00 6.970643516315165300e+01
4.930000000000214655e+00 6.940565195517072539e+01
4.950000000000214229e+00 6.861727454080616440e+01
4.970000000000213802e+00 6.757468685958608035e+01
4.990000000000213376e+00 6.740623277452968409e+01
5.010000000000212950e+00 6.676775269856052830e+01
5.030000000000212523e+00 6.572107988479237406e+01
5.050000000000212097e+00 6.508010787737789826e+01
5.070000000000211671e+00 6.425655587094884424e+01
5.090000000000211244e+00 6.351743833996838617e+01
5.110000000000210818e+00 6.273316221113745428e+01
5.130000000000210392e+00 6.223592579870017261e+01
5.150000000000209965e+00 6.122194799395385445e+01
5.170000000000209539e+00 6.071547837873778519e+01
5.190000000000209113e+00 6.028168050315313309e+01
5.210000000000208686e+00 5.938058686081123483e+01
5.230000000000208260e+00 5.934413582929206399e+01
5.250000000000207834e+00 5.816004278989944254e+01
5.270000000000207407e+00 5.790872372216882980e+01
5.290000000000206981e+00 5.703701012541370119e+01
5.310000000000206555e+00 5.639482092814357372e+01
5.330000000000206128e+00 5.623177857966887672e+01
5.350000000000205702e+00 5.514041090666519551e+01
5.370000000000205276e+00 5.473181138247927890e+01
5.390000000000204849e+00 5.444583292882126102e+01
5.410000000000204423e+00 5.367599392664319424e+01
5.430000000000203997e+00 5.287939820915547529e+01
5.450000000000203570e+00 5.214516865108642918e+01
5.470000000000203144e+00 5.144738141147696808e+01
5.490000000000202718e+00 5.104740246047914809e+01
5.510000000000202292e+00 5.065480206733615631e+01
5.530000000000201865e+00 4.998281219480044513e+01
5.550000000000201439e+00 4.930635804529362787e+01
5.570000000000201013e+00 4.897161278935632822e+01
5.590000000000200586e+00 4.834033457353490348e+01
5.610000000000200160e+00 4.751610143439914680e+01
5.630000000000199734e+00 4.716665213487098640e+01
5.650000000000199307e+00 4.663485574330604067e+01
5.670000000000198881e+00 4.580601544421666205e+01
5.690000000000198455e+00 4.528675649026421013e+01
5.710000000000198028e+00 4.474381812247345636e+01
5.730000000000197602e+00 4.456857252818435455e+01
5.750000000000197176e+00 4.367661252843713982e+01
5.770000000000196749e+00 4.311684764265060466e+01
5.790000000000196323e+00 4.218848803016641114e+01
5.810000000000195897e+00 4.201712842262507053e+01
5.830000000000195470e+00 4.119687065132958281e+01
5.850000000000195044e+00 4.098223965125988144e+01
5.870000000000194618e+00 4.032891627295461490e+01
5.890000000000194191e+00 3.968863092174549223e+01
5.910000000000193765e+00 3.939901493898193507e+01
5.930000000000193339e+00 3.897415278108337588e+01
5.950000000000192912e+00 3.836864391559009846e+01
5.970000000000192486e+00 3.784827805093756581e+01
5.990000000000192060e+00 3.772876751043956745e+01
6.010000000000191633e+00 3.733153907955482964e+01
6.030000000000191207e+00 3.675194739355724494e+01
6.050000000000190781e+00 3.621476638674692339e+01
6.070000000000190354e+00 3.574568695384763828e+01
6.090000000000189928e+00 3.562264435943061613e+01
6.110000000000189502e+00 3.489815000206186113e+01
6.130000000000189075e+00 3.446858219764370546e+01
6.150000000000188649e+00 3.406468167129194313e+01
6.170000000000188223e+00 3.359002682057538891e+01
6.190000000000187796e+00 3.299444891314436035e+01
6.210000000000187370e+00 3.296346031638688601e+01
6.230000000000186944e+00 3.234432317874192364e+01
6.250000000000186517e+00 3.216332211387077678e+01
6.270000000000186091e+00 3.163251370971535792e+01
6.290000000000185665e+00 3.120619104792327647e+01
6.310000000000185238e+00 3.091564132426103839e+01
6.330000000000184812e+00 3.072533884653946501e+01
6.350000000000184386e+00 3.013303429406569833e+01
6.370000000000183960e+00 2.971006399500622308e+01
6.390000000000183533e+00 2.955529350165641844e+01
6.410000000000183107e+00 2.897400150845489719e+01
6.430000000000182681e+00 2.851676937477461848e+01
6.450000000000182254e+00 2.813090595889374512e+01
6.470000000000181828e+00 2.785580924741715592e+01
6.490000000000181402e+00 2.749842899121161111e+01
6.510000000000180975e+00 2.722002615658269420e+01
6.530000000000180549e+00 2.673412768677462026e+01
6.550000000000180123e+00 2.608041959365881368e+01
6.570000000000179696e+00 2.607992635985789676e+01
6.590000000000179270e+00 2.565848496854800587e+01
6.610000000000178844e+00 2.517935298839868352e+01
6.630000000000178417e+00 2.503095619195775612e+01
6.650000000000177991e+00 2.475155316215581891e+01
6.670000000000177565e+00 2.410543399441282375e+01
6.690000000000177138e+00 2.407528518187622169e+01
6.710000000000176712e+00 2.372487314779296597e+01
6.730000000000176286e+00 2.341427322959230750e+01
6.750000000000175859e+00 2.302248639057933843e+01
6.770000000000175433e+00 2.277336718042416663e+01
6.790000000000175007e+00 2.238025879091269132e+01
6.810000000000174580e+00 2.209589510079425168e+01
6.830000000000174154e+00 2.199337708334920194e+01
6.850000000000173728e+00 2.177603292029627369e+01
6.870000000000173301e+00 2.118326989318032361e+01
6.890000000000172875e+00 2.101515853105743759e+01
6.910000000000172449e+00 2.072442121560747097e+01
6.930000000000172022e+00 2.062994785232532635e+01
6.950000000000171596e+00 2.038010083507946391e+01
6.970000000000171170e+00 2.035484656684851856e+01
6.990000000000170743e+00 2.001006955967200795e+01
7.010000000000170317e+00 1.979390272285080243e+01
7.030000000000169891e+00 1.969297980687100846e+01
7.050000000000169464e+00 1.935867473327671107e+01
7.070000000000169038e+00 1.929778450770693965e+01
7.090000000000168612e+00 1.909740578745142869e+01
7.110000000000168185e+00 1.899003208860904124e+01
7.130000000000167759e+00 1.858598921320860597e+01
7.150000000000167333e+00 1.830869139332195417e+01
7.170000000000166906e+00 1.817161651138240686e+01
7.190000000000166480e+00 1.784239019622807731e+01
7.210000000000166054e+00 1.752524428807336676e+01
7.230000000000165628e+00 1.745080367795407383e+01
7.250000000000165201e+00 1.720582506944169410e+01
7.270000000000164775e+00 1.705753707941557451e+01
7.290000000000164349e+00 1.697978025554400006e+01
7.310000000000163922e+00 1.661959721703753345e+01
7.330000000000163496e+00 1.652065134718259642e+01
7.350000000000163070e+00 1.638869970651910180e+01
7.370000000000162643e+00 1.632311374034652829e+01
7.390000000000162217e+00 1.608397521744085523e+01
7.410000000000161791e+00 1.599268100921754154e+01
7.430000000000161364e+00 1.597069363552162358e+01
7.450000000000160938e+00 1.575389837522071090e+01
7.470000000000160512e+00 1.556608384479430640e+01
7.490000000000160085e+00 1.538846124753511901e+01
7.510000000000159659e+00 1.533675269563812726e+01
7.530000000000159233e+00 1.522394531350697200e+01
7.550000000000158806e+00 1.510319894290002374e+01
7.570000000000158380e+00 1.493219580350007369e+01
7.590000000000157954e+00 1.479108705103974408e+01
7.610000000000157527e+00 1.471520684221162512e+01
7.630000000000157101e+00 1.465723567570966956e+01
7.650000000000156675e+00 1.452858086076437338e+01
7.670000000000156248e+00 1.443326804659997542e+01
7.690000000000155822e+00 1.424094392697418598e+01
7.710000000000155396e+00 1.433234095462878699e+01
7.730000000000154969e+00 1.414835135432092805e+01
7.750000000000154543e+00 1.422621394318251120e+01
7.770000000000154117e+00 1.405862765717741070e+01
7.790000000000153690e+00 1.400170188801349980e+01
7.810000000000153264e+00 1.398653039915450336e+01
7.830000000000152838e+00 1.391531987011721760e+01
7.850000000000152411e+00 1.377954608989636220e+01
7.870000000000151985e+00 1.367608668596430377e+01
7.890000000000151559e+00 1.361723551496104001e+01
7.910000000000151132e+00 1.351059855585305769e+01
7.930000000000150706e+00 1.350718626255239307e+01
7.950000000000150280e+00 1.342579420858695372e+01
7.970000000000149853e+00 1.340514946221291126e+01
7.990000000000149427e+00 1.333808669909199729e+01
8.010000000000149001e+00 1.304999687499618233e+01
8.030000000000148574e+00 1.308266037829558037e+01
8.050000000000148148e+00 1.294484158163901100e+01
8.070000000000147722e+00 1.292325528132166390e+01
8.090000000000147296e+00 1.286676931551129854e+01
8.110000000000146869e+00 1.276018082051392533e+01
8.130000000000146443e+00 1.268800909862170201e+01
8.150000000000146017e+00 1.270176975078423531e+01
8.170000000000145590e+00 1.264274676850120116e+01
8.190000000000145164e+00 1.255590098153250800e+01
8.210000000000144738e+00 1.249914082818492389e+01
8.230000000000144311e+00 1.240254105539885821e+01
8.250000000000143885e+00 1.243136601155356402e+01
8.270000000000143459e+00 1.248706495598942290e+01
8.290000000000143032e+00 1.248658539234785181e+01
8.310000000000142606e+00 1.234020886938711747e+01
8.330000000000142180e+00 1.231176291377758858e+01
8.350000000000141753e+00 1.234416890470294526e+01
8.370000000000141327e+00 1.227435076794330193e+01
8.390000000000140901e+00 1.226499505653707800e+01
8.410000000000140474e+00 1.227703147036197606e+01
8.430000000000140048e+00 1.212526063627231210e+01
8.450000000000139622e+00 1.211376291625174240e+01
8.470000000000139195e+00 1.207766044723731369e+01
8.490000000000138769e+00 1.212707358508561839e+01
8.510000000000138343e+00 1.187921232251673587e+01
8.530000000000137916e+00 1.202322534001603138e+01
8.550000000000137490e+00 1.193516991535783411e+01
8.570000000000137064e+00 1.192616531127579016e+01
8.590000000000136637e+00 1.191957774165242157e+01
8.610000000000136211e+00 1.182967749393176149e+01
8.630000000000135785e+00 1.163762195692239310e+01
8.650000000000135358e+00 1.166242547029433219e+01
8.670000000000134932e+00 1.172646487290400152e+01
8.690000000000134506e+00 1.171782133233498868e+01
8.710000000000134079e+00 1.161371683940572019e+01
8.730000000000133653e+00 1.161104581501923150e+01
8.750000000000133227e+00 1.141909403114994959e+01
8.770000000000132800e+00 1.155078362204122477e+01
8.790000000000132374e+00 1.134463014678610371e+01
8.810000000000131948e+00 1.139573651503490836e+01
8.830000000000131521e+00 1.134819281833832960e+01
8.850000000000131095e+00 1.117027086434729100e+01
8.870000000000130669e+00 1.115709210533623263e+01
8.890000000000130242e+00 1.111785181206241369e+01
8.910000000000129816e+00 1.107072960381266213e+01
8.930000000000129390e+00 1.092746579858928335e+01
8.950000000000128964e+00 1.093680816039106851e+01
8.970000000000128537e+00 1.098789273843799563e+01
8.990000000000128111e+00 1.086091087958057955e+01
9.010000000000127685e+00 1.075928770082232511e+01
9.030000000000127258e+00 1.072419247942276321e+01
9.050000000000126832e+00 1.060621391351274312e+01
9.070000000000126406e+00 1.071228562661455008e+01
9.090000000000125979e+00 1.058233942114538451e+01
9.110000000000125553e+00 1.049192079100868824e+01
9.130000000000125127e+00 1.049440820325855661e+01
9.150000000000124700e+00 1.040142235361762069e+01
9.170000000000124274e+00 1.026348936516266974e+01
9.190000000000123848e+00 1.023818070381796019e+01
9.210000000000123421e+00 1.019959412817677169e+01
9.230000000000122995e+00 1.010228654059317321e+01
9.250000000000122569e+00 1.001169915213190187e+01
9.270000000000122142e+00 1.011575910437392167e+01
9.290000000000121716e+00 9.947274451820630858e+00
9.310000000000121290e+00 9.723912871090453436e+00
9.330000000000120863e+00 9.834898582576723669e+00
9.350000000000120437e+00 9.758862836441744903e+00
9.370000000000120011e+00 9.671575220489978975e+00
9.390000000000119584e+00 9.557919578627119606e+00
9.410000000000119158e+00 9.462738362813052362e+00
9.430000000000118732e+00 9.429428355236485260e+00
9.450000000000118305e+00 9.341130634214614759e+00
9.470000000000117879e+00 9.243538575355065845e+00
9.490000000000117453e+00 9.098209275568786225e+00
9.510000000000117026e+00 9.082251624345017760e+00
9.530000000000116600e+00 8.973134096317103570e+00
9.550000000000116174e+00 8.915291826479409210e+00
9.570000000000115747e+00 8.920660093962130333e+00
9.590000000000115321e+00 8.779818523258180463e+00
9.610000000000114895e+00 8.563777459347344134e+00
9.630000000000114468e+00 8.652352148920849473e+00
9.650000000000114042e+00 8.473930677858508176e+00
9.670000000000113616e+00 8.473761479009652930e+00
9.690000000000113189e+00 8.281729981130423468e+00
9.710000000000112763e+00 8.305060699412182501e+00
9.730000000000112337e+00 8.136251974278177812e+00
9.750000000000111910e+00 8.075937571127138170e+00
9.770000000000111484e+00 7.899931705391364467e+00
9.790000000000111058e+00 7.907397999809197664e+00
9.810000000000110632e+00 7.888434753288669832e+00
9.830000000000110205e+00 7.700420086943133846e+00
9.850000000000109779e+00 7.613835159351633131e+00
9.870000000000109353e+00 7.537798350034399242e+00
9.890000000000108926e+00 7.433821242607079327e+00
9.910000000000108500e+00 7.381108515865932418e+00
9.930000000000108074e+00 7.296982882044901864e+00
9.950000000000107647e+00 7.172410932284122076e+00
9.970000000000107221e+00 7.104731877642033844e+00
9.990000000000106795e+00 7.007300570596308731e+00
1.001000000000010637e+01 6.979273950825703565e+00
1.003000000000010594e+01 6.825825507808373160e+00
1.005000000000010552e+01 6.746816365256540493e+00
1.007000000000010509e+01 6.668086118981021215e+00
1.009000000000010466e+01 6.660129410414404205e+00
1.011000000000010424e+01 6.461080268367060064e+00
1.013000000000010381e+01 6.407878108827676833e+00
1.015000000000010338e+01 6.368093742845474914e+00
1.017000000000010296e+01 6.231332184100992322e+00
1.019000000000010253e+01 6.170996954340806084e+00
1.021000000000010210e+01 6.066789900846184302e+00
1.023000000000010168e+01 6.063482056275019794e+00
1.025000000000010125e+01 5.911665948671454451e+00
1.027000000000010083e+01 5.865394141925871274e+00
1.029000000000010040e+01 5.782772695661040352e+00
1.031000000000009997e+01 5.719112572553666674e+00
1.033000000000009955e+01 5.604407684506124809e+00
1.035000000000009912e+01 5.558643821784178485e+00
1.037000000000009869e+01 5.440268031066644028e+00
1.039000000000009827e+01 5.393305238732793327e+00
1.041000000000009784e+01 5.329896155456728124e+00
1.043000000000009742e+01 5.254177173783240562e+00
1.045000000000009699e+01 5.168397044065647705e+00
1.047000000000009656e+01 5.160209545139208487e+00
1.049000000000009614e+01 5.008475133710684091e+00
1.051000000000009571e+01 4.926307500445824772e+00
1.053000000000009528e+01 4.861422161493226923e+00
1.055000000000009486e+01 4.877688967392952435e+00
1.057000000000009443e+01 4.729873645012585115e+00
1.059000000000009400e+01 4.717767497945716038e+00
1.061000000000009358e+01 4.584025289645861534e+00
1.063000000000009315e+01 4.552713883303109554e+00
1.065000000000009273e+01 4.486562563077445276e+00
1.067000000000009230e+01 4.456581485810696464e+00
1.069000000000009187e+01 4.347075293269610619e+00
1.071000000000009145e+01 4.253520566947754489e+00
1.073000000000009102e+01 4.228626700540714545e+00
1.075000000000009059e+01 4.170050542759139667e+00
1.077000000000009017e+01 4.092715836090607517e+00
1.079000000000008974e+01 4.058852572744494402e+00
1.081000000000008932e+01 4.006385686184009032e+00
1.083000000000008889e+01 3.952276985983240287e+00
1.085000000000008846e+01 3.873584137185843268e+00
1.087000000000008804e+01 3.816864911990631715e+00
1.089000000000008761e+01 3.797219341627187994e+00
1.091000000000008718e+01 3.717740886317122406e+00
1.093000000000008676e+01 3.684848937962336812e+00
1.095000000000008633e+01 3.638863452336296156e+00
1.097000000000008590e+01 3.592983712634220339e+00
1.099000000000008548e+01 3.553734498048994439e+00
1.101000000000008505e+01 3.451290140873045864e+00
1.103000000000008463e+01 3.435106108292521832e+00
1.105000000000008420e+01 3.386560402244153334e+00
1.107000000000008377e+01 3.358235783014161591e+00
1.109000000000008335e+01 3.336801655844111369e+00
1.111000000000008292e+01 3.274761667087997541e+00
1.113000000000008249e+01 3.220645912591083349e+00
1.115000000000008207e+01 3.164790229307181679e+00
1.117000000000008164e+01 3.163799650690913623e+00
1.119000000000008122e+01 3.124035222633819497e+00
1.121000000000008079e+01 3.091839380153038608e+00
1.123000000000008036e+01 3.019771192909431967e+00
1.125000000000007994e+01 2.973999382435345673e+00
1.127000000000007951e+01 2.947090987040122290e+00
1.129000000000007908e+01 2.977077823043363658e+00
1.131000000000007866e+01 2.855186074695522436e+00
1.133000000000007823e+01 2.882601681698672369e+00
1.135000000000007780e+01 2.771732346438799954e+00
1.137000000000007738e+01 2.756043883863735111e+00
1.139000000000007695e+01 2.729207399180284543e+00
1.141000000000007653e+01 2.721808584653497842e+00
1.143000000000007610e+01 2.652693686663346817e+00
1.145000000000007567e+01 2.618904135126404853e+00
1.147000000000007525e+01 2.577662888387950879e+00
1.149000000000007482e+01 2.574922084811580358e+00
1.151000000000007439e+01 2.536379946483632075e+00
1.153000000000007397e+01 2.530115676027756777e+00
1.155000000000007354e+01 2.437943702199154572e+00
1.157000000000007311e+01 2.467873699040380231e+00
1.159000000000007269e+01 2.409721895856981710e+00
1.161000000000007226e+01 2.338324009472978471e+00
1.163000000000007184e+01 2.357656679058648397e+00
1.165000000000007141e+01 2.301899236277327621e+00
1.167000000000007098e+01 2.281136018359332773e+00
1.169000000000007056e+01 2.303722909932245155e+00
1.171000000000007013e+01 2.228005119226207587e+00
1.173000000000006970e+01 2.197181167827925385e+00
1.175000000000006928e+01 2.146591871376147598e+00
1.177000000000006885e+01 2.152928777544152794e+00
1.179000000000006843e+01 2.148355694858334886e+00
1.181000000000006800e+01 2.079490722929830504e+00
1.183000000000006757e+01 2.059784667652359680e+00
1.185000000000006715e+01 2.062216690833622135e+00
1.187000000000006672e+01 2.037041467191882393e+00
1.189000000000006629e+01 1.983133029666547698e+00
1.191000000000006587e+01 1.962095125552478558e+00
1.193000000000006544e+01 1.991328432171472596e+00
1.195000000000006501e+01 1.898038069175371767e+00
1.197000000000006459e+01 1.930860950535764342e+00
1.199000000000006416e+01 1.880008006573179458e+00
1.201000000000006374e+01 1.897945073594745624e+00
1.203000000000006331e+01 1.824719906720979168e+00
1.205000000000006288e+01 1.800173508766758079e+00
1.207000000000006246e+01 1.821441886374290053e+00
1.209000000000006203e+01 1.770068516628672706e+00
1.211000000000006160e+01 1.752346349938602721e+00
1.213000000000006118e+01 1.753614484401774920e+00
1.215000000000006075e+01 1.696134706210498555e+00
1.217000000000006033e+01 1.729490454003679512e+00
1.219000000000005990e+01 1.682008783407164199e+00
1.221000000000005947e+01 1.643487437942354523e+00
1.223000000000005905e+01 1.640191749179454428e+00
1.225000000000005862e+01 1.647670939289605174e+00
1.227000000000005819e+01 1.597840067298725408e+00
1.229000000000005777e+01 1.586186238142653249e+00
1.231000000000005734e+01 1.576223178233304933e+00
1.233000000000005691e+01 1.539850474425413340e+00
1.235000000000005649e+01 1.550896731988430144e+00
1.237000000000005606e+01 1.533892396960257587e+00
1.239000000000005564e+01 1.503493621044080575e+00
1.241000000000005521e+01 1.460767077928689872e+00
1.243000000000005478e+01 1.467779803850202569e+00
1.245000000000005436e+01 1.460898858625093277e+00
1.247000000000005393e+01 1.417797366328275244e+00
1.249000000000005350e+01 1.417236300595338339e+00
1.251000000000005308e+01 1.410047720400786853e+00
1.253000000000005265e+01 1.369366585800301239e+00
1.255000000000005222e+01 1.358480237778281419e+00
1.257000000000005180e+01 1.368071063563905954e+00
1.259000000000005137e+01 1.340670323396447872e+00
1.261000000000005095e+01 1.313068204402854544e+00
1.263000000000005052e+01 1.310082140014665830e+00
1.265000000000005009e+01 1.280582739959516436e+00
1.267000000000004967e+01 1.259877165781406738e+00
1.269000000000004924e+01 1.290237035911377950e+00
1.271000000000004881e+01 1.275412357184344092e+00
1.273000000000004839e+01 1.242834644137318589e+00
1.275000000000004796e+01 1.244612317035049376e+00
1.277000000000004754e+01 1.214361996615475281e+00
1.279000000000004711e+01 1.220929868768303672e+00
1.281000000000004668e+01 1.224712302029936417e+00
1.283000000000004626e+01 1.178695385344415314e+00
1.285000000000004583e+01 1.154667994977049528e+00
1.287000000000004540e+01 1.154739872177870108e+00
1.289000000000004498e+01 1.177484238826918217e+00
1.291000000000004455e+01 1.122652180771795072e+00
1.293000000000004412e+01 1.140424351086564148e+00
1.295000000000004370e+01 1.094488753412863558e+00
1.297000000000004327e+01 1.138438133669392061e+00
1.299000000000004285e+01 1.104175879170463226e+00
1.301000000000004242e+01 1.060353157681526381e+00
1.303000000000004199e+01 1.074300585170989697e+00
1.305000000000004157e+01 1.064402939629783384e+00
1.307000000000004114e+01 1.037893250518429955e+00
1.309000000000004071e+01 1.018532303710644404e+00
1.311000000000004029e+01 1.021152475235889145e+00
1.313000000000003986e+01 1.043128491893193788e+00
1.315000000000003944e+01 1.012093716580547476e+00
1.317000000000003901e+01 9.598121305886432308e-01
1.319000000000003858e+01 9.607918355884237371e-01
1.321000000000003816e+01 9.915063182608225834e-01
1.323000000000003773e+01 9.463364898020422133e-01
1.325000000000003730e+01 9.292937267195869877e-01
1.327000000000003688e+01 9.011292090677190947e-01
1.329000000000003645e+01 9.094690084088384863e-01
1.331000000000003602e+01 8.926272076957262325e-01
1.333000000000003560e+01 9.039839702052707704e-01
1.335000000000003517e+01 8.885486832276158209e-01
1.337000000000003475e+01 8.837601573823047341e-01
1.339000000000003432e+01 8.579665527330048169e-01
1.341000000000003389e+01 8.426397110214767228e-01
1.343000000000003347e+01 8.231253229332653465e-01
1.345000000000003304e+01 8.234579246722506518e-01
1.347000000000003261e+01 8.048990095163621739e-01
1.349000000000003219e+01 8.251922030717719903e-01
1.351000000000003176e+01 7.761528839832958493e-01
1.353000000000003133e+01 7.674653376359639179e-01
1.355000000000003091e+01 7.565775598263485557e-01
1.357000000000003048e+01 7.565752208676966850e-01
1.359000000000003006e+01 7.559465693956093357e-01
1.361000000000002963e+01 7.158078877888711666e-01
1.363000000000002920e+01 7.134024522138574520e-01
1.365000000000002878e+01 7.055254851544300321e-01
1.367000000000002835e+01 6.922851526181746928e-01
1.369000000000002792e+01 6.870941004727002532e-01
1.371000000000002750e+01 6.632429614574723020e-01
1.373000000000002707e+01 6.847327160099493382e-01
1.375000000000002665e+01 6.643473767551076881e-01
1.377000000000002622e+01 6.680606916850305721e-01
1.379000000000002579e+01 6.287767878720547099e-01
1.381000000000002537e+01 6.151620528303070046e-01
1.383000000000002494e+01 6.006121964896754539e-01
1.385000000000002451e+01 6.057959366198428786e-01
1.387000000000002409e+01 5.982031769826348100e-01
1.389000000000002366e+01 5.632505860415280008e-01
1.391000000000002323e+01 5.706671447921547458e-01
1.393000000000002281e+01 5.660119581392886179e-01
1.395000000000002238e+01 5.369837105153161261e-01
1.397000000000002196e+01 4.978707687251093250e-01
1.399000000000002153e+01 5.023748304416001398e-01
1.401000000000002110e+01 4.839705186270581994e-01
1.403000000000002068e+01 4.839904283790279482e-01
1.405000000000002025e+01 4.859097438797063129e-01
1.407000000000001982e+01 4.947659852975584416e-01
1.409000000000001940e+01 4.818058957930604902e-01
1.411000000000001897e+01 4.535663451588300421e-01
1.413000000000001855e+01 4.590390524033882147e-01
1.415000000000001812e+01 4.494302476301460514e-01
1.417000000000001769e+01 4.197156801485975031e-01
1.419000000000001727e+01 4.021515710233973251e-01
1.421000000000001684e+01 4.014189761867310025e-01
1.423000000000001641e+01 3.890278483700526091e-01
1.425000000000001599e+01 3.569687516960600160e-01
1.427000000000001556e+01 3.611747620103344381e-01
1.429000000000001513e+01 3.459536401181979026e-01
1.431000000000001471e+01 3.320309175382314959e-01
1.433000000000001428e+01 3.310223872348550533e-01
1.435000000000001386e+01 3.019074822152854054e-01
1.437000000000001343e+01 2.985591065393849997e-01
1.439000000000001300e+01 2.916239833262489478e-01
1.441000000000001258e+01 2.799767269285305948e-01
1.443000000000001215e+01 2.594909474988933984e-01
1.445000000000001172e+01 2.315844609856766989e-01
1.447000000000001130e+01 2.336956695850270216e-01
1.449000000000001087e+01 2.138182667766511114e-01
1.451000000000001044e+01 1.825737371233284445e-01
1.453000000000001002e+01 1.711482976581934767e-01
1.455000000000000959e+01 1.192916507558410139e-01
1.457000000000000917e+01 8.329550142090688669e-02
1.459000000000000874e+01 5.837857002349645247e-02
1.461000000000000831e+01 4.179121201200515501e-02
1.463000000000000789e+01 3.336259135320124303e-02
1.465000000000000746e+01 1.954581829869726783e-02
1.467000000000000703e+01 8.440591430993524616e-03
1.469000000000000661e+01 5.651897037415412259e-03
1.471000000000000618e+01 2.866104267662239122e-03
1.473000000000000576e+01 2.854109195534862680e-03
1.475000000000000533e+01 2.842127644974107390e-03
1.477000000000000490e+01 2.830162665784831996e-03
1.479000000000000448e+01 2.818217200871594996e-03
1.481000000000000405e+01 0.000000000000000000e+00
1.483000000000000362e+01 0.000000000000000000e+00
1.485000000000000320e+01 0.000000000000000000e+00
1.487000000000000277e+01 0.000000000000000000e+00
1.489000000000000234e+01 0.000000000000000000e+00
1.491000000000000192e+01 0.000000000000000000e+00
1.493000000000000149e+01 0.000000000000000000e+00
1.495000000000000107e+01 0.000000000000000000e+00
1.497000000000000064e+01 0.000000000000000000e+00
1.499000000000000021e+01 0.000000000000000000e+00
