# Redshift		Merger Rate Density [Gpc^-3yr^-1]
1.000000000031931770e-02 3.565810940476489499e+00
3.000000000031888964e-02 3.688894876525358857e+00
5.000000000031846331e-02 3.880128827085039589e+00
7.000000000031804392e-02 3.827244410598625635e+00
9.000000000031761760e-02 3.978551727134175930e+00
1.100000000003171913e-01 4.154023689421380006e+00
1.300000000003167511e-01 4.207072892769695649e+00
1.500000000003163247e-01 4.313997552606972263e+00
1.700000000003158984e-01 4.439830771553719302e+00
1.900000000003154721e-01 4.544821972068159965e+00
2.100000000003150458e-01 4.606173208963933341e+00
2.300000000003146194e-01 4.647884202605099269e+00
2.500000000003141931e-01 4.752877143186911901e+00
2.700000000003137668e-01 4.863649115474217410e+00
2.900000000003133405e-01 4.931681804605414499e+00
3.100000000003129141e-01 5.029870239055882486e+00
3.300000000003124878e-01 5.117244539536666359e+00
3.500000000003120615e-01 5.058481879164752115e+00
3.700000000003116352e-01 5.346500190909500461e+00
3.900000000003112088e-01 5.245860240630023874e+00
4.100000000003107825e-01 5.508846934776877369e+00
4.300000000003103562e-01 5.573782076823638576e+00
4.500000000003099299e-01 5.586463148726414474e+00
4.700000000003095035e-01 5.909429134079801749e+00
4.900000000003090772e-01 6.034600947256009817e+00
5.100000000003086509e-01 6.033606700307271531e+00
5.300000000003082246e-01 6.260621424561183979e+00
5.500000000003077982e-01 6.277218649511646653e+00
5.700000000003073719e-01 6.578081436709962482e+00
5.900000000003069456e-01 6.789854343011111126e+00
6.100000000003065193e-01 6.705264147918554407e+00
6.300000000003060929e-01 6.908627429793209984e+00
6.500000000003056666e-01 7.156686102768295754e+00
6.700000000003052403e-01 7.365381365114722634e+00
6.900000000003048140e-01 7.423591771844628262e+00
7.100000000003043876e-01 7.555964555825938511e+00
7.300000000003039613e-01 7.886375788604199855e+00
7.500000000003035350e-01 8.234521994505517029e+00
7.700000000003031086e-01 8.245960994998169369e+00
7.900000000003026823e-01 8.579391077993195225e+00
8.100000000003022560e-01 8.628465331990208043e+00
8.300000000003018297e-01 8.825765487430507150e+00
8.500000000003014033e-01 9.168009541116397543e+00
8.700000000003009770e-01 9.525622022053772397e+00
8.900000000003005507e-01 9.465199219977858291e+00
9.100000000003001244e-01 9.846427225415789408e+00
9.300000000002996980e-01 9.871844290859472792e+00
9.500000000002992717e-01 1.009564338453746579e+01
9.700000000002988454e-01 1.029893516719611135e+01
9.900000000002984191e-01 1.058190837947779883e+01
1.010000000000297993e+00 1.081745211325667633e+01
1.030000000000297566e+00 1.067716750209861587e+01
1.050000000000297140e+00 1.123768280444711110e+01
1.070000000000296714e+00 1.131812836763217156e+01
1.090000000000296287e+00 1.129712894195532158e+01
1.110000000000295861e+00 1.174094087173688372e+01
1.130000000000295435e+00 1.195501154254254494e+01
1.150000000000295008e+00 1.184467288678039232e+01
1.170000000000294582e+00 1.203596431407478740e+01
1.190000000000294156e+00 1.236713063222537201e+01
1.210000000000293729e+00 1.262047879701594155e+01
1.230000000000293303e+00 1.275610239761637921e+01
1.250000000000292877e+00 1.276796647781647209e+01
1.270000000000292451e+00 1.328672846008687358e+01
1.290000000000292024e+00 1.326974404994729539e+01
1.310000000000291598e+00 1.360048018361748845e+01
1.330000000000291172e+00 1.342036534618367405e+01
1.350000000000290745e+00 1.363019660621933049e+01
1.370000000000290319e+00 1.361395566104543420e+01
1.390000000000289893e+00 1.390602454396756471e+01
1.410000000000289466e+00 1.400910714249857314e+01
1.430000000000289040e+00 1.422741875293454150e+01
1.450000000000288614e+00 1.447870725315537577e+01
1.470000000000288187e+00 1.441128887621770360e+01
1.490000000000287761e+00 1.453618873165804182e+01
1.510000000000287335e+00 1.458543786750487570e+01
1.530000000000286908e+00 1.466836001195172656e+01
1.550000000000286482e+00 1.469455604604344146e+01
1.570000000000286056e+00 1.526733979172583666e+01
1.590000000000285629e+00 1.489587675185135751e+01
1.610000000000285203e+00 1.512782561942810844e+01
1.630000000000284777e+00 1.514003752090266453e+01
1.650000000000284350e+00 1.553133928870657776e+01
1.670000000000283924e+00 1.528900105691669253e+01
1.690000000000283498e+00 1.562916514592678396e+01
1.710000000000283071e+00 1.544192507636298473e+01
1.730000000000282645e+00 1.584180627539076092e+01
1.750000000000282219e+00 1.552485263734708987e+01
1.770000000000281792e+00 1.597757633964856083e+01
1.790000000000281366e+00 1.549314941880852814e+01
1.810000000000280940e+00 1.594613938835807510e+01
1.830000000000280513e+00 1.602311910115883009e+01
1.850000000000280087e+00 1.586141148019968128e+01
1.870000000000279661e+00 1.622866565550308238e+01
1.890000000000279234e+00 1.590851606309707478e+01
1.910000000000278808e+00 1.631350749827422320e+01
1.930000000000278382e+00 1.598143142754175372e+01
1.950000000000277955e+00 1.601212020241598921e+01
1.970000000000277529e+00 1.600038381480586480e+01
1.990000000000277103e+00 1.645902038867691530e+01
2.010000000000276899e+00 1.625537252522090981e+01
2.030000000000276472e+00 1.613422033062799343e+01
2.050000000000276046e+00 1.634820015877473764e+01
2.070000000000275620e+00 1.643005751986836316e+01
2.090000000000275193e+00 1.639519037293656467e+01
2.110000000000274767e+00 1.635331886261979761e+01
2.130000000000274341e+00 1.628184909269845448e+01
2.150000000000273914e+00 1.643808391701898231e+01
2.170000000000273488e+00 1.627267106910236549e+01
2.190000000000273062e+00 1.656013022518662936e+01
2.210000000000272635e+00 1.626728328821419822e+01
2.230000000000272209e+00 1.628231522505792839e+01
2.250000000000271783e+00 1.643843250919679733e+01
2.270000000000271356e+00 1.603326564265544363e+01
2.290000000000270930e+00 1.623392157388188650e+01
2.310000000000270504e+00 1.609207931085349585e+01
2.330000000000270077e+00 1.643371380290352946e+01
2.350000000000269651e+00 1.612171896175871666e+01
2.370000000000269225e+00 1.607377265010757483e+01
2.390000000000268798e+00 1.641306747535345778e+01
2.410000000000268372e+00 1.586776869687407476e+01
2.430000000000267946e+00 1.628809131979253877e+01
2.450000000000267519e+00 1.611648133780206749e+01
2.470000000000267093e+00 1.593105389961915996e+01
2.490000000000266667e+00 1.598861643167799862e+01
2.510000000000266240e+00 1.595653870680246378e+01
2.530000000000265814e+00 1.562254870437895171e+01
2.550000000000265388e+00 1.568766772325705183e+01
2.570000000000264961e+00 1.564749266653246806e+01
2.590000000000264535e+00 1.594037549412239763e+01
2.610000000000264109e+00 1.574156145691014075e+01
2.630000000000263682e+00 1.599173453582545612e+01
2.650000000000263256e+00 1.531382932672425845e+01
2.670000000000262830e+00 1.549254578706821128e+01
2.690000000000262403e+00 1.553613283816344648e+01
2.710000000000261977e+00 1.542446622641615050e+01
2.730000000000261551e+00 1.524771068971628374e+01
2.750000000000261124e+00 1.528423122804167811e+01
2.770000000000260698e+00 1.495338100288651439e+01
2.790000000000260272e+00 1.507181898920946139e+01
2.810000000000259845e+00 1.491586495549627323e+01
2.830000000000259419e+00 1.482132130546263760e+01
2.850000000000258993e+00 1.478227116258624818e+01
2.870000000000258567e+00 1.490291014818625293e+01
2.890000000000258140e+00 1.472072641682438920e+01
2.910000000000257714e+00 1.468986426017312930e+01
2.930000000000257288e+00 1.477484245940621754e+01
2.950000000000256861e+00 1.431414511715134630e+01
2.970000000000256435e+00 1.453105552470472084e+01
2.990000000000256009e+00 1.443895594877428579e+01
3.010000000000255582e+00 1.405226684894299005e+01
3.030000000000255156e+00 1.400459845755296406e+01
3.050000000000254730e+00 1.427103469073941078e+01
3.070000000000254303e+00 1.396119811331609029e+01
3.090000000000253877e+00 1.378435673415138929e+01
3.110000000000253451e+00 1.404818929078377998e+01
3.130000000000253024e+00 1.387106859901178701e+01
3.150000000000252598e+00 1.377941023650389241e+01
3.170000000000252172e+00 1.347375867524087667e+01
3.190000000000251745e+00 1.375008830704382135e+01
3.210000000000251319e+00 1.347324866051533476e+01
3.230000000000250893e+00 1.334422482501040363e+01
3.250000000000250466e+00 1.337220029189960435e+01
3.270000000000250040e+00 1.319172994250416231e+01
3.290000000000249614e+00 1.334236797693474053e+01
3.310000000000249187e+00 1.306964773690195969e+01
3.330000000000248761e+00 1.283001282455810355e+01
3.350000000000248335e+00 1.309524364644279260e+01
3.370000000000247908e+00 1.287759429801559286e+01
3.390000000000247482e+00 1.304409265184183297e+01
3.410000000000247056e+00 1.285206643281335381e+01
3.430000000000246629e+00 1.273684661936022344e+01
3.450000000000246203e+00 1.285479149184375558e+01
3.470000000000245777e+00 1.246282145928275042e+01
3.490000000000245350e+00 1.251920613721190989e+01
3.510000000000244924e+00 1.233302245106545314e+01
3.530000000000244498e+00 1.249400362129066622e+01
3.550000000000244071e+00 1.236161620034569708e+01
3.570000000000243645e+00 1.234566407852018699e+01
3.590000000000243219e+00 1.191202104897842418e+01
3.610000000000242792e+00 1.220709901781116891e+01
3.630000000000242366e+00 1.188908190065382975e+01
3.650000000000241940e+00 1.205219529782669419e+01
3.670000000000241513e+00 1.181960830622907466e+01
3.690000000000241087e+00 1.200034329555808910e+01
3.710000000000240661e+00 1.159886036323940850e+01
3.730000000000240234e+00 1.170535169184883983e+01
3.750000000000239808e+00 1.154593503553754630e+01
3.770000000000239382e+00 1.165857203279246157e+01
3.790000000000238956e+00 1.153456535181194198e+01
3.810000000000238529e+00 1.137524956105917795e+01
3.830000000000238103e+00 1.137365052301581336e+01
3.850000000000237677e+00 1.138957027332668481e+01
3.870000000000237250e+00 1.137433451172251075e+01
3.890000000000236824e+00 1.124408616069031019e+01
3.910000000000236398e+00 1.109031370744345679e+01
3.930000000000235971e+00 1.111958128560939763e+01
3.950000000000235545e+00 1.096480008044379062e+01
3.970000000000235119e+00 1.094249263181670351e+01
3.990000000000234692e+00 1.122804248700866125e+01
4.010000000000234266e+00 1.067582423465824526e+01
4.030000000000233840e+00 1.070741303589444016e+01
4.050000000000233413e+00 1.085952434482211260e+01
4.070000000000232987e+00 1.082992233044922870e+01
4.090000000000232561e+00 1.064392120118568208e+01
4.110000000000232134e+00 1.047077588314451368e+01
4.130000000000231708e+00 1.048125223528104044e+01
4.150000000000231282e+00 1.078039978595441184e+01
4.170000000000230855e+00 1.018420240611949446e+01
4.190000000000230429e+00 1.047164779940402290e+01
4.210000000000230003e+00 1.035005847745327578e+01
4.230000000000229576e+00 1.038795630036434225e+01
4.250000000000229150e+00 1.019018399220153981e+01
4.270000000000228724e+00 1.017199559954786459e+01
4.290000000000228297e+00 1.010045469130511187e+01
4.310000000000227871e+00 9.925398955645288623e+00
4.330000000000227445e+00 1.009948474010847441e+01
4.350000000000227018e+00 9.850504787958668018e+00
4.370000000000226592e+00 1.000487026165716742e+01
4.390000000000226166e+00 9.845540104824108241e+00
4.410000000000225739e+00 9.874838255516683816e+00
4.430000000000225313e+00 9.913467123336994646e+00
4.450000000000224887e+00 9.751949428604230974e+00
4.470000000000224460e+00 9.688086227672098261e+00
4.490000000000224034e+00 9.551566996240806517e+00
4.510000000000223608e+00 9.507924183886702352e+00
4.530000000000223181e+00 9.411029662336490631e+00
4.550000000000222755e+00 9.512940004179183617e+00
4.570000000000222329e+00 9.550223432225855902e+00
4.590000000000221902e+00 9.270669162330198887e+00
4.610000000000221476e+00 9.396144434025776704e+00
4.630000000000221050e+00 9.360575951774606551e+00
4.650000000000220624e+00 9.045885473922343323e+00
4.670000000000220197e+00 9.291303765374273382e+00
4.690000000000219771e+00 9.127736298593472242e+00
4.710000000000219345e+00 8.955774273552714604e+00
4.730000000000218918e+00 9.088058388646199859e+00
4.750000000000218492e+00 9.049717508565118251e+00
4.770000000000218066e+00 8.976833710097475105e+00
4.790000000000217639e+00 8.837208789119012309e+00
4.810000000000217213e+00 8.813668829250365988e+00
4.830000000000216787e+00 8.977549581380960930e+00
4.850000000000216360e+00 8.705352529039997123e+00
4.870000000000215934e+00 8.648962495827209551e+00
4.890000000000215508e+00 8.681004686756836008e+00
4.910000000000215081e+00 8.562701431581521305e+00
4.930000000000214655e+00 8.632217698667068007e+00
4.950000000000214229e+00 8.557781936166005465e+00
4.970000000000213802e+00 8.400748965648892508e+00
4.990000000000213376e+00 8.422970144212067467e+00
5.010000000000212950e+00 8.466214531415678479e+00
5.030000000000212523e+00 8.339564864370075270e+00
5.050000000000212097e+00 8.186225189152393611e+00
5.070000000000211671e+00 8.488861569529138507e+00
5.090000000000211244e+00 8.191328483080329903e+00
5.110000000000210818e+00 8.155338600273507765e+00
5.130000000000210392e+00 8.185930456452302550e+00
5.150000000000209965e+00 8.062285692311634833e+00
5.170000000000209539e+00 8.147496772940485243e+00
5.190000000000209113e+00 7.937716264185180393e+00
5.210000000000208686e+00 8.053932844446794803e+00
5.230000000000208260e+00 7.912972691917109280e+00
5.250000000000207834e+00 7.843741179285414589e+00
5.270000000000207407e+00 7.963678683521150603e+00
5.290000000000206981e+00 7.695551812062102925e+00
5.310000000000206555e+00 7.879979283007225277e+00
5.330000000000206128e+00 7.582580961278659437e+00
5.350000000000205702e+00 7.605677059645251425e+00
5.370000000000205276e+00 7.659485147735115795e+00
5.390000000000204849e+00 7.712050789778248649e+00
5.410000000000204423e+00 7.471282159301858350e+00
5.430000000000203997e+00 7.521207618464346822e+00
5.450000000000203570e+00 7.482528426803135346e+00
5.470000000000203144e+00 7.526006754175558200e+00
5.490000000000202718e+00 7.219669316471998499e+00
5.510000000000202292e+00 7.414298592278163014e+00
5.530000000000201865e+00 7.388828380977018995e+00
5.550000000000201439e+00 7.304714748131067914e+00
5.570000000000201013e+00 7.282758550051388724e+00
5.590000000000200586e+00 7.262286603996950696e+00
5.610000000000200160e+00 7.031442755169265979e+00
5.630000000000199734e+00 7.171408942055611746e+00
5.650000000000199307e+00 7.074469865217656306e+00
5.670000000000198881e+00 7.132748244542438165e+00
5.690000000000198455e+00 7.048572810500835395e+00
5.710000000000198028e+00 6.909100976057484189e+00
5.730000000000197602e+00 6.934419523212497438e+00
5.750000000000197176e+00 6.891147477364185647e+00
5.770000000000196749e+00 6.880620951192952361e+00
5.790000000000196323e+00 6.884663293954409014e+00
5.810000000000195897e+00 6.849931234955791481e+00
5.830000000000195470e+00 6.755840540268004624e+00
5.850000000000195044e+00 6.832156902768825368e+00
5.870000000000194618e+00 6.666524158205834105e+00
5.890000000000194191e+00 6.709897917584794591e+00
5.910000000000193765e+00 6.752774001174745244e+00
5.930000000000193339e+00 6.575407248343654310e+00
5.950000000000192912e+00 6.637736502954261653e+00
5.970000000000192486e+00 6.498403233992528172e+00
5.990000000000192060e+00 6.506753376917585818e+00
6.010000000000191633e+00 6.418786905641789886e+00
6.030000000000191207e+00 6.523750272374919668e+00
6.050000000000190781e+00 6.411718681685996124e+00
6.070000000000190354e+00 6.353718108124576602e+00
6.090000000000189928e+00 6.280107475045480392e+00
6.110000000000189502e+00 6.360676292246729702e+00
6.130000000000189075e+00 6.177608698540693943e+00
6.150000000000188649e+00 6.292720645988593375e+00
6.170000000000188223e+00 6.392511437877939073e+00
6.190000000000187796e+00 6.200450093736861845e+00
6.210000000000187370e+00 6.157264853308293873e+00
6.230000000000186944e+00 6.093181321875093204e+00
6.250000000000186517e+00 6.189186995185123052e+00
6.270000000000186091e+00 6.128259393011134648e+00
6.290000000000185665e+00 6.001283004192723425e+00
6.310000000000185238e+00 6.103297563457060981e+00
6.330000000000184812e+00 5.925684580795123502e+00
6.350000000000184386e+00 5.991266201603401953e+00
6.370000000000183960e+00 5.941433626103468590e+00
6.390000000000183533e+00 5.861300910850468782e+00
6.410000000000183107e+00 5.969491537047916907e+00
6.430000000000182681e+00 5.863781489812055270e+00
6.450000000000182254e+00 5.877733968200719694e+00
6.470000000000181828e+00 5.736058006332438453e+00
6.490000000000181402e+00 5.717448840337795879e+00
6.510000000000180975e+00 5.760401786018220172e+00
6.530000000000180549e+00 5.890636509192491488e+00
6.550000000000180123e+00 5.699821527396808918e+00
6.570000000000179696e+00 5.641003598832585730e+00
6.590000000000179270e+00 5.695977310370292201e+00
6.610000000000178844e+00 5.621917889047847616e+00
6.630000000000178417e+00 5.590627788020849032e+00
6.650000000000177991e+00 5.649855886707402242e+00
6.670000000000177565e+00 5.579960092909212577e+00
6.690000000000177138e+00 5.561755884492550095e+00
6.710000000000176712e+00 5.497381864599178769e+00
6.730000000000176286e+00 5.484246805217408927e+00
6.750000000000175859e+00 5.373515517109999529e+00
6.770000000000175433e+00 5.491456683368593161e+00
6.790000000000175007e+00 5.425279934912142998e+00
6.810000000000174580e+00 5.379262646662189340e+00
6.830000000000174154e+00 5.379515951859087153e+00
6.850000000000173728e+00 5.283205088982169784e+00
6.870000000000173301e+00 5.345973925357963452e+00
6.890000000000172875e+00 5.182789424401250677e+00
6.910000000000172449e+00 5.309421222622853875e+00
6.930000000000172022e+00 5.295763485627003497e+00
6.950000000000171596e+00 5.220020594829406058e+00
6.970000000000171170e+00 5.201080011386732593e+00
6.990000000000170743e+00 5.160804664915660034e+00
7.010000000000170317e+00 5.147736100411105298e+00
7.030000000000169891e+00 5.173101589129081468e+00
7.050000000000169464e+00 5.078564496112355720e+00
7.070000000000169038e+00 5.068692265096287564e+00
7.090000000000168612e+00 5.111234540325427567e+00
7.110000000000168185e+00 4.989003679827247240e+00
7.130000000000167759e+00 5.040277551746689788e+00
7.150000000000167333e+00 4.939445212565916954e+00
7.170000000000166906e+00 5.028111484784022700e+00
7.190000000000166480e+00 4.966963870450221030e+00
7.210000000000166054e+00 4.867419856520996291e+00
7.230000000000165628e+00 4.952982946039441003e+00
7.250000000000165201e+00 4.839104477804274218e+00
7.270000000000164775e+00 4.901823813907766336e+00
7.290000000000164349e+00 4.878765499247267989e+00
7.310000000000163922e+00 4.875171089467302821e+00
7.330000000000163496e+00 4.780410844547426485e+00
7.350000000000163070e+00 4.771492713597822899e+00
7.370000000000162643e+00 4.772518554068048147e+00
7.390000000000162217e+00 4.788196495570625544e+00
7.410000000000161791e+00 4.682394046252766451e+00
7.430000000000161364e+00 4.710956264156952678e+00
7.450000000000160938e+00 4.724107586646935530e+00
7.470000000000160512e+00 4.712892472647443931e+00
7.490000000000160085e+00 4.680445400290733637e+00
7.510000000000159659e+00 4.593058905657380286e+00
7.530000000000159233e+00 4.581929635895926722e+00
7.550000000000158806e+00 4.601016135543048335e+00
7.570000000000158380e+00 4.533986952000502946e+00
7.590000000000157954e+00 4.521020583861925068e+00
7.610000000000157527e+00 4.547748234008779811e+00
7.630000000000157101e+00 4.529604503897306955e+00
7.650000000000156675e+00 4.478065342066346766e+00
7.670000000000156248e+00 4.476298330920308821e+00
7.690000000000155822e+00 4.450892253169304702e+00
7.710000000000155396e+00 4.444929875000851460e+00
7.730000000000154969e+00 4.392260283422745104e+00
7.750000000000154543e+00 4.392267118240519963e+00
7.770000000000154117e+00 4.329836757827710159e+00
7.790000000000153690e+00 4.343111990915753395e+00
7.810000000000153264e+00 4.388277269550652449e+00
7.830000000000152838e+00 4.320132354514989892e+00
7.850000000000152411e+00 4.272193672257506236e+00
7.870000000000151985e+00 4.213148551424528598e+00
7.890000000000151559e+00 4.210936877141595147e+00
7.910000000000151132e+00 4.224972788286152969e+00
7.930000000000150706e+00 4.204044440044520492e+00
7.950000000000150280e+00 4.140455631882716148e+00
7.970000000000149853e+00 4.163637624739109810e+00
7.990000000000149427e+00 4.107583555957253552e+00
8.010000000000149001e+00 4.137603277953810554e+00
8.030000000000148574e+00 4.129319376782651041e+00
8.050000000000148148e+00 4.032862288736183132e+00
8.070000000000147722e+00 4.038164458931161604e+00
8.090000000000147296e+00 4.071357053304326179e+00
8.110000000000146869e+00 4.066411426187198863e+00
8.130000000000146443e+00 3.999698046003786978e+00
8.150000000000146017e+00 4.021787168900062603e+00
8.170000000000145590e+00 4.034616114153434019e+00
8.190000000000145164e+00 3.923788990462139026e+00
8.210000000000144738e+00 3.963118627331532640e+00
8.230000000000144311e+00 3.909527506327291402e+00
8.250000000000143885e+00 3.863569363503976728e+00
8.270000000000143459e+00 3.875476958207863198e+00
8.290000000000143032e+00 3.905076957856228770e+00
8.310000000000142606e+00 3.853287519310152121e+00
8.330000000000142180e+00 3.793286122734603083e+00
8.350000000000141753e+00 3.759402112688994269e+00
8.370000000000141327e+00 3.751304173384676588e+00
8.390000000000140901e+00 3.711569163030271401e+00
8.410000000000140474e+00 3.759717004031595700e+00
8.430000000000140048e+00 3.738139573872079069e+00
8.450000000000139622e+00 3.676906815509318971e+00
8.470000000000139195e+00 3.677904759364197140e+00
8.490000000000138769e+00 3.677695228244148851e+00
8.510000000000138343e+00 3.607016395958226873e+00
8.530000000000137916e+00 3.653353480654955909e+00
8.550000000000137490e+00 3.622114729950011824e+00
8.570000000000137064e+00 3.557878308547665291e+00
8.590000000000136637e+00 3.573423389952269158e+00
8.610000000000136211e+00 3.568677197731437989e+00
8.630000000000135785e+00 3.562419284371740158e+00
8.650000000000135358e+00 3.522057610466660549e+00
8.670000000000134932e+00 3.543879837088971918e+00
8.690000000000134506e+00 3.464248714355099512e+00
8.710000000000134079e+00 3.484873323550896629e+00
8.730000000000133653e+00 3.449361876893002776e+00
8.750000000000133227e+00 3.456178928113017523e+00
8.770000000000132800e+00 3.336202221506619381e+00
8.790000000000132374e+00 3.412245084962032493e+00
8.810000000000131948e+00 3.356016061103511028e+00
8.830000000000131521e+00 3.343002400869917068e+00
8.850000000000131095e+00 3.368579487822304763e+00
8.870000000000130669e+00 3.296506814039859012e+00
8.890000000000130242e+00 3.303114937581828947e+00
8.910000000000129816e+00 3.265068611916944086e+00
8.930000000000129390e+00 3.279526423241098776e+00
8.950000000000128964e+00 3.233504269666841680e+00
8.970000000000128537e+00 3.241657041078251034e+00
8.990000000000128111e+00 3.217697075389035710e+00
9.010000000000127685e+00 3.198838842150645068e+00
9.030000000000127258e+00 3.187554782740811277e+00
9.050000000000126832e+00 3.141160677069465113e+00
9.070000000000126406e+00 3.124060213550563514e+00
9.090000000000125979e+00 3.124044705954903911e+00
9.110000000000125553e+00 3.116931817125191628e+00
9.130000000000125127e+00 3.089710315100052895e+00
9.150000000000124700e+00 3.122723647606375330e+00
9.170000000000124274e+00 3.079098626242544601e+00
9.190000000000123848e+00 3.051911772999357897e+00
9.210000000000123421e+00 3.052452885388267756e+00
9.230000000000122995e+00 3.013808440875472616e+00
9.250000000000122569e+00 3.016457993217228406e+00
9.270000000000122142e+00 2.955882720202832825e+00
9.290000000000121716e+00 2.990821345980851031e+00
9.310000000000121290e+00 2.960132724416337346e+00
9.330000000000120863e+00 2.937367797020356441e+00
9.350000000000120437e+00 2.920575781335498444e+00
9.370000000000120011e+00 2.915030864376425779e+00
9.390000000000119584e+00 2.872385184573842398e+00
9.410000000000119158e+00 2.856235515923428725e+00
9.430000000000118732e+00 2.848716585296195536e+00
9.450000000000118305e+00 2.861115963374966764e+00
9.470000000000117879e+00 2.816724892960757121e+00
9.490000000000117453e+00 2.842141429983863432e+00
9.510000000000117026e+00 2.775473526932846102e+00
9.530000000000116600e+00 2.768913350748646529e+00
9.550000000000116174e+00 2.789726563453724495e+00
9.570000000000115747e+00 2.740798018922506518e+00
9.590000000000115321e+00 2.756455124123131206e+00
9.610000000000114895e+00 2.731026370854437335e+00
9.630000000000114468e+00 2.727868918674285492e+00
9.650000000000114042e+00 2.719691210820849747e+00
9.670000000000113616e+00 2.679751402023614837e+00
9.690000000000113189e+00 2.649105765204141871e+00
9.710000000000112763e+00 2.670228174902506524e+00
9.730000000000112337e+00 2.652824850001924251e+00
9.750000000000111910e+00 2.615538572827817099e+00
9.770000000000111484e+00 2.612194954243340472e+00
9.790000000000111058e+00 2.606437844281121130e+00
9.810000000000110632e+00 2.599407895660297285e+00
9.830000000000110205e+00 2.544584284193003754e+00
9.850000000000109779e+00 2.550720973036490591e+00
9.870000000000109353e+00 2.535315838658469545e+00
9.890000000000108926e+00 2.531389907883198287e+00
9.910000000000108500e+00 2.514099470199842479e+00
9.930000000000108074e+00 2.496322932024506613e+00
9.950000000000107647e+00 2.489340091549155254e+00
9.970000000000107221e+00 2.455737450842944369e+00
9.990000000000106795e+00 2.486772181369376167e+00
1.001000000000010637e+01 2.435189820422669182e+00
1.003000000000010594e+01 2.427234400369394418e+00
1.005000000000010552e+01 2.439695623481795472e+00
1.007000000000010509e+01 2.412910646180193908e+00
1.009000000000010466e+01 2.390207086540586001e+00
1.011000000000010424e+01 2.390513870740887725e+00
1.013000000000010381e+01 2.356270062091642803e+00
1.015000000000010338e+01 2.315671891582071318e+00
1.017000000000010296e+01 2.327917388266215859e+00
1.019000000000010253e+01 2.308092030646068160e+00
1.021000000000010210e+01 2.318358949922990853e+00
1.023000000000010168e+01 2.293263960598680651e+00
1.025000000000010125e+01 2.284631330267214544e+00
1.027000000000010083e+01 2.273381027587551007e+00
1.029000000000010040e+01 2.261955383990182256e+00
1.031000000000009997e+01 2.231670038847050730e+00
1.033000000000009955e+01 2.263284663586940582e+00
1.035000000000009912e+01 2.230169510771975894e+00
1.037000000000009869e+01 2.186835746533168034e+00
1.039000000000009827e+01 2.216993685308102258e+00
1.041000000000009784e+01 2.131090225201331734e+00
1.043000000000009742e+01 2.171961795740003254e+00
1.045000000000009699e+01 2.162783568820882518e+00
1.047000000000009656e+01 2.175010459724414424e+00
1.049000000000009614e+01 2.127362558019900263e+00
1.051000000000009571e+01 2.139520392181257780e+00
1.053000000000009528e+01 2.130680043864229045e+00
1.055000000000009486e+01 2.135906703870244172e+00
1.057000000000009443e+01 2.060082061873135473e+00
1.059000000000009400e+01 2.079370169010924752e+00
1.061000000000009358e+01 2.038224247279309509e+00
1.063000000000009315e+01 2.061774396423330380e+00
1.065000000000009273e+01 2.037322099622119076e+00
1.067000000000009230e+01 2.029813031636041210e+00
1.069000000000009187e+01 2.009656565154354535e+00
1.071000000000009145e+01 2.000428191280458901e+00
1.073000000000009102e+01 1.986030453975514920e+00
1.075000000000009059e+01 1.982553600918536274e+00
1.077000000000009017e+01 1.979278774006436814e+00
1.079000000000008974e+01 1.947459887052075844e+00
1.081000000000008932e+01 1.934507308470769349e+00
1.083000000000008889e+01 1.970484092378458785e+00
1.085000000000008846e+01 1.922510153198885519e+00
1.087000000000008804e+01 1.925029688149099805e+00
1.089000000000008761e+01 1.935520269862653464e+00
1.091000000000008718e+01 1.882657246297336551e+00
1.093000000000008676e+01 1.880106700225600447e+00
1.095000000000008633e+01 1.846304397241874895e+00
1.097000000000008590e+01 1.868987713510071647e+00
1.099000000000008548e+01 1.844075322097301184e+00
1.101000000000008505e+01 1.858942755163543792e+00
1.103000000000008463e+01 1.827977153957123013e+00
1.105000000000008420e+01 1.795131805936372338e+00
1.107000000000008377e+01 1.787039773841116785e+00
1.109000000000008335e+01 1.798095168858745208e+00
1.111000000000008292e+01 1.794829161251429550e+00
1.113000000000008249e+01 1.758144038494219963e+00
1.115000000000008207e+01 1.759235461169564640e+00
1.117000000000008164e+01 1.772956893154432167e+00
1.119000000000008122e+01 1.756928431465639706e+00
1.121000000000008079e+01 1.737096690560795187e+00
1.123000000000008036e+01 1.736597197447782071e+00
1.125000000000007994e+01 1.749864119872120094e+00
1.127000000000007951e+01 1.712034617424800231e+00
1.129000000000007908e+01 1.702667068824059937e+00
1.131000000000007866e+01 1.689023326039009731e+00
1.133000000000007823e+01 1.686548580874004388e+00
1.135000000000007780e+01 1.677575144350973879e+00
1.137000000000007738e+01 1.650746614994156314e+00
1.139000000000007695e+01 1.644406911188557308e+00
1.141000000000007653e+01 1.642432094537034981e+00
1.143000000000007610e+01 1.634102481292585063e+00
1.145000000000007567e+01 1.624763011067627438e+00
1.147000000000007525e+01 1.591312734099966431e+00
1.149000000000007482e+01 1.634420102870043356e+00
1.151000000000007439e+01 1.587509914438018033e+00
1.153000000000007397e+01 1.597913954443177520e+00
1.155000000000007354e+01 1.587374713232263312e+00
1.157000000000007311e+01 1.585547539855790555e+00
1.159000000000007269e+01 1.586315723979711434e+00
1.161000000000007226e+01 1.566483781318135371e+00
1.163000000000007184e+01 1.549843788663539002e+00
1.165000000000007141e+01 1.529623736607200746e+00
1.167000000000007098e+01 1.540659914186224277e+00
1.169000000000007056e+01 1.512061520256765768e+00
1.171000000000007013e+01 1.503432050561958944e+00
1.173000000000006970e+01 1.495464068510932387e+00
1.175000000000006928e+01 1.490638904873823334e+00
1.177000000000006885e+01 1.515326575000254916e+00
1.179000000000006843e+01 1.481680884106088447e+00
1.181000000000006800e+01 1.482641770963428307e+00
1.183000000000006757e+01 1.457217868568720709e+00
1.185000000000006715e+01 1.432918108639483101e+00
1.187000000000006672e+01 1.463823228513851271e+00
1.189000000000006629e+01 1.445031999827795399e+00
1.191000000000006587e+01 1.463371898661502746e+00
1.193000000000006544e+01 1.422025112310894457e+00
1.195000000000006501e+01 1.429749595117852934e+00
1.197000000000006459e+01 1.446813211251316122e+00
1.199000000000006416e+01 1.394435407587426345e+00
1.201000000000006374e+01 1.378405123092397488e+00
1.203000000000006331e+01 1.370349898269747291e+00
1.205000000000006288e+01 1.350478956282094245e+00
1.207000000000006246e+01 1.405083417880371721e+00
1.209000000000006203e+01 1.357125771564265282e+00
1.211000000000006160e+01 1.385027093268882625e+00
1.213000000000006118e+01 1.361317888624128392e+00
1.215000000000006075e+01 1.352129533569158548e+00
1.217000000000006033e+01 1.317851685271060891e+00
1.219000000000005990e+01 1.349308976859705966e+00
1.221000000000005947e+01 1.323167794384841001e+00
1.223000000000005905e+01 1.322883327815738363e+00
1.225000000000005862e+01 1.315415898639882064e+00
1.227000000000005819e+01 1.317475692105219753e+00
1.229000000000005777e+01 1.286793284699352391e+00
1.231000000000005734e+01 1.277228488343313595e+00
1.233000000000005691e+01 1.297228586016175633e+00
1.235000000000005649e+01 1.283567666845745858e+00
1.237000000000005606e+01 1.250334843353167580e+00
1.239000000000005564e+01 1.268726813719465163e+00
1.241000000000005521e+01 1.251760520977980073e+00
1.243000000000005478e+01 1.266812899167935269e+00
1.245000000000005436e+01 1.234329847419446180e+00
1.247000000000005393e+01 1.220715731172884011e+00
1.249000000000005350e+01 1.232621409019116987e+00
1.251000000000005308e+01 1.244684423979434351e+00
1.253000000000005265e+01 1.216650991015689298e+00
1.255000000000005222e+01 1.207924280440863862e+00
1.257000000000005180e+01 1.185668277946500204e+00
1.259000000000005137e+01 1.198447631839422600e+00
1.261000000000005095e+01 1.173585146975450133e+00
1.263000000000005052e+01 1.170864109365145067e+00
1.265000000000005009e+01 1.157136541756456527e+00
1.267000000000004967e+01 1.165121110541588401e+00
1.269000000000004924e+01 1.134005518736478813e+00
1.271000000000004881e+01 1.159173573613971664e+00
1.273000000000004839e+01 1.133663326921773962e+00
1.275000000000004796e+01 1.113605913157921901e+00
1.277000000000004754e+01 1.135312492860240940e+00
1.279000000000004711e+01 1.129637260722241576e+00
1.281000000000004668e+01 1.093540888945361278e+00
1.283000000000004626e+01 1.126085845344992675e+00
1.285000000000004583e+01 1.102499461044112339e+00
1.287000000000004540e+01 1.085750418256741678e+00
1.289000000000004498e+01 1.091475780116062388e+00
1.291000000000004455e+01 1.076558296680248050e+00
1.293000000000004412e+01 1.074865016072343193e+00
1.295000000000004370e+01 1.038670627446002248e+00
1.297000000000004327e+01 1.053568756059028111e+00
1.299000000000004285e+01 1.029043367243781759e+00
1.301000000000004242e+01 1.043877922531183389e+00
1.303000000000004199e+01 1.034295183666315676e+00
1.305000000000004157e+01 1.007142590179900266e+00
1.307000000000004114e+01 9.895225677313213009e-01
1.309000000000004071e+01 1.015800397299395641e+00
1.311000000000004029e+01 9.930828105001944239e-01
1.313000000000003986e+01 1.002568881916814370e+00
1.315000000000003944e+01 9.772479932747996090e-01
1.317000000000003901e+01 9.818188536671260680e-01
1.319000000000003858e+01 9.875539675843568732e-01
1.321000000000003816e+01 9.475232818589792716e-01
1.323000000000003773e+01 9.580389621332984218e-01
1.325000000000003730e+01 9.499519659904890334e-01
1.327000000000003688e+01 9.213683711546573063e-01
1.329000000000003645e+01 9.783412980111605428e-01
1.331000000000003602e+01 9.113274452557256211e-01
1.333000000000003560e+01 9.196164472836926285e-01
1.335000000000003517e+01 9.372514368998517975e-01
1.337000000000003475e+01 8.925430280081985135e-01
1.339000000000003432e+01 9.141194257060769601e-01
1.341000000000003389e+01 9.193978673008703639e-01
1.343000000000003347e+01 8.687326227307347049e-01
1.345000000000003304e+01 8.749492325277773430e-01
1.347000000000003261e+01 8.892717348678137457e-01
1.349000000000003219e+01 8.426500800506845357e-01
1.351000000000003176e+01 8.592008183004680166e-01
1.353000000000003133e+01 8.438903411438710700e-01
1.355000000000003091e+01 8.248530361711566838e-01
1.357000000000003048e+01 8.462333279022846710e-01
1.359000000000003006e+01 8.355865815866955204e-01
1.361000000000002963e+01 8.444698387897725533e-01
1.363000000000002920e+01 8.033639787767258289e-01
1.365000000000002878e+01 8.365800691848166437e-01
1.367000000000002835e+01 8.133110650427050059e-01
1.369000000000002792e+01 7.986919769951514869e-01
1.371000000000002750e+01 8.008305579005222663e-01
1.373000000000002707e+01 7.916053313092329402e-01
1.375000000000002665e+01 7.776548237725763313e-01
1.377000000000002622e+01 7.715693544875321663e-01
1.379000000000002579e+01 7.583136912528725126e-01
1.381000000000002537e+01 7.486554060636817498e-01
1.383000000000002494e+01 7.523603951944771717e-01
1.385000000000002451e+01 7.458511291046797664e-01
1.387000000000002409e+01 7.469751591175548544e-01
1.389000000000002366e+01 7.525197735489573825e-01
1.391000000000002323e+01 7.365515950712974158e-01
1.393000000000002281e+01 7.402771988920532342e-01
1.395000000000002238e+01 7.238302729438305105e-01
1.397000000000002196e+01 6.935935649649270784e-01
1.399000000000002153e+01 7.024345804265811344e-01
1.401000000000002110e+01 6.768908988384507719e-01
1.403000000000002068e+01 6.945060712129166314e-01
1.405000000000002025e+01 6.712470712510546500e-01
1.407000000000001982e+01 6.586929087611179678e-01
1.409000000000001940e+01 6.624602144585164387e-01
1.411000000000001897e+01 6.562898121098491577e-01
1.413000000000001855e+01 6.259692920432406993e-01
1.415000000000001812e+01 6.546783308806384261e-01
1.417000000000001769e+01 6.393827568189572874e-01
1.419000000000001727e+01 6.264827051791216350e-01
1.421000000000001684e+01 6.086254259839706249e-01
1.423000000000001641e+01 5.889224935680874573e-01
1.425000000000001599e+01 5.816644644684295651e-01
1.427000000000001556e+01 5.843430910283947677e-01
1.429000000000001513e+01 5.740786066692350476e-01
1.431000000000001471e+01 5.468402389380827566e-01
1.433000000000001428e+01 5.420655225223374174e-01
1.435000000000001386e+01 5.204180805758029660e-01
1.437000000000001343e+01 5.184408131143842802e-01
1.439000000000001300e+01 5.023957771068533473e-01
1.441000000000001258e+01 4.920925779360867947e-01
1.443000000000001215e+01 4.601763497122531299e-01
1.445000000000001172e+01 4.370987253992926203e-01
1.447000000000001130e+01 3.918289775280056064e-01
1.449000000000001087e+01 3.663956320272815370e-01
1.451000000000001044e+01 3.107737595382966678e-01
1.453000000000001002e+01 2.613698300427667043e-01
1.455000000000000959e+01 2.435967216935645552e-01
1.457000000000000917e+01 1.678768751163091655e-01
1.459000000000000874e+01 1.077329213252865986e-01
1.461000000000000831e+01 9.089972300913515268e-02
1.463000000000000789e+01 5.240681541011669303e-02
1.465000000000000746e+01 2.775150689293507875e-02
1.467000000000000703e+01 1.687968566032130996e-02
1.469000000000000661e+01 8.341679355230335879e-03
1.471000000000000618e+01 2.817619977879908932e-03
1.473000000000000576e+01 2.747414268690791510e-03
1.475000000000000533e+01 7.216872709128434219e-06
1.477000000000000490e+01 3.678189583904625476e-06
1.479000000000000448e+01 3.297316327930693761e-06
1.481000000000000405e+01 0.000000000000000000e+00
1.483000000000000362e+01 0.000000000000000000e+00
1.485000000000000320e+01 0.000000000000000000e+00
1.487000000000000277e+01 0.000000000000000000e+00
1.489000000000000234e+01 0.000000000000000000e+00
1.491000000000000192e+01 0.000000000000000000e+00
1.493000000000000149e+01 0.000000000000000000e+00
1.495000000000000107e+01 0.000000000000000000e+00
1.497000000000000064e+01 0.000000000000000000e+00
1.499000000000000021e+01 0.000000000000000000e+00
