# Redshift		Merger Rate Density [Gpc^-3yr^-1]
1.000000000031931770e-02 3.853973079271366231e+01
3.000000000031888964e-02 3.933616648045614994e+01
5.000000000031846331e-02 3.891632577213827915e+01
7.000000000031804392e-02 4.021987768296686028e+01
9.000000000031761760e-02 4.115499403685294055e+01
1.100000000003171913e-01 4.168535119333770922e+01
1.300000000003167511e-01 4.211817526430094460e+01
1.500000000003163247e-01 4.175184428957622629e+01
1.700000000003158984e-01 4.261490503419042142e+01
1.900000000003154721e-01 4.269053071319594750e+01
2.100000000003150458e-01 4.317437848553495883e+01
2.300000000003146194e-01 4.313325437063444667e+01
2.500000000003141931e-01 4.462001563708512464e+01
2.700000000003137668e-01 4.485767757437571390e+01
2.900000000003133405e-01 4.666488827073143142e+01
3.100000000003129141e-01 4.724668870588725866e+01
3.300000000003124878e-01 4.810626444478413788e+01
3.500000000003120615e-01 4.983678303961902145e+01
3.700000000003116352e-01 5.020448068250506424e+01
3.900000000003112088e-01 5.145905415856600484e+01
4.100000000003107825e-01 5.292188656272546154e+01
4.300000000003103562e-01 5.267207937714922394e+01
4.500000000003099299e-01 5.462510363993916940e+01
4.700000000003095035e-01 5.520020437123910995e+01
4.900000000003090772e-01 5.613306920962254054e+01
5.100000000003086509e-01 5.600013470485534839e+01
5.300000000003082246e-01 5.565896257309189110e+01
5.500000000003077982e-01 5.576331264330804771e+01
5.700000000003073719e-01 5.566346346894484043e+01
5.900000000003069456e-01 5.595405673715120543e+01
6.100000000003065193e-01 5.688775404856485807e+01
6.300000000003060929e-01 5.664651367212940869e+01
6.500000000003056666e-01 5.745074001245160389e+01
6.700000000003052403e-01 5.819009990939115085e+01
6.900000000003048140e-01 5.763445463798665003e+01
7.100000000003043876e-01 5.876305190734375117e+01
7.300000000003039613e-01 5.931281906971077689e+01
7.500000000003035350e-01 5.997626965837494595e+01
7.700000000003031086e-01 5.993611774211331067e+01
7.900000000003026823e-01 6.038976525267096918e+01
8.100000000003022560e-01 6.033264236828379978e+01
8.300000000003018297e-01 6.225521287022334604e+01
8.500000000003014033e-01 6.226829625226697829e+01
8.700000000003009770e-01 6.264196443866241992e+01
8.900000000003005507e-01 6.326368999059178577e+01
9.100000000003001244e-01 6.264832084628550746e+01
9.300000000002996980e-01 6.338623738513706485e+01
9.500000000002992717e-01 6.436099311645270404e+01
9.700000000002988454e-01 6.351379082545170007e+01
9.900000000002984191e-01 6.506690731629099389e+01
1.010000000000297993e+00 6.454873475959774964e+01
1.030000000000297566e+00 6.499288404220824589e+01
1.050000000000297140e+00 6.525489151556188006e+01
1.070000000000296714e+00 6.414792017502180954e+01
1.090000000000296287e+00 6.635694745108131087e+01
1.110000000000295861e+00 6.480418217225248156e+01
1.130000000000295435e+00 6.613959283139070067e+01
1.150000000000295008e+00 6.561062857187538100e+01
1.170000000000294582e+00 6.657856888524152339e+01
1.190000000000294156e+00 6.759394975594456412e+01
1.210000000000293729e+00 6.560714041303053534e+01
1.230000000000293303e+00 6.691745270208781449e+01
1.250000000000292877e+00 6.692992458988510407e+01
1.270000000000292451e+00 6.678397121082454646e+01
1.290000000000292024e+00 6.654907667375898939e+01
1.310000000000291598e+00 6.629258965184270380e+01
1.330000000000291172e+00 6.739181555457112438e+01
1.350000000000290745e+00 6.790366822832173455e+01
1.370000000000290319e+00 6.681856126419226882e+01
1.390000000000289893e+00 6.700621631279356905e+01
1.410000000000289466e+00 6.661656051329680395e+01
1.430000000000289040e+00 6.753030463792121907e+01
1.450000000000288614e+00 6.737310761451932706e+01
1.470000000000288187e+00 6.616609468762405299e+01
1.490000000000287761e+00 6.688848619055899292e+01
1.510000000000287335e+00 6.694630714716004150e+01
1.530000000000286908e+00 6.592105727367237478e+01
1.550000000000286482e+00 6.736396556385714973e+01
1.570000000000286056e+00 6.550776696312216529e+01
1.590000000000285629e+00 6.705538485399944193e+01
1.610000000000285203e+00 6.617283330594995050e+01
1.630000000000284777e+00 6.618164110172963888e+01
1.650000000000284350e+00 6.565744054354637171e+01
1.670000000000283924e+00 6.511071643533574616e+01
1.690000000000283498e+00 6.578239141746179541e+01
1.710000000000283071e+00 6.505985763574818748e+01
1.730000000000282645e+00 6.406786661192704457e+01
1.750000000000282219e+00 6.496777196753713213e+01
1.770000000000281792e+00 6.438390348748001202e+01
1.790000000000281366e+00 6.398208607693902650e+01
1.810000000000280940e+00 6.388705555416063220e+01
1.830000000000280513e+00 6.324325677985446958e+01
1.850000000000280087e+00 6.431910423157675893e+01
1.870000000000279661e+00 6.282342073270775273e+01
1.890000000000279234e+00 6.194997736607892591e+01
1.910000000000278808e+00 6.090487636973382735e+01
1.930000000000278382e+00 6.177486266999984110e+01
1.950000000000277955e+00 6.154241475853321219e+01
1.970000000000277529e+00 6.087354212817314192e+01
1.990000000000277103e+00 5.921750253043748558e+01
2.010000000000276899e+00 5.970696655584956858e+01
2.030000000000276472e+00 5.884817076364711141e+01
2.050000000000276046e+00 5.878825815238124619e+01
2.070000000000275620e+00 5.728024518853570868e+01
2.090000000000275193e+00 5.748608720766363689e+01
2.110000000000274767e+00 5.798469440053192159e+01
2.130000000000274341e+00 5.574485632143247926e+01
2.150000000000273914e+00 5.647542168880485747e+01
2.170000000000273488e+00 5.628779573978148676e+01
2.190000000000273062e+00 5.442194760012640131e+01
2.210000000000272635e+00 5.495531795105454620e+01
2.230000000000272209e+00 5.499184323980103528e+01
2.250000000000271783e+00 5.417581207113993713e+01
2.270000000000271356e+00 5.279843485731314701e+01
2.290000000000270930e+00 5.365162249087303792e+01
2.310000000000270504e+00 5.356226293301736519e+01
2.330000000000270077e+00 5.269047881816885592e+01
2.350000000000269651e+00 5.164940696042133794e+01
2.370000000000269225e+00 5.283258416730966189e+01
2.390000000000268798e+00 5.119474682573240898e+01
2.410000000000268372e+00 5.236303052006970660e+01
2.430000000000267946e+00 5.149098340095874704e+01
2.450000000000267519e+00 4.987942886261928521e+01
2.470000000000267093e+00 5.090996224838937678e+01
2.490000000000266667e+00 4.975993147088669133e+01
2.510000000000266240e+00 5.065854386547486854e+01
2.530000000000265814e+00 4.969755770298860398e+01
2.550000000000265388e+00 5.009250263210737586e+01
2.570000000000264961e+00 4.819361539069657141e+01
2.590000000000264535e+00 4.962421811794841631e+01
2.610000000000264109e+00 4.813950123869440745e+01
2.630000000000263682e+00 4.865206538925927049e+01
2.650000000000263256e+00 4.735755878521649720e+01
2.670000000000262830e+00 4.838734971351781411e+01
2.690000000000262403e+00 4.754304010909859812e+01
2.710000000000261977e+00 4.688092829169941922e+01
2.730000000000261551e+00 4.665610693126922115e+01
2.750000000000261124e+00 4.775406464722198052e+01
2.770000000000260698e+00 4.664342425906046685e+01
2.790000000000260272e+00 4.647887204966914965e+01
2.810000000000259845e+00 4.638194892864756014e+01
2.830000000000259419e+00 4.698154781644930011e+01
2.850000000000258993e+00 4.675757924214664740e+01
2.870000000000258567e+00 4.530084740534172738e+01
2.890000000000258140e+00 4.651924387659397553e+01
2.910000000000257714e+00 4.533472946101656476e+01
2.930000000000257288e+00 4.657435649754001616e+01
2.950000000000256861e+00 4.495145286595693079e+01
2.970000000000256435e+00 4.498181098277269996e+01
2.990000000000256009e+00 4.601527324771300442e+01
3.010000000000255582e+00 4.467760457937751539e+01
3.030000000000255156e+00 4.535555889523645590e+01
3.050000000000254730e+00 4.420575046033349054e+01
3.070000000000254303e+00 4.535295701775159927e+01
3.090000000000253877e+00 4.446789887901641691e+01
3.110000000000253451e+00 4.498713178594510964e+01
3.130000000000253024e+00 4.389256912881503325e+01
3.150000000000252598e+00 4.360481440361488836e+01
3.170000000000252172e+00 4.495608297613436122e+01
3.190000000000251745e+00 4.414622806131286126e+01
3.210000000000251319e+00 4.421294536828676769e+01
3.230000000000250893e+00 4.372351545525331318e+01
3.250000000000250466e+00 4.347452733471610031e+01
3.270000000000250040e+00 4.349564412331962160e+01
3.290000000000249614e+00 4.372714113140255421e+01
3.310000000000249187e+00 4.347144553442397097e+01
3.330000000000248761e+00 4.349637148916018248e+01
3.350000000000248335e+00 4.384968816848076756e+01
3.370000000000247908e+00 4.331732525282371427e+01
3.390000000000247482e+00 4.328427330510162108e+01
3.410000000000247056e+00 4.328738133442280400e+01
3.430000000000246629e+00 4.413808241604154858e+01
3.450000000000246203e+00 4.279145836180385487e+01
3.470000000000245777e+00 4.412597887515845940e+01
3.490000000000245350e+00 4.343172209001211570e+01
3.510000000000244924e+00 4.361579684453659667e+01
3.530000000000244498e+00 4.359299379637635496e+01
3.550000000000244071e+00 4.340196481021957453e+01
3.570000000000243645e+00 4.415338782012141650e+01
3.590000000000243219e+00 4.304914010009348146e+01
3.610000000000242792e+00 4.412358507065319202e+01
3.630000000000242366e+00 4.351017712552076233e+01
3.650000000000241940e+00 4.447233126787851631e+01
3.670000000000241513e+00 4.383035825081445580e+01
3.690000000000241087e+00 4.358324288602478447e+01
3.710000000000240661e+00 4.464226284572100667e+01
3.730000000000240234e+00 4.393673730849054948e+01
3.750000000000239808e+00 4.454996256160921320e+01
3.770000000000239382e+00 4.448811119462951069e+01
3.790000000000238956e+00 4.511266486745235227e+01
3.810000000000238529e+00 4.441493534787157671e+01
3.830000000000238103e+00 4.558198213031134571e+01
3.850000000000237677e+00 4.523317013814993004e+01
3.870000000000237250e+00 4.580119619353192917e+01
3.890000000000236824e+00 4.583887496436825160e+01
3.910000000000236398e+00 4.607472420700473492e+01
3.930000000000235971e+00 4.660268662634151582e+01
3.950000000000235545e+00 4.608243446714938329e+01
3.970000000000235119e+00 4.658222026827898077e+01
3.990000000000234692e+00 4.707012687660991190e+01
4.010000000000234266e+00 4.742475954155330697e+01
4.030000000000233840e+00 4.743129990691768683e+01
4.050000000000233413e+00 4.762401030290531168e+01
4.070000000000232987e+00 4.755526389157390810e+01
4.090000000000232561e+00 4.884395981164226441e+01
4.110000000000232134e+00 4.813291363130718992e+01
4.130000000000231708e+00 4.867151205296406857e+01
4.150000000000231282e+00 4.922032993647935228e+01
4.170000000000230855e+00 4.949193045749512265e+01
4.190000000000230429e+00 4.967461084943926153e+01
4.210000000000230003e+00 4.980204145482404243e+01
4.230000000000229576e+00 5.045122853677951014e+01
4.250000000000229150e+00 5.036489113562262077e+01
4.270000000000228724e+00 5.181283819008589120e+01
4.290000000000228297e+00 5.147683776453161641e+01
4.310000000000227871e+00 5.190536690358861449e+01
4.330000000000227445e+00 5.164022754723553277e+01
4.350000000000227018e+00 5.337542964869962248e+01
4.370000000000226592e+00 5.261227555129372035e+01
4.390000000000226166e+00 5.311468198364763538e+01
4.410000000000225739e+00 5.376281827285047399e+01
4.430000000000225313e+00 5.335834687030023105e+01
4.450000000000224887e+00 5.349174445561460800e+01
4.470000000000224460e+00 5.411267743201076996e+01
4.490000000000224034e+00 5.550636319701470711e+01
4.510000000000223608e+00 5.444688010354555985e+01
4.530000000000223181e+00 5.398209102552612393e+01
4.550000000000222755e+00 5.438566302154786314e+01
4.570000000000222329e+00 5.373837909378705291e+01
4.590000000000221902e+00 5.396620986288638022e+01
4.610000000000221476e+00 5.431123242760457259e+01
4.630000000000221050e+00 5.459409873544268521e+01
4.650000000000220624e+00 5.422088769911152184e+01
4.670000000000220197e+00 5.420005027726710267e+01
4.690000000000219771e+00 5.401231353592933715e+01
4.710000000000219345e+00 5.472532488902119496e+01
4.730000000000218918e+00 5.350312760418510294e+01
4.750000000000218492e+00 5.454325336499718446e+01
4.770000000000218066e+00 5.358379074943569975e+01
4.790000000000217639e+00 5.415277689571058772e+01
4.810000000000217213e+00 5.497950405069271795e+01
4.830000000000216787e+00 5.445061294373546446e+01
4.850000000000216360e+00 5.421064093948441354e+01
4.870000000000215934e+00 5.403929943371689859e+01
4.890000000000215508e+00 5.325257185108115010e+01
4.910000000000215081e+00 5.343216409057604466e+01
4.930000000000214655e+00 5.219500705618990821e+01
4.950000000000214229e+00 5.294914327352135075e+01
4.970000000000213802e+00 5.215930163630031302e+01
4.990000000000213376e+00 5.249650365423622844e+01
5.010000000000212950e+00 5.165932764686080958e+01
5.030000000000212523e+00 5.185827590123674469e+01
5.050000000000212097e+00 5.088641703069063027e+01
5.070000000000211671e+00 5.117734252198702194e+01
5.090000000000211244e+00 5.021463057023735388e+01
5.110000000000210818e+00 5.030294752821235704e+01
5.130000000000210392e+00 4.930472468448466117e+01
5.150000000000209965e+00 4.907186744529113298e+01
5.170000000000209539e+00 4.797680146879967822e+01
5.190000000000209113e+00 4.802801454796541236e+01
5.210000000000208686e+00 4.738306403494902952e+01
5.230000000000208260e+00 4.737893175572835958e+01
5.250000000000207834e+00 4.641019575639509043e+01
5.270000000000207407e+00 4.623487356984111329e+01
5.290000000000206981e+00 4.495340889253810701e+01
5.310000000000206555e+00 4.531181413073051090e+01
5.330000000000206128e+00 4.480589256690354460e+01
5.350000000000205702e+00 4.409372630559018091e+01
5.370000000000205276e+00 4.357481166321453969e+01
5.390000000000204849e+00 4.256956087208305206e+01
5.410000000000204423e+00 4.237696321848513747e+01
5.430000000000203997e+00 4.154308211416774554e+01
5.450000000000203570e+00 4.201760130498534096e+01
5.470000000000203144e+00 4.019623520025358232e+01
5.490000000000202718e+00 3.968521701129751733e+01
5.510000000000202292e+00 4.000285720518481014e+01
5.530000000000201865e+00 3.824803822690411437e+01
5.550000000000201439e+00 3.791437126950604153e+01
5.570000000000201013e+00 3.765454178336556623e+01
5.590000000000200586e+00 3.699632047253717104e+01
5.610000000000200160e+00 3.657455942749129463e+01
5.630000000000199734e+00 3.548851396902132649e+01
5.650000000000199307e+00 3.487455512487041887e+01
5.670000000000198881e+00 3.451072597356284177e+01
5.690000000000198455e+00 3.346547428651225431e+01
5.710000000000198028e+00 3.298278248312302452e+01
5.730000000000197602e+00 3.244703427266521345e+01
5.750000000000197176e+00 3.158413073452745934e+01
5.770000000000196749e+00 3.080743804516924911e+01
5.790000000000196323e+00 2.994632176995797934e+01
5.810000000000195897e+00 2.903935616140823583e+01
5.830000000000195470e+00 2.864382738732786748e+01
5.850000000000195044e+00 2.837976029770703690e+01
5.870000000000194618e+00 2.728702746486785102e+01
5.890000000000194191e+00 2.639821534125458058e+01
5.910000000000193765e+00 2.639889003792822209e+01
5.930000000000193339e+00 2.546358359012759465e+01
5.950000000000192912e+00 2.479651082102197179e+01
5.970000000000192486e+00 2.459898284172587068e+01
5.990000000000192060e+00 2.347751792701764373e+01
6.010000000000191633e+00 2.297952608455794987e+01
6.030000000000191207e+00 2.231833801884064172e+01
6.050000000000190781e+00 2.181362954711999080e+01
6.070000000000190354e+00 2.146289247712653747e+01
6.090000000000189928e+00 2.049285296722455030e+01
6.110000000000189502e+00 2.030589121702976740e+01
6.130000000000189075e+00 1.950932356209034424e+01
6.150000000000188649e+00 1.885830434799964905e+01
6.170000000000188223e+00 1.835779829596307167e+01
6.190000000000187796e+00 1.792381912195132188e+01
6.210000000000187370e+00 1.734067480580505105e+01
6.230000000000186944e+00 1.687780222012714759e+01
6.250000000000186517e+00 1.633955182030250342e+01
6.270000000000186091e+00 1.568927214404598658e+01
6.290000000000185665e+00 1.539076502503435329e+01
6.310000000000185238e+00 1.468493595557581699e+01
6.330000000000184812e+00 1.419811960473159473e+01
6.350000000000184386e+00 1.358086231558278811e+01
6.370000000000183960e+00 1.337647149230656218e+01
6.390000000000183533e+00 1.277687925816093717e+01
6.410000000000183107e+00 1.248739984987880014e+01
6.430000000000182681e+00 1.212632472830846453e+01
6.450000000000182254e+00 1.171345168737110853e+01
6.470000000000181828e+00 1.098755211017395972e+01
6.490000000000181402e+00 1.078835147020725849e+01
6.510000000000180975e+00 1.031775282189346399e+01
6.530000000000180549e+00 9.815781863122749584e+00
6.550000000000180123e+00 9.558998497632439140e+00
6.570000000000179696e+00 9.284878485797147363e+00
6.590000000000179270e+00 8.789512680215612050e+00
6.610000000000178844e+00 8.310786217184393365e+00
6.630000000000178417e+00 8.281217040639832661e+00
6.650000000000177991e+00 7.824889147558014457e+00
6.670000000000177565e+00 7.512577285300150010e+00
6.690000000000177138e+00 7.312622545906364735e+00
6.710000000000176712e+00 6.953849779303664214e+00
6.730000000000176286e+00 6.820440516063542624e+00
6.750000000000175859e+00 6.267264437156202739e+00
6.770000000000175433e+00 6.174815303019359547e+00
6.790000000000175007e+00 5.827676935458339536e+00
6.810000000000174580e+00 5.735293542688657098e+00
6.830000000000174154e+00 5.319542287406930470e+00
6.850000000000173728e+00 5.077547357611792656e+00
6.870000000000173301e+00 4.984545091746420908e+00
6.890000000000172875e+00 4.826133828499404643e+00
6.910000000000172449e+00 4.532220653613148187e+00
6.930000000000172022e+00 4.315351054754889226e+00
6.950000000000171596e+00 4.195947798893556069e+00
6.970000000000171170e+00 4.088731209969554747e+00
6.990000000000170743e+00 3.895901320163686954e+00
7.010000000000170317e+00 3.669698599444170206e+00
7.030000000000169891e+00 3.520914140763219180e+00
7.050000000000169464e+00 3.394553695129414628e+00
7.070000000000169038e+00 3.377420887701505503e+00
7.090000000000168612e+00 3.167851103051028350e+00
7.110000000000168185e+00 2.955790835891214829e+00
7.130000000000167759e+00 3.016981844048296502e+00
7.150000000000167333e+00 2.748459979535368802e+00
7.170000000000166906e+00 2.710117195511521970e+00
7.190000000000166480e+00 2.625186851287205414e+00
7.210000000000166054e+00 2.556602887933036694e+00
7.230000000000165628e+00 2.388618081819823047e+00
7.250000000000165201e+00 2.322967765011366037e+00
7.270000000000164775e+00 2.254001974321067081e+00
7.290000000000164349e+00 2.167677014289348225e+00
7.310000000000163922e+00 2.120856594614163093e+00
7.330000000000163496e+00 2.105045937749150831e+00
7.350000000000163070e+00 2.035855509061530899e+00
7.370000000000162643e+00 1.957018098969042441e+00
7.390000000000162217e+00 1.849264629531460535e+00
7.410000000000161791e+00 1.867526655290847160e+00
7.430000000000161364e+00 1.836508315641912858e+00
7.450000000000160938e+00 1.795805772408032075e+00
7.470000000000160512e+00 1.765821268106900321e+00
7.490000000000160085e+00 1.677377486730874168e+00
7.510000000000159659e+00 1.670205481962266481e+00
7.530000000000159233e+00 1.600582110681053383e+00
7.550000000000158806e+00 1.676683238657119546e+00
7.570000000000158380e+00 1.526982384463100528e+00
7.590000000000157954e+00 1.541303257816556416e+00
7.610000000000157527e+00 1.514225090321558609e+00
7.630000000000157101e+00 1.492038516724479624e+00
7.650000000000156675e+00 1.516550613249693535e+00
7.670000000000156248e+00 1.445778283866630876e+00
7.690000000000155822e+00 1.435300469594592343e+00
7.710000000000155396e+00 1.394412453500299742e+00
7.730000000000154969e+00 1.422851720247756635e+00
7.750000000000154543e+00 1.381942280015140856e+00
7.770000000000154117e+00 1.371768291552264651e+00
7.790000000000153690e+00 1.366446566837896670e+00
7.810000000000153264e+00 1.321067512870217397e+00
7.830000000000152838e+00 1.301635030727027464e+00
7.850000000000152411e+00 1.340954008721799706e+00
7.870000000000151985e+00 1.311781611503890277e+00
7.890000000000151559e+00 1.304061071570520314e+00
7.910000000000151132e+00 1.299225074705794070e+00
7.930000000000150706e+00 1.303427785187277532e+00
7.950000000000150280e+00 1.244439254119495297e+00
7.970000000000149853e+00 1.297447754122464270e+00
7.990000000000149427e+00 1.215578814867082302e+00
8.010000000000149001e+00 1.231372685074174189e+00
8.030000000000148574e+00 1.201770176560502890e+00
8.050000000000148148e+00 1.238718999905986218e+00
8.070000000000147722e+00 1.227906642330536702e+00
8.090000000000147296e+00 1.256547479806745304e+00
8.110000000000146869e+00 1.180618468910415109e+00
8.130000000000146443e+00 1.150124176611788451e+00
8.150000000000146017e+00 1.168477091815414370e+00
8.170000000000145590e+00 1.199968472560244859e+00
8.190000000000145164e+00 1.206935345011867611e+00
8.210000000000144738e+00 1.190004362462796728e+00
8.230000000000144311e+00 1.212805296552333489e+00
8.250000000000143885e+00 1.175868862825135919e+00
8.270000000000143459e+00 1.128070804087244028e+00
8.290000000000143032e+00 1.142729958893483611e+00
8.310000000000142606e+00 1.093198856087181037e+00
8.330000000000142180e+00 1.112412013543530920e+00
8.350000000000141753e+00 1.133291227082980912e+00
8.370000000000141327e+00 1.117813178598302315e+00
8.390000000000140901e+00 1.135752339004740374e+00
8.410000000000140474e+00 1.123871135182935577e+00
8.430000000000140048e+00 1.094115258519100076e+00
8.450000000000139622e+00 1.126727948738490248e+00
8.470000000000139195e+00 1.080865433451242641e+00
8.490000000000138769e+00 1.101962941037169630e+00
8.510000000000138343e+00 1.108363633438209206e+00
8.530000000000137916e+00 1.083309735208979552e+00
8.550000000000137490e+00 1.096511552013632596e+00
8.570000000000137064e+00 1.088137584622568710e+00
8.590000000000136637e+00 1.065998851054862584e+00
8.610000000000136211e+00 1.099823247160361284e+00
8.630000000000135785e+00 1.073474120491496375e+00
8.650000000000135358e+00 1.081317451695765319e+00
8.670000000000134932e+00 1.054764404366655972e+00
8.690000000000134506e+00 1.059461647078318247e+00
8.710000000000134079e+00 1.061970374131767425e+00
8.730000000000133653e+00 1.020877555316266561e+00
8.750000000000133227e+00 1.039073716895709154e+00
8.770000000000132800e+00 1.044407896343859887e+00
8.790000000000132374e+00 9.981409008972422781e-01
8.810000000000131948e+00 9.996762609239407960e-01
8.830000000000131521e+00 1.019846112541573646e+00
8.850000000000131095e+00 1.032485053390297169e+00
8.870000000000130669e+00 9.770480293041831077e-01
8.890000000000130242e+00 9.820915452988763228e-01
8.910000000000129816e+00 9.600126422002603910e-01
8.930000000000129390e+00 9.883638975828062945e-01
8.950000000000128964e+00 9.621415537494510950e-01
8.970000000000128537e+00 9.576550028199993791e-01
8.990000000000128111e+00 9.204324715001518387e-01
9.010000000000127685e+00 9.577280886987271646e-01
9.030000000000127258e+00 9.251466752063199905e-01
9.050000000000126832e+00 9.274662901259450587e-01
9.070000000000126406e+00 8.932213102494843682e-01
9.090000000000125979e+00 9.390782851263252962e-01
9.110000000000125553e+00 8.990048601304849729e-01
9.130000000000125127e+00 8.638153891471369583e-01
9.150000000000124700e+00 8.688202428634678176e-01
9.170000000000124274e+00 8.625719627979224757e-01
9.190000000000123848e+00 8.549715191013020910e-01
9.210000000000123421e+00 8.538627514333353430e-01
9.230000000000122995e+00 8.602363514930165822e-01
9.250000000000122569e+00 8.396017241407418563e-01
9.270000000000122142e+00 8.425614932154296133e-01
9.290000000000121716e+00 8.057797450048737042e-01
9.310000000000121290e+00 7.863854807714401041e-01
9.330000000000120863e+00 8.123152256401224847e-01
9.350000000000120437e+00 8.259985781167435981e-01
9.370000000000120011e+00 8.108949784915412407e-01
9.390000000000119584e+00 8.061988266563778760e-01
9.410000000000119158e+00 7.615115118702262542e-01
9.430000000000118732e+00 7.941786875178150629e-01
9.450000000000118305e+00 7.787185051699119231e-01
9.470000000000117879e+00 7.718083944292928322e-01
9.490000000000117453e+00 7.535603441282276993e-01
9.510000000000117026e+00 7.407958994865080360e-01
9.530000000000116600e+00 7.436033601897878986e-01
9.550000000000116174e+00 7.545250878901471614e-01
9.570000000000115747e+00 7.306491471352623002e-01
9.590000000000115321e+00 7.175875334668555539e-01
9.610000000000114895e+00 7.316918904145217617e-01
9.630000000000114468e+00 6.968374617841117669e-01
9.650000000000114042e+00 6.990887126304762278e-01
9.670000000000113616e+00 6.713656871346950217e-01
9.690000000000113189e+00 6.797629386563334153e-01
9.710000000000112763e+00 6.831578052183223670e-01
9.730000000000112337e+00 6.820185628203335737e-01
9.750000000000111910e+00 6.617319164167775325e-01
9.770000000000111484e+00 6.764922649585162207e-01
9.790000000000111058e+00 6.508635571595068336e-01
9.810000000000110632e+00 6.429190913971453147e-01
9.830000000000110205e+00 6.200593494227149005e-01
9.850000000000109779e+00 6.303887544636990192e-01
9.870000000000109353e+00 6.248972142757067694e-01
9.890000000000108926e+00 6.265087558133655143e-01
9.910000000000108500e+00 5.885958020832045001e-01
9.930000000000108074e+00 6.050980620224509776e-01
9.950000000000107647e+00 5.920448998115358519e-01
9.970000000000107221e+00 5.780369010167504262e-01
9.990000000000106795e+00 5.791894716654203412e-01
1.001000000000010637e+01 5.735989045751168636e-01
1.003000000000010594e+01 5.563769337301526230e-01
1.005000000000010552e+01 5.540497856495524287e-01
1.007000000000010509e+01 5.815364682387498263e-01
1.009000000000010466e+01 5.515794098821849012e-01
1.011000000000010424e+01 5.380063198535648405e-01
1.013000000000010381e+01 5.155608788679363341e-01
1.015000000000010338e+01 5.315158991975649228e-01
1.017000000000010296e+01 4.970147486319469454e-01
1.019000000000010253e+01 5.024227370577293295e-01
1.021000000000010210e+01 5.088997324419023416e-01
1.023000000000010168e+01 4.962820694193770810e-01
1.025000000000010125e+01 4.906585492868402176e-01
1.027000000000010083e+01 4.644357935890182087e-01
1.029000000000010040e+01 4.690377964428202873e-01
1.031000000000009997e+01 4.736869927748924014e-01
1.033000000000009955e+01 4.452199506126768291e-01
1.035000000000009912e+01 4.733349924877952586e-01
1.037000000000009869e+01 4.444649370346429595e-01
1.039000000000009827e+01 4.315175597368513527e-01
1.041000000000009784e+01 4.526502328585371715e-01
1.043000000000009742e+01 4.359790434945297055e-01
1.045000000000009699e+01 4.252752099090617022e-01
1.047000000000009656e+01 4.145087979178065929e-01
1.049000000000009614e+01 4.057678254086079517e-01
1.051000000000009571e+01 4.000727436387581659e-01
1.053000000000009528e+01 3.952696979767922336e-01
1.055000000000009486e+01 3.782350285700467052e-01
1.057000000000009443e+01 3.892128371661590647e-01
1.059000000000009400e+01 3.850451704846717393e-01
1.061000000000009358e+01 3.622746234377342556e-01
1.063000000000009315e+01 3.796156687497703741e-01
1.065000000000009273e+01 3.654966813518868429e-01
1.067000000000009230e+01 3.526173281361417167e-01
1.069000000000009187e+01 3.561063909108391212e-01
1.071000000000009145e+01 3.646225439769267274e-01
1.073000000000009102e+01 3.401329266197065659e-01
1.075000000000009059e+01 3.371356242596186825e-01
1.077000000000009017e+01 3.445154115341684808e-01
1.079000000000008974e+01 3.303128214304860699e-01
1.081000000000008932e+01 3.299888482823007951e-01
1.083000000000008889e+01 3.230839856764989304e-01
1.085000000000008846e+01 3.212665224759853055e-01
1.087000000000008804e+01 3.070171504158800690e-01
1.089000000000008761e+01 3.257467112638238738e-01
1.091000000000008718e+01 3.194408732503375425e-01
1.093000000000008676e+01 3.081087394133457669e-01
1.095000000000008633e+01 3.172635555897489468e-01
1.097000000000008590e+01 2.999288144863943018e-01
1.099000000000008548e+01 2.993924597416850464e-01
1.101000000000008505e+01 3.090526656699232322e-01
1.103000000000008463e+01 2.862973069950170979e-01
1.105000000000008420e+01 3.004083673945050492e-01
1.107000000000008377e+01 2.963660460888093984e-01
1.109000000000008335e+01 2.864187743978027223e-01
1.111000000000008292e+01 2.852988576280931499e-01
1.113000000000008249e+01 2.928477547654045332e-01
1.115000000000008207e+01 2.783745097539274127e-01
1.117000000000008164e+01 2.841715392760952308e-01
1.119000000000008122e+01 2.843760483905764525e-01
1.121000000000008079e+01 2.820975558089685586e-01
1.123000000000008036e+01 2.684898095155063835e-01
1.125000000000007994e+01 2.783121944450607788e-01
1.127000000000007951e+01 2.768826900150452297e-01
1.129000000000007908e+01 2.707841107959039761e-01
1.131000000000007866e+01 2.579926266166356341e-01
1.133000000000007823e+01 2.619425160460447377e-01
1.135000000000007780e+01 2.806006810679346763e-01
1.137000000000007738e+01 2.583121936280618480e-01
1.139000000000007695e+01 2.829813193533039506e-01
1.141000000000007653e+01 2.737313982277109758e-01
1.143000000000007610e+01 2.605565477064907265e-01
1.145000000000007567e+01 2.590397838004904196e-01
1.147000000000007525e+01 2.636185880865783981e-01
1.149000000000007482e+01 2.566212500603985980e-01
1.151000000000007439e+01 2.631694549774246106e-01
1.153000000000007397e+01 2.569135481752097272e-01
1.155000000000007354e+01 2.509459296081155699e-01
1.157000000000007311e+01 2.689428737572798767e-01
1.159000000000007269e+01 2.514878793921825340e-01
1.161000000000007226e+01 2.483711650492120282e-01
1.163000000000007184e+01 2.563037478508221056e-01
1.165000000000007141e+01 2.547817280947070051e-01
1.167000000000007098e+01 2.584766336894094851e-01
1.169000000000007056e+01 2.385477899380283873e-01
1.171000000000007013e+01 2.630833226655598378e-01
1.173000000000006970e+01 2.521065281641721167e-01
1.175000000000006928e+01 2.375721927952511303e-01
1.177000000000006885e+01 2.593609405012599622e-01
1.179000000000006843e+01 2.503550656078478709e-01
1.181000000000006800e+01 2.345745313456481240e-01
1.183000000000006757e+01 2.413760254917088621e-01
1.185000000000006715e+01 2.316631915092232652e-01
1.187000000000006672e+01 2.456799613576949592e-01
1.189000000000006629e+01 2.423754997544114165e-01
1.191000000000006587e+01 2.057081350940199171e-01
1.193000000000006544e+01 2.334761859282253327e-01
1.195000000000006501e+01 2.267313960987369925e-01
1.197000000000006459e+01 2.382346524460761672e-01
1.199000000000006416e+01 2.202230439620681268e-01
1.201000000000006374e+01 2.255612117633598035e-01
1.203000000000006331e+01 2.176640028578977759e-01
1.205000000000006288e+01 2.206674761340205737e-01
1.207000000000006246e+01 2.149991392599138462e-01
1.209000000000006203e+01 2.146622361796486078e-01
1.211000000000006160e+01 2.415181201294153701e-01
1.213000000000006118e+01 2.121826437075032823e-01
1.215000000000006075e+01 2.190437292286699089e-01
1.217000000000006033e+01 2.155959538627238159e-01
1.219000000000005990e+01 2.081608772212878988e-01
1.221000000000005947e+01 2.056974471991876163e-01
1.223000000000005905e+01 2.185172935970441377e-01
1.225000000000005862e+01 1.957413548895017286e-01
1.227000000000005819e+01 1.963044327069255746e-01
1.229000000000005777e+01 2.203417315981031077e-01
1.231000000000005734e+01 2.032110276172496566e-01
1.233000000000005691e+01 2.009348690472536336e-01
1.235000000000005649e+01 2.117257950094752483e-01
1.237000000000005606e+01 1.867627579138358140e-01
1.239000000000005564e+01 1.967325154188334091e-01
1.241000000000005521e+01 2.071098489929343867e-01
1.243000000000005478e+01 2.158985154204074997e-01
1.245000000000005436e+01 1.986281431885243143e-01
1.247000000000005393e+01 2.099322805643523693e-01
1.249000000000005350e+01 1.876690024758820852e-01
1.251000000000005308e+01 1.978024234481514099e-01
1.253000000000005265e+01 1.971254067315975911e-01
1.255000000000005222e+01 2.051079754291210977e-01
1.257000000000005180e+01 1.858343616787822561e-01
1.259000000000005137e+01 1.912465955931238748e-01
1.261000000000005095e+01 1.861555413499310641e-01
1.263000000000005052e+01 1.752201714129964227e-01
1.265000000000005009e+01 1.823755892529759226e-01
1.267000000000004967e+01 1.862688487254455794e-01
1.269000000000004924e+01 1.784441287446729418e-01
1.271000000000004881e+01 1.876332585448575729e-01
1.273000000000004839e+01 1.787904198423062030e-01
1.275000000000004796e+01 1.796841617855462481e-01
1.277000000000004754e+01 1.831626489946475145e-01
1.279000000000004711e+01 1.844603272596370414e-01
1.281000000000004668e+01 1.732173788622260180e-01
1.283000000000004626e+01 1.828600813969668837e-01
1.285000000000004583e+01 1.668428575254494173e-01
1.287000000000004540e+01 1.843279168683570612e-01
1.289000000000004498e+01 1.650237986580365135e-01
1.291000000000004455e+01 1.732686233628318029e-01
1.293000000000004412e+01 1.612978229095678451e-01
1.295000000000004370e+01 1.719118017328434833e-01
1.297000000000004327e+01 1.785654681656728970e-01
1.299000000000004285e+01 1.767637703286356610e-01
1.301000000000004242e+01 1.577370315068369055e-01
1.303000000000004199e+01 1.663503857086088000e-01
1.305000000000004157e+01 1.754540815307247259e-01
1.307000000000004114e+01 1.559285267672391173e-01
1.309000000000004071e+01 1.683540797070333106e-01
1.311000000000004029e+01 1.678904808493012490e-01
1.313000000000003986e+01 1.604999755425737251e-01
1.315000000000003944e+01 1.466572651138044192e-01
1.317000000000003901e+01 1.534970240291632926e-01
1.319000000000003858e+01 1.540525727624598995e-01
1.321000000000003816e+01 1.462801247355738077e-01
1.323000000000003773e+01 1.565290992208524246e-01
1.325000000000003730e+01 1.500834175834707962e-01
1.327000000000003688e+01 1.485259265625903380e-01
1.329000000000003645e+01 1.396888035346130208e-01
1.331000000000003602e+01 1.427104081088942655e-01
1.333000000000003560e+01 1.525163876188991019e-01
1.335000000000003517e+01 1.411812010897169900e-01
1.337000000000003475e+01 1.438271902033090022e-01
1.339000000000003432e+01 1.375047109515801780e-01
1.341000000000003389e+01 1.380532375703956705e-01
1.343000000000003347e+01 1.374223213931611287e-01
1.345000000000003304e+01 1.348227382904542970e-01
1.347000000000003261e+01 1.358737460273734265e-01
1.349000000000003219e+01 1.322962964322405843e-01
1.351000000000003176e+01 1.292618889221629208e-01
1.353000000000003133e+01 1.374067374475126113e-01
1.355000000000003091e+01 1.279217712270453999e-01
1.357000000000003048e+01 1.331747283073031751e-01
1.359000000000003006e+01 1.332828936751793703e-01
1.361000000000002963e+01 1.283168801362432609e-01
1.363000000000002920e+01 1.262063819253138319e-01
1.365000000000002878e+01 1.226103844380492247e-01
1.367000000000002835e+01 1.251618154733054600e-01
1.369000000000002792e+01 1.172042003026365214e-01
1.371000000000002750e+01 1.203121772236742243e-01
1.373000000000002707e+01 1.286998290648683207e-01
1.375000000000002665e+01 1.256656294937879004e-01
1.377000000000002622e+01 1.186351626506449430e-01
1.379000000000002579e+01 1.177903625429354284e-01
1.381000000000002537e+01 1.168995693685672549e-01
1.383000000000002494e+01 1.232022834402399791e-01
1.385000000000002451e+01 1.284260465252140271e-01
1.387000000000002409e+01 1.178587817945862121e-01
1.389000000000002366e+01 1.086815772654098344e-01
1.391000000000002323e+01 1.142179331686562077e-01
1.393000000000002281e+01 1.161810376076763129e-01
1.395000000000002238e+01 1.133670988162934906e-01
1.397000000000002196e+01 1.214339603962683173e-01
1.399000000000002153e+01 1.150996516487134552e-01
1.401000000000002110e+01 1.036567232356523788e-01
1.403000000000002068e+01 1.086727287767955685e-01
1.405000000000002025e+01 1.059155638215047990e-01
1.407000000000001982e+01 1.051691566514563053e-01
1.409000000000001940e+01 9.894939446368244962e-02
1.411000000000001897e+01 1.075586311388043725e-01
1.413000000000001855e+01 1.068931400356342709e-01
1.415000000000001812e+01 9.718444809758507164e-02
1.417000000000001769e+01 9.400736206791565630e-02
1.419000000000001727e+01 1.021537674869679307e-01
1.421000000000001684e+01 1.048414622581341354e-01
1.423000000000001641e+01 1.007285513604835314e-01
1.425000000000001599e+01 9.826586680469172330e-02
1.427000000000001556e+01 9.496169440350836488e-02
1.429000000000001513e+01 8.603971851108498103e-02
1.431000000000001471e+01 9.396407132093750891e-02
1.433000000000001428e+01 9.103500037332803996e-02
1.435000000000001386e+01 9.352764187880455160e-02
1.437000000000001343e+01 8.186169021370087728e-02
1.439000000000001300e+01 7.890986487176651631e-02
1.441000000000001258e+01 7.587649939898698237e-02
1.443000000000001215e+01 7.553947955823309135e-02
1.445000000000001172e+01 7.779658464972931398e-02
1.447000000000001130e+01 7.229171275327751778e-02
1.449000000000001087e+01 6.102347138523682435e-02
1.451000000000001044e+01 5.826100196012619359e-02
1.453000000000001002e+01 5.814654179527144889e-02
1.455000000000000959e+01 3.865575521281931076e-02
1.457000000000000917e+01 2.767175194839606445e-02
1.459000000000000874e+01 1.665984919137797685e-02
1.461000000000000831e+01 1.658609087835902565e-02
1.463000000000000789e+01 1.104345325136177162e-02
1.465000000000000746e+01 2.764410664579879107e-03
1.467000000000000703e+01 0.000000000000000000e+00
1.469000000000000661e+01 0.000000000000000000e+00
1.471000000000000618e+01 0.000000000000000000e+00
1.473000000000000576e+01 0.000000000000000000e+00
1.475000000000000533e+01 0.000000000000000000e+00
1.477000000000000490e+01 0.000000000000000000e+00
1.479000000000000448e+01 0.000000000000000000e+00
1.481000000000000405e+01 0.000000000000000000e+00
1.483000000000000362e+01 0.000000000000000000e+00
1.485000000000000320e+01 0.000000000000000000e+00
1.487000000000000277e+01 0.000000000000000000e+00
1.489000000000000234e+01 0.000000000000000000e+00
1.491000000000000192e+01 0.000000000000000000e+00
1.493000000000000149e+01 0.000000000000000000e+00
1.495000000000000107e+01 0.000000000000000000e+00
1.497000000000000064e+01 0.000000000000000000e+00
1.499000000000000021e+01 0.000000000000000000e+00
