# Redshift		Merger Rate Density [Gpc^-3yr^-1]
1.000000000031931770e-02 1.048717345653021127e+01
3.000000000031888964e-02 1.065084951163576221e+01
5.000000000031846331e-02 1.072168525424451602e+01
7.000000000031804392e-02 1.096990772776214129e+01
9.000000000031761760e-02 1.108492943010287313e+01
1.100000000003171913e-01 1.129305922952172914e+01
1.300000000003167511e-01 1.144695941912196346e+01
1.500000000003163247e-01 1.172361629676681183e+01
1.700000000003158984e-01 1.197922000631875150e+01
1.900000000003154721e-01 1.221474850516687383e+01
2.100000000003150458e-01 1.224176356298665524e+01
2.300000000003146194e-01 1.245249739062626126e+01
2.500000000003141931e-01 1.248729532430066413e+01
2.700000000003137668e-01 1.260232635701975390e+01
2.900000000003133405e-01 1.287047040212837068e+01
3.100000000003129141e-01 1.296016576277151344e+01
3.300000000003124878e-01 1.324793764209140257e+01
3.500000000003120615e-01 1.358198951581900893e+01
3.700000000003116352e-01 1.388629180740062807e+01
3.900000000003112088e-01 1.418177891268324053e+01
4.100000000003107825e-01 1.464615667504900109e+01
4.300000000003103562e-01 1.506082011695770717e+01
4.500000000003099299e-01 1.531870240234371749e+01
4.700000000003095035e-01 1.511860096590877411e+01
4.900000000003090772e-01 1.565253323017813791e+01
5.100000000003086509e-01 1.577537391511143383e+01
5.300000000003082246e-01 1.605972073012486234e+01
5.500000000003077982e-01 1.635341052497510006e+01
5.700000000003073719e-01 1.642233182627520804e+01
5.900000000003069456e-01 1.637330167658048552e+01
6.100000000003065193e-01 1.699013704432287142e+01
6.300000000003060929e-01 1.650258397685971801e+01
6.500000000003056666e-01 1.696354360657236526e+01
6.700000000003052403e-01 1.670918134184594805e+01
6.900000000003048140e-01 1.719363910293135334e+01
7.100000000003043876e-01 1.753273196174055215e+01
7.300000000003039613e-01 1.761611572030678019e+01
7.500000000003035350e-01 1.795688882371255346e+01
7.700000000003031086e-01 1.826716005282651167e+01
7.900000000003026823e-01 1.838851629442622126e+01
8.100000000003022560e-01 1.872229727419693290e+01
8.300000000003018297e-01 1.888794810510388089e+01
8.500000000003014033e-01 1.939274959813128163e+01
8.700000000003009770e-01 1.934055110193069282e+01
8.900000000003005507e-01 1.956447597248454073e+01
9.100000000003001244e-01 2.005274332071989107e+01
9.300000000002996980e-01 2.024150074970114943e+01
9.500000000002992717e-01 2.038392118979487222e+01
9.700000000002988454e-01 2.031652815017298153e+01
9.900000000002984191e-01 2.098271521904994330e+01
1.010000000000297993e+00 2.096497122553239123e+01
1.030000000000297566e+00 2.122220974748753264e+01
1.050000000000297140e+00 2.162574424990293664e+01
1.070000000000296714e+00 2.163915151690802574e+01
1.090000000000296287e+00 2.195325155498658987e+01
1.110000000000295861e+00 2.171047566820683983e+01
1.130000000000295435e+00 2.219131573437389804e+01
1.150000000000295008e+00 2.213914531256684270e+01
1.170000000000294582e+00 2.235535404663766812e+01
1.190000000000294156e+00 2.225810550243302899e+01
1.210000000000293729e+00 2.241944899552410320e+01
1.230000000000293303e+00 2.247641382598057902e+01
1.250000000000292877e+00 2.236546608899947941e+01
1.270000000000292451e+00 2.242138914064237554e+01
1.290000000000292024e+00 2.304269312471838305e+01
1.310000000000291598e+00 2.278929606748876679e+01
1.330000000000291172e+00 2.323235712567623423e+01
1.350000000000290745e+00 2.333331066823570055e+01
1.370000000000290319e+00 2.311984784710856644e+01
1.390000000000289893e+00 2.332981558030499869e+01
1.410000000000289466e+00 2.349537006449929066e+01
1.430000000000289040e+00 2.374599630970588748e+01
1.450000000000288614e+00 2.349926150198100672e+01
1.470000000000288187e+00 2.396671894871018438e+01
1.490000000000287761e+00 2.370625284698855850e+01
1.510000000000287335e+00 2.419123667368974040e+01
1.530000000000286908e+00 2.398191851890176807e+01
1.550000000000286482e+00 2.410811807492109082e+01
1.570000000000286056e+00 2.420062282483959137e+01
1.590000000000285629e+00 2.395713572442557293e+01
1.610000000000285203e+00 2.417771291350033991e+01
1.630000000000284777e+00 2.430414627577072650e+01
1.650000000000284350e+00 2.421392359683583706e+01
1.670000000000283924e+00 2.421752845116890995e+01
1.690000000000283498e+00 2.440801851831227864e+01
1.710000000000283071e+00 2.416954994680211044e+01
1.730000000000282645e+00 2.431467656298719859e+01
1.750000000000282219e+00 2.423428768699490021e+01
1.770000000000281792e+00 2.437932745173203841e+01
1.790000000000281366e+00 2.473770865290362764e+01
1.810000000000280940e+00 2.429480179397551964e+01
1.830000000000280513e+00 2.443452532985219605e+01
1.850000000000280087e+00 2.483773793941804442e+01
1.870000000000279661e+00 2.419178545185030416e+01
1.890000000000279234e+00 2.460723297048898672e+01
1.910000000000278808e+00 2.465667913886613860e+01
1.930000000000278382e+00 2.480622949611740324e+01
1.950000000000277955e+00 2.426245807149458855e+01
1.970000000000277529e+00 2.524139826903673978e+01
1.990000000000277103e+00 2.454241548449078536e+01
2.010000000000276899e+00 2.475140483567016148e+01
2.030000000000276472e+00 2.469667529187361410e+01
2.050000000000276046e+00 2.484186738696399743e+01
2.070000000000275620e+00 2.487615583252219764e+01
2.090000000000275193e+00 2.458911515398946079e+01
2.110000000000274767e+00 2.485627592137382891e+01
2.130000000000274341e+00 2.479212472145594148e+01
2.150000000000273914e+00 2.443563355125692027e+01
2.170000000000273488e+00 2.444392661475619022e+01
2.190000000000273062e+00 2.450271668756987253e+01
2.210000000000272635e+00 2.426894264083981057e+01
2.230000000000272209e+00 2.447285577130243794e+01
2.250000000000271783e+00 2.441832586210773925e+01
2.270000000000271356e+00 2.429190337359631613e+01
2.290000000000270930e+00 2.398043044559275216e+01
2.310000000000270504e+00 2.408376086642654101e+01
2.330000000000270077e+00 2.412697588406904714e+01
2.350000000000269651e+00 2.394336328883349196e+01
2.370000000000269225e+00 2.413680933935845019e+01
2.390000000000268798e+00 2.386471993133445579e+01
2.410000000000268372e+00 2.370980208781737275e+01
2.430000000000267946e+00 2.372800173334065121e+01
2.450000000000267519e+00 2.412655327323122734e+01
2.470000000000267093e+00 2.368452481445236657e+01
2.490000000000266667e+00 2.368907679447764281e+01
2.510000000000266240e+00 2.350750258487715882e+01
2.530000000000265814e+00 2.337866895144591695e+01
2.550000000000265388e+00 2.324334734512128620e+01
2.570000000000264961e+00 2.309574594389674829e+01
2.590000000000264535e+00 2.319462158376645178e+01
2.610000000000264109e+00 2.307302890802868234e+01
2.630000000000263682e+00 2.279245092885260249e+01
2.650000000000263256e+00 2.301184479256519211e+01
2.670000000000262830e+00 2.279451509031086687e+01
2.690000000000262403e+00 2.293287673576536534e+01
2.710000000000261977e+00 2.256942909848285339e+01
2.730000000000261551e+00 2.231946129254183830e+01
2.750000000000261124e+00 2.242904808267435612e+01
2.770000000000260698e+00 2.223647507224073649e+01
2.790000000000260272e+00 2.225605562756181399e+01
2.810000000000259845e+00 2.224377064601486254e+01
2.830000000000259419e+00 2.187096011823051001e+01
2.850000000000258993e+00 2.195030064332790332e+01
2.870000000000258567e+00 2.174095244660637860e+01
2.890000000000258140e+00 2.145504701303847384e+01
2.910000000000257714e+00 2.163039004490889283e+01
2.930000000000257288e+00 2.145210470071740616e+01
2.950000000000256861e+00 2.132635344105278463e+01
2.970000000000256435e+00 2.109200090768361235e+01
2.990000000000256009e+00 2.097064368488256036e+01
3.010000000000255582e+00 2.076934165406795074e+01
3.030000000000255156e+00 2.082096956197547399e+01
3.050000000000254730e+00 2.070670467638095857e+01
3.070000000000254303e+00 2.046506664992469737e+01
3.090000000000253877e+00 2.008191479914307820e+01
3.110000000000253451e+00 2.025008946550293487e+01
3.130000000000253024e+00 2.001212643720163697e+01
3.150000000000252598e+00 2.009380496287220552e+01
3.170000000000252172e+00 2.007170213926199409e+01
3.190000000000251745e+00 1.969824548969050326e+01
3.210000000000251319e+00 1.950588280582774559e+01
3.230000000000250893e+00 1.925728471514293716e+01
3.250000000000250466e+00 1.956013523683661859e+01
3.270000000000250040e+00 1.910626541897110897e+01
3.290000000000249614e+00 1.909675723762315513e+01
3.310000000000249187e+00 1.904760842155323530e+01
3.330000000000248761e+00 1.876247269011568264e+01
3.350000000000248335e+00 1.860809539381040523e+01
3.370000000000247908e+00 1.862410015085476900e+01
3.390000000000247482e+00 1.838742116854076869e+01
3.410000000000247056e+00 1.828431741579018421e+01
3.430000000000246629e+00 1.816889371092243977e+01
3.450000000000246203e+00 1.812519815015970082e+01
3.470000000000245777e+00 1.788236788604526240e+01
3.490000000000245350e+00 1.794014268035065029e+01
3.510000000000244924e+00 1.777644945359050510e+01
3.530000000000244498e+00 1.740203174513380802e+01
3.550000000000244071e+00 1.761480534166098622e+01
3.570000000000243645e+00 1.741217043981692569e+01
3.590000000000243219e+00 1.730332696936072523e+01
3.610000000000242792e+00 1.704627118319982060e+01
3.630000000000242366e+00 1.690980736889527591e+01
3.650000000000241940e+00 1.687630759491493748e+01
3.670000000000241513e+00 1.686812118887591438e+01
3.690000000000241087e+00 1.676330353189735689e+01
3.710000000000240661e+00 1.657398713039048133e+01
3.730000000000240234e+00 1.667142058552648365e+01
3.750000000000239808e+00 1.625814651794548737e+01
3.770000000000239382e+00 1.607055001666852689e+01
3.790000000000238956e+00 1.602372028521866199e+01
3.810000000000238529e+00 1.611929313930639296e+01
3.830000000000238103e+00 1.607315684997842453e+01
3.850000000000237677e+00 1.578517864650127400e+01
3.870000000000237250e+00 1.587161901515796458e+01
3.890000000000236824e+00 1.563058093485513034e+01
3.910000000000236398e+00 1.563282470054444495e+01
3.930000000000235971e+00 1.550818125277051962e+01
3.950000000000235545e+00 1.528403897107973997e+01
3.970000000000235119e+00 1.545329180873348207e+01
3.990000000000234692e+00 1.512149281893387887e+01
4.010000000000234266e+00 1.520256419284293337e+01
4.030000000000233840e+00 1.510330376842241407e+01
4.050000000000233413e+00 1.499067928652641690e+01
4.070000000000232987e+00 1.506301534246458473e+01
4.090000000000232561e+00 1.471443858257989135e+01
4.110000000000232134e+00 1.475509670441413590e+01
4.130000000000231708e+00 1.480281921067662587e+01
4.150000000000231282e+00 1.474961287273088040e+01
4.170000000000230855e+00 1.453120155158563698e+01
4.190000000000230429e+00 1.455879525812856556e+01
4.210000000000230003e+00 1.461179565552918547e+01
4.230000000000229576e+00 1.442105024623620046e+01
4.250000000000229150e+00 1.443137641303608021e+01
4.270000000000228724e+00 1.424209003895063752e+01
4.290000000000228297e+00 1.424202767565630268e+01
4.310000000000227871e+00 1.416771323034462071e+01
4.330000000000227445e+00 1.426695391763847631e+01
4.350000000000227018e+00 1.417672013558250654e+01
4.370000000000226592e+00 1.405147492661378550e+01
4.390000000000226166e+00 1.415816462219523331e+01
4.410000000000225739e+00 1.396783916856440300e+01
4.430000000000225313e+00 1.409092044803887944e+01
4.450000000000224887e+00 1.387215014535312818e+01
4.470000000000224460e+00 1.403947001316228871e+01
4.490000000000224034e+00 1.382317374375159780e+01
4.510000000000223608e+00 1.379026522525962406e+01
4.530000000000223181e+00 1.388248144552022367e+01
4.550000000000222755e+00 1.383152107347495097e+01
4.570000000000222329e+00 1.376216165842216732e+01
4.590000000000221902e+00 1.386468806972812295e+01
4.610000000000221476e+00 1.376081624117006541e+01
4.630000000000221050e+00 1.369290376467080428e+01
4.650000000000220624e+00 1.381824191540509972e+01
4.670000000000220197e+00 1.378233988189682968e+01
4.690000000000219771e+00 1.359618516818114031e+01
4.710000000000219345e+00 1.375120921862902712e+01
4.730000000000218918e+00 1.382091776204411993e+01
4.750000000000218492e+00 1.348750855978464180e+01
4.770000000000218066e+00 1.373391919821638751e+01
4.790000000000217639e+00 1.367570759975667016e+01
4.810000000000217213e+00 1.363760116472221462e+01
4.830000000000216787e+00 1.369987535024168146e+01
4.850000000000216360e+00 1.359690962094712852e+01
4.870000000000215934e+00 1.369621455415698819e+01
4.890000000000215508e+00 1.374166814827871086e+01
4.910000000000215081e+00 1.354191368911019033e+01
4.930000000000214655e+00 1.341246079604676034e+01
4.950000000000214229e+00 1.354793210098088529e+01
4.970000000000213802e+00 1.345332316303527342e+01
4.990000000000213376e+00 1.362254304385610837e+01
5.010000000000212950e+00 1.347129460116545197e+01
5.030000000000212523e+00 1.336884199909516013e+01
5.050000000000212097e+00 1.354921328729657404e+01
5.070000000000211671e+00 1.335568120530408187e+01
5.090000000000211244e+00 1.321946472279630491e+01
5.110000000000210818e+00 1.338831220626412488e+01
5.130000000000210392e+00 1.325896918529997492e+01
5.150000000000209965e+00 1.318756320049822683e+01
5.170000000000209539e+00 1.314236181251576774e+01
5.190000000000209113e+00 1.308123884019613925e+01
5.210000000000208686e+00 1.315111267686865659e+01
5.230000000000208260e+00 1.296076181685532624e+01
5.250000000000207834e+00 1.296826957330065966e+01
5.270000000000207407e+00 1.294480064174898715e+01
5.290000000000206981e+00 1.286104314581952757e+01
5.310000000000206555e+00 1.279738843873967902e+01
5.330000000000206128e+00 1.279484793226493089e+01
5.350000000000205702e+00 1.247485469865258700e+01
5.370000000000205276e+00 1.258906043136937214e+01
5.390000000000204849e+00 1.261488972736619019e+01
5.410000000000204423e+00 1.238554792790570680e+01
5.430000000000203997e+00 1.232780933645925003e+01
5.450000000000203570e+00 1.230541335257662361e+01
5.470000000000203144e+00 1.218136093268312337e+01
5.490000000000202718e+00 1.216846573670636289e+01
5.510000000000202292e+00 1.196063089199250662e+01
5.530000000000201865e+00 1.200562268399503019e+01
5.550000000000201439e+00 1.180158502328345804e+01
5.570000000000201013e+00 1.176978035296680680e+01
5.590000000000200586e+00 1.168210279348163638e+01
5.610000000000200160e+00 1.165379718796661024e+01
5.630000000000199734e+00 1.160182504343229937e+01
5.650000000000199307e+00 1.135692021864513634e+01
5.670000000000198881e+00 1.144866220213589258e+01
5.690000000000198455e+00 1.135889507072905680e+01
5.710000000000198028e+00 1.127651323174663744e+01
5.730000000000197602e+00 1.114025218172744403e+01
5.750000000000197176e+00 1.117448304138567394e+01
5.770000000000196749e+00 1.106406135764308374e+01
5.790000000000196323e+00 1.089420753427389066e+01
5.810000000000195897e+00 1.100780070689925516e+01
5.830000000000195470e+00 1.085230163947196047e+01
5.850000000000195044e+00 1.077236310290047960e+01
5.870000000000194618e+00 1.069161288225818041e+01
5.890000000000194191e+00 1.075438973969788314e+01
5.910000000000193765e+00 1.073241614303134739e+01
5.930000000000193339e+00 1.065000572682191482e+01
5.950000000000192912e+00 1.068589038726478080e+01
5.970000000000192486e+00 1.056662789841596961e+01
5.990000000000192060e+00 1.052482850202273568e+01
6.010000000000191633e+00 1.057009934705982168e+01
6.030000000000191207e+00 1.062361803727760901e+01
6.050000000000190781e+00 1.048250187625047403e+01
6.070000000000190354e+00 1.047555822507180778e+01
6.090000000000189928e+00 1.043889459149746379e+01
6.110000000000189502e+00 1.057147466634496347e+01
6.130000000000189075e+00 1.045110574736857245e+01
6.150000000000188649e+00 1.055073241981455290e+01
6.170000000000188223e+00 1.049770663938724802e+01
6.190000000000187796e+00 1.055284749437883995e+01
6.210000000000187370e+00 1.054862798909112875e+01
6.230000000000186944e+00 1.060069819996244789e+01
6.250000000000186517e+00 1.055730968381470269e+01
6.270000000000186091e+00 1.069854754973245647e+01
6.290000000000185665e+00 1.059483895903158945e+01
6.310000000000185238e+00 1.065988864375503731e+01
6.330000000000184812e+00 1.076291950451585322e+01
6.350000000000184386e+00 1.078485564091895377e+01
6.370000000000183960e+00 1.088130420207028948e+01
6.390000000000183533e+00 1.083544525701293004e+01
6.410000000000183107e+00 1.072815247653042192e+01
6.430000000000182681e+00 1.098611167867577265e+01
6.450000000000182254e+00 1.099849759764827972e+01
6.470000000000181828e+00 1.101690930176285477e+01
6.490000000000181402e+00 1.090809165367801370e+01
6.510000000000180975e+00 1.101667534749699229e+01
6.530000000000180549e+00 1.106406165552286858e+01
6.550000000000180123e+00 1.107320014744442993e+01
6.570000000000179696e+00 1.115053835668697424e+01
6.590000000000179270e+00 1.121321504343135977e+01
6.610000000000178844e+00 1.108014946814596158e+01
6.630000000000178417e+00 1.111835930918364390e+01
6.650000000000177991e+00 1.117328232942813138e+01
6.670000000000177565e+00 1.123542398252025087e+01
6.690000000000177138e+00 1.116873789798815686e+01
6.710000000000176712e+00 1.111434767242040067e+01
6.730000000000176286e+00 1.117500174615373965e+01
6.750000000000175859e+00 1.112804344294178804e+01
6.770000000000175433e+00 1.123418027896616778e+01
6.790000000000175007e+00 1.095790979890904815e+01
6.810000000000174580e+00 1.108867012630710747e+01
6.830000000000174154e+00 1.104288584990279176e+01
6.850000000000173728e+00 1.103449993744221302e+01
6.870000000000173301e+00 1.096605465464313411e+01
6.890000000000172875e+00 1.102640103851048892e+01
6.910000000000172449e+00 1.093273356863082491e+01
6.930000000000172022e+00 1.090687218961067018e+01
6.950000000000171596e+00 1.080606520436769458e+01
6.970000000000171170e+00 1.087181029037123281e+01
6.990000000000170743e+00 1.061521958303806912e+01
7.010000000000170317e+00 1.073786177989177304e+01
7.030000000000169891e+00 1.062575442551341887e+01
7.050000000000169464e+00 1.057050751308227277e+01
7.070000000000169038e+00 1.053429370164668022e+01
7.090000000000168612e+00 1.047006813919551327e+01
7.110000000000168185e+00 1.037870433106979284e+01
7.130000000000167759e+00 1.032469359824657040e+01
7.150000000000167333e+00 1.021279350218382831e+01
7.170000000000166906e+00 1.025121978460383332e+01
7.190000000000166480e+00 1.015510049802939818e+01
7.210000000000166054e+00 1.009430803678745292e+01
7.230000000000165628e+00 9.924774715786012891e+00
7.250000000000165201e+00 9.949846366125056463e+00
7.270000000000164775e+00 9.883521032659636774e+00
7.290000000000164349e+00 9.865088018943245274e+00
7.310000000000163922e+00 9.775659351425078469e+00
7.330000000000163496e+00 9.593546786318700725e+00
7.350000000000163070e+00 9.557352808997418236e+00
7.370000000000162643e+00 9.482250869313917363e+00
7.390000000000162217e+00 9.536253010787479667e+00
7.410000000000161791e+00 9.364471336993773321e+00
7.430000000000161364e+00 9.260005491343909156e+00
7.450000000000160938e+00 9.312540357018379567e+00
7.470000000000160512e+00 9.199043405000528750e+00
7.490000000000160085e+00 9.158561294557964416e+00
7.510000000000159659e+00 9.145526615668964965e+00
7.530000000000159233e+00 8.984466012268375934e+00
7.550000000000158806e+00 8.968212424482739920e+00
7.570000000000158380e+00 8.906271426507661459e+00
7.590000000000157954e+00 8.942242866510845545e+00
7.610000000000157527e+00 8.923726569622481009e+00
7.630000000000157101e+00 8.758732873058960422e+00
7.650000000000156675e+00 8.765546597189667111e+00
7.670000000000156248e+00 8.717474000194922468e+00
7.690000000000155822e+00 8.723076953721035309e+00
7.710000000000155396e+00 8.722013596133695756e+00
7.730000000000154969e+00 8.634571957966226563e+00
7.750000000000154543e+00 8.698368025777421408e+00
7.770000000000154117e+00 8.612224481011198307e+00
7.790000000000153690e+00 8.528780305527458694e+00
7.810000000000153264e+00 8.629916946027451630e+00
7.830000000000152838e+00 8.569492090614211577e+00
7.850000000000152411e+00 8.598139061860999632e+00
7.870000000000151985e+00 8.565739597390885862e+00
7.890000000000151559e+00 8.553944001699044009e+00
7.910000000000151132e+00 8.559506908528623725e+00
7.930000000000150706e+00 8.626125166491181773e+00
7.950000000000150280e+00 8.567565727625009231e+00
7.970000000000149853e+00 8.580886363993560195e+00
7.990000000000149427e+00 8.531884135421767823e+00
8.010000000000149001e+00 8.566068883259331912e+00
8.030000000000148574e+00 8.569820529091877859e+00
8.050000000000148148e+00 8.586537538458479446e+00
8.070000000000147722e+00 8.625881368735276666e+00
8.090000000000147296e+00 8.650966210598193484e+00
8.110000000000146869e+00 8.629480045212345019e+00
8.130000000000146443e+00 8.649016586160014342e+00
8.150000000000146017e+00 8.615664379695902042e+00
8.170000000000145590e+00 8.570332280241057532e+00
8.190000000000145164e+00 8.642465148242379769e+00
8.210000000000144738e+00 8.661398725363946838e+00
8.230000000000144311e+00 8.701746123310634573e+00
8.250000000000143885e+00 8.651164932660170948e+00
8.270000000000143459e+00 8.652802948809235062e+00
8.290000000000143032e+00 8.627872178024144745e+00
8.310000000000142606e+00 8.617137770992844281e+00
8.330000000000142180e+00 8.587800765510229084e+00
8.350000000000141753e+00 8.635944501983297883e+00
8.370000000000141327e+00 8.689921957841146849e+00
8.390000000000140901e+00 8.597301767358823454e+00
8.410000000000140474e+00 8.605241921852080367e+00
8.430000000000140048e+00 8.520408226951257546e+00
8.450000000000139622e+00 8.620307744611332978e+00
8.470000000000139195e+00 8.489464749919854114e+00
8.490000000000138769e+00 8.422154049619040350e+00
8.510000000000138343e+00 8.545575252000954691e+00
8.530000000000137916e+00 8.471209968373605292e+00
8.550000000000137490e+00 8.462779428987012409e+00
8.570000000000137064e+00 8.452717993753353198e+00
8.590000000000136637e+00 8.380434034378577479e+00
8.610000000000136211e+00 8.459624160185809316e+00
8.630000000000135785e+00 8.246831888907092178e+00
8.650000000000135358e+00 8.286791714288966659e+00
8.670000000000134932e+00 8.354126212482206881e+00
8.690000000000134506e+00 8.203705193241990656e+00
8.710000000000134079e+00 8.199705758481684370e+00
8.730000000000133653e+00 8.148091232095213243e+00
8.750000000000133227e+00 8.142189682329169287e+00
8.770000000000132800e+00 8.126132924519374967e+00
8.790000000000132374e+00 8.081437290000579310e+00
8.810000000000131948e+00 8.044536727166546441e+00
8.830000000000131521e+00 7.990030803676937410e+00
8.850000000000131095e+00 8.009183098579205407e+00
8.870000000000130669e+00 7.929204495556978038e+00
8.890000000000130242e+00 7.866071185081024097e+00
8.910000000000129816e+00 7.884274374100468386e+00
8.930000000000129390e+00 7.807227422354155344e+00
8.950000000000128964e+00 7.815634559148756821e+00
8.970000000000128537e+00 7.738104121968742533e+00
8.990000000000128111e+00 7.776686364295928300e+00
9.010000000000127685e+00 7.685918978154600900e+00
9.030000000000127258e+00 7.656478325223065262e+00
9.050000000000126832e+00 7.649037873812298827e+00
9.070000000000126406e+00 7.611999523002643819e+00
9.090000000000125979e+00 7.580139531324392443e+00
9.110000000000125553e+00 7.530621029490649931e+00
9.130000000000125127e+00 7.508528335680813015e+00
9.150000000000124700e+00 7.517402486280825080e+00
9.170000000000124274e+00 7.464539706792019835e+00
9.190000000000123848e+00 7.446072107033090859e+00
9.210000000000123421e+00 7.383924583719114310e+00
9.230000000000122995e+00 7.360970378504042344e+00
9.250000000000122569e+00 7.399341757949147613e+00
9.270000000000122142e+00 7.315100446462401429e+00
9.290000000000121716e+00 7.243099609894751545e+00
9.310000000000121290e+00 7.260074760575195185e+00
9.330000000000120863e+00 7.286666555996647254e+00
9.350000000000120437e+00 7.249701318343919176e+00
9.370000000000120011e+00 7.198075922275973149e+00
9.390000000000119584e+00 7.195491615924578532e+00
9.410000000000119158e+00 7.138774843529213321e+00
9.430000000000118732e+00 7.157732051702181408e+00
9.450000000000118305e+00 7.106693927434727165e+00
9.470000000000117879e+00 7.060832797008979256e+00
9.490000000000117453e+00 7.033457425763857351e+00
9.510000000000117026e+00 7.061892161898588149e+00
9.530000000000116600e+00 6.990869790010447282e+00
9.550000000000116174e+00 6.990007063726012326e+00
9.570000000000115747e+00 6.939380130694411619e+00
9.590000000000115321e+00 6.912617599852636907e+00
9.610000000000114895e+00 6.919819573520083367e+00
9.630000000000114468e+00 6.919013587657853570e+00
9.650000000000114042e+00 6.812621908713338392e+00
9.670000000000113616e+00 6.816755572612651193e+00
9.690000000000113189e+00 6.781154804681830406e+00
9.710000000000112763e+00 6.760514067028196017e+00
9.730000000000112337e+00 6.712745634215916191e+00
9.750000000000111910e+00 6.669924492964102392e+00
9.770000000000111484e+00 6.672761672814691458e+00
9.790000000000111058e+00 6.627525619161747095e+00
9.810000000000110632e+00 6.628898749066329366e+00
9.830000000000110205e+00 6.535299991816446941e+00
9.850000000000109779e+00 6.531648548981745073e+00
9.870000000000109353e+00 6.481484444515882792e+00
9.890000000000108926e+00 6.536590745209339914e+00
9.910000000000108500e+00 6.432612010131971481e+00
9.930000000000108074e+00 6.442734798484392122e+00
9.950000000000107647e+00 6.392616201873887682e+00
9.970000000000107221e+00 6.349196522515340391e+00
9.990000000000106795e+00 6.310431241212885567e+00
1.001000000000010637e+01 6.273715993495118326e+00
1.003000000000010594e+01 6.304280355033954564e+00
1.005000000000010552e+01 6.209634883189439236e+00
1.007000000000010509e+01 6.188003756794535626e+00
1.009000000000010466e+01 6.175846512811332012e+00
1.011000000000010424e+01 6.141881637449223774e+00
1.013000000000010381e+01 6.096625549111704956e+00
1.015000000000010338e+01 6.036768223052397353e+00
1.017000000000010296e+01 6.065054794449840969e+00
1.019000000000010253e+01 5.952875045409935062e+00
1.021000000000010210e+01 5.968774191647993277e+00
1.023000000000010168e+01 5.954325680741532345e+00
1.025000000000010125e+01 5.935622640142358186e+00
1.027000000000010083e+01 5.884469210880070911e+00
1.029000000000010040e+01 5.822796127237340968e+00
1.031000000000009997e+01 5.835326680804019617e+00
1.033000000000009955e+01 5.774137396548190360e+00
1.035000000000009912e+01 5.802096230679431699e+00
1.037000000000009869e+01 5.735307237036409767e+00
1.039000000000009827e+01 5.700600040511663025e+00
1.041000000000009784e+01 5.704743880346201834e+00
1.043000000000009742e+01 5.678217978779841246e+00
1.045000000000009699e+01 5.664113266743306951e+00
1.047000000000009656e+01 5.640553966946015407e+00
1.049000000000009614e+01 5.606717113590820922e+00
1.051000000000009571e+01 5.594849187761614218e+00
1.053000000000009528e+01 5.550224595996433585e+00
1.055000000000009486e+01 5.483127028107220191e+00
1.057000000000009443e+01 5.449523039614707187e+00
1.059000000000009400e+01 5.446558193760730582e+00
1.061000000000009358e+01 5.437087846572796757e+00
1.063000000000009315e+01 5.398456055949925947e+00
1.065000000000009273e+01 5.347258538097012348e+00
1.067000000000009230e+01 5.366778370846438051e+00
1.069000000000009187e+01 5.316537397968612133e+00
1.071000000000009145e+01 5.270130409760549917e+00
1.073000000000009102e+01 5.235176127941706170e+00
1.075000000000009059e+01 5.224108592238120963e+00
1.077000000000009017e+01 5.215732270766921808e+00
1.079000000000008974e+01 5.163895068520483633e+00
1.081000000000008932e+01 5.200886409902236274e+00
1.083000000000008889e+01 5.129675974613819633e+00
1.085000000000008846e+01 5.126097920593496227e+00
1.087000000000008804e+01 5.086142202333029161e+00
1.089000000000008761e+01 5.056395791650722060e+00
1.091000000000008718e+01 5.074272659318555867e+00
1.093000000000008676e+01 5.021840033224314936e+00
1.095000000000008633e+01 4.972827671867174892e+00
1.097000000000008590e+01 4.956500059228619470e+00
1.099000000000008548e+01 4.952317130567732484e+00
1.101000000000008505e+01 4.910806081349754493e+00
1.103000000000008463e+01 4.845273402242280980e+00
1.105000000000008420e+01 4.819247336112405300e+00
1.107000000000008377e+01 4.815839225412375413e+00
1.109000000000008335e+01 4.788883125948354191e+00
1.111000000000008292e+01 4.754392909746503193e+00
1.113000000000008249e+01 4.708151416297026159e+00
1.115000000000008207e+01 4.695323171272332452e+00
1.117000000000008164e+01 4.665815989960029775e+00
1.119000000000008122e+01 4.675679966290056555e+00
1.121000000000008079e+01 4.645909663178862559e+00
1.123000000000008036e+01 4.615250136507450307e+00
1.125000000000007994e+01 4.613709254392960091e+00
1.127000000000007951e+01 4.563388364538594644e+00
1.129000000000007908e+01 4.557770502925975187e+00
1.131000000000007866e+01 4.525735248823840706e+00
1.133000000000007823e+01 4.516950700723822543e+00
1.135000000000007780e+01 4.474530745373646923e+00
1.137000000000007738e+01 4.507515505123713240e+00
1.139000000000007695e+01 4.422075489725772357e+00
1.141000000000007653e+01 4.456342371846609751e+00
1.143000000000007610e+01 4.381255249084122561e+00
1.145000000000007567e+01 4.388044852985621525e+00
1.147000000000007525e+01 4.377569870200842317e+00
1.149000000000007482e+01 4.315915672713844131e+00
1.151000000000007439e+01 4.333255133870855147e+00
1.153000000000007397e+01 4.286438959129609927e+00
1.155000000000007354e+01 4.281804003826106708e+00
1.157000000000007311e+01 4.253704947959070282e+00
1.159000000000007269e+01 4.256087009977025382e+00
1.161000000000007226e+01 4.218342965242927178e+00
1.163000000000007184e+01 4.212203943939914375e+00
1.165000000000007141e+01 4.214888191179138488e+00
1.167000000000007098e+01 4.147830916146801883e+00
1.169000000000007056e+01 4.166218517238359453e+00
1.171000000000007013e+01 4.149978052235327119e+00
1.173000000000006970e+01 4.108834098259779744e+00
1.175000000000006928e+01 4.122805747599022297e+00
1.177000000000006885e+01 4.112650178290080838e+00
1.179000000000006843e+01 4.100802985754567587e+00
1.181000000000006800e+01 4.064216972331642808e+00
1.183000000000006757e+01 4.020090215439949155e+00
1.185000000000006715e+01 4.022365926990630669e+00
1.187000000000006672e+01 4.004341921852045516e+00
1.189000000000006629e+01 3.983537331341215904e+00
1.191000000000006587e+01 3.933886842913663084e+00
1.193000000000006544e+01 3.946494064187797246e+00
1.195000000000006501e+01 3.912442663190558001e+00
1.197000000000006459e+01 3.894423050545499088e+00
1.199000000000006416e+01 3.861622670762467902e+00
1.201000000000006374e+01 3.848994633891188677e+00
1.203000000000006331e+01 3.843993407472399593e+00
1.205000000000006288e+01 3.802617719915802663e+00
1.207000000000006246e+01 3.783122808541278470e+00
1.209000000000006203e+01 3.777310882931712577e+00
1.211000000000006160e+01 3.740076028247199869e+00
1.213000000000006118e+01 3.745021107158873264e+00
1.215000000000006075e+01 3.712523120464847892e+00
1.217000000000006033e+01 3.669732870085904874e+00
1.219000000000005990e+01 3.694909736085487229e+00
1.221000000000005947e+01 3.643565572089186411e+00
1.223000000000005905e+01 3.603216175242690333e+00
1.225000000000005862e+01 3.595641365739368656e+00
1.227000000000005819e+01 3.572683530309005651e+00
1.229000000000005777e+01 3.559286341277116517e+00
1.231000000000005734e+01 3.508994490011223100e+00
1.233000000000005691e+01 3.488227281644066924e+00
1.235000000000005649e+01 3.477144833979017857e+00
1.237000000000005606e+01 3.456088071521784322e+00
1.239000000000005564e+01 3.426673578974094969e+00
1.241000000000005521e+01 3.404884064129172661e+00
1.243000000000005478e+01 3.416242512198169212e+00
1.245000000000005436e+01 3.353774838568350347e+00
1.247000000000005393e+01 3.341023390132123794e+00
1.249000000000005350e+01 3.344355172464865689e+00
1.251000000000005308e+01 3.293268422257122463e+00
1.253000000000005265e+01 3.292166116333991255e+00
1.255000000000005222e+01 3.265947299638190415e+00
1.257000000000005180e+01 3.244671435759344025e+00
1.259000000000005137e+01 3.219049250549931962e+00
1.261000000000005095e+01 3.210359362265689409e+00
1.263000000000005052e+01 3.158184858114262639e+00
1.265000000000005009e+01 3.134292777835790744e+00
1.267000000000004967e+01 3.113945017188044950e+00
1.269000000000004924e+01 3.117234143558090587e+00
1.271000000000004881e+01 3.071769373799742020e+00
1.273000000000004839e+01 3.051961844068827645e+00
1.275000000000004796e+01 3.016165068720608744e+00
1.277000000000004754e+01 3.011424844002780432e+00
1.279000000000004711e+01 2.945189687926474953e+00
1.281000000000004668e+01 2.946865086564545155e+00
1.283000000000004626e+01 2.937595916941667440e+00
1.285000000000004583e+01 2.899236240243696638e+00
1.287000000000004540e+01 2.892286426906992780e+00
1.289000000000004498e+01 2.856002490905557689e+00
1.291000000000004455e+01 2.839603004205477621e+00
1.293000000000004412e+01 2.817665785530325540e+00
1.295000000000004370e+01 2.779945148799118915e+00
1.297000000000004327e+01 2.794361452578602911e+00
1.299000000000004285e+01 2.766749591853644219e+00
1.301000000000004242e+01 2.721664529255181986e+00
1.303000000000004199e+01 2.678143141513278813e+00
1.305000000000004157e+01 2.663385930946994939e+00
1.307000000000004114e+01 2.643113249184242175e+00
1.309000000000004071e+01 2.606403685362515876e+00
1.311000000000004029e+01 2.600702408091786211e+00
1.313000000000003986e+01 2.564141160815011755e+00
1.315000000000003944e+01 2.553491355876434277e+00
1.317000000000003901e+01 2.494079095982675298e+00
1.319000000000003858e+01 2.480569968180676987e+00
1.321000000000003816e+01 2.451134585904784391e+00
1.323000000000003773e+01 2.416025942943062610e+00
1.325000000000003730e+01 2.410880000206820473e+00
1.327000000000003688e+01 2.372613776377899164e+00
1.329000000000003645e+01 2.350162362290669993e+00
1.331000000000003602e+01 2.317704417867656019e+00
1.333000000000003560e+01 2.299868971189702904e+00
1.335000000000003517e+01 2.256764619277977779e+00
1.337000000000003475e+01 2.198664502045123648e+00
1.339000000000003432e+01 2.197692986074187171e+00
1.341000000000003389e+01 2.169263425751106755e+00
1.343000000000003347e+01 2.142414147917631961e+00
1.345000000000003304e+01 2.096130434421545452e+00
1.347000000000003261e+01 2.062511102023263376e+00
1.349000000000003219e+01 2.042725348507268279e+00
1.351000000000003176e+01 2.009845919699026151e+00
1.353000000000003133e+01 1.973926672641696189e+00
1.355000000000003091e+01 1.953010446193650829e+00
1.357000000000003048e+01 1.914066514677357000e+00
1.359000000000003006e+01 1.894913574605757045e+00
1.361000000000002963e+01 1.849349019714362274e+00
1.363000000000002920e+01 1.829199986545212875e+00
1.365000000000002878e+01 1.798809951539538377e+00
1.367000000000002835e+01 1.774024578400423380e+00
1.369000000000002792e+01 1.745360938726221889e+00
1.371000000000002750e+01 1.701962049216215522e+00
1.373000000000002707e+01 1.673201484711706488e+00
1.375000000000002665e+01 1.640317378711218188e+00
1.377000000000002622e+01 1.603498976900061157e+00
1.379000000000002579e+01 1.591817798166806908e+00
1.381000000000002537e+01 1.541116638258527738e+00
1.383000000000002494e+01 1.499965178635583429e+00
1.385000000000002451e+01 1.487789931767083518e+00
1.387000000000002409e+01 1.459587219702195515e+00
1.389000000000002366e+01 1.433908772519989272e+00
1.391000000000002323e+01 1.403242561259816945e+00
1.393000000000002281e+01 1.369226617519632372e+00
1.395000000000002238e+01 1.337527245671217280e+00
1.397000000000002196e+01 1.299620381859845519e+00
1.399000000000002153e+01 1.279222767193561427e+00
1.401000000000002110e+01 1.236874541536485461e+00
1.403000000000002068e+01 1.213875597636646653e+00
1.405000000000002025e+01 1.174146647043319058e+00
1.407000000000001982e+01 1.141743183223999925e+00
1.409000000000001940e+01 1.117391153461345210e+00
1.411000000000001897e+01 1.088456669146512512e+00
1.413000000000001855e+01 1.058478959524975727e+00
1.415000000000001812e+01 1.045580366237034875e+00
1.417000000000001769e+01 1.009160732543020078e+00
1.419000000000001727e+01 9.878352051597311112e-01
1.421000000000001684e+01 9.853753709354171608e-01
1.423000000000001641e+01 9.473341508583295045e-01
1.425000000000001599e+01 9.249282109822920539e-01
1.427000000000001556e+01 9.061200735418839525e-01
1.429000000000001513e+01 8.870313599537483773e-01
1.431000000000001471e+01 8.661906040641340621e-01
1.433000000000001428e+01 8.526132046696880407e-01
1.435000000000001386e+01 8.351378504453622620e-01
1.437000000000001343e+01 8.144969071141782146e-01
1.439000000000001300e+01 7.939753417985772055e-01
1.441000000000001258e+01 7.690006525424942785e-01
1.443000000000001215e+01 7.459490652125430055e-01
1.445000000000001172e+01 7.316317447894757908e-01
1.447000000000001130e+01 7.085472569309270163e-01
1.449000000000001087e+01 6.895173316237457328e-01
1.451000000000001044e+01 6.801096830400632509e-01
1.453000000000001002e+01 6.720301585930772426e-01
1.455000000000000959e+01 6.520060633330841959e-01
1.457000000000000917e+01 5.579504023705842419e-01
1.459000000000000874e+01 4.112219378491634991e-01
1.461000000000000831e+01 2.101495410553578524e-01
1.463000000000000789e+01 7.180178202793650877e-02
1.465000000000000746e+01 1.592177848635965842e-02
1.467000000000000703e+01 5.504927863165166467e-04
1.469000000000000661e+01 1.939528895086997853e-10
1.471000000000000618e+01 9.394591429034674365e-11
1.473000000000000576e+01 7.180750735861962843e-11
1.475000000000000533e+01 0.000000000000000000e+00
1.477000000000000490e+01 0.000000000000000000e+00
1.479000000000000448e+01 0.000000000000000000e+00
1.481000000000000405e+01 0.000000000000000000e+00
1.483000000000000362e+01 0.000000000000000000e+00
1.485000000000000320e+01 0.000000000000000000e+00
1.487000000000000277e+01 0.000000000000000000e+00
1.489000000000000234e+01 0.000000000000000000e+00
1.491000000000000192e+01 0.000000000000000000e+00
1.493000000000000149e+01 0.000000000000000000e+00
1.495000000000000107e+01 0.000000000000000000e+00
1.497000000000000064e+01 0.000000000000000000e+00
1.499000000000000021e+01 0.000000000000000000e+00
