# Redshift		Merger Rate Density [Gpc^-3yr^-1]
1.000000000031931770e-02 3.608478926868000514e+01
3.000000000031888964e-02 3.674144737825548646e+01
5.000000000031846331e-02 3.727203462793169564e+01
7.000000000031804392e-02 3.779622651650304732e+01
9.000000000031761760e-02 3.842151250272815588e+01
1.100000000003171913e-01 3.901972811519745221e+01
1.300000000003167511e-01 3.948562897342040401e+01
1.500000000003163247e-01 3.981728595225880696e+01
1.700000000003158984e-01 4.046730596933227275e+01
1.900000000003154721e-01 4.155802870039946839e+01
2.100000000003150458e-01 4.146743409015335402e+01
2.300000000003146194e-01 4.235398127278929081e+01
2.500000000003141931e-01 4.347695418228916253e+01
2.700000000003137668e-01 4.412833420584099997e+01
2.900000000003133405e-01 4.499903822171120993e+01
3.100000000003129141e-01 4.616038857134562789e+01
3.300000000003124878e-01 4.641400962794320861e+01
3.500000000003120615e-01 4.743759306936578923e+01
3.700000000003116352e-01 4.876585072916589070e+01
3.900000000003112088e-01 4.955763848328596310e+01
4.100000000003107825e-01 5.063131576608676454e+01
4.300000000003103562e-01 5.117137039100416018e+01
4.500000000003099299e-01 5.300576672560281821e+01
4.700000000003095035e-01 5.291674700899744721e+01
4.900000000003090772e-01 5.437404291546149437e+01
5.100000000003086509e-01 5.542324419563269799e+01
5.300000000003082246e-01 5.655078333825746739e+01
5.500000000003077982e-01 5.685566490438300491e+01
5.700000000003073719e-01 5.866768292436327670e+01
5.900000000003069456e-01 5.869509701649418076e+01
6.100000000003065193e-01 6.004068658610062670e+01
6.300000000003060929e-01 6.100518730903804965e+01
6.500000000003056666e-01 6.185648317169466281e+01
6.700000000003052403e-01 6.281955826659691411e+01
6.900000000003048140e-01 6.298890183843068513e+01
7.100000000003043876e-01 6.443160143358528558e+01
7.300000000003039613e-01 6.528424540411062083e+01
7.500000000003035350e-01 6.584202077392330921e+01
7.700000000003031086e-01 6.679950541293565891e+01
7.900000000003026823e-01 6.772755591539660713e+01
8.100000000003022560e-01 6.833174616219977793e+01
8.300000000003018297e-01 6.886467482039331856e+01
8.500000000003014033e-01 7.054870319751546504e+01
8.700000000003009770e-01 7.137269443996329699e+01
8.900000000003005507e-01 7.159407720976476242e+01
9.100000000003001244e-01 7.257350434046249177e+01
9.300000000002996980e-01 7.377387991152482982e+01
9.500000000002992717e-01 7.429873062401060224e+01
9.700000000002988454e-01 7.472442092557939475e+01
9.900000000002984191e-01 7.659120111996020341e+01
1.010000000000297993e+00 7.741399919553440157e+01
1.030000000000297566e+00 7.785619342066557635e+01
1.050000000000297140e+00 7.875153028034124247e+01
1.070000000000296714e+00 7.924460457667683499e+01
1.090000000000296287e+00 8.111957643815343033e+01
1.110000000000295861e+00 8.090603889973060348e+01
1.130000000000295435e+00 8.235612625633785910e+01
1.150000000000295008e+00 8.264152044831430999e+01
1.170000000000294582e+00 8.421438822398401669e+01
1.190000000000294156e+00 8.479562016096571142e+01
1.210000000000293729e+00 8.622635190479651612e+01
1.230000000000293303e+00 8.611583657618714938e+01
1.250000000000292877e+00 8.687426706957405997e+01
1.270000000000292451e+00 8.809366679488022100e+01
1.290000000000292024e+00 8.888172807743642068e+01
1.310000000000291598e+00 8.997925305914972682e+01
1.330000000000291172e+00 9.015820570890568320e+01
1.350000000000290745e+00 9.170560418265452540e+01
1.370000000000290319e+00 9.184231905089490056e+01
1.390000000000289893e+00 9.199545358988747523e+01
1.410000000000289466e+00 9.295784817022277480e+01
1.430000000000289040e+00 9.398943441292782097e+01
1.450000000000288614e+00 9.467001809503602772e+01
1.470000000000288187e+00 9.445582524798128077e+01
1.490000000000287761e+00 9.512440931188947957e+01
1.510000000000287335e+00 9.649454630725830384e+01
1.530000000000286908e+00 9.602410140387388537e+01
1.550000000000286482e+00 9.686516326283367562e+01
1.570000000000286056e+00 9.816220409813553260e+01
1.590000000000285629e+00 9.766392409661567342e+01
1.610000000000285203e+00 9.791595620738851835e+01
1.630000000000284777e+00 9.885450117571032536e+01
1.650000000000284350e+00 9.906603918350329252e+01
1.670000000000283924e+00 9.960479605063247277e+01
1.690000000000283498e+00 9.976730778011250322e+01
1.710000000000283071e+00 9.998061642582250386e+01
1.730000000000282645e+00 1.004528533744410623e+02
1.750000000000282219e+00 1.006627430357165167e+02
1.770000000000281792e+00 9.976325067299255522e+01
1.790000000000281366e+00 1.004825324094008465e+02
1.810000000000280940e+00 1.014888274058072284e+02
1.830000000000280513e+00 1.004762535193165860e+02
1.850000000000280087e+00 1.008447709619326531e+02
1.870000000000279661e+00 1.006506597119054760e+02
1.890000000000279234e+00 1.014389608161329477e+02
1.910000000000278808e+00 1.014093138890201544e+02
1.930000000000278382e+00 1.013252811115404484e+02
1.950000000000277955e+00 1.002213259672570018e+02
1.970000000000277529e+00 1.012251722872582747e+02
1.990000000000277103e+00 1.007315586688685016e+02
2.010000000000276899e+00 1.006708689315059075e+02
2.030000000000276472e+00 1.005602582810157486e+02
2.050000000000276046e+00 1.000903667621776947e+02
2.070000000000275620e+00 9.952758958730167649e+01
2.090000000000275193e+00 9.906684550310015425e+01
2.110000000000274767e+00 1.004322957614918437e+02
2.130000000000274341e+00 9.917301449271317892e+01
2.150000000000273914e+00 9.912351845583133070e+01
2.170000000000273488e+00 9.896176956932696100e+01
2.190000000000273062e+00 9.891072451509866426e+01
2.210000000000272635e+00 9.763699707180559528e+01
2.230000000000272209e+00 9.757588635906186880e+01
2.250000000000271783e+00 9.683083540677733936e+01
2.270000000000271356e+00 9.788624948713531637e+01
2.290000000000270930e+00 9.574500011880715533e+01
2.310000000000270504e+00 9.602207842694558337e+01
2.330000000000270077e+00 9.577005369160814041e+01
2.350000000000269651e+00 9.443794138698372365e+01
2.370000000000269225e+00 9.473040540224694439e+01
2.390000000000268798e+00 9.293605808753086706e+01
2.410000000000268372e+00 9.397518810920787757e+01
2.430000000000267946e+00 9.193211054361533741e+01
2.450000000000267519e+00 9.320480601037618840e+01
2.470000000000267093e+00 9.153559119766735819e+01
2.490000000000266667e+00 9.139571511316297858e+01
2.510000000000266240e+00 9.063804175903081273e+01
2.530000000000265814e+00 8.918912086132829131e+01
2.550000000000265388e+00 8.961806500000314202e+01
2.570000000000264961e+00 8.871687350451435350e+01
2.590000000000264535e+00 8.771703687123522286e+01
2.610000000000264109e+00 8.713418320914918525e+01
2.630000000000263682e+00 8.638968209820077959e+01
2.650000000000263256e+00 8.671126239767143318e+01
2.670000000000262830e+00 8.621161561697570619e+01
2.690000000000262403e+00 8.484114860400578095e+01
2.710000000000261977e+00 8.406563565730867538e+01
2.730000000000261551e+00 8.437121831108160563e+01
2.750000000000261124e+00 8.254074587791792794e+01
2.770000000000260698e+00 8.266170346326012464e+01
2.790000000000260272e+00 8.179118442008321210e+01
2.810000000000259845e+00 8.098319420153273995e+01
2.830000000000259419e+00 8.013506953368924712e+01
2.850000000000258993e+00 8.005186339427588393e+01
2.870000000000258567e+00 7.967924662104572064e+01
2.890000000000258140e+00 7.835350554410791801e+01
2.910000000000257714e+00 7.786277632899950163e+01
2.930000000000257288e+00 7.735295983125199371e+01
2.950000000000256861e+00 7.579213481348816117e+01
2.970000000000256435e+00 7.554739553774899719e+01
2.990000000000256009e+00 7.522384243262054326e+01
3.010000000000255582e+00 7.409036212959981071e+01
3.030000000000255156e+00 7.386738757902877239e+01
3.050000000000254730e+00 7.403705396257605287e+01
3.070000000000254303e+00 7.278061675705599498e+01
3.090000000000253877e+00 7.078511175661701316e+01
3.110000000000253451e+00 7.136790387806885860e+01
3.130000000000253024e+00 7.001854729328204030e+01
3.150000000000252598e+00 6.949311204472343206e+01
3.170000000000252172e+00 6.881571893724451172e+01
3.190000000000251745e+00 6.848957083327057660e+01
3.210000000000251319e+00 6.781315114731991400e+01
3.230000000000250893e+00 6.729463457198446008e+01
3.250000000000250466e+00 6.680904002565806366e+01
3.270000000000250040e+00 6.637243333731007056e+01
3.290000000000249614e+00 6.549463214062686234e+01
3.310000000000249187e+00 6.479967475245003072e+01
3.330000000000248761e+00 6.360018812261566268e+01
3.350000000000248335e+00 6.371247018018847541e+01
3.370000000000247908e+00 6.272994129785175232e+01
3.390000000000247482e+00 6.245566229482698617e+01
3.410000000000247056e+00 6.173532100828198566e+01
3.430000000000246629e+00 6.094044113772481808e+01
3.450000000000246203e+00 6.027056052794507934e+01
3.470000000000245777e+00 6.003217846720745143e+01
3.490000000000245350e+00 5.939311840222712391e+01
3.510000000000244924e+00 5.854982820139318989e+01
3.530000000000244498e+00 5.866413635595227305e+01
3.550000000000244071e+00 5.780083091984541710e+01
3.570000000000243645e+00 5.719613127251520979e+01
3.590000000000243219e+00 5.586661475876324090e+01
3.610000000000242792e+00 5.586820417009799655e+01
3.630000000000242366e+00 5.559214669859745328e+01
3.650000000000241940e+00 5.485014813735561745e+01
3.670000000000241513e+00 5.471565667973720792e+01
3.690000000000241087e+00 5.278966814879737512e+01
3.710000000000240661e+00 5.332380595771595466e+01
3.730000000000240234e+00 5.317177497609097969e+01
3.750000000000239808e+00 5.189230845139049109e+01
3.770000000000239382e+00 5.185361887373881018e+01
3.790000000000238956e+00 5.108026062099432352e+01
3.810000000000238529e+00 5.013287447223108728e+01
3.830000000000238103e+00 5.004881522575069397e+01
3.850000000000237677e+00 4.953862166298581826e+01
3.870000000000237250e+00 4.954117955296185727e+01
3.890000000000236824e+00 4.898481805239230624e+01
3.910000000000236398e+00 4.808534854544738124e+01
3.930000000000235971e+00 4.762775926600179588e+01
3.950000000000235545e+00 4.676392049727002842e+01
3.970000000000235119e+00 4.672931757587169699e+01
3.990000000000234692e+00 4.618205116931275711e+01
4.010000000000234266e+00 4.589684293189598918e+01
4.030000000000233840e+00 4.529911919669547871e+01
4.050000000000233413e+00 4.481229541124363891e+01
4.070000000000232987e+00 4.473437578169993145e+01
4.090000000000232561e+00 4.371464839292293192e+01
4.110000000000232134e+00 4.357147613950212417e+01
4.130000000000231708e+00 4.277322683740049314e+01
4.150000000000231282e+00 4.263330498171342953e+01
4.170000000000230855e+00 4.211093429051567938e+01
4.190000000000230429e+00 4.127042516713063236e+01
4.210000000000230003e+00 4.132614263933632515e+01
4.230000000000229576e+00 4.097663944871573705e+01
4.250000000000229150e+00 4.054719658836563667e+01
4.270000000000228724e+00 3.945865725323669437e+01
4.290000000000228297e+00 3.907306566984832585e+01
4.310000000000227871e+00 3.896161816922238330e+01
4.330000000000227445e+00 3.869712567344571852e+01
4.350000000000227018e+00 3.794103986198192757e+01
4.370000000000226592e+00 3.790834832049350922e+01
4.390000000000226166e+00 3.757262480964740092e+01
4.410000000000225739e+00 3.719787483149974605e+01
4.430000000000225313e+00 3.641782605023809793e+01
4.450000000000224887e+00 3.600557920912815746e+01
4.470000000000224460e+00 3.597789003000873009e+01
4.490000000000224034e+00 3.544017726453827777e+01
4.510000000000223608e+00 3.544399550281015365e+01
4.530000000000223181e+00 3.457848840574908422e+01
4.550000000000222755e+00 3.416261247115675559e+01
4.570000000000222329e+00 3.412874132998583576e+01
4.590000000000221902e+00 3.341170150203043221e+01
4.610000000000221476e+00 3.311581519241313742e+01
4.630000000000221050e+00 3.271465420928551282e+01
4.650000000000220624e+00 3.259148844365247299e+01
4.670000000000220197e+00 3.218603273055300207e+01
4.690000000000219771e+00 3.162182471959262386e+01
4.710000000000219345e+00 3.181307299791141574e+01
4.730000000000218918e+00 3.102852108852128410e+01
4.750000000000218492e+00 3.033797978040096766e+01
4.770000000000218066e+00 3.085662228943008145e+01
4.790000000000217639e+00 3.001187941453366648e+01
4.810000000000217213e+00 2.987631960146448407e+01
4.830000000000216787e+00 2.951496032126017610e+01
4.850000000000216360e+00 2.903416716035562573e+01
4.870000000000215934e+00 2.903457428395150330e+01
4.890000000000215508e+00 2.860188936331278242e+01
4.910000000000215081e+00 2.821659106673121187e+01
4.930000000000214655e+00 2.761036038510989599e+01
4.950000000000214229e+00 2.744447605413393276e+01
4.970000000000213802e+00 2.729444224366857696e+01
4.990000000000213376e+00 2.716033704260766868e+01
5.010000000000212950e+00 2.643248729325645741e+01
5.030000000000212523e+00 2.628965723344734329e+01
5.050000000000212097e+00 2.619800170020467434e+01
5.070000000000211671e+00 2.579585338052068266e+01
5.090000000000211244e+00 2.539741006850809768e+01
5.110000000000210818e+00 2.519141057926701421e+01
5.130000000000210392e+00 2.480168286622184226e+01
5.150000000000209965e+00 2.467280118484932672e+01
5.170000000000209539e+00 2.423664977655113972e+01
5.190000000000209113e+00 2.410713609814931857e+01
5.210000000000208686e+00 2.394127616357662092e+01
5.230000000000208260e+00 2.340871591578056865e+01
5.250000000000207834e+00 2.342963554485682920e+01
5.270000000000207407e+00 2.329106773934165986e+01
5.290000000000206981e+00 2.237136870905127140e+01
5.310000000000206555e+00 2.271811150307851079e+01
5.330000000000206128e+00 2.182505584546770905e+01
5.350000000000205702e+00 2.223942550714960120e+01
5.370000000000205276e+00 2.179101543287212195e+01
5.390000000000204849e+00 2.138362739423369518e+01
5.410000000000204423e+00 2.102803647284768118e+01
5.430000000000203997e+00 2.088122809673258118e+01
5.450000000000203570e+00 2.054379911902242029e+01
5.470000000000203144e+00 2.040275996636512090e+01
5.490000000000202718e+00 2.025869668408072855e+01
5.510000000000202292e+00 1.988092197965404395e+01
5.530000000000201865e+00 1.981239303390181661e+01
5.550000000000201439e+00 1.950974727907282258e+01
5.570000000000201013e+00 1.943680102844447788e+01
5.590000000000200586e+00 1.910992211756464343e+01
5.610000000000200160e+00 1.868711346734641765e+01
5.630000000000199734e+00 1.818503398807823146e+01
5.650000000000199307e+00 1.813123275673721579e+01
5.670000000000198881e+00 1.819857881731730842e+01
5.690000000000198455e+00 1.773070459511825803e+01
5.710000000000198028e+00 1.762814472739408700e+01
5.730000000000197602e+00 1.763110158620655454e+01
5.750000000000197176e+00 1.743647774973450382e+01
5.770000000000196749e+00 1.693840552716359582e+01
5.790000000000196323e+00 1.683237095212093237e+01
5.810000000000195897e+00 1.671305577260757858e+01
5.830000000000195470e+00 1.613694389071017810e+01
5.850000000000195044e+00 1.622109524573407668e+01
5.870000000000194618e+00 1.603602927213984231e+01
5.890000000000194191e+00 1.563819400272840454e+01
5.910000000000193765e+00 1.549220053015950072e+01
5.930000000000193339e+00 1.549491341657466492e+01
5.950000000000192912e+00 1.514545813204820313e+01
5.970000000000192486e+00 1.523770951357405679e+01
5.990000000000192060e+00 1.475564705508578811e+01
6.010000000000191633e+00 1.453756938242309893e+01
6.030000000000191207e+00 1.481104294474506133e+01
6.050000000000190781e+00 1.406264925068741789e+01
6.070000000000190354e+00 1.400996310708092452e+01
6.090000000000189928e+00 1.380307794368556173e+01
6.110000000000189502e+00 1.373165176903390794e+01
6.130000000000189075e+00 1.356067406062050829e+01
6.150000000000188649e+00 1.329510137383385526e+01
6.170000000000188223e+00 1.305150518036326446e+01
6.190000000000187796e+00 1.301458321658169481e+01
6.210000000000187370e+00 1.273735132979483531e+01
6.230000000000186944e+00 1.261898827404172074e+01
6.250000000000186517e+00 1.228820805788732606e+01
6.270000000000186091e+00 1.243112912017779514e+01
6.290000000000185665e+00 1.221309733799992792e+01
6.310000000000185238e+00 1.184777754215966716e+01
6.330000000000184812e+00 1.179197233564322111e+01
6.350000000000184386e+00 1.172313574626087096e+01
6.370000000000183960e+00 1.142396094927807049e+01
6.390000000000183533e+00 1.125923040677112752e+01
6.410000000000183107e+00 1.110633453371102775e+01
6.430000000000182681e+00 1.105622723804582996e+01
6.450000000000182254e+00 1.071298084306951992e+01
6.470000000000181828e+00 1.068179879020014234e+01
6.490000000000181402e+00 1.043394289178901069e+01
6.510000000000180975e+00 1.040166341463032751e+01
6.530000000000180549e+00 1.013228297623011542e+01
6.550000000000180123e+00 1.034917642222806400e+01
6.570000000000179696e+00 9.927001763986504912e+00
6.590000000000179270e+00 9.827759535518785228e+00
6.610000000000178844e+00 9.587335733134606741e+00
6.630000000000178417e+00 9.430170884500032713e+00
6.650000000000177991e+00 9.379808854240131666e+00
6.670000000000177565e+00 9.222459749517973648e+00
6.690000000000177138e+00 9.117442570888735887e+00
6.710000000000176712e+00 8.958660371958474755e+00
6.730000000000176286e+00 8.899463982780531524e+00
6.750000000000175859e+00 8.664848801172862380e+00
6.770000000000175433e+00 8.715881486958013014e+00
6.790000000000175007e+00 8.412612353552109568e+00
6.810000000000174580e+00 8.316301519338532344e+00
6.830000000000174154e+00 8.187139395758967098e+00
6.850000000000173728e+00 8.023928950195896803e+00
6.870000000000173301e+00 7.942771986724030953e+00
6.890000000000172875e+00 7.850676041719606424e+00
6.910000000000172449e+00 7.660199055853052386e+00
6.930000000000172022e+00 7.648895858359854749e+00
6.950000000000171596e+00 7.457280976647661319e+00
6.970000000000171170e+00 7.358337475823542029e+00
6.990000000000170743e+00 7.247447678154208539e+00
7.010000000000170317e+00 7.191246922439383127e+00
7.030000000000169891e+00 6.982218606525659510e+00
7.050000000000169464e+00 7.042378808105240751e+00
7.070000000000169038e+00 6.710612450294942022e+00
7.090000000000168612e+00 6.840212617136964823e+00
7.110000000000168185e+00 6.555863058781866037e+00
7.130000000000167759e+00 6.590463617999237300e+00
7.150000000000167333e+00 6.412690343866469966e+00
7.170000000000166906e+00 6.216279557425710145e+00
7.190000000000166480e+00 6.171074029191360388e+00
7.210000000000166054e+00 6.074869607804795457e+00
7.230000000000165628e+00 5.960972628614423563e+00
7.250000000000165201e+00 6.010501446568556005e+00
7.270000000000164775e+00 5.861543465347724080e+00
7.290000000000164349e+00 5.757545455166694914e+00
7.310000000000163922e+00 5.572670997213194255e+00
7.330000000000163496e+00 5.579372316559607192e+00
7.350000000000163070e+00 5.512458112960305634e+00
7.370000000000162643e+00 5.404086359133223105e+00
7.390000000000162217e+00 5.239986090401281160e+00
7.410000000000161791e+00 5.267246193251439834e+00
7.430000000000161364e+00 5.046836410895353175e+00
7.450000000000160938e+00 5.073232754244862086e+00
7.470000000000160512e+00 4.989903340004059551e+00
7.490000000000160085e+00 4.940437660135244435e+00
7.510000000000159659e+00 4.856193658934885526e+00
7.530000000000159233e+00 4.763143462615960999e+00
7.550000000000158806e+00 4.683825733305450711e+00
7.570000000000158380e+00 4.568936980656051361e+00
7.590000000000157954e+00 4.543506274739114836e+00
7.610000000000157527e+00 4.492244678401018376e+00
7.630000000000157101e+00 4.409074263561077345e+00
7.650000000000156675e+00 4.303779659911918465e+00
7.670000000000156248e+00 4.306123319333913457e+00
7.690000000000155822e+00 4.246798056034520208e+00
7.710000000000155396e+00 4.102561776275719829e+00
7.730000000000154969e+00 4.114363118821481535e+00
7.750000000000154543e+00 4.021496637365461702e+00
7.770000000000154117e+00 3.922554894998585784e+00
7.790000000000153690e+00 3.923944169806638627e+00
7.810000000000153264e+00 3.840855634120249551e+00
7.830000000000152838e+00 3.826713742069720148e+00
7.850000000000152411e+00 3.687030289946615635e+00
7.870000000000151985e+00 3.650819792879109293e+00
7.890000000000151559e+00 3.632410669086843846e+00
7.910000000000151132e+00 3.579909347131584152e+00
7.930000000000150706e+00 3.531952029112229052e+00
7.950000000000150280e+00 3.458885118628539423e+00
7.970000000000149853e+00 3.427691460592925399e+00
7.990000000000149427e+00 3.350856668803475102e+00
8.010000000000149001e+00 3.390561418005618499e+00
8.030000000000148574e+00 3.301477609756631626e+00
8.050000000000148148e+00 3.235989709971294648e+00
8.070000000000147722e+00 3.130921933623610709e+00
8.090000000000147296e+00 3.140184018238118657e+00
8.110000000000146869e+00 3.103713343811456582e+00
8.130000000000146443e+00 3.022844690888037977e+00
8.150000000000146017e+00 3.002111438151437994e+00
8.170000000000145590e+00 2.927267027937666022e+00
8.190000000000145164e+00 2.877632137933915146e+00
8.210000000000144738e+00 2.876384290565500379e+00
8.230000000000144311e+00 2.863070441231668095e+00
8.250000000000143885e+00 2.806345724606785552e+00
8.270000000000143459e+00 2.733440821904240980e+00
8.290000000000143032e+00 2.727411501649985581e+00
8.310000000000142606e+00 2.663969626648895250e+00
8.330000000000142180e+00 2.674070385114622805e+00
8.350000000000141753e+00 2.581586922952895602e+00
8.370000000000141327e+00 2.567082482943556787e+00
8.390000000000140901e+00 2.506734836155919410e+00
8.410000000000140474e+00 2.518024344320616947e+00
8.430000000000140048e+00 2.476317903589491554e+00
8.450000000000139622e+00 2.468389527258052940e+00
8.470000000000139195e+00 2.384204693983929868e+00
8.490000000000138769e+00 2.356753202316043794e+00
8.510000000000138343e+00 2.365741204068364745e+00
8.530000000000137916e+00 2.287199158953127753e+00
8.550000000000137490e+00 2.337953738995770969e+00
8.570000000000137064e+00 2.266135397600992807e+00
8.590000000000136637e+00 2.229136036609610905e+00
8.610000000000136211e+00 2.186092302442723678e+00
8.630000000000135785e+00 2.184302849276042569e+00
8.650000000000135358e+00 2.167693672657110771e+00
8.670000000000134932e+00 2.102408604404788051e+00
8.690000000000134506e+00 2.106024087461230820e+00
8.710000000000134079e+00 2.097480769036558002e+00
8.730000000000133653e+00 2.001372428665673109e+00
8.750000000000133227e+00 2.057376470546009362e+00
8.770000000000132800e+00 1.998646220306063093e+00
8.790000000000132374e+00 1.977598028623669402e+00
8.810000000000131948e+00 1.914144269827952494e+00
8.830000000000131521e+00 1.970152309480072361e+00
8.850000000000131095e+00 1.939718760404677722e+00
8.870000000000130669e+00 1.863437867994329977e+00
8.890000000000130242e+00 1.887058307480518726e+00
8.910000000000129816e+00 1.867422881211002084e+00
8.930000000000129390e+00 1.853483735218683925e+00
8.950000000000128964e+00 1.782926857212121297e+00
8.970000000000128537e+00 1.808941145964080954e+00
8.990000000000128111e+00 1.772717569233430934e+00
9.010000000000127685e+00 1.779658011459962941e+00
9.030000000000127258e+00 1.739552991258029646e+00
9.050000000000126832e+00 1.771139554153012829e+00
9.070000000000126406e+00 1.717888979594574650e+00
9.090000000000125979e+00 1.680810705232342883e+00
9.110000000000125553e+00 1.654272802610908810e+00
9.130000000000125127e+00 1.665633913322069448e+00
9.150000000000124700e+00 1.670566634981053733e+00
9.170000000000124274e+00 1.610355151140292262e+00
9.190000000000123848e+00 1.623395644600816867e+00
9.210000000000123421e+00 1.612694847374757101e+00
9.230000000000122995e+00 1.602515035470635674e+00
9.250000000000122569e+00 1.597425378422764775e+00
9.270000000000122142e+00 1.530263647781167080e+00
9.290000000000121716e+00 1.534826717175244326e+00
9.310000000000121290e+00 1.524971850972604903e+00
9.330000000000120863e+00 1.538117226574362340e+00
9.350000000000120437e+00 1.509983788833167084e+00
9.370000000000120011e+00 1.486507296262943090e+00
9.390000000000119584e+00 1.476545152756578050e+00
9.410000000000119158e+00 1.479348248261715737e+00
9.430000000000118732e+00 1.471204194048706615e+00
9.450000000000118305e+00 1.466189525711051100e+00
9.470000000000117879e+00 1.420214945867878109e+00
9.490000000000117453e+00 1.434518568002959737e+00
9.510000000000117026e+00 1.410697789173386507e+00
9.530000000000116600e+00 1.409520655079649076e+00
9.550000000000116174e+00 1.401872185754623690e+00
9.570000000000115747e+00 1.382514546165092284e+00
9.590000000000115321e+00 1.361352760341449253e+00
9.610000000000114895e+00 1.379292273999169538e+00
9.630000000000114468e+00 1.365337047514277424e+00
9.650000000000114042e+00 1.363567705979583877e+00
9.670000000000113616e+00 1.330060696795229980e+00
9.690000000000113189e+00 1.325033925551025726e+00
9.710000000000112763e+00 1.322143947112605744e+00
9.730000000000112337e+00 1.337607654923224976e+00
9.750000000000111910e+00 1.306392728571860617e+00
9.770000000000111484e+00 1.292258473794382745e+00
9.790000000000111058e+00 1.298549394221798048e+00
9.810000000000110632e+00 1.288220449796216416e+00
9.830000000000110205e+00 1.307601169924780482e+00
9.850000000000109779e+00 1.269489880727092235e+00
9.870000000000109353e+00 1.272742730677067113e+00
9.890000000000108926e+00 1.239054531781949908e+00
9.910000000000108500e+00 1.258489491889308143e+00
9.930000000000108074e+00 1.242502290319762226e+00
9.950000000000107647e+00 1.245911479178233972e+00
9.970000000000107221e+00 1.239292016737983948e+00
9.990000000000106795e+00 1.235761684779364655e+00
1.001000000000010637e+01 1.235984212529926962e+00
1.003000000000010594e+01 1.199530417371244884e+00
1.005000000000010552e+01 1.218472122087435716e+00
1.007000000000010509e+01 1.194902621687468081e+00
1.009000000000010466e+01 1.209879261566233710e+00
1.011000000000010424e+01 1.177280735003852552e+00
1.013000000000010381e+01 1.174243899994197982e+00
1.015000000000010338e+01 1.178669871681019332e+00
1.017000000000010296e+01 1.186595983181995662e+00
1.019000000000010253e+01 1.155497421527612367e+00
1.021000000000010210e+01 1.176639248242281388e+00
1.023000000000010168e+01 1.156144919334727073e+00
1.025000000000010125e+01 1.163459434914424939e+00
1.027000000000010083e+01 1.142013296923786170e+00
1.029000000000010040e+01 1.127755021717617101e+00
1.031000000000009997e+01 1.146928069126153860e+00
1.033000000000009955e+01 1.131642992191460362e+00
1.035000000000009912e+01 1.147531389072848462e+00
1.037000000000009869e+01 1.121070452065445977e+00
1.039000000000009827e+01 1.125602965436576453e+00
1.041000000000009784e+01 1.096441778928207045e+00
1.043000000000009742e+01 1.124685738560306847e+00
1.045000000000009699e+01 1.058003120226200799e+00
1.047000000000009656e+01 1.106841851646274355e+00
1.049000000000009614e+01 1.066297045402922361e+00
1.051000000000009571e+01 1.096736165732547175e+00
1.053000000000009528e+01 1.083672600017657084e+00
1.055000000000009486e+01 1.057178590330704493e+00
1.057000000000009443e+01 1.086254788370487168e+00
1.059000000000009400e+01 1.058150022029114234e+00
1.061000000000009358e+01 1.046443325891295961e+00
1.063000000000009315e+01 1.061998244741478414e+00
1.065000000000009273e+01 1.044357350652656669e+00
1.067000000000009230e+01 1.052599918486007091e+00
1.069000000000009187e+01 1.034293935181445523e+00
1.071000000000009145e+01 1.031569816886771740e+00
1.073000000000009102e+01 1.011221861031240454e+00
1.075000000000009059e+01 1.043861913636424221e+00
1.077000000000009017e+01 1.028150985968635300e+00
1.079000000000008974e+01 1.000982831791212391e+00
1.081000000000008932e+01 9.979336335736614938e-01
1.083000000000008889e+01 1.006929109576790271e+00
1.085000000000008846e+01 9.822069393449365249e-01
1.087000000000008804e+01 9.796753207508720473e-01
1.089000000000008761e+01 9.877127001960903652e-01
1.091000000000008718e+01 9.642777772897890287e-01
1.093000000000008676e+01 9.533739993522267753e-01
1.095000000000008633e+01 9.787775621856199537e-01
1.097000000000008590e+01 9.431807170520165595e-01
1.099000000000008548e+01 9.594800950778873405e-01
1.101000000000008505e+01 9.283288852726447882e-01
1.103000000000008463e+01 9.596831469282237626e-01
1.105000000000008420e+01 9.408439272712376678e-01
1.107000000000008377e+01 9.259540246029941413e-01
1.109000000000008335e+01 9.221186341368715622e-01
1.111000000000008292e+01 9.249222263126027910e-01
1.113000000000008249e+01 9.165004801893241737e-01
1.115000000000008207e+01 9.520628174658669618e-01
1.117000000000008164e+01 9.012265284839312551e-01
1.119000000000008122e+01 9.176603497168900336e-01
1.121000000000008079e+01 8.838980320793817791e-01
1.123000000000008036e+01 9.035499787596233956e-01
1.125000000000007994e+01 8.881891655656777296e-01
1.127000000000007951e+01 8.771779914650694732e-01
1.129000000000007908e+01 8.889961565382845654e-01
1.131000000000007866e+01 8.699347405709484393e-01
1.133000000000007823e+01 8.673465930950332581e-01
1.135000000000007780e+01 8.635047298173732511e-01
1.137000000000007738e+01 8.524100868560194888e-01
1.139000000000007695e+01 8.713944972314351389e-01
1.141000000000007653e+01 8.566539416507689131e-01
1.143000000000007610e+01 8.610397009337468210e-01
1.145000000000007567e+01 8.329294623933480857e-01
1.147000000000007525e+01 8.598914870836644742e-01
1.149000000000007482e+01 8.583459664856573079e-01
1.151000000000007439e+01 8.231007091884365856e-01
1.153000000000007397e+01 8.564498590020958035e-01
1.155000000000007354e+01 8.269770103372657832e-01
1.157000000000007311e+01 8.226413496472699816e-01
1.159000000000007269e+01 8.201165603475653043e-01
1.161000000000007226e+01 8.263543072137505829e-01
1.163000000000007184e+01 8.154072185157971164e-01
1.165000000000007141e+01 8.102334369696168048e-01
1.167000000000007098e+01 8.016135604598589870e-01
1.169000000000007056e+01 7.946929060414511525e-01
1.171000000000007013e+01 8.302931375234229305e-01
1.173000000000006970e+01 7.799540715459025719e-01
1.175000000000006928e+01 7.946595126241152718e-01
1.177000000000006885e+01 7.864049886640214204e-01
1.179000000000006843e+01 7.830125421456293200e-01
1.181000000000006800e+01 7.580283172328755592e-01
1.183000000000006757e+01 7.520718236424506209e-01
1.185000000000006715e+01 7.833948464369322462e-01
1.187000000000006672e+01 7.782283550125278504e-01
1.189000000000006629e+01 7.462353197002518090e-01
1.191000000000006587e+01 7.728269974102437434e-01
1.193000000000006544e+01 7.208225250976063592e-01
1.195000000000006501e+01 7.545863090605507972e-01
1.197000000000006459e+01 7.317889921847826606e-01
1.199000000000006416e+01 7.647876249692829864e-01
1.201000000000006374e+01 7.511184081610486896e-01
1.203000000000006331e+01 7.438379523753236855e-01
1.205000000000006288e+01 7.492071228979220177e-01
1.207000000000006246e+01 7.094964134065741002e-01
1.209000000000006203e+01 7.332655301333370623e-01
1.211000000000006160e+01 7.259613649820086945e-01
1.213000000000006118e+01 7.174643310794911466e-01
1.215000000000006075e+01 7.378645025584232853e-01
1.217000000000006033e+01 6.733276301905927186e-01
1.219000000000005990e+01 7.023607123725750245e-01
1.221000000000005947e+01 6.925606145363282229e-01
1.223000000000005905e+01 6.980656241828732123e-01
1.225000000000005862e+01 6.888251482937622905e-01
1.227000000000005819e+01 6.683716862048464380e-01
1.229000000000005777e+01 6.569095235256910970e-01
1.231000000000005734e+01 6.864889759756619414e-01
1.233000000000005691e+01 6.575984498171670856e-01
1.235000000000005649e+01 6.468510441712597148e-01
1.237000000000005606e+01 6.450045699101349950e-01
1.239000000000005564e+01 6.519000854482329688e-01
1.241000000000005521e+01 6.373066708405408232e-01
1.243000000000005478e+01 6.499399524616419344e-01
1.245000000000005436e+01 6.319813151063956580e-01
1.247000000000005393e+01 6.282510555588346479e-01
1.249000000000005350e+01 6.407770488928362651e-01
1.251000000000005308e+01 6.059654290939443522e-01
1.253000000000005265e+01 5.896210448199173948e-01
1.255000000000005222e+01 6.274224261689692606e-01
1.257000000000005180e+01 6.158782098224498958e-01
1.259000000000005137e+01 5.974602476188725086e-01
1.261000000000005095e+01 5.759740924229634906e-01
1.263000000000005052e+01 5.948513648880526805e-01
1.265000000000005009e+01 5.778783847996518119e-01
1.267000000000004967e+01 5.909331095924869048e-01
1.269000000000004924e+01 5.621107097327474600e-01
1.271000000000004881e+01 5.711872183071967646e-01
1.273000000000004839e+01 5.781412416144000588e-01
1.275000000000004796e+01 5.597735446848601804e-01
1.277000000000004754e+01 5.444707060116452668e-01
1.279000000000004711e+01 5.383798970131796757e-01
1.281000000000004668e+01 5.566056435773500954e-01
1.283000000000004626e+01 5.450985077751522301e-01
1.285000000000004583e+01 5.337175974463137518e-01
1.287000000000004540e+01 5.555563834873066265e-01
1.289000000000004498e+01 5.310443397509534424e-01
1.291000000000004455e+01 5.260530954160009820e-01
1.293000000000004412e+01 5.500780661836360830e-01
1.295000000000004370e+01 5.198886996577908315e-01
1.297000000000004327e+01 5.140965859974273577e-01
1.299000000000004285e+01 5.117403832133300412e-01
1.301000000000004242e+01 5.194035407564884244e-01
1.303000000000004199e+01 5.053686081397351648e-01
1.305000000000004157e+01 4.896944808928835879e-01
1.307000000000004114e+01 4.842014448069832389e-01
1.309000000000004071e+01 4.978073101138359435e-01
1.311000000000004029e+01 4.887471914578968013e-01
1.313000000000003986e+01 4.661378834245165637e-01
1.315000000000003944e+01 4.695227693943314073e-01
1.317000000000003901e+01 4.725566101297078991e-01
1.319000000000003858e+01 4.481208432408907982e-01
1.321000000000003816e+01 4.362054347061201098e-01
1.323000000000003773e+01 4.343920900822029196e-01
1.325000000000003730e+01 4.325860259365161276e-01
1.327000000000003688e+01 3.939593952261884469e-01
1.329000000000003645e+01 4.004220506099711585e-01
1.331000000000003602e+01 4.105429638740470399e-01
1.333000000000003560e+01 4.220487108254051822e-01
1.335000000000003517e+01 4.112156915698335635e-01
1.337000000000003475e+01 3.777778220583162261e-01
1.339000000000003432e+01 3.888902493402087157e-01
1.341000000000003389e+01 3.811290127378036408e-01
1.343000000000003347e+01 4.073591877392100380e-01
1.345000000000003304e+01 3.604737038996395082e-01
1.347000000000003261e+01 3.600864168799698950e-01
1.349000000000003219e+01 3.726952759389822178e-01
1.351000000000003176e+01 3.369139909526430721e-01
1.353000000000003133e+01 3.496251577972131486e-01
1.355000000000003091e+01 3.299395200641548342e-01
1.357000000000003048e+01 3.402472591824214909e-01
1.359000000000003006e+01 3.331758669894605562e-01
1.361000000000002963e+01 3.421096153574544885e-01
1.363000000000002920e+01 3.194997860195348816e-01
1.365000000000002878e+01 3.247524195570770655e-01
1.367000000000002835e+01 3.055661483502200015e-01
1.369000000000002792e+01 2.978906768670568361e-01
1.371000000000002750e+01 3.130104264417996052e-01
1.373000000000002707e+01 2.904637663969343309e-01
1.375000000000002665e+01 2.887179300306307317e-01
1.377000000000002622e+01 2.611283845584139174e-01
1.379000000000002579e+01 2.653650682857625620e-01
1.381000000000002537e+01 2.660545841746475570e-01
1.383000000000002494e+01 2.621554882841257705e-01
1.385000000000002451e+01 2.513074489677341039e-01
1.387000000000002409e+01 2.479139820489097423e-01
1.389000000000002366e+01 2.418653591594144281e-01
1.391000000000002323e+01 2.323458051244601807e-01
1.393000000000002281e+01 2.430009883610250165e-01
1.395000000000002238e+01 2.180562281599285335e-01
1.397000000000002196e+01 2.186599016204477941e-01
1.399000000000002153e+01 2.146083858460414162e-01
1.401000000000002110e+01 1.984379002073263232e-01
1.403000000000002068e+01 1.883387498566811147e-01
1.405000000000002025e+01 1.728359231025674014e-01
1.407000000000001982e+01 1.663343528532841287e-01
1.409000000000001940e+01 1.634120995822528899e-01
1.411000000000001897e+01 1.729438151759441766e-01
1.413000000000001855e+01 1.566318942568236672e-01
1.415000000000001812e+01 1.590915248997265830e-01
1.417000000000001769e+01 1.418745652067802399e-01
1.419000000000001727e+01 1.363578036026139029e-01
1.421000000000001684e+01 1.384513693552189839e-01
1.423000000000001641e+01 1.380047740242379695e-01
1.425000000000001599e+01 1.266309138122503619e-01
1.427000000000001556e+01 1.287705130605202586e-01
1.429000000000001513e+01 1.102113663855219805e-01
1.431000000000001471e+01 1.076305723441440682e-01
1.433000000000001428e+01 9.669781490414232350e-02
1.435000000000001386e+01 9.887939699622462497e-02
1.437000000000001343e+01 7.717578751385049951e-02
1.439000000000001300e+01 6.904407247939732539e-02
1.441000000000001258e+01 6.860165584578731268e-02
1.443000000000001215e+01 6.545067406704936641e-02
1.445000000000001172e+01 5.967828928475065603e-02
1.447000000000001130e+01 4.123909175308309444e-02
1.449000000000001087e+01 3.591643503268424076e-02
1.451000000000001044e+01 3.042597128679367519e-02
1.453000000000001002e+01 2.476596815464427934e-02
1.455000000000000959e+01 1.650387841168532432e-02
1.457000000000000917e+01 1.643549754408971109e-02
1.459000000000000874e+01 1.099481341674066193e-02
1.461000000000000831e+01 8.281019448960849974e-03
1.463000000000000789e+01 8.246804627770868215e-03
1.465000000000000746e+01 5.469456302752070086e-03
1.467000000000000703e+01 1.668578092414188355e-07
1.469000000000000661e+01 4.693621227318240821e-09
1.471000000000000618e+01 4.313144323853911059e-09
1.473000000000000576e+01 3.962321412673844680e-09
1.475000000000000533e+01 3.638942866598940633e-09
1.477000000000000490e+01 0.000000000000000000e+00
1.479000000000000448e+01 0.000000000000000000e+00
1.481000000000000405e+01 0.000000000000000000e+00
1.483000000000000362e+01 0.000000000000000000e+00
1.485000000000000320e+01 0.000000000000000000e+00
1.487000000000000277e+01 0.000000000000000000e+00
1.489000000000000234e+01 0.000000000000000000e+00
1.491000000000000192e+01 0.000000000000000000e+00
1.493000000000000149e+01 0.000000000000000000e+00
1.495000000000000107e+01 0.000000000000000000e+00
1.497000000000000064e+01 0.000000000000000000e+00
1.499000000000000021e+01 0.000000000000000000e+00
