# Redshift		Merger Rate Density [Gpc^-3yr^-1]
1.000000000031931770e-02 3.454689196565644238e+01
3.000000000031888964e-02 3.500998133918221100e+01
5.000000000031846331e-02 3.543416840594809258e+01
7.000000000031804392e-02 3.592168761509680053e+01
9.000000000031761760e-02 3.615609688134031074e+01
1.100000000003171913e-01 3.680620880627318314e+01
1.300000000003167511e-01 3.751544061325761703e+01
1.500000000003163247e-01 3.798141950442744275e+01
1.700000000003158984e-01 3.919576463608465389e+01
1.900000000003154721e-01 3.994861663627247594e+01
2.100000000003150458e-01 4.089977750032976189e+01
2.300000000003146194e-01 4.155966131545740438e+01
2.500000000003141931e-01 4.247754079008141304e+01
2.700000000003137668e-01 4.348809799538631182e+01
2.900000000003133405e-01 4.428592915843543665e+01
3.100000000003129141e-01 4.533871315429968973e+01
3.300000000003124878e-01 4.586587789041829666e+01
3.500000000003120615e-01 4.707736509890467147e+01
3.700000000003116352e-01 4.757319745760491259e+01
3.900000000003112088e-01 4.855160521794518047e+01
4.100000000003107825e-01 4.941312826692174554e+01
4.300000000003103562e-01 5.024623487864102600e+01
4.500000000003099299e-01 5.149960835714546192e+01
4.700000000003095035e-01 5.220518479648467292e+01
4.900000000003090772e-01 5.318965349851272606e+01
5.100000000003086509e-01 5.379565750869819141e+01
5.300000000003082246e-01 5.420611422648297406e+01
5.500000000003077982e-01 5.541191760192734250e+01
5.700000000003073719e-01 5.651540404454103594e+01
5.900000000003069456e-01 5.742704041377288604e+01
6.100000000003065193e-01 5.774594321744790193e+01
6.300000000003060929e-01 5.908255700756805595e+01
6.500000000003056666e-01 5.959171515426016441e+01
6.700000000003052403e-01 6.029555477328010227e+01
6.900000000003048140e-01 6.083385343808170376e+01
7.100000000003043876e-01 6.184486620356334896e+01
7.300000000003039613e-01 6.297654784413614237e+01
7.500000000003035350e-01 6.365842414693716478e+01
7.700000000003031086e-01 6.401606812444212835e+01
7.900000000003026823e-01 6.498163992760954955e+01
8.100000000003022560e-01 6.544758232758485406e+01
8.300000000003018297e-01 6.644678148395766470e+01
8.500000000003014033e-01 6.668605917166370034e+01
8.700000000003009770e-01 6.742249548831726713e+01
8.900000000003005507e-01 6.920279147285728527e+01
9.100000000003001244e-01 6.803441721980580326e+01
9.300000000002996980e-01 6.927028550679381169e+01
9.500000000002992717e-01 7.016388696863954522e+01
9.700000000002988454e-01 7.067501752200013243e+01
9.900000000002984191e-01 7.139948786758019139e+01
1.010000000000297993e+00 7.257792070660279649e+01
1.030000000000297566e+00 7.169589534244347817e+01
1.050000000000297140e+00 7.277323847476856145e+01
1.070000000000296714e+00 7.358113424966738592e+01
1.090000000000296287e+00 7.442790065352606632e+01
1.110000000000295861e+00 7.492622951327426506e+01
1.130000000000295435e+00 7.495831859886213522e+01
1.150000000000295008e+00 7.596387487451801235e+01
1.170000000000294582e+00 7.701571081737542102e+01
1.190000000000294156e+00 7.718948670745639618e+01
1.210000000000293729e+00 7.619463144325467852e+01
1.230000000000293303e+00 7.898891143991556874e+01
1.250000000000292877e+00 7.922797126343918706e+01
1.270000000000292451e+00 7.942784062124540867e+01
1.290000000000292024e+00 7.912991243257377505e+01
1.310000000000291598e+00 8.043620345557619089e+01
1.330000000000291172e+00 8.093995520627981932e+01
1.350000000000290745e+00 8.226792600285737933e+01
1.370000000000290319e+00 8.173671585955379726e+01
1.390000000000289893e+00 8.234113776126723394e+01
1.410000000000289466e+00 8.249899092671392964e+01
1.430000000000289040e+00 8.414454797185845791e+01
1.450000000000288614e+00 8.311909145874129479e+01
1.470000000000288187e+00 8.452569188183910853e+01
1.490000000000287761e+00 8.462069771952724295e+01
1.510000000000287335e+00 8.463184935523391061e+01
1.530000000000286908e+00 8.546597205970137168e+01
1.550000000000286482e+00 8.514044153552885064e+01
1.570000000000286056e+00 8.670583043610807294e+01
1.590000000000285629e+00 8.563784833619789083e+01
1.610000000000285203e+00 8.583689080498372448e+01
1.630000000000284777e+00 8.820794279076284283e+01
1.650000000000284350e+00 8.652803396957271787e+01
1.670000000000283924e+00 8.747054251099419275e+01
1.690000000000283498e+00 8.771692359896748314e+01
1.710000000000283071e+00 8.733604760406595346e+01
1.730000000000282645e+00 8.705188243420913352e+01
1.750000000000282219e+00 8.749344577423748603e+01
1.770000000000281792e+00 8.676749653687626562e+01
1.790000000000281366e+00 8.812720560842002726e+01
1.810000000000280940e+00 8.686772975733025248e+01
1.830000000000280513e+00 8.710500416532222800e+01
1.850000000000280087e+00 8.711369488348120171e+01
1.870000000000279661e+00 8.665001918781347001e+01
1.890000000000279234e+00 8.714472282106466139e+01
1.910000000000278808e+00 8.643484246939327420e+01
1.930000000000278382e+00 8.642186571625383351e+01
1.950000000000277955e+00 8.655916838492437648e+01
1.970000000000277529e+00 8.494928827156171280e+01
1.990000000000277103e+00 8.654240405480582865e+01
2.010000000000276899e+00 8.506889415317259306e+01
2.030000000000276472e+00 8.558659263909331116e+01
2.050000000000276046e+00 8.385911299019464593e+01
2.070000000000275620e+00 8.537095203516078357e+01
2.090000000000275193e+00 8.367622377665954048e+01
2.110000000000274767e+00 8.322854631995164709e+01
2.130000000000274341e+00 8.394584007925590186e+01
2.150000000000273914e+00 8.307465803071684718e+01
2.170000000000273488e+00 8.234139656772561011e+01
2.190000000000273062e+00 8.154044312788494153e+01
2.210000000000272635e+00 8.178105456967766429e+01
2.230000000000272209e+00 8.076742631697197794e+01
2.250000000000271783e+00 8.078235330734084130e+01
2.270000000000271356e+00 8.003950690313573091e+01
2.290000000000270930e+00 8.012434674891441944e+01
2.310000000000270504e+00 7.868069607011584310e+01
2.330000000000270077e+00 7.881807549406887858e+01
2.350000000000269651e+00 7.765667930748642789e+01
2.370000000000269225e+00 7.743064845154974307e+01
2.390000000000268798e+00 7.727609563973723539e+01
2.410000000000268372e+00 7.651202485927836960e+01
2.430000000000267946e+00 7.615391175953510583e+01
2.450000000000267519e+00 7.549801477398703753e+01
2.470000000000267093e+00 7.414006151306585934e+01
2.490000000000266667e+00 7.370277249775851658e+01
2.510000000000266240e+00 7.370247465613557836e+01
2.530000000000265814e+00 7.253910841075438043e+01
2.550000000000265388e+00 7.201072796189755820e+01
2.570000000000264961e+00 7.187879969524335877e+01
2.590000000000264535e+00 7.091480363654962105e+01
2.610000000000264109e+00 7.034707252041958725e+01
2.630000000000263682e+00 6.915493736825764870e+01
2.650000000000263256e+00 6.921989640364319030e+01
2.670000000000262830e+00 6.876339582518527038e+01
2.690000000000262403e+00 6.730441806282107109e+01
2.710000000000261977e+00 6.780075120477849282e+01
2.730000000000261551e+00 6.678543018790435326e+01
2.750000000000261124e+00 6.635945630375853455e+01
2.770000000000260698e+00 6.528387349199624623e+01
2.790000000000260272e+00 6.463090973919257465e+01
2.810000000000259845e+00 6.373992078243322368e+01
2.830000000000259419e+00 6.400150136041528981e+01
2.850000000000258993e+00 6.312810036213236486e+01
2.870000000000258567e+00 6.258963685943607658e+01
2.890000000000258140e+00 6.193509346560716722e+01
2.910000000000257714e+00 6.102148638857735818e+01
2.930000000000257288e+00 6.063271639680101543e+01
2.950000000000256861e+00 5.915764269728674662e+01
2.970000000000256435e+00 5.947704959213130849e+01
2.990000000000256009e+00 5.882025129824525322e+01
3.010000000000255582e+00 5.817690969242505616e+01
3.030000000000255156e+00 5.732952160414178877e+01
3.050000000000254730e+00 5.721780858461681163e+01
3.070000000000254303e+00 5.668080468757943180e+01
3.090000000000253877e+00 5.538243415412015480e+01
3.110000000000253451e+00 5.513406402706007725e+01
3.130000000000253024e+00 5.501984698347246194e+01
3.150000000000252598e+00 5.439042225246070927e+01
3.170000000000252172e+00 5.373247584958081546e+01
3.190000000000251745e+00 5.310989225709838735e+01
3.210000000000251319e+00 5.253153983436494912e+01
3.230000000000250893e+00 5.282839120608873884e+01
3.250000000000250466e+00 5.153957716775830988e+01
3.270000000000250040e+00 5.111842589083461519e+01
3.290000000000249614e+00 5.056193806785315559e+01
3.310000000000249187e+00 5.002408871025171777e+01
3.330000000000248761e+00 4.893966617856057155e+01
3.350000000000248335e+00 4.909691143171929895e+01
3.370000000000247908e+00 4.831531830240884773e+01
3.390000000000247482e+00 4.821225588305591714e+01
3.410000000000247056e+00 4.748095182404133396e+01
3.430000000000246629e+00 4.734438981839046789e+01
3.450000000000246203e+00 4.644347616306293958e+01
3.470000000000245777e+00 4.627093645561943447e+01
3.490000000000245350e+00 4.595360562898029855e+01
3.510000000000244924e+00 4.510327803425921900e+01
3.530000000000244498e+00 4.495550531668722272e+01
3.550000000000244071e+00 4.387040401697530712e+01
3.570000000000243645e+00 4.377093424330726634e+01
3.590000000000243219e+00 4.336074334860175838e+01
3.610000000000242792e+00 4.302240615099103138e+01
3.630000000000242366e+00 4.305736853013309684e+01
3.650000000000241940e+00 4.193695333162099104e+01
3.670000000000241513e+00 4.195291013760225241e+01
3.690000000000241087e+00 4.098843773505186761e+01
3.710000000000240661e+00 4.068698664850393953e+01
3.730000000000240234e+00 4.048747328886203434e+01
3.750000000000239808e+00 4.042522785254285367e+01
3.770000000000239382e+00 3.967333947835980723e+01
3.790000000000238956e+00 3.918715486992928732e+01
3.810000000000238529e+00 3.916561625377384104e+01
3.830000000000238103e+00 3.862098580272519399e+01
3.850000000000237677e+00 3.776388160677447559e+01
3.870000000000237250e+00 3.743007328981185822e+01
3.890000000000236824e+00 3.780466845903767137e+01
3.910000000000236398e+00 3.684764306265988409e+01
3.930000000000235971e+00 3.686273671454612355e+01
3.950000000000235545e+00 3.601250816647787900e+01
3.970000000000235119e+00 3.597568034845619422e+01
3.990000000000234692e+00 3.602479008129936489e+01
4.010000000000234266e+00 3.506363801656081591e+01
4.030000000000233840e+00 3.499252519900080216e+01
4.050000000000233413e+00 3.461036409433834393e+01
4.070000000000232987e+00 3.416986196584527846e+01
4.090000000000232561e+00 3.378621118975458160e+01
4.110000000000232134e+00 3.339514523582032268e+01
4.130000000000231708e+00 3.348544131723382833e+01
4.150000000000231282e+00 3.306500621678092955e+01
4.170000000000230855e+00 3.286046039270764396e+01
4.190000000000230429e+00 3.232367496140172847e+01
4.210000000000230003e+00 3.190057941794965046e+01
4.230000000000229576e+00 3.151624985656184919e+01
4.250000000000229150e+00 3.173777420955910955e+01
4.270000000000228724e+00 3.117135159546103651e+01
4.290000000000228297e+00 3.066943406534706540e+01
4.310000000000227871e+00 3.067854981864327257e+01
4.330000000000227445e+00 3.036284079917133738e+01
4.350000000000227018e+00 3.022119129709128060e+01
4.370000000000226592e+00 2.958621460303876205e+01
4.390000000000226166e+00 2.958531630395043166e+01
4.410000000000225739e+00 2.888066347721713356e+01
4.430000000000225313e+00 2.909392306769600367e+01
4.450000000000224887e+00 2.859344619024385992e+01
4.470000000000224460e+00 2.814753604907214779e+01
4.490000000000224034e+00 2.814938026008924510e+01
4.510000000000223608e+00 2.779161669617429808e+01
4.530000000000223181e+00 2.760587761379226990e+01
4.550000000000222755e+00 2.754082500589932181e+01
4.570000000000222329e+00 2.737570148128174097e+01
4.590000000000221902e+00 2.669954242685631485e+01
4.610000000000221476e+00 2.640771381580925947e+01
4.630000000000221050e+00 2.639121162628679329e+01
4.650000000000220624e+00 2.614899339796005862e+01
4.670000000000220197e+00 2.581467236256398934e+01
4.690000000000219771e+00 2.576366413204350891e+01
4.710000000000219345e+00 2.565646617670987339e+01
4.730000000000218918e+00 2.534600422061473424e+01
4.750000000000218492e+00 2.481456235419931744e+01
4.770000000000218066e+00 2.489565634240376113e+01
4.790000000000217639e+00 2.479121102551778222e+01
4.810000000000217213e+00 2.461470522371301328e+01
4.830000000000216787e+00 2.396073789117860287e+01
4.850000000000216360e+00 2.414016761794622568e+01
4.870000000000215934e+00 2.406528520320877362e+01
4.890000000000215508e+00 2.345783992947437113e+01
4.910000000000215081e+00 2.320211696627343656e+01
4.930000000000214655e+00 2.308542418277738406e+01
4.950000000000214229e+00 2.325495425712879438e+01
4.970000000000213802e+00 2.306169734709617103e+01
4.990000000000213376e+00 2.272210260805238846e+01
5.010000000000212950e+00 2.260375701996865772e+01
5.030000000000212523e+00 2.214026302154338310e+01
5.050000000000212097e+00 2.230180537939954988e+01
5.070000000000211671e+00 2.162705970207309747e+01
5.090000000000211244e+00 2.168423210699254611e+01
5.110000000000210818e+00 2.163061109275912841e+01
5.130000000000210392e+00 2.153815868414724122e+01
5.150000000000209965e+00 2.129001062985383541e+01
5.170000000000209539e+00 2.131680168076037418e+01
5.190000000000209113e+00 2.082673642212600740e+01
5.210000000000208686e+00 2.080947647856323002e+01
5.230000000000208260e+00 2.063225568150520317e+01
5.250000000000207834e+00 2.068404634325967706e+01
5.270000000000207407e+00 2.032422342493913447e+01
5.290000000000206981e+00 1.996218393490089227e+01
5.310000000000206555e+00 2.016715477672556389e+01
5.330000000000206128e+00 2.016899851062975912e+01
5.350000000000205702e+00 1.975873411715735983e+01
5.370000000000205276e+00 1.975049807839768690e+01
5.390000000000204849e+00 1.948592601468645924e+01
5.410000000000204423e+00 1.930754756194782473e+01
5.430000000000203997e+00 1.922081509438734059e+01
5.450000000000203570e+00 1.901018248680026446e+01
5.470000000000203144e+00 1.898144226752620511e+01
5.490000000000202718e+00 1.892083443720692415e+01
5.510000000000202292e+00 1.877804687591366672e+01
5.530000000000201865e+00 1.854194561740294489e+01
5.550000000000201439e+00 1.817281835074360075e+01
5.570000000000201013e+00 1.844220280140621782e+01
5.590000000000200586e+00 1.827338659354866124e+01
5.610000000000200160e+00 1.815068956944183398e+01
5.630000000000199734e+00 1.811974213988855453e+01
5.650000000000199307e+00 1.768316852830837860e+01
5.670000000000198881e+00 1.779491605401926790e+01
5.690000000000198455e+00 1.761331357150105603e+01
5.710000000000198028e+00 1.755998135505603841e+01
5.730000000000197602e+00 1.740833641225344053e+01
5.750000000000197176e+00 1.736764006187907228e+01
5.770000000000196749e+00 1.717449375704515546e+01
5.790000000000196323e+00 1.720285796567115000e+01
5.810000000000195897e+00 1.698191134544638459e+01
5.830000000000195470e+00 1.687025028746865374e+01
5.850000000000195044e+00 1.662505042297615532e+01
5.870000000000194618e+00 1.693842867453141210e+01
5.890000000000194191e+00 1.654925240047002788e+01
5.910000000000193765e+00 1.652936587391832290e+01
5.930000000000193339e+00 1.653435426859225998e+01
5.950000000000192912e+00 1.630186705107145784e+01
5.970000000000192486e+00 1.611161476723544794e+01
5.990000000000192060e+00 1.617888196083429619e+01
6.010000000000191633e+00 1.599599068023855430e+01
6.030000000000191207e+00 1.612831855415295479e+01
6.050000000000190781e+00 1.593275303142983468e+01
6.070000000000190354e+00 1.564082954229766642e+01
6.090000000000189928e+00 1.563599645732023902e+01
6.110000000000189502e+00 1.581470452588497899e+01
6.130000000000189075e+00 1.565702022784707381e+01
6.150000000000188649e+00 1.547530981293792252e+01
6.170000000000188223e+00 1.547926521522154708e+01
6.190000000000187796e+00 1.533784960858249491e+01
6.210000000000187370e+00 1.553425926582160876e+01
6.230000000000186944e+00 1.507455779995831513e+01
6.250000000000186517e+00 1.526888147149179886e+01
6.270000000000186091e+00 1.497112653107453362e+01
6.290000000000185665e+00 1.501002504142267924e+01
6.310000000000185238e+00 1.479720420330422215e+01
6.330000000000184812e+00 1.496909104719516570e+01
6.350000000000184386e+00 1.488134781262648154e+01
6.370000000000183960e+00 1.493313968008618176e+01
6.390000000000183533e+00 1.476199483631880227e+01
6.410000000000183107e+00 1.468979371488791408e+01
6.430000000000182681e+00 1.456974780160467375e+01
6.450000000000182254e+00 1.448988359779536950e+01
6.470000000000181828e+00 1.460436236279402422e+01
6.490000000000181402e+00 1.437466626184228247e+01
6.510000000000180975e+00 1.437616415576763984e+01
6.530000000000180549e+00 1.433068104845171575e+01
6.550000000000180123e+00 1.421410075157245245e+01
6.570000000000179696e+00 1.433212821818628591e+01
6.590000000000179270e+00 1.410540891648889605e+01
6.610000000000178844e+00 1.418266796348185288e+01
6.630000000000178417e+00 1.418450762728956960e+01
6.650000000000177991e+00 1.406508757996793868e+01
6.670000000000177565e+00 1.383729487688705895e+01
6.690000000000177138e+00 1.397891132643414558e+01
6.710000000000176712e+00 1.395420863594423189e+01
6.730000000000176286e+00 1.384614879199806126e+01
6.750000000000175859e+00 1.393357195862347986e+01
6.770000000000175433e+00 1.378683208014541783e+01
6.790000000000175007e+00 1.366829142521306650e+01
6.810000000000174580e+00 1.367341028114537238e+01
6.830000000000174154e+00 1.355271050716520698e+01
6.850000000000173728e+00 1.362770141530362267e+01
6.870000000000173301e+00 1.357261243632833470e+01
6.890000000000172875e+00 1.346782332002712579e+01
6.910000000000172449e+00 1.340803009803478041e+01
6.930000000000172022e+00 1.348737547487499278e+01
6.950000000000171596e+00 1.333542044532929971e+01
6.970000000000171170e+00 1.340820588957472381e+01
6.990000000000170743e+00 1.331056422085431379e+01
7.010000000000170317e+00 1.327990368005265154e+01
7.030000000000169891e+00 1.333072060492983368e+01
7.050000000000169464e+00 1.311494927652576692e+01
7.070000000000169038e+00 1.325710426933348529e+01
7.090000000000168612e+00 1.322896415740329346e+01
7.110000000000168185e+00 1.312465803328743341e+01
7.130000000000167759e+00 1.307055455206681138e+01
7.150000000000167333e+00 1.301682229375946775e+01
7.170000000000166906e+00 1.314843777237712885e+01
7.190000000000166480e+00 1.295633195917588054e+01
7.210000000000166054e+00 1.296461381979044880e+01
7.230000000000165628e+00 1.309639017346402312e+01
7.250000000000165201e+00 1.292394248999030459e+01
7.270000000000164775e+00 1.281864411730433950e+01
7.290000000000164349e+00 1.270800153516276154e+01
7.310000000000163922e+00 1.289877965107984714e+01
7.330000000000163496e+00 1.286989515990732613e+01
7.350000000000163070e+00 1.271576585156758377e+01
7.370000000000162643e+00 1.287516034224576522e+01
7.390000000000162217e+00 1.277999430795172309e+01
7.410000000000161791e+00 1.274804797474909357e+01
7.430000000000161364e+00 1.266585476724552706e+01
7.450000000000160938e+00 1.254766901604968332e+01
7.470000000000160512e+00 1.265611825404893231e+01
7.490000000000160085e+00 1.264168508836260507e+01
7.510000000000159659e+00 1.258023012655927531e+01
7.530000000000159233e+00 1.261077920951550269e+01
7.550000000000158806e+00 1.256565612907786722e+01
7.570000000000158380e+00 1.251691136841867191e+01
7.590000000000157954e+00 1.246210232478251356e+01
7.610000000000157527e+00 1.246595129348193431e+01
7.630000000000157101e+00 1.246376002679019201e+01
7.650000000000156675e+00 1.237728545126772772e+01
7.670000000000156248e+00 1.236808144460214720e+01
7.690000000000155822e+00 1.237331416531784001e+01
7.710000000000155396e+00 1.243502780292031673e+01
7.730000000000154969e+00 1.226911761538791801e+01
7.750000000000154543e+00 1.232920941563397577e+01
7.770000000000154117e+00 1.230294938802857985e+01
7.790000000000153690e+00 1.233556061184861363e+01
7.810000000000153264e+00 1.230409598667776372e+01
7.830000000000152838e+00 1.220299699027133045e+01
7.850000000000152411e+00 1.224247952209436185e+01
7.870000000000151985e+00 1.219564931488773496e+01
7.890000000000151559e+00 1.221550724850766123e+01
7.910000000000151132e+00 1.216400859695237102e+01
7.930000000000150706e+00 1.201392400488020407e+01
7.950000000000150280e+00 1.210310061479267674e+01
7.970000000000149853e+00 1.202359621208268692e+01
7.990000000000149427e+00 1.195900510645261505e+01
8.010000000000149001e+00 1.209115781398961964e+01
8.030000000000148574e+00 1.204926341847891713e+01
8.050000000000148148e+00 1.206467691835805134e+01
8.070000000000147722e+00 1.198055840037370601e+01
8.090000000000147296e+00 1.189746167564090484e+01
8.110000000000146869e+00 1.189506968547080668e+01
8.130000000000146443e+00 1.196452195537253793e+01
8.150000000000146017e+00 1.193716409163979186e+01
8.170000000000145590e+00 1.185943245646626742e+01
8.190000000000145164e+00 1.180914799898310186e+01
8.210000000000144738e+00 1.175947926998407667e+01
8.230000000000144311e+00 1.188617089550892381e+01
8.250000000000143885e+00 1.179468809651426398e+01
8.270000000000143459e+00 1.173730333144854932e+01
8.290000000000143032e+00 1.173347018470410141e+01
8.310000000000142606e+00 1.175413925756807565e+01
8.330000000000142180e+00 1.160956306898017587e+01
8.350000000000141753e+00 1.159818931353933635e+01
8.370000000000141327e+00 1.168315068407359547e+01
8.390000000000140901e+00 1.153922036319196209e+01
8.410000000000140474e+00 1.158017128361792558e+01
8.430000000000140048e+00 1.154415296733738217e+01
8.450000000000139622e+00 1.152417369213232234e+01
8.470000000000139195e+00 1.150186225091599646e+01
8.490000000000138769e+00 1.150369219360276851e+01
8.510000000000138343e+00 1.144734830863325570e+01
8.530000000000137916e+00 1.141891701977920626e+01
8.550000000000137490e+00 1.136894275750206340e+01
8.570000000000137064e+00 1.139731607164602778e+01
8.590000000000136637e+00 1.144946867386887668e+01
8.610000000000136211e+00 1.130254432504243844e+01
8.630000000000135785e+00 1.128105479403753542e+01
8.650000000000135358e+00 1.125098243562464440e+01
8.670000000000134932e+00 1.124685394898549262e+01
8.690000000000134506e+00 1.128681639787383162e+01
8.710000000000134079e+00 1.123621397923846388e+01
8.730000000000133653e+00 1.120555010454484446e+01
8.750000000000133227e+00 1.111961362603844528e+01
8.770000000000132800e+00 1.113607981407056791e+01
8.790000000000132374e+00 1.110811327134036119e+01
8.810000000000131948e+00 1.106133546346886831e+01
8.830000000000131521e+00 1.104223392841608842e+01
8.850000000000131095e+00 1.099631760374315981e+01
8.870000000000130669e+00 1.100858543642915954e+01
8.890000000000130242e+00 1.100191783184268601e+01
8.910000000000129816e+00 1.096278799152046091e+01
8.930000000000129390e+00 1.084137895666063400e+01
8.950000000000128964e+00 1.084699271730173109e+01
8.970000000000128537e+00 1.085409478402224615e+01
8.990000000000128111e+00 1.078332003789873816e+01
9.010000000000127685e+00 1.073392775433076451e+01
9.030000000000127258e+00 1.078586615742353594e+01
9.050000000000126832e+00 1.074945405139634680e+01
9.070000000000126406e+00 1.066950795227446847e+01
9.090000000000125979e+00 1.069329516667479751e+01
9.110000000000125553e+00 1.061955939535819127e+01
9.130000000000125127e+00 1.063341121760602270e+01
9.150000000000124700e+00 1.055082095055453451e+01
9.170000000000124274e+00 1.052181394209159038e+01
9.190000000000123848e+00 1.062700711121449615e+01
9.210000000000123421e+00 1.047101075349818800e+01
9.230000000000122995e+00 1.039521489961455991e+01
9.250000000000122569e+00 1.039752880368039101e+01
9.270000000000122142e+00 1.041641887967158553e+01
9.290000000000121716e+00 1.032553312965821668e+01
9.310000000000121290e+00 1.029295800101480474e+01
9.330000000000120863e+00 1.024941127503599070e+01
9.350000000000120437e+00 1.031766297122085341e+01
9.370000000000120011e+00 1.019743207676600605e+01
9.390000000000119584e+00 1.018568646850022752e+01
9.410000000000119158e+00 1.011190488958282607e+01
9.430000000000118732e+00 1.012345460253506957e+01
9.450000000000118305e+00 1.004553676706214915e+01
9.470000000000117879e+00 1.010240817461977336e+01
9.490000000000117453e+00 1.004057662199143053e+01
9.510000000000117026e+00 1.000418563765574298e+01
9.530000000000116600e+00 9.995283360269972661e+00
9.550000000000116174e+00 9.918738056454687424e+00
9.570000000000115747e+00 9.836856388159123554e+00
9.590000000000115321e+00 9.879171514384971431e+00
9.610000000000114895e+00 9.806733215504729984e+00
9.630000000000114468e+00 9.785593937693155553e+00
9.650000000000114042e+00 9.743629860281769695e+00
9.670000000000113616e+00 9.672456060296591218e+00
9.690000000000113189e+00 9.702859862171186123e+00
9.710000000000112763e+00 9.562239466205209482e+00
9.730000000000112337e+00 9.547773140683922577e+00
9.750000000000111910e+00 9.574711571963929302e+00
9.770000000000111484e+00 9.496781510313498487e+00
9.790000000000111058e+00 9.461977091317500310e+00
9.810000000000110632e+00 9.481889768103123117e+00
9.830000000000110205e+00 9.450605555096204924e+00
9.850000000000109779e+00 9.365013970784493935e+00
9.870000000000109353e+00 9.296533067099911563e+00
9.890000000000108926e+00 9.339026425895241346e+00
9.910000000000108500e+00 9.296348473789546318e+00
9.930000000000108074e+00 9.220178031411323971e+00
9.950000000000107647e+00 9.182251580624658516e+00
9.970000000000107221e+00 9.188926666465043525e+00
9.990000000000106795e+00 9.063569022843990908e+00
1.001000000000010637e+01 9.095560908532412725e+00
1.003000000000010594e+01 9.037700622760501901e+00
1.005000000000010552e+01 8.977617543981288861e+00
1.007000000000010509e+01 8.964891525824928209e+00
1.009000000000010466e+01 8.888508817793008276e+00
1.011000000000010424e+01 8.879366266233779115e+00
1.013000000000010381e+01 8.777739834189555168e+00
1.015000000000010338e+01 8.784975395576399393e+00
1.017000000000010296e+01 8.757259120145299391e+00
1.019000000000010253e+01 8.708526895875555951e+00
1.021000000000010210e+01 8.733772219842519391e+00
1.023000000000010168e+01 8.638810213872774924e+00
1.025000000000010125e+01 8.590827198718303137e+00
1.027000000000010083e+01 8.567871474095289486e+00
1.029000000000010040e+01 8.461548537537035841e+00
1.031000000000009997e+01 8.508082778014779635e+00
1.033000000000009955e+01 8.498048395017491430e+00
1.035000000000009912e+01 8.440498558591608358e+00
1.037000000000009869e+01 8.334520608567840938e+00
1.039000000000009827e+01 8.326121092243608857e+00
1.041000000000009784e+01 8.293409520794549294e+00
1.043000000000009742e+01 8.205569724398575460e+00
1.045000000000009699e+01 8.184339908247673989e+00
1.047000000000009656e+01 8.235120686945878177e+00
1.049000000000009614e+01 8.125403529556928461e+00
1.051000000000009571e+01 8.058887394244045765e+00
1.053000000000009528e+01 8.018030792741697610e+00
1.055000000000009486e+01 7.941887502127438658e+00
1.057000000000009443e+01 7.965690919134092773e+00
1.059000000000009400e+01 7.907082973572553186e+00
1.061000000000009358e+01 7.882573351122529104e+00
1.063000000000009315e+01 7.887222591639098113e+00
1.065000000000009273e+01 7.779558664557761460e+00
1.067000000000009230e+01 7.789076234656997499e+00
1.069000000000009187e+01 7.741813147997757660e+00
1.071000000000009145e+01 7.694962814926990191e+00
1.073000000000009102e+01 7.647631994199329597e+00
1.075000000000009059e+01 7.644468256029447240e+00
1.077000000000009017e+01 7.590022555972007368e+00
1.079000000000008974e+01 7.490307921431953453e+00
1.081000000000008932e+01 7.477157816874028029e+00
1.083000000000008889e+01 7.450712464706739091e+00
1.085000000000008846e+01 7.410530965320316632e+00
1.087000000000008804e+01 7.394980353429167153e+00
1.089000000000008761e+01 7.324739804867484771e+00
1.091000000000008718e+01 7.266137868000835276e+00
1.093000000000008676e+01 7.213067797779298296e+00
1.095000000000008633e+01 7.264345510214794466e+00
1.097000000000008590e+01 7.151304773498907252e+00
1.099000000000008548e+01 7.162573389389487843e+00
1.101000000000008505e+01 7.145931329002362276e+00
1.103000000000008463e+01 7.067068659847454803e+00
1.105000000000008420e+01 7.068748226763520215e+00
1.107000000000008377e+01 7.015117473583514673e+00
1.109000000000008335e+01 6.953052925271047791e+00
1.111000000000008292e+01 6.945283326124567225e+00
1.113000000000008249e+01 6.872039388328344600e+00
1.115000000000008207e+01 6.831103884988503516e+00
1.117000000000008164e+01 6.787261213339470522e+00
1.119000000000008122e+01 6.751464874311381870e+00
1.121000000000008079e+01 6.762489137225391467e+00
1.123000000000008036e+01 6.695563919270293596e+00
1.125000000000007994e+01 6.669504367637748565e+00
1.127000000000007951e+01 6.624491359298660065e+00
1.129000000000007908e+01 6.594282082746053320e+00
1.131000000000007866e+01 6.541118086928034536e+00
1.133000000000007823e+01 6.550798160302967688e+00
1.135000000000007780e+01 6.519723376017004135e+00
1.137000000000007738e+01 6.448571486341579728e+00
1.139000000000007695e+01 6.445600346339820597e+00
1.141000000000007653e+01 6.322780332144684046e+00
1.143000000000007610e+01 6.377097921548124049e+00
1.145000000000007567e+01 6.305251445386764075e+00
1.147000000000007525e+01 6.315363429779361049e+00
1.149000000000007482e+01 6.240847682253280126e+00
1.151000000000007439e+01 6.179946038663858943e+00
1.153000000000007397e+01 6.192240566175859051e+00
1.155000000000007354e+01 6.095015901783760626e+00
1.157000000000007311e+01 6.115502274045580222e+00
1.159000000000007269e+01 6.067074778715720207e+00
1.161000000000007226e+01 6.059239714107201635e+00
1.163000000000007184e+01 6.049618088907648072e+00
1.165000000000007141e+01 5.974503413961385512e+00
1.167000000000007098e+01 5.960306882755328495e+00
1.169000000000007056e+01 5.921919463063604283e+00
1.171000000000007013e+01 5.866986724101554529e+00
1.173000000000006970e+01 5.875783431909504806e+00
1.175000000000006928e+01 5.783631364225176874e+00
1.177000000000006885e+01 5.782577967795079488e+00
1.179000000000006843e+01 5.828024879696068972e+00
1.181000000000006800e+01 5.697959335072195763e+00
1.183000000000006757e+01 5.689821395786358593e+00
1.185000000000006715e+01 5.672651929727902775e+00
1.187000000000006672e+01 5.639156997161147267e+00
1.189000000000006629e+01 5.617128858546039716e+00
1.191000000000006587e+01 5.566724500968165401e+00
1.193000000000006544e+01 5.552839744810994738e+00
1.195000000000006501e+01 5.516675441911942812e+00
1.197000000000006459e+01 5.443734440149903264e+00
1.199000000000006416e+01 5.444410167710027615e+00
1.201000000000006374e+01 5.444918582851758337e+00
1.203000000000006331e+01 5.400776809957007707e+00
1.205000000000006288e+01 5.379139864696545814e+00
1.207000000000006246e+01 5.318356068806996184e+00
1.209000000000006203e+01 5.328392737227942710e+00
1.211000000000006160e+01 5.289542294904875597e+00
1.213000000000006118e+01 5.256723931522894411e+00
1.215000000000006075e+01 5.202107468291942816e+00
1.217000000000006033e+01 5.203976511120874449e+00
1.219000000000005990e+01 5.164730734615422314e+00
1.221000000000005947e+01 5.133900479594341704e+00
1.223000000000005905e+01 5.147207213426312045e+00
1.225000000000005862e+01 5.072018035475737818e+00
1.227000000000005819e+01 5.015388395014124256e+00
1.229000000000005777e+01 5.017996547813590169e+00
1.231000000000005734e+01 4.995171137928151595e+00
1.233000000000005691e+01 4.966138031950341869e+00
1.235000000000005649e+01 4.959243993149735630e+00
1.237000000000005606e+01 4.886498431721531865e+00
1.239000000000005564e+01 4.877764340480254646e+00
1.241000000000005521e+01 4.853774078037273121e+00
1.243000000000005478e+01 4.875552705507948836e+00
1.245000000000005436e+01 4.846334267742191670e+00
1.247000000000005393e+01 4.786680825351544044e+00
1.249000000000005350e+01 4.780910511182985267e+00
1.251000000000005308e+01 4.753979998711738375e+00
1.253000000000005265e+01 4.710544083017952133e+00
1.255000000000005222e+01 4.710703103076850695e+00
1.257000000000005180e+01 4.650975392528975405e+00
1.259000000000005137e+01 4.627148896442262682e+00
1.261000000000005095e+01 4.589181225143632581e+00
1.263000000000005052e+01 4.578861020499649825e+00
1.265000000000005009e+01 4.555241079312549957e+00
1.267000000000004967e+01 4.521845321226359182e+00
1.269000000000004924e+01 4.508568472901966828e+00
1.271000000000004881e+01 4.472289566971421770e+00
1.273000000000004839e+01 4.471065734999677410e+00
1.275000000000004796e+01 4.460027776357486040e+00
1.277000000000004754e+01 4.439860663189280743e+00
1.279000000000004711e+01 4.419204444443749935e+00
1.281000000000004668e+01 4.358676427135028675e+00
1.283000000000004626e+01 4.352350119380655968e+00
1.285000000000004583e+01 4.319840582121665662e+00
1.287000000000004540e+01 4.303103535981897210e+00
1.289000000000004498e+01 4.292424876258563060e+00
1.291000000000004455e+01 4.253350841504170532e+00
1.293000000000004412e+01 4.232528300332487170e+00
1.295000000000004370e+01 4.194955044941059974e+00
1.297000000000004327e+01 4.209536016798681501e+00
1.299000000000004285e+01 4.160671866730496049e+00
1.301000000000004242e+01 4.105666253309679270e+00
1.303000000000004199e+01 4.116556932795412571e+00
1.305000000000004157e+01 4.068396046320431836e+00
1.307000000000004114e+01 4.103335905971483122e+00
1.309000000000004071e+01 4.106052767616251487e+00
1.311000000000004029e+01 4.047323395816643909e+00
1.313000000000003986e+01 4.017633713250081229e+00
1.315000000000003944e+01 3.984752516943203648e+00
1.317000000000003901e+01 3.981877523877429770e+00
1.319000000000003858e+01 3.927262095552522148e+00
1.321000000000003816e+01 3.928029695298652868e+00
1.323000000000003773e+01 3.867140413122680975e+00
1.325000000000003730e+01 3.965022074047348966e+00
1.327000000000003688e+01 3.859058506099164454e+00
1.329000000000003645e+01 3.828001668227112742e+00
1.331000000000003602e+01 3.785691484625433922e+00
1.333000000000003560e+01 3.776371445059608867e+00
1.335000000000003517e+01 3.786282068247867727e+00
1.337000000000003475e+01 3.760965903103762553e+00
1.339000000000003432e+01 3.752229285310420881e+00
1.341000000000003389e+01 3.753756872876144346e+00
1.343000000000003347e+01 3.710861001838008377e+00
1.345000000000003304e+01 3.679598890174013981e+00
1.347000000000003261e+01 3.625677613899445095e+00
1.349000000000003219e+01 3.660427356003391530e+00
1.351000000000003176e+01 3.603311689200956014e+00
1.353000000000003133e+01 3.623160184691915031e+00
1.355000000000003091e+01 3.607177135492945830e+00
1.357000000000003048e+01 3.522125423723009519e+00
1.359000000000003006e+01 3.537364282101006729e+00
1.361000000000002963e+01 3.534092654038227366e+00
1.363000000000002920e+01 3.524777954906305855e+00
1.365000000000002878e+01 3.495470526610330086e+00
1.367000000000002835e+01 3.482053538146028693e+00
1.369000000000002792e+01 3.437570789590814080e+00
1.371000000000002750e+01 3.423011403123775942e+00
1.373000000000002707e+01 3.417126232692730969e+00
1.375000000000002665e+01 3.397240219233270686e+00
1.377000000000002622e+01 3.373630000181841559e+00
1.379000000000002579e+01 3.395872610052775187e+00
1.381000000000002537e+01 3.345123930039525906e+00
1.383000000000002494e+01 3.321830382825150974e+00
1.385000000000002451e+01 3.329738854472693799e+00
1.387000000000002409e+01 3.283884131150749841e+00
1.389000000000002366e+01 3.259986246838509238e+00
1.391000000000002323e+01 3.251453728407616151e+00
1.393000000000002281e+01 3.232098916773833430e+00
1.395000000000002238e+01 3.215091964879650543e+00
1.397000000000002196e+01 3.215480421458841054e+00
1.399000000000002153e+01 3.198922271954739660e+00
1.401000000000002110e+01 3.136818235205159233e+00
1.403000000000002068e+01 3.152196145105771841e+00
1.405000000000002025e+01 3.103847188902490117e+00
1.407000000000001982e+01 3.166625335047919876e+00
1.409000000000001940e+01 3.082860336462845741e+00
1.411000000000001897e+01 3.097724262345613155e+00
1.413000000000001855e+01 3.037039086452146819e+00
1.415000000000001812e+01 3.043938220201710010e+00
1.417000000000001769e+01 3.031205181344296395e+00
1.419000000000001727e+01 3.003382466756078895e+00
1.421000000000001684e+01 2.978038774791592402e+00
1.423000000000001641e+01 2.978329535230149983e+00
1.425000000000001599e+01 2.908460150738096939e+00
1.427000000000001556e+01 2.878751390191562010e+00
1.429000000000001513e+01 2.856621770671385896e+00
1.431000000000001471e+01 2.853968576222548847e+00
1.433000000000001428e+01 2.854027430691078226e+00
1.435000000000001386e+01 2.776755898415083301e+00
1.437000000000001343e+01 2.755289227798781937e+00
1.439000000000001300e+01 2.731972156051122091e+00
1.441000000000001258e+01 2.668974877830392334e+00
1.443000000000001215e+01 2.646881670192376301e+00
1.445000000000001172e+01 2.564507478476865998e+00
1.447000000000001130e+01 2.392985893074856207e+00
1.449000000000001087e+01 2.113657390005339920e+00
1.451000000000001044e+01 1.756352233854068023e+00
1.453000000000001002e+01 1.321685133586199212e+00
1.455000000000000959e+01 8.547170077468045912e-01
1.457000000000000917e+01 5.045752791452674524e-01
1.459000000000000874e+01 2.266516765226304631e-01
1.461000000000000831e+01 5.415588433665308177e-02
1.463000000000000789e+01 1.361267672960821996e-02
1.465000000000000746e+01 2.705640405057897421e-03
1.467000000000000703e+01 3.741445072226143185e-07
1.469000000000000661e+01 1.976612793312527135e-07
1.471000000000000618e+01 1.839996488664616598e-07
1.473000000000000576e+01 5.523971835117049551e-17
1.475000000000000533e+01 2.525902826981838445e-17
1.477000000000000490e+01 0.000000000000000000e+00
1.479000000000000448e+01 0.000000000000000000e+00
1.481000000000000405e+01 0.000000000000000000e+00
1.483000000000000362e+01 0.000000000000000000e+00
1.485000000000000320e+01 0.000000000000000000e+00
1.487000000000000277e+01 0.000000000000000000e+00
1.489000000000000234e+01 0.000000000000000000e+00
1.491000000000000192e+01 0.000000000000000000e+00
1.493000000000000149e+01 0.000000000000000000e+00
1.495000000000000107e+01 0.000000000000000000e+00
1.497000000000000064e+01 0.000000000000000000e+00
1.499000000000000021e+01 0.000000000000000000e+00
