# Redshift		Merger Rate Density [Gpc^-3yr^-1]
1.000000000031931770e-02 1.521650374376618053e+01
3.000000000031888964e-02 1.549944229688880348e+01
5.000000000031846331e-02 1.615793135387463053e+01
7.000000000031804392e-02 1.631000186984728018e+01
9.000000000031761760e-02 1.685654227263948002e+01
1.100000000003171913e-01 1.719225429892587087e+01
1.300000000003167511e-01 1.761274317188004090e+01
1.500000000003163247e-01 1.798371865785756185e+01
1.700000000003158984e-01 1.812119414863166611e+01
1.900000000003154721e-01 1.860865163051416715e+01
2.100000000003150458e-01 1.890076538262594141e+01
2.300000000003146194e-01 1.951843822795964201e+01
2.500000000003141931e-01 1.985545711878864594e+01
2.700000000003137668e-01 2.001399496023843483e+01
2.900000000003133405e-01 2.039571894415071895e+01
3.100000000003129141e-01 2.086698990302063805e+01
3.300000000003124878e-01 2.133344609876527898e+01
3.500000000003120615e-01 2.189413976196145484e+01
3.700000000003116352e-01 2.204470054160507075e+01
3.900000000003112088e-01 2.266360220538257764e+01
4.100000000003107825e-01 2.301799290255795327e+01
4.300000000003103562e-01 2.345099534189607127e+01
4.500000000003099299e-01 2.368723304391156503e+01
4.700000000003095035e-01 2.475555784581302632e+01
4.900000000003090772e-01 2.466623928726482973e+01
5.100000000003086509e-01 2.550604298366442890e+01
5.300000000003082246e-01 2.539315744517561413e+01
5.500000000003077982e-01 2.646792074060715194e+01
5.700000000003073719e-01 2.685915779524381009e+01
5.900000000003069456e-01 2.691671577233987733e+01
6.100000000003065193e-01 2.796380593340217047e+01
6.300000000003060929e-01 2.811895832438347753e+01
6.500000000003056666e-01 2.903399163931507942e+01
6.700000000003052403e-01 2.948829211545545448e+01
6.900000000003048140e-01 2.970461244166201809e+01
7.100000000003043876e-01 3.047810947859930053e+01
7.300000000003039613e-01 3.102124304723280446e+01
7.500000000003035350e-01 3.184195032333670738e+01
7.700000000003031086e-01 3.218472831153250269e+01
7.900000000003026823e-01 3.252042883061324119e+01
8.100000000003022560e-01 3.345458311868460299e+01
8.300000000003018297e-01 3.374119657595382904e+01
8.500000000003014033e-01 3.466554360591353401e+01
8.700000000003009770e-01 3.510810662862751030e+01
8.900000000003005507e-01 3.594785528513268957e+01
9.100000000003001244e-01 3.583362862483751599e+01
9.300000000002996980e-01 3.688855179014642260e+01
9.500000000002992717e-01 3.719845296369787491e+01
9.700000000002988454e-01 3.767479857699650125e+01
9.900000000002984191e-01 3.798807189180395483e+01
1.010000000000297993e+00 3.911195619993232953e+01
1.030000000000297566e+00 3.972025651612845110e+01
1.050000000000297140e+00 3.944661194984485775e+01
1.070000000000296714e+00 4.069920379331541938e+01
1.090000000000296287e+00 4.027567157057275438e+01
1.110000000000295861e+00 4.108067588185492980e+01
1.130000000000295435e+00 4.226984613438399663e+01
1.150000000000295008e+00 4.224530717757625808e+01
1.170000000000294582e+00 4.328108436943268345e+01
1.190000000000294156e+00 4.349356627432477751e+01
1.210000000000293729e+00 4.370932182004595745e+01
1.230000000000293303e+00 4.422311507295641775e+01
1.250000000000292877e+00 4.496085844705284273e+01
1.270000000000292451e+00 4.516263154622292575e+01
1.290000000000292024e+00 4.628686401783194526e+01
1.310000000000291598e+00 4.675924500299439757e+01
1.330000000000291172e+00 4.700192094261202413e+01
1.350000000000290745e+00 4.770913970729139919e+01
1.370000000000290319e+00 4.754369411777573617e+01
1.390000000000289893e+00 4.835906827184548007e+01
1.410000000000289466e+00 4.828803145581388634e+01
1.430000000000289040e+00 4.969754691353953291e+01
1.450000000000288614e+00 4.959710880205614814e+01
1.470000000000288187e+00 5.034657944033771315e+01
1.490000000000287761e+00 4.946590255271809866e+01
1.510000000000287335e+00 5.063685383983113297e+01
1.530000000000286908e+00 5.189984059498123514e+01
1.550000000000286482e+00 5.090092175175449540e+01
1.570000000000286056e+00 5.217776915514858160e+01
1.590000000000285629e+00 5.191907894313731475e+01
1.610000000000285203e+00 5.189727965025785750e+01
1.630000000000284777e+00 5.266229471822364872e+01
1.650000000000284350e+00 5.357001806327625815e+01
1.670000000000283924e+00 5.289087371568647455e+01
1.690000000000283498e+00 5.303206398477849604e+01
1.710000000000283071e+00 5.396192600153636931e+01
1.730000000000282645e+00 5.319681958215874573e+01
1.750000000000282219e+00 5.481148377738379196e+01
1.770000000000281792e+00 5.389963510173168260e+01
1.790000000000281366e+00 5.400458790119660790e+01
1.810000000000280940e+00 5.449933703771197457e+01
1.830000000000280513e+00 5.462094929803568277e+01
1.850000000000280087e+00 5.472749719555611847e+01
1.870000000000279661e+00 5.439700934530987553e+01
1.890000000000279234e+00 5.485360586639064451e+01
1.910000000000278808e+00 5.519026809071124262e+01
1.930000000000278382e+00 5.522566362158482178e+01
1.950000000000277955e+00 5.490854936451810175e+01
1.970000000000277529e+00 5.463637742703296851e+01
1.990000000000277103e+00 5.491971871723188769e+01
2.010000000000276899e+00 5.578538243340923231e+01
2.030000000000276472e+00 5.479986843095778681e+01
2.050000000000276046e+00 5.524052954083382616e+01
2.070000000000275620e+00 5.428020040848194583e+01
2.090000000000275193e+00 5.510328633263434028e+01
2.110000000000274767e+00 5.391101623016704991e+01
2.130000000000274341e+00 5.469790792659671297e+01
2.150000000000273914e+00 5.408920116054966343e+01
2.170000000000273488e+00 5.437829843270112917e+01
2.190000000000273062e+00 5.400349025892035115e+01
2.210000000000272635e+00 5.346446473253739384e+01
2.230000000000272209e+00 5.421671931602606520e+01
2.250000000000271783e+00 5.288048317393331388e+01
2.270000000000271356e+00 5.407609199221627705e+01
2.290000000000270930e+00 5.299274458684238454e+01
2.310000000000270504e+00 5.297962754412363040e+01
2.330000000000270077e+00 5.284869372511569452e+01
2.350000000000269651e+00 5.211132549248797119e+01
2.370000000000269225e+00 5.130354564489826430e+01
2.390000000000268798e+00 5.161652964610076566e+01
2.410000000000268372e+00 5.150300311243258733e+01
2.430000000000267946e+00 5.145855196436112067e+01
2.450000000000267519e+00 5.146628789068583387e+01
2.470000000000267093e+00 5.019452981785727275e+01
2.490000000000266667e+00 5.165600377885873229e+01
2.510000000000266240e+00 4.960226011703439042e+01
2.530000000000265814e+00 4.935781582684374058e+01
2.550000000000265388e+00 4.965354276413496137e+01
2.570000000000264961e+00 4.921986705899011127e+01
2.590000000000264535e+00 4.847567136688849132e+01
2.610000000000264109e+00 4.809727516132280556e+01
2.630000000000263682e+00 4.811836609498276829e+01
2.650000000000263256e+00 4.740062035730145595e+01
2.670000000000262830e+00 4.737260322795226131e+01
2.690000000000262403e+00 4.693374610216900322e+01
2.710000000000261977e+00 4.686793294850696157e+01
2.730000000000261551e+00 4.641497130166130347e+01
2.750000000000261124e+00 4.606441569326145924e+01
2.770000000000260698e+00 4.608368458847191107e+01
2.790000000000260272e+00 4.560474778809684437e+01
2.810000000000259845e+00 4.452876908066654948e+01
2.830000000000259419e+00 4.433786367378407078e+01
2.850000000000258993e+00 4.432655852412003128e+01
2.870000000000258567e+00 4.326644253678292529e+01
2.890000000000258140e+00 4.362924800440347894e+01
2.910000000000257714e+00 4.334854454336585405e+01
2.930000000000257288e+00 4.252969133409822433e+01
2.950000000000256861e+00 4.228343710115284892e+01
2.970000000000256435e+00 4.185310790287316962e+01
2.990000000000256009e+00 4.175020817932848871e+01
3.010000000000255582e+00 4.111685855901490072e+01
3.030000000000255156e+00 4.026152750669780289e+01
3.050000000000254730e+00 4.047714974755362505e+01
3.070000000000254303e+00 3.983881024425689077e+01
3.090000000000253877e+00 4.030275745776764751e+01
3.110000000000253451e+00 3.888979052621908750e+01
3.130000000000253024e+00 3.875477002072851462e+01
3.150000000000252598e+00 3.888988321558630190e+01
3.170000000000252172e+00 3.830444066881386078e+01
3.190000000000251745e+00 3.803101905271317662e+01
3.210000000000251319e+00 3.707282264368248548e+01
3.230000000000250893e+00 3.725651778176475659e+01
3.250000000000250466e+00 3.707638737714869137e+01
3.270000000000250040e+00 3.636688318252121377e+01
3.290000000000249614e+00 3.579313977052866136e+01
3.310000000000249187e+00 3.618213701549906602e+01
3.330000000000248761e+00 3.528677008710577923e+01
3.350000000000248335e+00 3.549918293498282651e+01
3.370000000000247908e+00 3.467380167674799196e+01
3.390000000000247482e+00 3.485927876573597217e+01
3.410000000000247056e+00 3.408204667548945821e+01
3.430000000000246629e+00 3.359114868474860316e+01
3.450000000000246203e+00 3.354651493242269567e+01
3.470000000000245777e+00 3.324634294712632965e+01
3.490000000000245350e+00 3.281480323913064723e+01
3.510000000000244924e+00 3.265276598866839919e+01
3.530000000000244498e+00 3.240533187148034244e+01
3.550000000000244071e+00 3.229045203798342811e+01
3.570000000000243645e+00 3.131084576828375887e+01
3.590000000000243219e+00 3.133522959830166243e+01
3.610000000000242792e+00 3.092496997618551546e+01
3.630000000000242366e+00 3.073608898558273594e+01
3.650000000000241940e+00 3.056593165642852838e+01
3.670000000000241513e+00 3.050499100773183869e+01
3.690000000000241087e+00 2.982909214080930482e+01
3.710000000000240661e+00 3.002326143703778882e+01
3.730000000000240234e+00 2.923958097762339037e+01
3.750000000000239808e+00 2.905685478201320038e+01
3.770000000000239382e+00 2.890983999668955562e+01
3.790000000000238956e+00 2.839828066325175726e+01
3.810000000000238529e+00 2.841774373333835868e+01
3.830000000000238103e+00 2.811532373485596992e+01
3.850000000000237677e+00 2.775732266889906796e+01
3.870000000000237250e+00 2.732769484242408708e+01
3.890000000000236824e+00 2.708102660996815203e+01
3.910000000000236398e+00 2.698851952085458805e+01
3.930000000000235971e+00 2.679082478476769325e+01
3.950000000000235545e+00 2.639975881642304856e+01
3.970000000000235119e+00 2.639139917850442174e+01
3.990000000000234692e+00 2.580976527450172853e+01
4.010000000000234266e+00 2.549881763051760686e+01
4.030000000000233840e+00 2.546247979832679675e+01
4.050000000000233413e+00 2.528320566833875915e+01
4.070000000000232987e+00 2.502842707081194717e+01
4.090000000000232561e+00 2.492158958640654376e+01
4.110000000000232134e+00 2.437085575502978330e+01
4.130000000000231708e+00 2.414568809179820619e+01
4.150000000000231282e+00 2.416043071769847472e+01
4.170000000000230855e+00 2.450070260249652421e+01
4.190000000000230429e+00 2.326260731879947485e+01
4.210000000000230003e+00 2.361080538953292063e+01
4.230000000000229576e+00 2.272789288484910486e+01
4.250000000000229150e+00 2.306669285602336217e+01
4.270000000000228724e+00 2.282744314006156827e+01
4.290000000000228297e+00 2.256840641761192856e+01
4.310000000000227871e+00 2.239420396284451087e+01
4.330000000000227445e+00 2.181493137625475498e+01
4.350000000000227018e+00 2.187929462206108511e+01
4.370000000000226592e+00 2.183947419277843593e+01
4.390000000000226166e+00 2.140410593119520044e+01
4.410000000000225739e+00 2.126269818438448667e+01
4.430000000000225313e+00 2.096913474030856150e+01
4.450000000000224887e+00 2.076512852832192735e+01
4.470000000000224460e+00 2.062868650880369614e+01
4.490000000000224034e+00 2.042772378793202392e+01
4.510000000000223608e+00 2.020847533212090852e+01
4.530000000000223181e+00 2.023132397670360660e+01
4.550000000000222755e+00 1.982105458484102911e+01
4.570000000000222329e+00 1.980486236578401460e+01
4.590000000000221902e+00 1.941328862945360711e+01
4.610000000000221476e+00 1.930341837922775028e+01
4.630000000000221050e+00 1.896626279482887156e+01
4.650000000000220624e+00 1.879172374104691912e+01
4.670000000000220197e+00 1.869047353544280554e+01
4.690000000000219771e+00 1.825257301261890319e+01
4.710000000000219345e+00 1.860343319445322408e+01
4.730000000000218918e+00 1.814491126906589002e+01
4.750000000000218492e+00 1.792123913744262254e+01
4.770000000000218066e+00 1.789968426916727751e+01
4.790000000000217639e+00 1.753805587773933183e+01
4.810000000000217213e+00 1.762036909533077278e+01
4.830000000000216787e+00 1.743885868469337552e+01
4.850000000000216360e+00 1.741568476437767998e+01
4.870000000000215934e+00 1.717612129732602355e+01
4.890000000000215508e+00 1.693094951171929097e+01
4.910000000000215081e+00 1.656221539276458898e+01
4.930000000000214655e+00 1.667534368149111046e+01
4.950000000000214229e+00 1.647879592352728650e+01
4.970000000000213802e+00 1.616126448635317203e+01
4.990000000000213376e+00 1.599172598184012095e+01
5.010000000000212950e+00 1.627241891917209671e+01
5.030000000000212523e+00 1.555534730250966113e+01
5.050000000000212097e+00 1.589239779152467946e+01
5.070000000000211671e+00 1.547918273509058196e+01
5.090000000000211244e+00 1.520437817070652642e+01
5.110000000000210818e+00 1.545722644694943426e+01
5.130000000000210392e+00 1.523691066649747405e+01
5.150000000000209965e+00 1.500959744549924224e+01
5.170000000000209539e+00 1.481783258240979073e+01
5.190000000000209113e+00 1.444718844725634810e+01
5.210000000000208686e+00 1.451668640260171195e+01
5.230000000000208260e+00 1.458778221843163969e+01
5.250000000000207834e+00 1.416046960914023067e+01
5.270000000000207407e+00 1.430087671864656862e+01
5.290000000000206981e+00 1.406117578322323780e+01
5.310000000000206555e+00 1.398764349388144979e+01
5.330000000000206128e+00 1.364769667707248502e+01
5.350000000000205702e+00 1.387186100417720347e+01
5.370000000000205276e+00 1.356270755730561284e+01
5.390000000000204849e+00 1.307172590595670059e+01
5.410000000000204423e+00 1.331022791670280725e+01
5.430000000000203997e+00 1.310365273605873782e+01
5.450000000000203570e+00 1.312356102577658845e+01
5.470000000000203144e+00 1.289674322606135881e+01
5.490000000000202718e+00 1.270260654125275579e+01
5.510000000000202292e+00 1.273823077606675547e+01
5.530000000000201865e+00 1.253061101325188176e+01
5.550000000000201439e+00 1.254059935945451087e+01
5.570000000000201013e+00 1.225952976778052239e+01
5.590000000000200586e+00 1.234105341021396107e+01
5.610000000000200160e+00 1.207299988024613135e+01
5.630000000000199734e+00 1.184209743053692065e+01
5.650000000000199307e+00 1.188252665704505517e+01
5.670000000000198881e+00 1.188721441532242729e+01
5.690000000000198455e+00 1.169915319900899853e+01
5.710000000000198028e+00 1.172793942330477002e+01
5.730000000000197602e+00 1.141906583524382413e+01
5.750000000000197176e+00 1.139147657860385543e+01
5.770000000000196749e+00 1.120180924402787603e+01
5.790000000000196323e+00 1.134253241136053170e+01
5.810000000000195897e+00 1.096105707912826155e+01
5.830000000000195470e+00 1.095325849864331502e+01
5.850000000000195044e+00 1.087888635278189575e+01
5.870000000000194618e+00 1.086600612740512872e+01
5.890000000000194191e+00 1.055946492365229616e+01
5.910000000000193765e+00 1.059679194377252820e+01
5.930000000000193339e+00 1.042169529937146422e+01
5.950000000000192912e+00 1.045451688693307624e+01
5.970000000000192486e+00 1.034380359218660672e+01
5.990000000000192060e+00 1.027648489755705974e+01
6.010000000000191633e+00 1.020584056141411367e+01
6.030000000000191207e+00 1.020416148253052668e+01
6.050000000000190781e+00 1.000982131918195250e+01
6.070000000000190354e+00 9.849015337833673556e+00
6.090000000000189928e+00 9.762781817925299421e+00
6.110000000000189502e+00 9.717926856117710344e+00
6.130000000000189075e+00 9.591695408001216450e+00
6.150000000000188649e+00 9.579527973321242840e+00
6.170000000000188223e+00 9.378448368862752460e+00
6.190000000000187796e+00 9.474204400291975858e+00
6.210000000000187370e+00 9.284639651230436996e+00
6.230000000000186944e+00 9.417886610242469203e+00
6.250000000000186517e+00 9.106892311983713739e+00
6.270000000000186091e+00 9.149157327135908346e+00
6.290000000000185665e+00 9.059552442576492837e+00
6.310000000000185238e+00 8.758047711043472461e+00
6.330000000000184812e+00 8.863994486394593864e+00
6.350000000000184386e+00 8.817569966092365874e+00
6.370000000000183960e+00 8.781872559663213451e+00
6.390000000000183533e+00 8.652861714968667073e+00
6.410000000000183107e+00 8.553011624129331025e+00
6.430000000000182681e+00 8.533675887249859926e+00
6.450000000000182254e+00 8.386693846215237613e+00
6.470000000000181828e+00 8.417913808153267397e+00
6.490000000000181402e+00 8.255681148184576656e+00
6.510000000000180975e+00 8.272427183750533430e+00
6.530000000000180549e+00 8.206649450920783906e+00
6.550000000000180123e+00 8.019616998763135385e+00
6.570000000000179696e+00 8.038480459477927553e+00
6.590000000000179270e+00 7.955985148292534781e+00
6.610000000000178844e+00 7.946214964159165284e+00
6.630000000000178417e+00 7.937624758419008053e+00
6.650000000000177991e+00 7.711472635936961417e+00
6.670000000000177565e+00 7.727575415293305383e+00
6.690000000000177138e+00 7.734680475061277427e+00
6.710000000000176712e+00 7.523831154849637493e+00
6.730000000000176286e+00 7.572489318048199358e+00
6.750000000000175859e+00 7.601461946345481557e+00
6.770000000000175433e+00 7.424408889211325580e+00
6.790000000000175007e+00 7.289401887775583511e+00
6.810000000000174580e+00 7.388655783044039360e+00
6.830000000000174154e+00 7.294114644640031564e+00
6.850000000000173728e+00 7.343536540698838877e+00
6.870000000000173301e+00 7.159499034175384580e+00
6.890000000000172875e+00 7.042511138359425438e+00
6.910000000000172449e+00 7.110142848936197524e+00
6.930000000000172022e+00 6.930160938458580944e+00
6.950000000000171596e+00 7.004891877195674965e+00
6.970000000000171170e+00 6.994869285744934828e+00
6.990000000000170743e+00 6.894923658110053033e+00
7.010000000000170317e+00 6.771037627681529614e+00
7.030000000000169891e+00 6.746071760882109913e+00
7.050000000000169464e+00 6.816279741262320613e+00
7.070000000000169038e+00 6.712621896271413036e+00
7.090000000000168612e+00 6.709126800538534496e+00
7.110000000000168185e+00 6.571602442458829074e+00
7.130000000000167759e+00 6.588062727625772830e+00
7.150000000000167333e+00 6.635752007631020355e+00
7.170000000000166906e+00 6.442416982401726777e+00
7.190000000000166480e+00 6.337423350243550857e+00
7.210000000000166054e+00 6.499940818721513303e+00
7.230000000000165628e+00 6.324547360070289059e+00
7.250000000000165201e+00 6.320635972813157366e+00
7.270000000000164775e+00 6.373414299716956499e+00
7.290000000000164349e+00 6.255228155542976509e+00
7.310000000000163922e+00 6.195714668627585908e+00
7.330000000000163496e+00 6.154920994545331148e+00
7.350000000000163070e+00 6.075541311203513040e+00
7.370000000000162643e+00 6.177776938863376976e+00
7.390000000000162217e+00 6.031836729962972932e+00
7.410000000000161791e+00 6.004419314577970290e+00
7.430000000000161364e+00 6.030571443394941333e+00
7.450000000000160938e+00 6.000860577301321719e+00
7.470000000000160512e+00 5.909001607470908191e+00
7.490000000000160085e+00 5.934173171368612998e+00
7.510000000000159659e+00 5.876256679555757145e+00
7.530000000000159233e+00 5.834712035635993388e+00
7.550000000000158806e+00 5.781440477521557320e+00
7.570000000000158380e+00 5.798686215313143322e+00
7.590000000000157954e+00 5.693326732336376317e+00
7.610000000000157527e+00 5.778761988388497528e+00
7.630000000000157101e+00 5.661096587297906879e+00
7.650000000000156675e+00 5.656873979881742009e+00
7.670000000000156248e+00 5.649685660470176174e+00
7.690000000000155822e+00 5.583949577413220844e+00
7.710000000000155396e+00 5.557545294089485388e+00
7.730000000000154969e+00 5.524198683074778238e+00
7.750000000000154543e+00 5.452804125102191257e+00
7.770000000000154117e+00 5.525679688371679887e+00
7.790000000000153690e+00 5.421072760084908460e+00
7.810000000000153264e+00 5.413657762021489184e+00
7.830000000000152838e+00 5.359297649522671847e+00
7.850000000000152411e+00 5.411157321649855412e+00
7.870000000000151985e+00 5.305791503752341320e+00
7.890000000000151559e+00 5.336789297322281023e+00
7.910000000000151132e+00 5.295049961638855329e+00
7.930000000000150706e+00 5.280446689101938595e+00
7.950000000000150280e+00 5.206246169389959988e+00
7.970000000000149853e+00 5.215278540772021465e+00
7.990000000000149427e+00 5.121819424432915824e+00
8.010000000000149001e+00 5.120682967306337652e+00
8.030000000000148574e+00 5.162621286140622878e+00
8.050000000000148148e+00 5.052342055668204601e+00
8.070000000000147722e+00 5.092091349707470016e+00
8.090000000000147296e+00 5.031287588305446867e+00
8.110000000000146869e+00 5.057944132282615968e+00
8.130000000000146443e+00 5.016943716135316755e+00
8.150000000000146017e+00 5.015370334866334545e+00
8.170000000000145590e+00 4.950009902327676237e+00
8.190000000000145164e+00 4.944170936172137765e+00
8.210000000000144738e+00 4.854193902223460810e+00
8.230000000000144311e+00 4.891078028078997164e+00
8.250000000000143885e+00 4.838749101700845934e+00
8.270000000000143459e+00 4.878193467981935427e+00
8.290000000000143032e+00 4.849026763753523817e+00
8.310000000000142606e+00 4.778711531780710509e+00
8.330000000000142180e+00 4.797985949321212473e+00
8.350000000000141753e+00 4.789283501612236371e+00
8.370000000000141327e+00 4.757639452647144829e+00
8.390000000000140901e+00 4.728354934295635914e+00
8.410000000000140474e+00 4.708431657005477611e+00
8.430000000000140048e+00 4.702990256468517316e+00
8.450000000000139622e+00 4.670658591087460287e+00
8.470000000000139195e+00 4.682152723394877647e+00
8.490000000000138769e+00 4.643228249478263514e+00
8.510000000000138343e+00 4.615543935292120814e+00
8.530000000000137916e+00 4.563870996051448969e+00
8.550000000000137490e+00 4.595085214817283159e+00
8.570000000000137064e+00 4.586556389812828982e+00
8.590000000000136637e+00 4.507220232047594699e+00
8.610000000000136211e+00 4.496083398201485615e+00
8.630000000000135785e+00 4.538054358299032032e+00
8.650000000000135358e+00 4.511294549435720391e+00
8.670000000000134932e+00 4.478885583356214006e+00
8.690000000000134506e+00 4.441793818420891604e+00
8.710000000000134079e+00 4.371795044922600404e+00
8.730000000000133653e+00 4.438594278315518338e+00
8.750000000000133227e+00 4.374207945395616193e+00
8.770000000000132800e+00 4.352688769689656567e+00
8.790000000000132374e+00 4.388678195924250680e+00
8.810000000000131948e+00 4.286975416619124957e+00
8.830000000000131521e+00 4.358789870395333388e+00
8.850000000000131095e+00 4.270106713017423061e+00
8.870000000000130669e+00 4.267635298940638755e+00
8.890000000000130242e+00 4.270502887157765493e+00
8.910000000000129816e+00 4.244604201644967212e+00
8.930000000000129390e+00 4.209767656010250825e+00
8.950000000000128964e+00 4.206498707647300606e+00
8.970000000000128537e+00 4.172071768076974330e+00
8.990000000000128111e+00 4.167017800347785794e+00
9.010000000000127685e+00 4.153489846319834200e+00
9.030000000000127258e+00 4.103195573768686266e+00
9.050000000000126832e+00 4.124244494639372149e+00
9.070000000000126406e+00 4.073684598847791882e+00
9.090000000000125979e+00 4.121565362916586039e+00
9.110000000000125553e+00 4.034443916424590881e+00
9.130000000000125127e+00 4.038851007403205351e+00
9.150000000000124700e+00 3.991778170282129334e+00
9.170000000000124274e+00 4.003664616654469377e+00
9.190000000000123848e+00 4.017535043238865455e+00
9.210000000000123421e+00 3.977532204441534436e+00
9.230000000000122995e+00 3.950709344865888539e+00
9.250000000000122569e+00 3.946164125228234898e+00
9.270000000000122142e+00 3.950261335469886337e+00
9.290000000000121716e+00 3.876515952941654408e+00
9.310000000000121290e+00 3.870967234093459108e+00
9.330000000000120863e+00 3.900702621263801628e+00
9.350000000000120437e+00 3.843468613294970915e+00
9.370000000000120011e+00 3.838870343145638575e+00
9.390000000000119584e+00 3.823151151404787562e+00
9.410000000000119158e+00 3.797381777143444825e+00
9.430000000000118732e+00 3.760226110989525861e+00
9.450000000000118305e+00 3.791858155596118607e+00
9.470000000000117879e+00 3.774170473310585194e+00
9.490000000000117453e+00 3.701901544972915126e+00
9.510000000000117026e+00 3.709506917092086908e+00
9.530000000000116600e+00 3.679685076748417494e+00
9.550000000000116174e+00 3.676935528665508546e+00
9.570000000000115747e+00 3.657938368566007625e+00
9.590000000000115321e+00 3.689384670960377477e+00
9.610000000000114895e+00 3.644369259607251443e+00
9.630000000000114468e+00 3.663007882204011079e+00
9.650000000000114042e+00 3.586229757572957588e+00
9.670000000000113616e+00 3.537335736277324116e+00
9.690000000000113189e+00 3.598129649095898941e+00
9.710000000000112763e+00 3.566531301082758620e+00
9.730000000000112337e+00 3.531610008008480239e+00
9.750000000000111910e+00 3.549137506586363955e+00
9.770000000000111484e+00 3.510841342096532092e+00
9.790000000000111058e+00 3.455488552532815394e+00
9.810000000000110632e+00 3.484143773580292702e+00
9.830000000000110205e+00 3.438798345417306557e+00
9.850000000000109779e+00 3.421247209555026814e+00
9.870000000000109353e+00 3.424261260216449276e+00
9.890000000000108926e+00 3.414906978327121312e+00
9.910000000000108500e+00 3.401214318915162238e+00
9.930000000000108074e+00 3.362440993561583991e+00
9.950000000000107647e+00 3.343497710108225274e+00
9.970000000000107221e+00 3.345104012044632924e+00
9.990000000000106795e+00 3.274477640496357811e+00
1.001000000000010637e+01 3.328205228489704570e+00
1.003000000000010594e+01 3.275046458070077104e+00
1.005000000000010552e+01 3.238878749633107734e+00
1.007000000000010509e+01 3.288663892677905487e+00
1.009000000000010466e+01 3.222327356762705985e+00
1.011000000000010424e+01 3.197536865367205827e+00
1.013000000000010381e+01 3.209872253904159312e+00
1.015000000000010338e+01 3.197171680595541687e+00
1.017000000000010296e+01 3.203960554221070733e+00
1.019000000000010253e+01 3.163611157085620462e+00
1.021000000000010210e+01 3.113585959807454895e+00
1.023000000000010168e+01 3.114708817993776080e+00
1.025000000000010125e+01 3.141146968157963126e+00
1.027000000000010083e+01 3.073899930135407743e+00
1.029000000000010040e+01 3.039213959858745984e+00
1.031000000000009997e+01 3.064790319930842166e+00
1.033000000000009955e+01 3.039464037436926169e+00
1.035000000000009912e+01 3.037256880342772192e+00
1.037000000000009869e+01 2.992902153964308809e+00
1.039000000000009827e+01 2.967114069723619796e+00
1.041000000000009784e+01 3.001801985480293311e+00
1.043000000000009742e+01 2.976869650724490057e+00
1.045000000000009699e+01 2.936549102168663161e+00
1.047000000000009656e+01 2.894354282839949999e+00
1.049000000000009614e+01 2.897909060400853498e+00
1.051000000000009571e+01 2.910268951941096915e+00
1.053000000000009528e+01 2.859241173353956444e+00
1.055000000000009486e+01 2.882627036755393668e+00
1.057000000000009443e+01 2.809532277586371141e+00
1.059000000000009400e+01 2.847045516014105715e+00
1.061000000000009358e+01 2.837864299253380462e+00
1.063000000000009315e+01 2.783438158219256664e+00
1.065000000000009273e+01 2.752296993123882540e+00
1.067000000000009230e+01 2.732583287857222043e+00
1.069000000000009187e+01 2.759439753212356017e+00
1.071000000000009145e+01 2.712739386367317707e+00
1.073000000000009102e+01 2.680194132343448388e+00
1.075000000000009059e+01 2.705843883991229326e+00
1.077000000000009017e+01 2.671369033101907764e+00
1.079000000000008974e+01 2.669578446676142303e+00
1.081000000000008932e+01 2.653852462449060923e+00
1.083000000000008889e+01 2.624650876037601499e+00
1.085000000000008846e+01 2.606166063560998669e+00
1.087000000000008804e+01 2.582723591358164317e+00
1.089000000000008761e+01 2.588817724909628026e+00
1.091000000000008718e+01 2.560444647970254728e+00
1.093000000000008676e+01 2.547512455804345155e+00
1.095000000000008633e+01 2.558268106215036752e+00
1.097000000000008590e+01 2.483633970716979000e+00
1.099000000000008548e+01 2.482416701733202835e+00
1.101000000000008505e+01 2.518573724164319572e+00
1.103000000000008463e+01 2.430445805240442070e+00
1.105000000000008420e+01 2.462319968992721542e+00
1.107000000000008377e+01 2.391205970771456801e+00
1.109000000000008335e+01 2.413816321356293759e+00
1.111000000000008292e+01 2.440831797048411467e+00
1.113000000000008249e+01 2.381007653624952258e+00
1.115000000000008207e+01 2.344040386705895429e+00
1.117000000000008164e+01 2.368099906875293481e+00
1.119000000000008122e+01 2.361470657584919586e+00
1.121000000000008079e+01 2.325285922789602111e+00
1.123000000000008036e+01 2.312584592511219839e+00
1.125000000000007994e+01 2.289475934819688252e+00
1.127000000000007951e+01 2.291442082522192170e+00
1.129000000000007908e+01 2.269470413665580111e+00
1.131000000000007866e+01 2.248653493773946632e+00
1.133000000000007823e+01 2.227155832382540890e+00
1.135000000000007780e+01 2.246575029892821540e+00
1.137000000000007738e+01 2.217994334592066075e+00
1.139000000000007695e+01 2.171028542440086806e+00
1.141000000000007653e+01 2.214818260637205771e+00
1.143000000000007610e+01 2.158343968486239106e+00
1.145000000000007567e+01 2.156564090021615421e+00
1.147000000000007525e+01 2.132046612453831091e+00
1.149000000000007482e+01 2.132787330671999548e+00
1.151000000000007439e+01 2.080055928596184600e+00
1.153000000000007397e+01 2.101608268531438117e+00
1.155000000000007354e+01 2.091426654362185111e+00
1.157000000000007311e+01 2.064452072331986798e+00
1.159000000000007269e+01 2.022394325478340527e+00
1.161000000000007226e+01 2.055788523754570107e+00
1.163000000000007184e+01 2.019255506368187181e+00
1.165000000000007141e+01 1.989447447742008324e+00
1.167000000000007098e+01 1.997001197791498539e+00
1.169000000000007056e+01 1.999025432449952566e+00
1.171000000000007013e+01 1.941216067079108765e+00
1.173000000000006970e+01 1.986241067582245723e+00
1.175000000000006928e+01 1.953429078051728718e+00
1.177000000000006885e+01 1.949779103639201816e+00
1.179000000000006843e+01 1.953321862151009114e+00
1.181000000000006800e+01 1.890539624853223355e+00
1.183000000000006757e+01 1.901587305614771628e+00
1.185000000000006715e+01 1.883766235610787154e+00
1.187000000000006672e+01 1.876088591627154356e+00
1.189000000000006629e+01 1.830229779345742269e+00
1.191000000000006587e+01 1.850316915040017829e+00
1.193000000000006544e+01 1.825541096916069250e+00
1.195000000000006501e+01 1.808390837146055752e+00
1.197000000000006459e+01 1.826595172590255389e+00
1.199000000000006416e+01 1.787973153788998903e+00
1.201000000000006374e+01 1.809171584315175441e+00
1.203000000000006331e+01 1.743716611662648797e+00
1.205000000000006288e+01 1.722212561936283137e+00
1.207000000000006246e+01 1.724662542861587822e+00
1.209000000000006203e+01 1.730621596778717297e+00
1.211000000000006160e+01 1.712038690566466403e+00
1.213000000000006118e+01 1.676038381743784056e+00
1.215000000000006075e+01 1.674225041056438767e+00
1.217000000000006033e+01 1.690878074686327892e+00
1.219000000000005990e+01 1.625624817831804902e+00
1.221000000000005947e+01 1.633830786347230779e+00
1.223000000000005905e+01 1.627885563610422581e+00
1.225000000000005862e+01 1.582488787429807919e+00
1.227000000000005819e+01 1.650307517577100702e+00
1.229000000000005777e+01 1.590725015092246286e+00
1.231000000000005734e+01 1.589792931244570218e+00
1.233000000000005691e+01 1.526739766588566694e+00
1.235000000000005649e+01 1.564515043762815250e+00
1.237000000000005606e+01 1.569515005780396377e+00
1.239000000000005564e+01 1.536393644878503162e+00
1.241000000000005521e+01 1.527095704561736822e+00
1.243000000000005478e+01 1.537790530420826363e+00
1.245000000000005436e+01 1.483920158111357024e+00
1.247000000000005393e+01 1.493434055767352886e+00
1.249000000000005350e+01 1.458855365207313959e+00
1.251000000000005308e+01 1.468363129899476149e+00
1.253000000000005265e+01 1.467315521939386080e+00
1.255000000000005222e+01 1.401201845466853779e+00
1.257000000000005180e+01 1.397733105039652868e+00
1.259000000000005137e+01 1.406147287688640057e+00
1.261000000000005095e+01 1.404588182279036257e+00
1.263000000000005052e+01 1.361831409603376786e+00
1.265000000000005009e+01 1.386856758070992068e+00
1.267000000000004967e+01 1.372262293553071943e+00
1.269000000000004924e+01 1.304749725071623789e+00
1.271000000000004881e+01 1.337701214060721622e+00
1.273000000000004839e+01 1.285086352422933231e+00
1.275000000000004796e+01 1.295559173466207969e+00
1.277000000000004754e+01 1.292945510294746247e+00
1.279000000000004711e+01 1.292624707294834474e+00
1.281000000000004668e+01 1.262378924742989517e+00
1.283000000000004626e+01 1.233570305713631132e+00
1.285000000000004583e+01 1.255657019483255921e+00
1.287000000000004540e+01 1.219980647611376368e+00
1.289000000000004498e+01 1.202833122140303246e+00
1.291000000000004455e+01 1.170871405432817536e+00
1.293000000000004412e+01 1.172362992056517950e+00
1.295000000000004370e+01 1.226325060105877274e+00
1.297000000000004327e+01 1.172865999312976637e+00
1.299000000000004285e+01 1.145945404795503331e+00
1.301000000000004242e+01 1.136156957560637393e+00
1.303000000000004199e+01 1.118571345586099275e+00
1.305000000000004157e+01 1.146539845186500761e+00
1.307000000000004114e+01 1.106799999042913818e+00
1.309000000000004071e+01 1.081417420142037678e+00
1.311000000000004029e+01 1.088872055695087715e+00
1.313000000000003986e+01 1.109994271661423948e+00
1.315000000000003944e+01 1.040556022146472914e+00
1.317000000000003901e+01 1.063589922924223163e+00
1.319000000000003858e+01 1.054306831361599972e+00
1.321000000000003816e+01 1.011791216333491894e+00
1.323000000000003773e+01 1.025200489024593375e+00
1.325000000000003730e+01 1.004442129483988921e+00
1.327000000000003688e+01 9.845531274065117966e-01
1.329000000000003645e+01 9.511452687890570301e-01
1.331000000000003602e+01 9.816495077695485127e-01
1.333000000000003560e+01 9.535316576405006295e-01
1.335000000000003517e+01 9.438835526781861329e-01
1.337000000000003475e+01 9.102262265994569557e-01
1.339000000000003432e+01 8.958349083394993029e-01
1.341000000000003389e+01 8.690265019849502393e-01
1.343000000000003347e+01 8.558728280514777964e-01
1.345000000000003304e+01 8.707550587000320030e-01
1.347000000000003261e+01 8.639152370085112498e-01
1.349000000000003219e+01 8.300681065405023373e-01
1.351000000000003176e+01 7.921557272733932287e-01
1.353000000000003133e+01 8.213460762546199723e-01
1.355000000000003091e+01 7.849746431028058469e-01
1.357000000000003048e+01 7.675281416261764411e-01
1.359000000000003006e+01 7.554728689085141724e-01
1.361000000000002963e+01 7.642073185085049847e-01
1.363000000000002920e+01 7.426668474425898170e-01
1.365000000000002878e+01 7.366796711046100787e-01
1.367000000000002835e+01 7.249861001631380253e-01
1.369000000000002792e+01 7.001305849201501230e-01
1.371000000000002750e+01 6.851123531559600854e-01
1.373000000000002707e+01 6.739827742892404716e-01
1.375000000000002665e+01 6.656492177060263638e-01
1.377000000000002622e+01 6.681952118474239199e-01
1.379000000000002579e+01 6.170245123434666690e-01
1.381000000000002537e+01 6.117810777025090019e-01
1.383000000000002494e+01 5.974790342303575308e-01
1.385000000000002451e+01 5.911149933050987570e-01
1.387000000000002409e+01 5.673706073908283409e-01
1.389000000000002366e+01 5.474414484638164824e-01
1.391000000000002323e+01 5.478890000445614250e-01
1.393000000000002281e+01 5.409984898128271658e-01
1.395000000000002238e+01 5.170199900473892995e-01
1.397000000000002196e+01 4.929674921136391053e-01
1.399000000000002153e+01 4.880974509713886245e-01
1.401000000000002110e+01 4.767100312134923135e-01
1.403000000000002068e+01 4.755238564231135112e-01
1.405000000000002025e+01 4.464688310410553918e-01
1.407000000000001982e+01 4.431152222806878926e-01
1.409000000000001940e+01 4.576728171828101654e-01
1.411000000000001897e+01 4.260228848874831331e-01
1.413000000000001855e+01 4.333017390321885487e-01
1.415000000000001812e+01 3.959864295731316819e-01
1.417000000000001769e+01 3.714396774024854020e-01
1.419000000000001727e+01 3.811960703323825639e-01
1.421000000000001684e+01 3.389917794476439150e-01
1.423000000000001641e+01 3.302335263957464906e-01
1.425000000000001599e+01 3.262684526986577849e-01
1.427000000000001556e+01 3.051469489925620060e-01
1.429000000000001513e+01 2.920354909700667578e-01
1.431000000000001471e+01 2.746859387960035037e-01
1.433000000000001428e+01 2.469818213521290107e-01
1.435000000000001386e+01 2.429644661705240571e-01
1.437000000000001343e+01 2.263846333101365849e-01
1.439000000000001300e+01 2.121198950129459526e-01
1.441000000000001258e+01 2.003174943309347644e-01
1.443000000000001215e+01 1.806463175947159994e-01
1.445000000000001172e+01 1.744990502840915447e-01
1.447000000000001130e+01 1.339533994637746306e-01
1.449000000000001087e+01 1.174150490738428976e-01
1.451000000000001044e+01 1.117406344268233598e-01
1.453000000000001002e+01 8.736161008647756743e-02
1.455000000000000959e+01 5.713023552884532313e-02
1.457000000000000917e+01 5.110205619531248827e-02
1.459000000000000874e+01 5.079306499256579233e-02
1.461000000000000831e+01 5.054637752549678148e-02
1.463000000000000789e+01 3.918463194142718375e-02
1.465000000000000746e+01 3.634609001188653793e-02
1.467000000000000703e+01 3.330760486412463750e-02
1.469000000000000661e+01 2.220756205690399901e-02
1.471000000000000618e+01 1.665514767415328737e-02
1.473000000000000576e+01 5.576802152978097699e-03
1.475000000000000533e+01 5.500258900868916848e-03
1.477000000000000490e+01 0.000000000000000000e+00
1.479000000000000448e+01 0.000000000000000000e+00
1.481000000000000405e+01 0.000000000000000000e+00
1.483000000000000362e+01 0.000000000000000000e+00
1.485000000000000320e+01 0.000000000000000000e+00
1.487000000000000277e+01 0.000000000000000000e+00
1.489000000000000234e+01 0.000000000000000000e+00
1.491000000000000192e+01 0.000000000000000000e+00
1.493000000000000149e+01 0.000000000000000000e+00
1.495000000000000107e+01 0.000000000000000000e+00
1.497000000000000064e+01 0.000000000000000000e+00
1.499000000000000021e+01 0.000000000000000000e+00
