# Redshift		Merger Rate Density [Gpc^-3yr^-1]
1.000000000031931770e-02 4.563364330937542235e+01
3.000000000031888964e-02 4.665223103589664788e+01
5.000000000031846331e-02 4.788393898792785564e+01
7.000000000031804392e-02 4.835836946071526654e+01
9.000000000031761760e-02 4.944451044013419505e+01
1.100000000003171913e-01 5.028418311659775952e+01
1.300000000003167511e-01 5.137184497671611183e+01
1.500000000003163247e-01 5.205959135047107367e+01
1.700000000003158984e-01 5.299419911357810520e+01
1.900000000003154721e-01 5.443830304859481828e+01
2.100000000003150458e-01 5.492407585847622897e+01
2.300000000003146194e-01 5.605199035080190129e+01
2.500000000003141931e-01 5.733086407053001921e+01
2.700000000003137668e-01 5.804227725870153876e+01
2.900000000003133405e-01 5.886314122883675992e+01
3.100000000003129141e-01 6.004255207365121549e+01
3.300000000003124878e-01 6.092208509197671162e+01
3.500000000003120615e-01 6.217955738957331135e+01
3.700000000003116352e-01 6.299648268912389426e+01
3.900000000003112088e-01 6.419604421373288972e+01
4.100000000003107825e-01 6.514833757351404131e+01
4.300000000003103562e-01 6.689667575072986949e+01
4.500000000003099299e-01 6.744136302476769629e+01
4.700000000003095035e-01 6.932633767662090918e+01
4.900000000003090772e-01 7.002278083159818323e+01
5.100000000003086509e-01 7.154480058932945497e+01
5.300000000003082246e-01 7.276587325239130166e+01
5.500000000003077982e-01 7.360782556720940306e+01
5.700000000003073719e-01 7.512598987117530669e+01
5.900000000003069456e-01 7.617905083844350145e+01
6.100000000003065193e-01 7.801239466180818738e+01
6.300000000003060929e-01 7.871451090803066108e+01
6.500000000003056666e-01 8.094274416874714007e+01
6.700000000003052403e-01 8.165995322105204934e+01
6.900000000003048140e-01 8.362191660805733306e+01
7.100000000003043876e-01 8.504196792584407660e+01
7.300000000003039613e-01 8.553162496912054280e+01
7.500000000003035350e-01 8.781657223443890814e+01
7.700000000003031086e-01 8.930846531285592960e+01
7.900000000003026823e-01 8.997994616951831404e+01
8.100000000003022560e-01 9.236729676881962803e+01
8.300000000003018297e-01 9.299388578485279311e+01
8.500000000003014033e-01 9.507296761949649522e+01
8.700000000003009770e-01 9.680832683577909847e+01
8.900000000003005507e-01 9.664452345764675556e+01
9.100000000003001244e-01 9.885236280901727923e+01
9.300000000002996980e-01 1.000628402040291434e+02
9.500000000002992717e-01 1.019204149936445702e+02
9.700000000002988454e-01 1.027479005644308359e+02
9.900000000002984191e-01 1.047284049557424339e+02
1.010000000000297993e+00 1.062975479468284163e+02
1.030000000000297566e+00 1.069256553314781257e+02
1.050000000000297140e+00 1.085798652643971991e+02
1.070000000000296714e+00 1.091025364573136613e+02
1.090000000000296287e+00 1.116144274382548360e+02
1.110000000000295861e+00 1.128110708709729550e+02
1.130000000000295435e+00 1.144888700243659798e+02
1.150000000000295008e+00 1.149603402140308930e+02
1.170000000000294582e+00 1.166516880612951894e+02
1.190000000000294156e+00 1.178643492969310387e+02
1.210000000000293729e+00 1.196415620725302489e+02
1.230000000000293303e+00 1.205154194672770842e+02
1.250000000000292877e+00 1.216059125512541641e+02
1.270000000000292451e+00 1.243475942970924137e+02
1.290000000000292024e+00 1.239640582951219301e+02
1.310000000000291598e+00 1.260578309394950054e+02
1.330000000000291172e+00 1.274750685658182761e+02
1.350000000000290745e+00 1.284140599174606336e+02
1.370000000000290319e+00 1.295797623009126198e+02
1.390000000000289893e+00 1.314017199925591797e+02
1.410000000000289466e+00 1.314769723899459279e+02
1.430000000000289040e+00 1.328141221066387345e+02
1.450000000000288614e+00 1.342390521856108023e+02
1.470000000000288187e+00 1.354605639760085580e+02
1.490000000000287761e+00 1.364442181194968953e+02
1.510000000000287335e+00 1.379182895907214288e+02
1.530000000000286908e+00 1.382221787396012189e+02
1.550000000000286482e+00 1.396589313585846810e+02
1.570000000000286056e+00 1.411295709060857178e+02
1.590000000000285629e+00 1.419038283428619991e+02
1.610000000000285203e+00 1.418376528259221629e+02
1.630000000000284777e+00 1.429613382148074550e+02
1.650000000000284350e+00 1.453637501620807484e+02
1.670000000000283924e+00 1.445763416729735127e+02
1.690000000000283498e+00 1.459832023580359248e+02
1.710000000000283071e+00 1.467730684013326936e+02
1.730000000000282645e+00 1.482159040682565490e+02
1.750000000000282219e+00 1.474564565266633167e+02
1.770000000000281792e+00 1.495496920379549977e+02
1.790000000000281366e+00 1.499524740888203951e+02
1.810000000000280940e+00 1.500896478540333590e+02
1.830000000000280513e+00 1.505484420873397937e+02
1.850000000000280087e+00 1.529491607252688539e+02
1.870000000000279661e+00 1.512621355611961746e+02
1.890000000000279234e+00 1.533447272912561914e+02
1.910000000000278808e+00 1.517299659109761194e+02
1.930000000000278382e+00 1.537352995767392372e+02
1.950000000000277955e+00 1.541102564698391006e+02
1.970000000000277529e+00 1.540642713297136766e+02
1.990000000000277103e+00 1.530116397185256005e+02
2.010000000000276899e+00 1.552408807969130748e+02
2.030000000000276472e+00 1.545885717583371672e+02
2.050000000000276046e+00 1.546852789845968914e+02
2.070000000000275620e+00 1.539582848209105919e+02
2.090000000000275193e+00 1.550987471716391610e+02
2.110000000000274767e+00 1.540636383644043690e+02
2.130000000000274341e+00 1.556703900083053327e+02
2.150000000000273914e+00 1.556983883436303131e+02
2.170000000000273488e+00 1.538198474508823210e+02
2.190000000000273062e+00 1.546773621956404270e+02
2.210000000000272635e+00 1.545041249453406920e+02
2.230000000000272209e+00 1.536322434226398457e+02
2.250000000000271783e+00 1.537750236398005086e+02
2.270000000000271356e+00 1.531049461462828845e+02
2.290000000000270930e+00 1.530408063857408365e+02
2.310000000000270504e+00 1.534803965672203674e+02
2.330000000000270077e+00 1.520256617150112106e+02
2.350000000000269651e+00 1.516099486543100454e+02
2.370000000000269225e+00 1.507873819221235863e+02
2.390000000000268798e+00 1.507055879185390950e+02
2.410000000000268372e+00 1.515397404354179400e+02
2.430000000000267946e+00 1.498109954717305357e+02
2.450000000000267519e+00 1.496125266094045685e+02
2.470000000000267093e+00 1.485205768324254905e+02
2.490000000000266667e+00 1.488725378534806225e+02
2.510000000000266240e+00 1.469813387437599488e+02
2.530000000000265814e+00 1.470822577091526284e+02
2.550000000000265388e+00 1.469830708104929045e+02
2.570000000000264961e+00 1.451279408489858724e+02
2.590000000000264535e+00 1.433387538203974714e+02
2.610000000000264109e+00 1.448211708669694531e+02
2.630000000000263682e+00 1.437119672340097623e+02
2.650000000000263256e+00 1.422425254379986086e+02
2.670000000000262830e+00 1.409346536160904009e+02
2.690000000000262403e+00 1.407944369615855749e+02
2.710000000000261977e+00 1.395299863324563887e+02
2.730000000000261551e+00 1.387185728559401241e+02
2.750000000000261124e+00 1.382921178484527616e+02
2.770000000000260698e+00 1.374735066060970894e+02
2.790000000000260272e+00 1.371208048011173446e+02
2.810000000000259845e+00 1.352396673209167375e+02
2.830000000000259419e+00 1.338845682319299897e+02
2.850000000000258993e+00 1.337766968312768370e+02
2.870000000000258567e+00 1.328199108123221777e+02
2.890000000000258140e+00 1.316550637352987394e+02
2.910000000000257714e+00 1.308398003803308427e+02
2.930000000000257288e+00 1.311578078757857782e+02
2.950000000000256861e+00 1.294452285429127301e+02
2.970000000000256435e+00 1.276744471582366174e+02
2.990000000000256009e+00 1.269034768281695449e+02
3.010000000000255582e+00 1.273467105851391352e+02
3.030000000000255156e+00 1.240445963212332856e+02
3.050000000000254730e+00 1.249810020319802675e+02
3.070000000000254303e+00 1.225588736065042212e+02
3.090000000000253877e+00 1.233296292154930001e+02
3.110000000000253451e+00 1.216324232479680916e+02
3.130000000000253024e+00 1.197352810008064239e+02
3.150000000000252598e+00 1.187950978412961121e+02
3.170000000000252172e+00 1.188968857095368179e+02
3.190000000000251745e+00 1.175542574130317917e+02
3.210000000000251319e+00 1.164397348454690473e+02
3.230000000000250893e+00 1.156829467243535987e+02
3.250000000000250466e+00 1.144844287000380234e+02
3.270000000000250040e+00 1.135625643765531123e+02
3.290000000000249614e+00 1.134789188673858860e+02
3.310000000000249187e+00 1.110989956447629510e+02
3.330000000000248761e+00 1.109622643481159656e+02
3.350000000000248335e+00 1.095112544272373469e+02
3.370000000000247908e+00 1.090467573636669272e+02
3.390000000000247482e+00 1.071750586810386920e+02
3.410000000000247056e+00 1.069982110974161742e+02
3.430000000000246629e+00 1.058896966767065919e+02
3.450000000000246203e+00 1.044845748426219529e+02
3.470000000000245777e+00 1.038394433177071505e+02
3.490000000000245350e+00 1.034119746424208017e+02
3.510000000000244924e+00 1.023941694442597168e+02
3.530000000000244498e+00 1.005602871485243526e+02
3.550000000000244071e+00 1.006895906843058981e+02
3.570000000000243645e+00 9.872621671773390517e+01
3.590000000000243219e+00 9.898983855982278612e+01
3.610000000000242792e+00 9.703636888566776975e+01
3.630000000000242366e+00 9.672789695905784413e+01
3.650000000000241940e+00 9.532017478814410083e+01
3.670000000000241513e+00 9.518665310588754380e+01
3.690000000000241087e+00 9.296528161746377350e+01
3.710000000000240661e+00 9.391311597039866399e+01
3.730000000000240234e+00 9.149827220104343439e+01
3.750000000000239808e+00 9.071225190405689887e+01
3.770000000000239382e+00 9.049607534607550008e+01
3.790000000000238956e+00 8.962512647137783972e+01
3.810000000000238529e+00 8.817429203414350525e+01
3.830000000000238103e+00 8.733647752480639781e+01
3.850000000000237677e+00 8.726073797475301319e+01
3.870000000000237250e+00 8.604363282440520777e+01
3.890000000000236824e+00 8.485125179888997593e+01
3.910000000000236398e+00 8.374570792052544732e+01
3.930000000000235971e+00 8.371980088230247929e+01
3.950000000000235545e+00 8.201681983457770286e+01
3.970000000000235119e+00 8.172104462527094881e+01
3.990000000000234692e+00 8.074005831147619006e+01
4.010000000000234266e+00 7.974595279243580137e+01
4.030000000000233840e+00 7.921481626633594431e+01
4.050000000000233413e+00 7.763580445044529199e+01
4.070000000000232987e+00 7.764675726092966102e+01
4.090000000000232561e+00 7.700552847808036461e+01
4.110000000000232134e+00 7.592217297997601122e+01
4.130000000000231708e+00 7.464564628280183456e+01
4.150000000000231282e+00 7.442981631711785440e+01
4.170000000000230855e+00 7.344166006851858697e+01
4.190000000000230429e+00 7.274921170419580108e+01
4.210000000000230003e+00 7.181402218900193191e+01
4.230000000000229576e+00 7.085468596520678375e+01
4.250000000000229150e+00 7.090276101134605824e+01
4.270000000000228724e+00 6.900240528684727792e+01
4.290000000000228297e+00 6.922270165801627684e+01
4.310000000000227871e+00 6.859447648068608316e+01
4.330000000000227445e+00 6.738491895585815428e+01
4.350000000000227018e+00 6.632137768866950012e+01
4.370000000000226592e+00 6.546809645111963505e+01
4.390000000000226166e+00 6.561893685074619498e+01
4.410000000000225739e+00 6.403820483367208283e+01
4.430000000000225313e+00 6.403668720805380588e+01
4.450000000000224887e+00 6.264073607372899488e+01
4.470000000000224460e+00 6.263224896634280725e+01
4.490000000000224034e+00 6.190413249682941199e+01
4.510000000000223608e+00 6.012459005939426504e+01
4.530000000000223181e+00 6.031887582050549668e+01
4.550000000000222755e+00 5.981644760787215631e+01
4.570000000000222329e+00 5.810631227023144163e+01
4.590000000000221902e+00 5.770721034443366904e+01
4.610000000000221476e+00 5.796788876659325496e+01
4.630000000000221050e+00 5.701517768909785389e+01
4.650000000000220624e+00 5.604653185188784903e+01
4.670000000000220197e+00 5.508887607550264676e+01
4.690000000000219771e+00 5.501546337614875171e+01
4.710000000000219345e+00 5.405834595439480950e+01
4.730000000000218918e+00 5.344371452113027487e+01
4.750000000000218492e+00 5.292458486239037541e+01
4.770000000000218066e+00 5.194858846801935925e+01
4.790000000000217639e+00 5.153975559455049904e+01
4.810000000000217213e+00 5.079683645952965065e+01
4.830000000000216787e+00 5.100293187555880792e+01
4.850000000000216360e+00 4.955252602633472492e+01
4.870000000000215934e+00 4.901386880900530940e+01
4.890000000000215508e+00 4.834470865527681127e+01
4.910000000000215081e+00 4.780770973057558848e+01
4.930000000000214655e+00 4.740519668680459375e+01
4.950000000000214229e+00 4.663500302406306730e+01
4.970000000000213802e+00 4.604841417930457936e+01
4.990000000000213376e+00 4.567972957623582175e+01
5.010000000000212950e+00 4.488862723361732066e+01
5.030000000000212523e+00 4.442153724697947581e+01
5.050000000000212097e+00 4.384549139009025964e+01
5.070000000000211671e+00 4.342394194406205088e+01
5.090000000000211244e+00 4.304103575823354078e+01
5.110000000000210818e+00 4.208508445300521572e+01
5.130000000000210392e+00 4.133169092863597882e+01
5.150000000000209965e+00 4.096091341204045477e+01
5.170000000000209539e+00 4.056795219572816080e+01
5.190000000000209113e+00 4.025328757933587553e+01
5.210000000000208686e+00 3.940648869976372737e+01
5.230000000000208260e+00 3.872719742387667452e+01
5.250000000000207834e+00 3.840989298280734943e+01
5.270000000000207407e+00 3.840141291072194463e+01
5.290000000000206981e+00 3.787233407913287664e+01
5.310000000000206555e+00 3.678037512966123046e+01
5.330000000000206128e+00 3.620244561613006340e+01
5.350000000000205702e+00 3.571759220523094314e+01
5.370000000000205276e+00 3.557862740268323165e+01
5.390000000000204849e+00 3.513851752481905066e+01
5.410000000000204423e+00 3.468233017129460904e+01
5.430000000000203997e+00 3.417339589404548406e+01
5.450000000000203570e+00 3.369210853313623488e+01
5.470000000000203144e+00 3.305185880388565067e+01
5.490000000000202718e+00 3.283421376291195060e+01
5.510000000000202292e+00 3.230321035188828915e+01
5.530000000000201865e+00 3.156691229674934362e+01
5.550000000000201439e+00 3.154211793654836882e+01
5.570000000000201013e+00 3.123639960472469568e+01
5.590000000000200586e+00 3.029338682096758717e+01
5.610000000000200160e+00 2.995280128583963020e+01
5.630000000000199734e+00 2.970488417387280577e+01
5.650000000000199307e+00 2.929351520543216125e+01
5.670000000000198881e+00 2.896783195046438664e+01
5.690000000000198455e+00 2.824710015773123573e+01
5.710000000000198028e+00 2.830226082881030791e+01
5.730000000000197602e+00 2.767403370144309349e+01
5.750000000000197176e+00 2.715502717494953444e+01
5.770000000000196749e+00 2.702612244951999187e+01
5.790000000000196323e+00 2.663365228193866585e+01
5.810000000000195897e+00 2.605958445307367910e+01
5.830000000000195470e+00 2.571494423397476581e+01
5.850000000000195044e+00 2.551174926694914191e+01
5.870000000000194618e+00 2.507431163775361682e+01
5.890000000000194191e+00 2.462595036973190687e+01
5.910000000000193765e+00 2.411562033378539383e+01
5.930000000000193339e+00 2.398829813962373336e+01
5.950000000000192912e+00 2.366696721550935933e+01
5.970000000000192486e+00 2.345901373133538570e+01
5.990000000000192060e+00 2.288180115105787493e+01
6.010000000000191633e+00 2.263371708157052353e+01
6.030000000000191207e+00 2.215479740278819420e+01
6.050000000000190781e+00 2.205135421163473097e+01
6.070000000000190354e+00 2.159832811881227599e+01
6.090000000000189928e+00 2.141897967236340250e+01
6.110000000000189502e+00 2.096815426477534317e+01
6.130000000000189075e+00 2.063773715746377846e+01
6.150000000000188649e+00 2.047833971405602327e+01
6.170000000000188223e+00 2.013286537040452373e+01
6.190000000000187796e+00 1.969375818715266391e+01
6.210000000000187370e+00 1.939337270735595808e+01
6.230000000000186944e+00 1.922870858111565795e+01
6.250000000000186517e+00 1.897234745764950858e+01
6.270000000000186091e+00 1.874644839523722339e+01
6.290000000000185665e+00 1.864021012567611990e+01
6.310000000000185238e+00 1.808851181752574178e+01
6.330000000000184812e+00 1.783875730297641127e+01
6.350000000000184386e+00 1.745042989946762191e+01
6.370000000000183960e+00 1.741338338566443156e+01
6.390000000000183533e+00 1.709182438812807092e+01
6.410000000000183107e+00 1.684311151911868620e+01
6.430000000000182681e+00 1.658241742992285594e+01
6.450000000000182254e+00 1.630644532678141445e+01
6.470000000000181828e+00 1.614275252004725303e+01
6.490000000000181402e+00 1.576148461951252955e+01
6.510000000000180975e+00 1.550718193501960585e+01
6.530000000000180549e+00 1.554276242241303052e+01
6.550000000000180123e+00 1.522023505366759188e+01
6.570000000000179696e+00 1.497600630812064892e+01
6.590000000000179270e+00 1.474220046579462462e+01
6.610000000000178844e+00 1.448224151043333663e+01
6.630000000000178417e+00 1.431979004801622501e+01
6.650000000000177991e+00 1.429234343444545274e+01
6.670000000000177565e+00 1.391550858953125669e+01
6.690000000000177138e+00 1.359458439254835938e+01
6.710000000000176712e+00 1.360566291542397543e+01
6.730000000000176286e+00 1.326250965635062684e+01
6.750000000000175859e+00 1.303803477254040999e+01
6.770000000000175433e+00 1.298385183361227391e+01
6.790000000000175007e+00 1.276379600028697325e+01
6.810000000000174580e+00 1.251491378696548118e+01
6.830000000000174154e+00 1.244536908731390668e+01
6.850000000000173728e+00 1.216663035841896345e+01
6.870000000000173301e+00 1.197299397971112356e+01
6.890000000000172875e+00 1.196520294318021982e+01
6.910000000000172449e+00 1.171709321703271911e+01
6.930000000000172022e+00 1.146155124797358837e+01
6.950000000000171596e+00 1.138306611873854202e+01
6.970000000000171170e+00 1.126051176505501061e+01
6.990000000000170743e+00 1.109365241948314917e+01
7.010000000000170317e+00 1.099565788587642601e+01
7.030000000000169891e+00 1.090702073865727684e+01
7.050000000000169464e+00 1.056789953134610194e+01
7.070000000000169038e+00 1.048329833262291721e+01
7.090000000000168612e+00 1.031518574120231335e+01
7.110000000000168185e+00 1.028472291472131417e+01
7.130000000000167759e+00 1.021053526426215718e+01
7.150000000000167333e+00 9.900431016750173896e+00
7.170000000000166906e+00 9.863303668057845641e+00
7.190000000000166480e+00 9.655119791104976201e+00
7.210000000000166054e+00 9.487585547588642143e+00
7.230000000000165628e+00 9.440156786320146765e+00
7.250000000000165201e+00 9.330666310097980087e+00
7.270000000000164775e+00 9.096366617897118090e+00
7.290000000000164349e+00 9.120148364615307202e+00
7.310000000000163922e+00 9.022682726457528446e+00
7.330000000000163496e+00 8.896207460352677288e+00
7.350000000000163070e+00 8.778123332602019602e+00
7.370000000000162643e+00 8.622090804819718457e+00
7.390000000000162217e+00 8.564338994873876842e+00
7.410000000000161791e+00 8.387076853481675087e+00
7.430000000000161364e+00 8.345155574503214879e+00
7.450000000000160938e+00 8.238219107846157740e+00
7.470000000000160512e+00 8.140936573052981018e+00
7.490000000000160085e+00 8.143062162741351528e+00
7.510000000000159659e+00 8.044126154257648764e+00
7.530000000000159233e+00 7.885012128580565438e+00
7.550000000000158806e+00 7.795281341223344818e+00
7.570000000000158380e+00 7.672937752236826725e+00
7.590000000000157954e+00 7.659751746287186691e+00
7.610000000000157527e+00 7.496329024078233871e+00
7.630000000000157101e+00 7.570959634558046325e+00
7.650000000000156675e+00 7.460149980492923660e+00
7.670000000000156248e+00 7.312320420891508022e+00
7.690000000000155822e+00 7.152297845378308594e+00
7.710000000000155396e+00 7.184573863342014199e+00
7.730000000000154969e+00 7.086623821404445245e+00
7.750000000000154543e+00 7.042102698039450104e+00
7.770000000000154117e+00 6.935634848688586374e+00
7.790000000000153690e+00 6.851114074631468931e+00
7.810000000000153264e+00 6.841718658651466889e+00
7.830000000000152838e+00 6.824202590011063663e+00
7.850000000000152411e+00 6.726146233106058858e+00
7.870000000000151985e+00 6.605619360082733316e+00
7.890000000000151559e+00 6.561797864038971362e+00
7.910000000000151132e+00 6.502604716441124033e+00
7.930000000000150706e+00 6.436712127587371768e+00
7.950000000000150280e+00 6.373357254487373780e+00
7.970000000000149853e+00 6.305098061211866778e+00
7.990000000000149427e+00 6.231830059818014078e+00
8.010000000000149001e+00 6.214971334738189412e+00
8.030000000000148574e+00 6.204379867970136964e+00
8.050000000000148148e+00 6.102931624298299162e+00
8.070000000000147722e+00 6.016177120506744913e+00
8.090000000000147296e+00 6.008831723551024240e+00
8.110000000000146869e+00 5.938915661997953954e+00
8.130000000000146443e+00 5.898887304915892749e+00
8.150000000000146017e+00 5.833888531101946384e+00
8.170000000000145590e+00 5.830007213184720705e+00
8.190000000000145164e+00 5.711343280148970969e+00
8.210000000000144738e+00 5.680616804305377521e+00
8.230000000000144311e+00 5.632814073087972773e+00
8.250000000000143885e+00 5.588267456109843323e+00
8.270000000000143459e+00 5.598010721219843333e+00
8.290000000000143032e+00 5.557913472625739537e+00
8.310000000000142606e+00 5.502558896168305402e+00
8.330000000000142180e+00 5.408549306902722620e+00
8.350000000000141753e+00 5.446593645735866573e+00
8.370000000000141327e+00 5.326894074104259857e+00
8.390000000000140901e+00 5.283696616891556452e+00
8.410000000000140474e+00 5.316394604855297246e+00
8.430000000000140048e+00 5.247841032075546863e+00
8.450000000000139622e+00 5.192624976967435302e+00
8.470000000000139195e+00 5.122349134323804343e+00
8.490000000000138769e+00 5.124850477824691275e+00
8.510000000000138343e+00 5.075345629888334820e+00
8.530000000000137916e+00 5.004322907333722981e+00
8.550000000000137490e+00 5.084399650018247563e+00
8.570000000000137064e+00 4.985410496801971902e+00
8.590000000000136637e+00 4.993271666164528888e+00
8.610000000000136211e+00 4.892564235275410844e+00
8.630000000000135785e+00 4.898943803208098302e+00
8.650000000000135358e+00 4.847311083952023480e+00
8.670000000000134932e+00 4.860050546242227654e+00
8.690000000000134506e+00 4.765018308045560147e+00
8.710000000000134079e+00 4.694268507977319871e+00
8.730000000000133653e+00 4.760181229312787643e+00
8.750000000000133227e+00 4.701252698214775094e+00
8.770000000000132800e+00 4.632840101051096227e+00
8.790000000000132374e+00 4.631173396669988840e+00
8.810000000000131948e+00 4.668412801528990741e+00
8.830000000000131521e+00 4.582151922865752347e+00
8.850000000000131095e+00 4.564213317772182421e+00
8.870000000000130669e+00 4.504661053556191952e+00
8.890000000000130242e+00 4.524505966721044992e+00
8.910000000000129816e+00 4.476911425262512623e+00
8.930000000000129390e+00 4.443483978622573716e+00
8.950000000000128964e+00 4.431469446945253132e+00
8.970000000000128537e+00 4.413333220268326862e+00
8.990000000000128111e+00 4.331369276403626678e+00
9.010000000000127685e+00 4.367871224377959827e+00
9.030000000000127258e+00 4.298693262401513060e+00
9.050000000000126832e+00 4.331436550164430521e+00
9.070000000000126406e+00 4.294054474159174184e+00
9.090000000000125979e+00 4.212459758588771308e+00
9.110000000000125553e+00 4.206731627948706809e+00
9.130000000000125127e+00 4.202246380956753846e+00
9.150000000000124700e+00 4.164085193790314499e+00
9.170000000000124274e+00 4.174124320832073742e+00
9.190000000000123848e+00 4.122536414471278832e+00
9.210000000000123421e+00 4.109107749002065546e+00
9.230000000000122995e+00 4.148489795893607557e+00
9.250000000000122569e+00 4.030125201488346853e+00
9.270000000000122142e+00 4.085816602410627496e+00
9.290000000000121716e+00 3.980247068064996174e+00
9.310000000000121290e+00 3.990469532623155846e+00
9.330000000000120863e+00 3.990609197228586869e+00
9.350000000000120437e+00 3.948874526217558412e+00
9.370000000000120011e+00 3.984626076809879347e+00
9.390000000000119584e+00 3.875426479531170365e+00
9.410000000000119158e+00 3.896875654404973410e+00
9.430000000000118732e+00 3.901047983695058452e+00
9.450000000000118305e+00 3.831176047648565675e+00
9.470000000000117879e+00 3.829008404092108186e+00
9.490000000000117453e+00 3.812076703283717727e+00
9.510000000000117026e+00 3.815362825519712509e+00
9.530000000000116600e+00 3.745366399236973010e+00
9.550000000000116174e+00 3.700121567376981613e+00
9.570000000000115747e+00 3.767195609083866970e+00
9.590000000000115321e+00 3.738031370100082018e+00
9.610000000000114895e+00 3.661574841830440796e+00
9.630000000000114468e+00 3.626981477272755772e+00
9.650000000000114042e+00 3.686490266345898714e+00
9.670000000000113616e+00 3.589073382695008085e+00
9.690000000000113189e+00 3.643498284846401258e+00
9.710000000000112763e+00 3.571969455207005595e+00
9.730000000000112337e+00 3.579073853507106051e+00
9.750000000000111910e+00 3.544753679585763262e+00
9.770000000000111484e+00 3.542766016949381758e+00
9.790000000000111058e+00 3.534878350657225443e+00
9.810000000000110632e+00 3.509462869716380773e+00
9.830000000000110205e+00 3.463214885014203048e+00
9.850000000000109779e+00 3.448693114884894939e+00
9.870000000000109353e+00 3.446876245744401324e+00
9.890000000000108926e+00 3.406140542248496494e+00
9.910000000000108500e+00 3.441200253641675921e+00
9.930000000000108074e+00 3.387861830276421404e+00
9.950000000000107647e+00 3.403343142474153371e+00
9.970000000000107221e+00 3.335354612191456791e+00
9.990000000000106795e+00 3.342200226799636908e+00
1.001000000000010637e+01 3.331541829734219640e+00
1.003000000000010594e+01 3.298431184314437381e+00
1.005000000000010552e+01 3.295988086083023738e+00
1.007000000000010509e+01 3.273598585201913824e+00
1.009000000000010466e+01 3.272857362651693247e+00
1.011000000000010424e+01 3.228085443287449063e+00
1.013000000000010381e+01 3.232859349126325998e+00
1.015000000000010338e+01 3.201410407411279024e+00
1.017000000000010296e+01 3.178162015862140866e+00
1.019000000000010253e+01 3.170921187406944064e+00
1.021000000000010210e+01 3.143522274465726962e+00
1.023000000000010168e+01 3.163109661710074683e+00
1.025000000000010125e+01 3.119673642423575366e+00
1.027000000000010083e+01 3.091402669776436074e+00
1.029000000000010040e+01 3.105904903351303759e+00
1.031000000000009997e+01 3.048960442455118880e+00
1.033000000000009955e+01 3.019431868816262021e+00
1.035000000000009912e+01 3.057040390660434426e+00
1.037000000000009869e+01 3.062070475336338138e+00
1.039000000000009827e+01 2.956492964324628492e+00
1.041000000000009784e+01 2.994734765746066341e+00
1.043000000000009742e+01 2.979901312645248712e+00
1.045000000000009699e+01 2.979784462939762069e+00
1.047000000000009656e+01 2.948616821198615234e+00
1.049000000000009614e+01 2.930222785360477644e+00
1.051000000000009571e+01 2.896518718749063748e+00
1.053000000000009528e+01 2.907286105968577949e+00
1.055000000000009486e+01 2.885234307929561925e+00
1.057000000000009443e+01 2.830631184520715049e+00
1.059000000000009400e+01 2.848874902283981658e+00
1.061000000000009358e+01 2.803312281320153865e+00
1.063000000000009315e+01 2.859241330445482454e+00
1.065000000000009273e+01 2.800227194162983491e+00
1.067000000000009230e+01 2.796640898097976891e+00
1.069000000000009187e+01 2.706799823911895331e+00
1.071000000000009145e+01 2.725555047106865469e+00
1.073000000000009102e+01 2.732904428528727170e+00
1.075000000000009059e+01 2.687203730667220292e+00
1.077000000000009017e+01 2.699114649968254120e+00
1.079000000000008974e+01 2.716750145325243615e+00
1.081000000000008932e+01 2.663099148459542764e+00
1.083000000000008889e+01 2.633886482750562141e+00
1.085000000000008846e+01 2.618505686768385576e+00
1.087000000000008804e+01 2.606659343497073067e+00
1.089000000000008761e+01 2.621262873267116156e+00
1.091000000000008718e+01 2.581865458601297902e+00
1.093000000000008676e+01 2.589572642461483998e+00
1.095000000000008633e+01 2.567594377794103266e+00
1.097000000000008590e+01 2.522348449075583421e+00
1.099000000000008548e+01 2.556548185870340717e+00
1.101000000000008505e+01 2.480696017516179186e+00
1.103000000000008463e+01 2.490503256704080570e+00
1.105000000000008420e+01 2.461133900530201757e+00
1.107000000000008377e+01 2.453939707010887261e+00
1.109000000000008335e+01 2.465706081302654340e+00
1.111000000000008292e+01 2.412579366142375115e+00
1.113000000000008249e+01 2.439611447157866042e+00
1.115000000000008207e+01 2.408811132478717365e+00
1.117000000000008164e+01 2.368104673415074135e+00
1.119000000000008122e+01 2.363132505638812830e+00
1.121000000000008079e+01 2.363242459373642745e+00
1.123000000000008036e+01 2.338147240105985070e+00
1.125000000000007994e+01 2.342867779657638483e+00
1.127000000000007951e+01 2.317563677826096402e+00
1.129000000000007908e+01 2.357589946015601789e+00
1.131000000000007866e+01 2.306092255005412817e+00
1.133000000000007823e+01 2.285975957721809948e+00
1.135000000000007780e+01 2.243608329025442938e+00
1.137000000000007738e+01 2.240666522992887266e+00
1.139000000000007695e+01 2.265997294937532214e+00
1.141000000000007653e+01 2.235556745573529014e+00
1.143000000000007610e+01 2.210082734626699796e+00
1.145000000000007567e+01 2.200801878085892671e+00
1.147000000000007525e+01 2.185470624298107900e+00
1.149000000000007482e+01 2.148080776832672623e+00
1.151000000000007439e+01 2.192872460161650050e+00
1.153000000000007397e+01 2.143804901526878304e+00
1.155000000000007354e+01 2.128788912587837867e+00
1.157000000000007311e+01 2.103087029295005017e+00
1.159000000000007269e+01 2.108548822130127842e+00
1.161000000000007226e+01 2.061249138589859697e+00
1.163000000000007184e+01 2.055076199871079812e+00
1.165000000000007141e+01 2.047621540365377690e+00
1.167000000000007098e+01 2.020327366584551143e+00
1.169000000000007056e+01 2.027594589632245814e+00
1.171000000000007013e+01 2.028343441092798738e+00
1.173000000000006970e+01 1.997466437531896455e+00
1.175000000000006928e+01 1.983668111025683300e+00
1.177000000000006885e+01 1.994902425814700342e+00
1.179000000000006843e+01 1.984099181812058132e+00
1.181000000000006800e+01 1.884280552850173374e+00
1.183000000000006757e+01 1.931021197673015832e+00
1.185000000000006715e+01 1.922990114341932788e+00
1.187000000000006672e+01 1.898176100582970927e+00
1.189000000000006629e+01 1.872123931904024152e+00
1.191000000000006587e+01 1.862694599607935153e+00
1.193000000000006544e+01 1.862231023473313707e+00
1.195000000000006501e+01 1.874307919256869015e+00
1.197000000000006459e+01 1.831577871900575971e+00
1.199000000000006416e+01 1.821047319410454168e+00
1.201000000000006374e+01 1.855215864448228169e+00
1.203000000000006331e+01 1.796549797045666752e+00
1.205000000000006288e+01 1.769068887927264910e+00
1.207000000000006246e+01 1.796883446866685441e+00
1.209000000000006203e+01 1.729764962365998970e+00
1.211000000000006160e+01 1.774816492204786877e+00
1.213000000000006118e+01 1.747032408884624965e+00
1.215000000000006075e+01 1.721990576967302733e+00
1.217000000000006033e+01 1.747378814994932528e+00
1.219000000000005990e+01 1.735728800981947595e+00
1.221000000000005947e+01 1.699186746624860467e+00
1.223000000000005905e+01 1.688315865050740161e+00
1.225000000000005862e+01 1.696076081506209254e+00
1.227000000000005819e+01 1.638941598934033905e+00
1.229000000000005777e+01 1.638036649560972613e+00
1.231000000000005734e+01 1.675185713156873257e+00
1.233000000000005691e+01 1.617048130887899227e+00
1.235000000000005649e+01 1.601671130148822453e+00
1.237000000000005606e+01 1.635904157166615080e+00
1.239000000000005564e+01 1.571246658182660960e+00
1.241000000000005521e+01 1.563202034695877485e+00
1.243000000000005478e+01 1.558227085876506601e+00
1.245000000000005436e+01 1.572350498547420816e+00
1.247000000000005393e+01 1.537647002515974526e+00
1.249000000000005350e+01 1.540397644034295910e+00
1.251000000000005308e+01 1.488710124383339606e+00
1.253000000000005265e+01 1.493350379639060588e+00
1.255000000000005222e+01 1.483119556136609285e+00
1.257000000000005180e+01 1.492750830645976023e+00
1.259000000000005137e+01 1.447917518242076707e+00
1.261000000000005095e+01 1.442269881316861735e+00
1.263000000000005052e+01 1.439321703258688689e+00
1.265000000000005009e+01 1.435098343963576939e+00
1.267000000000004967e+01 1.447637852506713729e+00
1.269000000000004924e+01 1.400391143515773207e+00
1.271000000000004881e+01 1.374392492342950911e+00
1.273000000000004839e+01 1.395319994812985520e+00
1.275000000000004796e+01 1.376520798505456167e+00
1.277000000000004754e+01 1.336253630310475060e+00
1.279000000000004711e+01 1.361915976361428360e+00
1.281000000000004668e+01 1.349833950855887199e+00
1.283000000000004626e+01 1.300245073644252569e+00
1.285000000000004583e+01 1.303531563436176377e+00
1.287000000000004540e+01 1.328753957948932474e+00
1.289000000000004498e+01 1.299335758936207341e+00
1.291000000000004455e+01 1.273141840542848291e+00
1.293000000000004412e+01 1.258029024225304493e+00
1.295000000000004370e+01 1.244407326621698617e+00
1.297000000000004327e+01 1.279858427504775298e+00
1.299000000000004285e+01 1.256531621254121323e+00
1.301000000000004242e+01 1.230536911437853043e+00
1.303000000000004199e+01 1.160007884186621041e+00
1.305000000000004157e+01 1.211722936297455755e+00
1.307000000000004114e+01 1.164292061529656808e+00
1.309000000000004071e+01 1.190920218865083813e+00
1.311000000000004029e+01 1.140256533209066614e+00
1.313000000000003986e+01 1.148794550954441496e+00
1.315000000000003944e+01 1.131202481513459590e+00
1.317000000000003901e+01 1.124467548462206201e+00
1.319000000000003858e+01 1.083236674128978283e+00
1.321000000000003816e+01 1.099996403974398351e+00
1.323000000000003773e+01 1.070000041926105538e+00
1.325000000000003730e+01 1.055775532660274019e+00
1.327000000000003688e+01 1.006829107798182799e+00
1.329000000000003645e+01 1.032081396369378901e+00
1.331000000000003602e+01 1.044333416342914100e+00
1.333000000000003560e+01 1.016032030894778115e+00
1.335000000000003517e+01 1.021838871877439381e+00
1.337000000000003475e+01 9.781171606487470971e-01
1.339000000000003432e+01 9.867835915470050123e-01
1.341000000000003389e+01 9.317099142256384248e-01
1.343000000000003347e+01 9.389260014872864435e-01
1.345000000000003304e+01 9.340413185094064152e-01
1.347000000000003261e+01 9.290732066828850666e-01
1.349000000000003219e+01 9.167784145090560610e-01
1.351000000000003176e+01 8.870619662703788100e-01
1.353000000000003133e+01 8.688613067490018604e-01
1.355000000000003091e+01 8.411298208262165677e-01
1.357000000000003048e+01 8.186980021556989895e-01
1.359000000000003006e+01 8.028991970873878836e-01
1.361000000000002963e+01 8.181249336057964117e-01
1.363000000000002920e+01 7.802585967092959818e-01
1.365000000000002878e+01 7.473798107076357056e-01
1.367000000000002835e+01 7.386573818464128305e-01
1.369000000000002792e+01 7.451850985895960289e-01
1.371000000000002750e+01 7.277661281521755621e-01
1.373000000000002707e+01 7.224177269394264078e-01
1.375000000000002665e+01 6.984551864528869558e-01
1.377000000000002622e+01 6.818081717143587017e-01
1.379000000000002579e+01 6.689742188056205796e-01
1.381000000000002537e+01 6.488018736592054969e-01
1.383000000000002494e+01 6.355626923217532198e-01
1.385000000000002451e+01 6.137497775043690984e-01
1.387000000000002409e+01 6.083666373535360217e-01
1.389000000000002366e+01 5.963482187883516472e-01
1.391000000000002323e+01 5.885225073239483962e-01
1.393000000000002281e+01 5.659372866730213447e-01
1.395000000000002238e+01 5.254036063431848369e-01
1.397000000000002196e+01 5.165306129322526640e-01
1.399000000000002153e+01 4.883314866677547217e-01
1.401000000000002110e+01 4.747426705102636979e-01
1.403000000000002068e+01 4.782648849958299753e-01
1.405000000000002025e+01 4.465410220624974613e-01
1.407000000000001982e+01 4.310177740549613334e-01
1.409000000000001940e+01 4.249259520638717369e-01
1.411000000000001897e+01 4.178181428228880945e-01
1.413000000000001855e+01 4.096200384023889196e-01
1.415000000000001812e+01 3.593123203780612118e-01
1.417000000000001769e+01 3.237202326265384844e-01
1.419000000000001727e+01 3.055343349172604528e-01
1.421000000000001684e+01 2.960005023577269023e-01
1.423000000000001641e+01 2.713487296821596173e-01
1.425000000000001599e+01 2.676323481840653939e-01
1.427000000000001556e+01 2.484267846512405731e-01
1.429000000000001513e+01 2.232480426623562886e-01
1.431000000000001471e+01 2.048571549435678207e-01
1.433000000000001428e+01 1.751385373643906118e-01
1.435000000000001386e+01 1.666580790527087408e-01
1.437000000000001343e+01 1.344702946175738989e-01
1.439000000000001300e+01 1.100877507104410236e-01
1.441000000000001258e+01 9.112945957443713274e-02
1.443000000000001215e+01 8.534982260407339427e-02
1.445000000000001172e+01 7.437714834568720512e-02
1.447000000000001130e+01 6.883074411878836729e-02
1.449000000000001087e+01 5.544283316366852704e-02
1.451000000000001044e+01 4.167687721535480450e-02
1.453000000000001002e+01 3.336766356737171785e-02
1.455000000000000959e+01 2.512591886965062637e-02
1.457000000000000917e+01 1.954340145951228430e-02
1.459000000000000874e+01 1.396458671127526023e-02
1.461000000000000831e+01 8.493076064754813068e-03
1.463000000000000789e+01 8.341884398590623112e-03
1.465000000000000746e+01 5.558903970724499502e-03
1.467000000000000703e+01 2.732072862553711502e-03
1.469000000000000661e+01 2.722368662666248881e-03
1.471000000000000618e+01 0.000000000000000000e+00
1.473000000000000576e+01 0.000000000000000000e+00
1.475000000000000533e+01 0.000000000000000000e+00
1.477000000000000490e+01 0.000000000000000000e+00
1.479000000000000448e+01 0.000000000000000000e+00
1.481000000000000405e+01 0.000000000000000000e+00
1.483000000000000362e+01 0.000000000000000000e+00
1.485000000000000320e+01 0.000000000000000000e+00
1.487000000000000277e+01 0.000000000000000000e+00
1.489000000000000234e+01 0.000000000000000000e+00
1.491000000000000192e+01 0.000000000000000000e+00
1.493000000000000149e+01 0.000000000000000000e+00
1.495000000000000107e+01 0.000000000000000000e+00
1.497000000000000064e+01 0.000000000000000000e+00
1.499000000000000021e+01 0.000000000000000000e+00
