# Redshift		Merger Rate Density [Gpc^-3yr^-1]
1.000000000031931770e-02 2.372838941186098793e+01
3.000000000031888964e-02 2.442981549076364445e+01
5.000000000031846331e-02 2.470120076412716159e+01
7.000000000031804392e-02 2.548274330879283411e+01
9.000000000031761760e-02 2.603001242936905157e+01
1.100000000003171913e-01 2.626039317907555670e+01
1.300000000003167511e-01 2.687386559797378993e+01
1.500000000003163247e-01 2.729419737392095868e+01
1.700000000003158984e-01 2.766416900699828219e+01
1.900000000003154721e-01 2.837538601452615694e+01
2.100000000003150458e-01 2.879146113362232384e+01
2.300000000003146194e-01 2.946059028832324600e+01
2.500000000003141931e-01 3.008187444340160965e+01
2.700000000003137668e-01 3.044193331495529620e+01
2.900000000003133405e-01 3.113064808550035067e+01
3.100000000003129141e-01 3.197194255569086607e+01
3.300000000003124878e-01 3.234221787855520347e+01
3.500000000003120615e-01 3.290139168426359362e+01
3.700000000003116352e-01 3.352501992979984635e+01
3.900000000003112088e-01 3.385506048444174354e+01
4.100000000003107825e-01 3.465102133254336536e+01
4.300000000003103562e-01 3.502697649740711938e+01
4.500000000003099299e-01 3.594981003394617858e+01
4.700000000003095035e-01 3.621903464548984886e+01
4.900000000003090772e-01 3.724996717640438959e+01
5.100000000003086509e-01 3.786982344400713174e+01
5.300000000003082246e-01 3.832260652910066767e+01
5.500000000003077982e-01 3.940689178098614320e+01
5.700000000003073719e-01 3.974745964818099964e+01
5.900000000003069456e-01 4.055030958232984517e+01
6.100000000003065193e-01 4.148254471770535190e+01
6.300000000003060929e-01 4.184841767782045707e+01
6.500000000003056666e-01 4.290852333260882290e+01
6.700000000003052403e-01 4.351251119405744561e+01
6.900000000003048140e-01 4.400419509004685636e+01
7.100000000003043876e-01 4.448630321517241981e+01
7.300000000003039613e-01 4.532189954838941048e+01
7.500000000003035350e-01 4.608485982480080878e+01
7.700000000003031086e-01 4.629777769508714869e+01
7.900000000003026823e-01 4.768527512301788818e+01
8.100000000003022560e-01 4.749800416182497997e+01
8.300000000003018297e-01 4.893593556615874718e+01
8.500000000003014033e-01 4.924139373878993098e+01
8.700000000003009770e-01 4.968497188985653423e+01
8.900000000003005507e-01 4.990189686938475688e+01
9.100000000003001244e-01 5.172352706114651255e+01
9.300000000002996980e-01 5.146672268553609086e+01
9.500000000002992717e-01 5.198346973154473005e+01
9.700000000002988454e-01 5.284914667068645144e+01
9.900000000002984191e-01 5.305065405715218674e+01
1.010000000000297993e+00 5.397125804012173234e+01
1.030000000000297566e+00 5.437972015327882502e+01
1.050000000000297140e+00 5.492257955626237731e+01
1.070000000000296714e+00 5.543445297917428860e+01
1.090000000000296287e+00 5.594341913416828049e+01
1.110000000000295861e+00 5.658682255740323086e+01
1.130000000000295435e+00 5.719500739178685222e+01
1.150000000000295008e+00 5.799031693508055696e+01
1.170000000000294582e+00 5.721412160922248091e+01
1.190000000000294156e+00 5.893384709789166465e+01
1.210000000000293729e+00 5.813502776078752987e+01
1.230000000000293303e+00 5.949343840879162570e+01
1.250000000000292877e+00 5.990719253780230247e+01
1.270000000000292451e+00 5.996654412583644245e+01
1.290000000000292024e+00 6.070286830526980992e+01
1.310000000000291598e+00 6.082050147234481585e+01
1.330000000000291172e+00 6.096076992738808542e+01
1.350000000000290745e+00 6.268594913142263891e+01
1.370000000000290319e+00 6.161884388108367716e+01
1.390000000000289893e+00 6.238094112598005125e+01
1.410000000000289466e+00 6.307505585421438354e+01
1.430000000000289040e+00 6.242128328192927000e+01
1.450000000000288614e+00 6.376927944834618245e+01
1.470000000000288187e+00 6.349150872301632376e+01
1.490000000000287761e+00 6.343574830789840746e+01
1.510000000000287335e+00 6.494326695376066994e+01
1.530000000000286908e+00 6.415761283122182590e+01
1.550000000000286482e+00 6.407534276651874450e+01
1.570000000000286056e+00 6.557585875236145512e+01
1.590000000000285629e+00 6.409607430876826584e+01
1.610000000000285203e+00 6.544610904562748033e+01
1.630000000000284777e+00 6.521573845117576695e+01
1.650000000000284350e+00 6.513540326273290759e+01
1.670000000000283924e+00 6.559449193663174071e+01
1.690000000000283498e+00 6.634137068509188850e+01
1.710000000000283071e+00 6.561860226827863585e+01
1.730000000000282645e+00 6.539301836690552250e+01
1.750000000000282219e+00 6.604187071935480446e+01
1.770000000000281792e+00 6.548095390328205667e+01
1.790000000000281366e+00 6.610277133817270112e+01
1.810000000000280940e+00 6.631967705221700271e+01
1.830000000000280513e+00 6.497375093707788096e+01
1.850000000000280087e+00 6.591329047300847321e+01
1.870000000000279661e+00 6.591640984281997362e+01
1.890000000000279234e+00 6.499681147145827254e+01
1.910000000000278808e+00 6.521432973548499490e+01
1.930000000000278382e+00 6.540317081836883517e+01
1.950000000000277955e+00 6.539248194024939664e+01
1.970000000000277529e+00 6.540801424668967456e+01
1.990000000000277103e+00 6.415604859149503625e+01
2.010000000000276899e+00 6.467554449377598758e+01
2.030000000000276472e+00 6.460542374038608671e+01
2.050000000000276046e+00 6.427851473343348232e+01
2.070000000000275620e+00 6.441723341251744728e+01
2.090000000000275193e+00 6.351416191784520038e+01
2.110000000000274767e+00 6.381134488433254859e+01
2.130000000000274341e+00 6.260909262947889431e+01
2.150000000000273914e+00 6.240043673247568279e+01
2.170000000000273488e+00 6.333884544821714968e+01
2.190000000000273062e+00 6.151450208487763405e+01
2.210000000000272635e+00 6.289641564559600084e+01
2.230000000000272209e+00 6.120587813570760005e+01
2.250000000000271783e+00 6.123397289916640318e+01
2.270000000000271356e+00 6.067124049831087262e+01
2.290000000000270930e+00 6.035676922251711574e+01
2.310000000000270504e+00 6.007129322291663698e+01
2.330000000000270077e+00 5.915375187680635349e+01
2.350000000000269651e+00 5.914293450313184053e+01
2.370000000000269225e+00 5.908999460792438896e+01
2.390000000000268798e+00 5.816912979698113872e+01
2.410000000000268372e+00 5.756832206240832051e+01
2.430000000000267946e+00 5.784850081970571978e+01
2.450000000000267519e+00 5.621953016008109216e+01
2.470000000000267093e+00 5.643449086746584697e+01
2.490000000000266667e+00 5.640138273816170056e+01
2.510000000000266240e+00 5.569526983596763614e+01
2.530000000000265814e+00 5.458010019856232020e+01
2.550000000000265388e+00 5.483703830106585286e+01
2.570000000000264961e+00 5.416706859171526389e+01
2.590000000000264535e+00 5.406515596735691531e+01
2.610000000000264109e+00 5.295691870025400050e+01
2.630000000000263682e+00 5.250751341669156602e+01
2.650000000000263256e+00 5.301196856207323549e+01
2.670000000000262830e+00 5.127916798785363994e+01
2.690000000000262403e+00 5.169523874259132867e+01
2.710000000000261977e+00 5.054891913330264686e+01
2.730000000000261551e+00 5.078183894336871163e+01
2.750000000000261124e+00 5.005927492206699725e+01
2.770000000000260698e+00 4.943995338569426679e+01
2.790000000000260272e+00 4.880863326338695884e+01
2.810000000000259845e+00 4.900741995967250375e+01
2.830000000000259419e+00 4.779311260876848877e+01
2.850000000000258993e+00 4.793039019501352271e+01
2.870000000000258567e+00 4.713623931847379112e+01
2.890000000000258140e+00 4.688098359754338418e+01
2.910000000000257714e+00 4.601923505219184563e+01
2.930000000000257288e+00 4.634363777472579926e+01
2.950000000000256861e+00 4.564908681359121800e+01
2.970000000000256435e+00 4.475967142993317793e+01
2.990000000000256009e+00 4.429828762460253699e+01
3.010000000000255582e+00 4.370562260806757848e+01
3.030000000000255156e+00 4.427898861885499571e+01
3.050000000000254730e+00 4.297845762170782535e+01
3.070000000000254303e+00 4.277543836660890975e+01
3.090000000000253877e+00 4.231569721513602644e+01
3.110000000000253451e+00 4.248787097661679724e+01
3.130000000000253024e+00 4.147346499080394722e+01
3.150000000000252598e+00 4.097461007532550070e+01
3.170000000000252172e+00 4.146399134913345108e+01
3.190000000000251745e+00 4.062691678178804011e+01
3.210000000000251319e+00 3.943378653142799806e+01
3.230000000000250893e+00 4.005830780467986330e+01
3.250000000000250466e+00 3.934252663922648452e+01
3.270000000000250040e+00 3.902180448146847169e+01
3.290000000000249614e+00 3.883927110874839883e+01
3.310000000000249187e+00 3.799088928252638908e+01
3.330000000000248761e+00 3.764506145324582320e+01
3.350000000000248335e+00 3.779784263025887725e+01
3.370000000000247908e+00 3.713608588014778888e+01
3.390000000000247482e+00 3.674780725673588222e+01
3.410000000000247056e+00 3.656596595671414462e+01
3.430000000000246629e+00 3.579660749623435123e+01
3.450000000000246203e+00 3.601865544172656541e+01
3.470000000000245777e+00 3.545173837591826072e+01
3.490000000000245350e+00 3.501577664286129732e+01
3.510000000000244924e+00 3.450145927216795627e+01
3.530000000000244498e+00 3.439714084642508141e+01
3.550000000000244071e+00 3.395528306343552316e+01
3.570000000000243645e+00 3.383953334765195820e+01
3.590000000000243219e+00 3.335849387110173581e+01
3.610000000000242792e+00 3.346393040949168096e+01
3.630000000000242366e+00 3.256200641819551578e+01
3.650000000000241940e+00 3.288682079162913396e+01
3.670000000000241513e+00 3.200412225635658103e+01
3.690000000000241087e+00 3.170094151428772378e+01
3.710000000000240661e+00 3.169521364325731128e+01
3.730000000000240234e+00 3.119914916129136273e+01
3.750000000000239808e+00 3.123139660824370267e+01
3.770000000000239382e+00 3.094684046750027662e+01
3.790000000000238956e+00 3.047471816617101936e+01
3.810000000000238529e+00 3.011106720000351800e+01
3.830000000000238103e+00 2.979337384972321345e+01
3.850000000000237677e+00 2.953759624744011347e+01
3.870000000000237250e+00 2.941662147487550172e+01
3.890000000000236824e+00 2.924945306782372967e+01
3.910000000000236398e+00 2.916645059469286139e+01
3.930000000000235971e+00 2.844343547183085263e+01
3.950000000000235545e+00 2.875743458208486913e+01
3.970000000000235119e+00 2.804649674414131511e+01
3.990000000000234692e+00 2.782781968926050098e+01
4.010000000000234266e+00 2.781690179526734497e+01
4.030000000000233840e+00 2.733846921774092920e+01
4.050000000000233413e+00 2.716928531002495362e+01
4.070000000000232987e+00 2.686229689841769996e+01
4.090000000000232561e+00 2.680821273939777072e+01
4.110000000000232134e+00 2.617634090289692494e+01
4.130000000000231708e+00 2.609617645015857690e+01
4.150000000000231282e+00 2.625221597763599135e+01
4.170000000000230855e+00 2.586438234145511927e+01
4.190000000000230429e+00 2.570602422059952374e+01
4.210000000000230003e+00 2.537124051046338025e+01
4.230000000000229576e+00 2.509064998758218934e+01
4.250000000000229150e+00 2.510224868520569430e+01
4.270000000000228724e+00 2.451989167104314404e+01
4.290000000000228297e+00 2.442946175629343131e+01
4.310000000000227871e+00 2.451056226118298298e+01
4.330000000000227445e+00 2.443060691165141307e+01
4.350000000000227018e+00 2.377910780757153830e+01
4.370000000000226592e+00 2.369005457941148762e+01
4.390000000000226166e+00 2.371185926666302990e+01
4.410000000000225739e+00 2.352272335206606257e+01
4.430000000000225313e+00 2.322112411124755837e+01
4.450000000000224887e+00 2.285441979302594007e+01
4.470000000000224460e+00 2.283047201133427961e+01
4.490000000000224034e+00 2.295833127446461575e+01
4.510000000000223608e+00 2.256862639642350743e+01
4.530000000000223181e+00 2.239291555136064105e+01
4.550000000000222755e+00 2.212787454732401216e+01
4.570000000000222329e+00 2.185966233148457150e+01
4.590000000000221902e+00 2.191886423583404309e+01
4.610000000000221476e+00 2.182402426241122839e+01
4.630000000000221050e+00 2.145039866473612733e+01
4.650000000000220624e+00 2.167790470635107170e+01
4.670000000000220197e+00 2.143427632645210679e+01
4.690000000000219771e+00 2.090667735976466091e+01
4.710000000000219345e+00 2.101513622490337951e+01
4.730000000000218918e+00 2.088586656589843571e+01
4.750000000000218492e+00 2.061006386507555987e+01
4.770000000000218066e+00 2.061108006322976394e+01
4.790000000000217639e+00 2.040518895179188874e+01
4.810000000000217213e+00 2.029651992326545340e+01
4.830000000000216787e+00 2.028510274501682531e+01
4.850000000000216360e+00 2.002943267733230215e+01
4.870000000000215934e+00 2.031372814803925309e+01
4.890000000000215508e+00 1.968725275026678645e+01
4.910000000000215081e+00 1.942005927826505030e+01
4.930000000000214655e+00 1.991175929287911828e+01
4.950000000000214229e+00 1.937567097311027808e+01
4.970000000000213802e+00 1.937574057019448759e+01
4.990000000000213376e+00 1.916935559749265749e+01
5.010000000000212950e+00 1.919666902941398590e+01
5.030000000000212523e+00 1.898612040147389379e+01
5.050000000000212097e+00 1.905264387645637214e+01
5.070000000000211671e+00 1.858505955035112223e+01
5.090000000000211244e+00 1.875704459064366247e+01
5.110000000000210818e+00 1.861956167860072497e+01
5.130000000000210392e+00 1.822319314080556296e+01
5.150000000000209965e+00 1.834623661255894689e+01
5.170000000000209539e+00 1.816687699744691642e+01
5.190000000000209113e+00 1.835020414777428144e+01
5.210000000000208686e+00 1.821058824639561280e+01
5.230000000000208260e+00 1.789411453240693106e+01
5.250000000000207834e+00 1.773530324922840151e+01
5.270000000000207407e+00 1.769321617898004462e+01
5.290000000000206981e+00 1.776970926318826827e+01
5.310000000000206555e+00 1.741111857904800786e+01
5.330000000000206128e+00 1.746096354750106272e+01
5.350000000000205702e+00 1.763455708404855571e+01
5.370000000000205276e+00 1.731936155741944461e+01
5.390000000000204849e+00 1.731500629310803063e+01
5.410000000000204423e+00 1.709754388853035678e+01
5.430000000000203997e+00 1.705293143766994746e+01
5.450000000000203570e+00 1.704323658376270245e+01
5.470000000000203144e+00 1.660544607039712872e+01
5.490000000000202718e+00 1.685353984719294829e+01
5.510000000000202292e+00 1.692555378089362605e+01
5.530000000000201865e+00 1.679708802253303190e+01
5.550000000000201439e+00 1.661577438183760336e+01
5.570000000000201013e+00 1.659915965253262016e+01
5.590000000000200586e+00 1.661825382854650002e+01
5.610000000000200160e+00 1.635255925508085184e+01
5.630000000000199734e+00 1.621110767150532794e+01
5.650000000000199307e+00 1.630786415275532519e+01
5.670000000000198881e+00 1.618921704425475028e+01
5.690000000000198455e+00 1.617558464997815904e+01
5.710000000000198028e+00 1.610924426344571359e+01
5.730000000000197602e+00 1.604226594305779230e+01
5.750000000000197176e+00 1.594716463384817473e+01
5.770000000000196749e+00 1.575074045307368209e+01
5.790000000000196323e+00 1.579755176828247976e+01
5.810000000000195897e+00 1.562067133421190945e+01
5.830000000000195470e+00 1.565253359435517488e+01
5.850000000000195044e+00 1.563073278363309981e+01
5.870000000000194618e+00 1.561062404751591437e+01
5.890000000000194191e+00 1.562229826790427367e+01
5.910000000000193765e+00 1.533507787805319822e+01
5.930000000000193339e+00 1.523508343711010937e+01
5.950000000000192912e+00 1.528492330537859445e+01
5.970000000000192486e+00 1.520480489334929430e+01
5.990000000000192060e+00 1.525624963710822612e+01
6.010000000000191633e+00 1.509425593886465400e+01
6.030000000000191207e+00 1.501525880380984646e+01
6.050000000000190781e+00 1.481837490908985799e+01
6.070000000000190354e+00 1.483479949989808766e+01
6.090000000000189928e+00 1.482421304066980206e+01
6.110000000000189502e+00 1.497996266551651345e+01
6.130000000000189075e+00 1.472089548901083411e+01
6.150000000000188649e+00 1.472785048625279103e+01
6.170000000000188223e+00 1.473612431805367251e+01
6.190000000000187796e+00 1.448325886744435032e+01
6.210000000000187370e+00 1.439453620750547103e+01
6.230000000000186944e+00 1.449531151780373861e+01
6.250000000000186517e+00 1.438920484332764538e+01
6.270000000000186091e+00 1.438375445177889134e+01
6.290000000000185665e+00 1.412412857061435822e+01
6.310000000000185238e+00 1.411170846052329608e+01
6.330000000000184812e+00 1.422949749038683898e+01
6.350000000000184386e+00 1.411268350104018587e+01
6.370000000000183960e+00 1.398510931493748899e+01
6.390000000000183533e+00 1.405803913214957213e+01
6.410000000000183107e+00 1.398970278031904968e+01
6.430000000000182681e+00 1.382736704364148395e+01
6.450000000000182254e+00 1.389340783216205288e+01
6.470000000000181828e+00 1.383539606870673921e+01
6.490000000000181402e+00 1.372216785708130971e+01
6.510000000000180975e+00 1.362275603144316349e+01
6.530000000000180549e+00 1.381597687973031618e+01
6.550000000000180123e+00 1.334984994161484906e+01
6.570000000000179696e+00 1.358320381635538077e+01
6.590000000000179270e+00 1.354576262292170341e+01
6.610000000000178844e+00 1.349867653093827080e+01
6.630000000000178417e+00 1.315194699824317759e+01
6.650000000000177991e+00 1.325526788244142296e+01
6.670000000000177565e+00 1.329879881079740933e+01
6.690000000000177138e+00 1.325116159489993706e+01
6.710000000000176712e+00 1.321658063952811801e+01
6.730000000000176286e+00 1.311569379552587478e+01
6.750000000000175859e+00 1.319960526614525520e+01
6.770000000000175433e+00 1.294415298790857882e+01
6.790000000000175007e+00 1.314958400437884478e+01
6.810000000000174580e+00 1.295312154735435506e+01
6.830000000000174154e+00 1.275193928014740941e+01
6.850000000000173728e+00 1.281492580376311885e+01
6.870000000000173301e+00 1.273767869732348679e+01
6.890000000000172875e+00 1.265823246947310032e+01
6.910000000000172449e+00 1.272473129136767156e+01
6.930000000000172022e+00 1.247192449628939315e+01
6.950000000000171596e+00 1.269321975701218719e+01
6.970000000000171170e+00 1.258778032741923880e+01
6.990000000000170743e+00 1.232027068156245520e+01
7.010000000000170317e+00 1.242388873879307631e+01
7.030000000000169891e+00 1.252678485939380870e+01
7.050000000000169464e+00 1.233604264179031063e+01
7.070000000000169038e+00 1.228877020508244655e+01
7.090000000000168612e+00 1.221657105035589552e+01
7.110000000000168185e+00 1.224331332187827925e+01
7.130000000000167759e+00 1.224986085355097920e+01
7.150000000000167333e+00 1.205757090559938227e+01
7.170000000000166906e+00 1.207520739671820031e+01
7.190000000000166480e+00 1.201769521761112358e+01
7.210000000000166054e+00 1.192641032283585112e+01
7.230000000000165628e+00 1.197258798392592283e+01
7.250000000000165201e+00 1.191617730644233575e+01
7.270000000000164775e+00 1.173105096120223401e+01
7.290000000000164349e+00 1.181658304910614987e+01
7.310000000000163922e+00 1.180383465797450349e+01
7.330000000000163496e+00 1.176252800347097249e+01
7.350000000000163070e+00 1.170273532020236118e+01
7.370000000000162643e+00 1.159945768455909487e+01
7.390000000000162217e+00 1.149924710426306973e+01
7.410000000000161791e+00 1.144059658440945881e+01
7.430000000000161364e+00 1.160617333400595719e+01
7.450000000000160938e+00 1.150947049526546806e+01
7.470000000000160512e+00 1.137914426249412259e+01
7.490000000000160085e+00 1.137860856028210499e+01
7.510000000000159659e+00 1.140383927128301345e+01
7.530000000000159233e+00 1.139360870254619407e+01
7.550000000000158806e+00 1.122485697043526365e+01
7.570000000000158380e+00 1.113420896128567250e+01
7.590000000000157954e+00 1.112109794297663790e+01
7.610000000000157527e+00 1.109009574912088780e+01
7.630000000000157101e+00 1.100000677510036873e+01
7.650000000000156675e+00 1.106848371104667628e+01
7.670000000000156248e+00 1.102229061627954287e+01
7.690000000000155822e+00 1.080497492839118578e+01
7.710000000000155396e+00 1.101180018799051830e+01
7.730000000000154969e+00 1.078632579637569222e+01
7.750000000000154543e+00 1.084634961467885539e+01
7.770000000000154117e+00 1.089124796879353951e+01
7.790000000000153690e+00 1.072535533964200738e+01
7.810000000000153264e+00 1.075387088189281037e+01
7.830000000000152838e+00 1.063447972568869915e+01
7.850000000000152411e+00 1.060925529110345700e+01
7.870000000000151985e+00 1.061248306823467757e+01
7.890000000000151559e+00 1.053217975614511381e+01
7.910000000000151132e+00 1.037038905089223384e+01
7.930000000000150706e+00 1.052858884098832881e+01
7.950000000000150280e+00 1.039536725338659906e+01
7.970000000000149853e+00 1.033267863266198994e+01
7.990000000000149427e+00 1.036300014897189570e+01
8.010000000000149001e+00 1.031654622948250122e+01
8.030000000000148574e+00 1.033059294101363790e+01
8.050000000000148148e+00 1.014630162321703466e+01
8.070000000000147722e+00 1.011347884630055738e+01
8.090000000000147296e+00 1.008928536983836466e+01
8.110000000000146869e+00 1.006151969326625739e+01
8.130000000000146443e+00 1.002566250825868188e+01
8.150000000000146017e+00 9.993383401074254380e+00
8.170000000000145590e+00 1.003168341094733762e+01
8.190000000000145164e+00 9.965494781161487126e+00
8.210000000000144738e+00 9.858760530998493365e+00
8.230000000000144311e+00 9.873086504692661691e+00
8.250000000000143885e+00 9.730533863375127268e+00
8.270000000000143459e+00 9.810965336008916182e+00
8.290000000000143032e+00 9.726150623078167357e+00
8.310000000000142606e+00 9.661999230048785137e+00
8.330000000000142180e+00 9.668550748263642802e+00
8.350000000000141753e+00 9.573780859028014234e+00
8.370000000000141327e+00 9.656338212189755410e+00
8.390000000000140901e+00 9.501223470303216345e+00
8.410000000000140474e+00 9.471432166284261100e+00
8.430000000000140048e+00 9.470896632169374385e+00
8.450000000000139622e+00 9.423318049306402600e+00
8.470000000000139195e+00 9.335348220673749253e+00
8.490000000000138769e+00 9.357300801648268163e+00
8.510000000000138343e+00 9.334669505856881599e+00
8.530000000000137916e+00 9.207210236025765937e+00
8.550000000000137490e+00 9.264495179071163378e+00
8.570000000000137064e+00 9.189409506845768405e+00
8.590000000000136637e+00 9.198802183030808877e+00
8.610000000000136211e+00 9.084945100263583484e+00
8.630000000000135785e+00 9.068374111793847447e+00
8.650000000000135358e+00 9.022612892016981689e+00
8.670000000000134932e+00 9.015334241906073132e+00
8.690000000000134506e+00 8.962268939324479433e+00
8.710000000000134079e+00 8.909404651873146008e+00
8.730000000000133653e+00 8.913146955582003983e+00
8.750000000000133227e+00 8.823329284756667334e+00
8.770000000000132800e+00 8.811162869449816526e+00
8.790000000000132374e+00 8.732273876071040775e+00
8.810000000000131948e+00 8.771270251057794454e+00
8.830000000000131521e+00 8.736551529996679832e+00
8.850000000000131095e+00 8.720861748203130759e+00
8.870000000000130669e+00 8.599802147260991347e+00
8.890000000000130242e+00 8.630580113108951679e+00
8.910000000000129816e+00 8.610567081986653548e+00
8.930000000000129390e+00 8.505742545189436399e+00
8.950000000000128964e+00 8.509378122370646835e+00
8.970000000000128537e+00 8.455763433006795893e+00
8.990000000000128111e+00 8.405820739644184414e+00
9.010000000000127685e+00 8.351256759411644026e+00
9.030000000000127258e+00 8.398173586177238192e+00
9.050000000000126832e+00 8.274833963746059950e+00
9.070000000000126406e+00 8.305542677724625733e+00
9.090000000000125979e+00 8.224560335322244953e+00
9.110000000000125553e+00 8.231009087534141955e+00
9.130000000000125127e+00 8.124587136311072655e+00
9.150000000000124700e+00 8.126612274875897768e+00
9.170000000000124274e+00 8.106364404067578633e+00
9.190000000000123848e+00 8.042886889429288644e+00
9.210000000000123421e+00 8.028242497890561324e+00
9.230000000000122995e+00 8.063590140254158101e+00
9.250000000000122569e+00 7.876527056403437754e+00
9.270000000000122142e+00 7.934377916689668631e+00
9.290000000000121716e+00 7.842582420732021831e+00
9.310000000000121290e+00 7.808321126142345747e+00
9.330000000000120863e+00 7.854536351651058013e+00
9.350000000000120437e+00 7.764580706206436034e+00
9.370000000000120011e+00 7.748275328414212737e+00
9.390000000000119584e+00 7.695776543664462288e+00
9.410000000000119158e+00 7.691873697685472244e+00
9.430000000000118732e+00 7.650081734459078575e+00
9.450000000000118305e+00 7.537845193581794057e+00
9.470000000000117879e+00 7.625591940375781697e+00
9.490000000000117453e+00 7.510946014790938818e+00
9.510000000000117026e+00 7.544347691681903001e+00
9.530000000000116600e+00 7.429985152474163357e+00
9.550000000000116174e+00 7.429579415726099256e+00
9.570000000000115747e+00 7.421524981524577846e+00
9.590000000000115321e+00 7.465869502584778772e+00
9.610000000000114895e+00 7.324900412500151781e+00
9.630000000000114468e+00 7.245035660008419143e+00
9.650000000000114042e+00 7.279990369355687108e+00
9.670000000000113616e+00 7.199003036945805789e+00
9.690000000000113189e+00 7.171246850825773400e+00
9.710000000000112763e+00 7.101299592929162685e+00
9.730000000000112337e+00 7.113299161849551133e+00
9.750000000000111910e+00 7.085304580745246383e+00
9.770000000000111484e+00 7.079801971008544470e+00
9.790000000000111058e+00 6.991241554827261950e+00
9.810000000000110632e+00 6.920105821693152137e+00
9.830000000000110205e+00 6.932782058897559274e+00
9.850000000000109779e+00 6.972456820141167633e+00
9.870000000000109353e+00 6.850400780188501848e+00
9.890000000000108926e+00 6.774908562794840883e+00
9.910000000000108500e+00 6.822281121335472598e+00
9.930000000000108074e+00 6.840920798513597134e+00
9.950000000000107647e+00 6.740966811040460804e+00
9.970000000000107221e+00 6.700227738577059888e+00
9.990000000000106795e+00 6.697260718959193504e+00
1.001000000000010637e+01 6.669485945698129470e+00
1.003000000000010594e+01 6.640641150007777327e+00
1.005000000000010552e+01 6.559108500399022823e+00
1.007000000000010509e+01 6.635873218430797138e+00
1.009000000000010466e+01 6.500448582364885652e+00
1.011000000000010424e+01 6.479150932504984972e+00
1.013000000000010381e+01 6.457136981188628333e+00
1.015000000000010338e+01 6.396065149147228013e+00
1.017000000000010296e+01 6.397071186801944975e+00
1.019000000000010253e+01 6.370018073398503233e+00
1.021000000000010210e+01 6.262159183748480906e+00
1.023000000000010168e+01 6.362474632862472390e+00
1.025000000000010125e+01 6.207350327328682305e+00
1.027000000000010083e+01 6.234826590111052447e+00
1.029000000000010040e+01 6.196779480366602755e+00
1.031000000000009997e+01 6.196443034355603174e+00
1.033000000000009955e+01 6.081133270932268964e+00
1.035000000000009912e+01 6.106498962467269642e+00
1.037000000000009869e+01 6.056689776849180085e+00
1.039000000000009827e+01 6.041280330875763660e+00
1.041000000000009784e+01 6.046658088650628038e+00
1.043000000000009742e+01 6.005245944521047541e+00
1.045000000000009699e+01 5.956055319536905479e+00
1.047000000000009656e+01 5.933205378496752225e+00
1.049000000000009614e+01 5.918311824860036374e+00
1.051000000000009571e+01 5.841609403859027161e+00
1.053000000000009528e+01 5.844934689421030782e+00
1.055000000000009486e+01 5.799519039901813500e+00
1.057000000000009443e+01 5.762480120369690262e+00
1.059000000000009400e+01 5.739490167866183157e+00
1.061000000000009358e+01 5.713012918776831484e+00
1.063000000000009315e+01 5.713957649161174324e+00
1.065000000000009273e+01 5.623195324733528899e+00
1.067000000000009230e+01 5.603941795843780938e+00
1.069000000000009187e+01 5.576150448758098399e+00
1.071000000000009145e+01 5.496022570171148480e+00
1.073000000000009102e+01 5.502705949551502940e+00
1.075000000000009059e+01 5.516475363624150141e+00
1.077000000000009017e+01 5.452038534199545872e+00
1.079000000000008974e+01 5.424030430644283030e+00
1.081000000000008932e+01 5.399576469390115818e+00
1.083000000000008889e+01 5.366344617613323820e+00
1.085000000000008846e+01 5.309506037527436106e+00
1.087000000000008804e+01 5.385042873794144924e+00
1.089000000000008761e+01 5.248345755542252355e+00
1.091000000000008718e+01 5.335344230260409937e+00
1.093000000000008676e+01 5.217387494834509809e+00
1.095000000000008633e+01 5.169502617852016257e+00
1.097000000000008590e+01 5.211409833235057576e+00
1.099000000000008548e+01 5.149612126970345649e+00
1.101000000000008505e+01 5.123243719008356400e+00
1.103000000000008463e+01 5.124008790364186439e+00
1.105000000000008420e+01 5.046684860268216610e+00
1.107000000000008377e+01 5.027660292719748014e+00
1.109000000000008335e+01 4.993596761447624210e+00
1.111000000000008292e+01 4.973162668837710854e+00
1.113000000000008249e+01 4.901676095224732244e+00
1.115000000000008207e+01 4.931583690070315384e+00
1.117000000000008164e+01 4.877246856937821562e+00
1.119000000000008122e+01 4.885982110012510482e+00
1.121000000000008079e+01 4.860077180539056130e+00
1.123000000000008036e+01 4.796831398818328651e+00
1.125000000000007994e+01 4.759319863484686941e+00
1.127000000000007951e+01 4.775798771562663525e+00
1.129000000000007908e+01 4.717415402777048072e+00
1.131000000000007866e+01 4.723010269123435911e+00
1.133000000000007823e+01 4.689537506214018769e+00
1.135000000000007780e+01 4.660813197191509438e+00
1.137000000000007738e+01 4.614188857642583130e+00
1.139000000000007695e+01 4.607128373264562704e+00
1.141000000000007653e+01 4.570787049571108263e+00
1.143000000000007610e+01 4.532640909725727418e+00
1.145000000000007567e+01 4.564040512446764453e+00
1.147000000000007525e+01 4.452672205086671831e+00
1.149000000000007482e+01 4.476749119927261766e+00
1.151000000000007439e+01 4.437820468096094650e+00
1.153000000000007397e+01 4.393484411906609211e+00
1.155000000000007354e+01 4.366856177001060324e+00
1.157000000000007311e+01 4.345778212280818842e+00
1.159000000000007269e+01 4.317012512947954406e+00
1.161000000000007226e+01 4.294085599266891151e+00
1.163000000000007184e+01 4.254497604046283854e+00
1.165000000000007141e+01 4.270033046428600265e+00
1.167000000000007098e+01 4.241160940034937710e+00
1.169000000000007056e+01 4.222131599393816437e+00
1.171000000000007013e+01 4.171710455602146261e+00
1.173000000000006970e+01 4.160287949870293822e+00
1.175000000000006928e+01 4.150532234967552192e+00
1.177000000000006885e+01 4.136216303739321809e+00
1.179000000000006843e+01 4.091613774249808877e+00
1.181000000000006800e+01 4.048848217705147690e+00
1.183000000000006757e+01 4.033428154152058909e+00
1.185000000000006715e+01 4.007846531502961440e+00
1.187000000000006672e+01 3.980008816420359086e+00
1.189000000000006629e+01 3.964888132096231033e+00
1.191000000000006587e+01 3.916578484557907025e+00
1.193000000000006544e+01 3.905231585288559071e+00
1.195000000000006501e+01 3.836645138066713923e+00
1.197000000000006459e+01 3.861992181294256810e+00
1.199000000000006416e+01 3.814299902562305888e+00
1.201000000000006374e+01 3.821916048057340642e+00
1.203000000000006331e+01 3.738632133718420292e+00
1.205000000000006288e+01 3.709984911243279893e+00
1.207000000000006246e+01 3.753696613398312731e+00
1.209000000000006203e+01 3.667207652315294109e+00
1.211000000000006160e+01 3.695236012433102957e+00
1.213000000000006118e+01 3.673595321963095905e+00
1.215000000000006075e+01 3.631804172528556585e+00
1.217000000000006033e+01 3.646773491923894106e+00
1.219000000000005990e+01 3.645366585726478093e+00
1.221000000000005947e+01 3.557428258966378820e+00
1.223000000000005905e+01 3.537777076638749740e+00
1.225000000000005862e+01 3.545778029034783341e+00
1.227000000000005819e+01 3.485292959946619362e+00
1.229000000000005777e+01 3.470088811151788910e+00
1.231000000000005734e+01 3.431670439490579927e+00
1.233000000000005691e+01 3.412552422312236100e+00
1.235000000000005649e+01 3.381126369543526522e+00
1.237000000000005606e+01 3.359347971564794033e+00
1.239000000000005564e+01 3.271386042718676723e+00
1.241000000000005521e+01 3.343845952116963005e+00
1.243000000000005478e+01 3.240380199967434205e+00
1.245000000000005436e+01 3.323259425848231086e+00
1.247000000000005393e+01 3.258393418234047267e+00
1.249000000000005350e+01 3.181374816259746385e+00
1.251000000000005308e+01 3.189154514044158617e+00
1.253000000000005265e+01 3.206408611159224709e+00
1.255000000000005222e+01 3.209157122513469851e+00
1.257000000000005180e+01 3.087757357008413361e+00
1.259000000000005137e+01 3.092491112925581653e+00
1.261000000000005095e+01 3.109650993530017171e+00
1.263000000000005052e+01 3.103934947145805534e+00
1.265000000000005009e+01 3.010834236168720590e+00
1.267000000000004967e+01 3.007457220998091429e+00
1.269000000000004924e+01 3.029579128412406508e+00
1.271000000000004881e+01 2.953333273415320814e+00
1.273000000000004839e+01 2.888659794560263006e+00
1.275000000000004796e+01 2.929358468150425221e+00
1.277000000000004754e+01 2.871647874908385134e+00
1.279000000000004711e+01 2.804299270921573051e+00
1.281000000000004668e+01 2.861461864987081327e+00
1.283000000000004626e+01 2.798633456756812965e+00
1.285000000000004583e+01 2.715858130799403192e+00
1.287000000000004540e+01 2.732966703926193563e+00
1.289000000000004498e+01 2.766403815925550180e+00
1.291000000000004455e+01 2.702282828122528624e+00
1.293000000000004412e+01 2.692991331998200177e+00
1.295000000000004370e+01 2.599419671718382396e+00
1.297000000000004327e+01 2.642854771726771190e+00
1.299000000000004285e+01 2.631974466440514249e+00
1.301000000000004242e+01 2.575674753598306665e+00
1.303000000000004199e+01 2.550684417258048509e+00
1.305000000000004157e+01 2.556059580292119993e+00
1.307000000000004114e+01 2.528998138749190883e+00
1.309000000000004071e+01 2.519892696870926319e+00
1.311000000000004029e+01 2.448431958781480233e+00
1.313000000000003986e+01 2.421620386252540058e+00
1.315000000000003944e+01 2.386500581504564344e+00
1.317000000000003901e+01 2.410705686820476146e+00
1.319000000000003858e+01 2.342677669297089427e+00
1.321000000000003816e+01 2.375209133921003968e+00
1.323000000000003773e+01 2.312710350974986451e+00
1.325000000000003730e+01 2.299285417993354397e+00
1.327000000000003688e+01 2.271652028775153376e+00
1.329000000000003645e+01 2.223845075472912214e+00
1.331000000000003602e+01 2.214475996303656657e+00
1.333000000000003560e+01 2.179038323152322043e+00
1.335000000000003517e+01 2.117509022052403544e+00
1.337000000000003475e+01 2.119506708475035417e+00
1.339000000000003432e+01 2.092896130903382446e+00
1.341000000000003389e+01 2.071491670855707845e+00
1.343000000000003347e+01 2.009325712861503632e+00
1.345000000000003304e+01 2.004842872372750051e+00
1.347000000000003261e+01 1.969610667235099255e+00
1.349000000000003219e+01 1.995150499957783374e+00
1.351000000000003176e+01 1.953504595663573928e+00
1.353000000000003133e+01 1.913141082289081751e+00
1.355000000000003091e+01 1.883065404799548315e+00
1.357000000000003048e+01 1.851270087397133279e+00
1.359000000000003006e+01 1.795737632508403792e+00
1.361000000000002963e+01 1.787848526873261790e+00
1.363000000000002920e+01 1.785766501201066614e+00
1.365000000000002878e+01 1.749596324680886550e+00
1.367000000000002835e+01 1.732619430485471401e+00
1.369000000000002792e+01 1.662920706195113230e+00
1.371000000000002750e+01 1.648202259598836150e+00
1.373000000000002707e+01 1.643224463771089106e+00
1.375000000000002665e+01 1.621403883957543313e+00
1.377000000000002622e+01 1.580499770841076401e+00
1.379000000000002579e+01 1.529768816784784047e+00
1.381000000000002537e+01 1.526112884493661559e+00
1.383000000000002494e+01 1.467592079768606839e+00
1.385000000000002451e+01 1.451821012018589041e+00
1.387000000000002409e+01 1.428123575534375522e+00
1.389000000000002366e+01 1.383110633844252479e+00
1.391000000000002323e+01 1.333782040049935613e+00
1.393000000000002281e+01 1.316844684720261283e+00
1.395000000000002238e+01 1.260621689738722129e+00
1.397000000000002196e+01 1.221627596018053818e+00
1.399000000000002153e+01 1.200101394600599169e+00
1.401000000000002110e+01 1.157276438040810485e+00
1.403000000000002068e+01 1.137074619393826369e+00
1.405000000000002025e+01 1.148636624452690214e+00
1.407000000000001982e+01 1.109715711421576767e+00
1.409000000000001940e+01 1.109050152387189625e+00
1.411000000000001897e+01 1.085604495888114140e+00
1.413000000000001855e+01 1.025293772869108277e+00
1.415000000000001812e+01 1.022686771947256323e+00
1.417000000000001769e+01 9.692255835270537911e-01
1.419000000000001727e+01 9.558130240161354374e-01
1.421000000000001684e+01 9.264115123623741788e-01
1.423000000000001641e+01 9.334425508693757756e-01
1.425000000000001599e+01 8.904425918147346186e-01
1.427000000000001556e+01 8.674267748426095492e-01
1.429000000000001513e+01 8.672181790298788551e-01
1.431000000000001471e+01 8.551232783267977977e-01
1.433000000000001428e+01 8.144072984931312043e-01
1.435000000000001386e+01 8.134603342981266971e-01
1.437000000000001343e+01 7.700113130629543390e-01
1.439000000000001300e+01 7.699241424730640659e-01
1.441000000000001258e+01 7.232586824107021251e-01
1.443000000000001215e+01 7.011433716236364910e-01
1.445000000000001172e+01 6.855427468798758195e-01
1.447000000000001130e+01 6.636276362453019662e-01
1.449000000000001087e+01 6.445748856824423667e-01
1.451000000000001044e+01 6.114372211388919842e-01
1.453000000000001002e+01 5.982220800201547561e-01
1.455000000000000959e+01 5.893100083959070812e-01
1.457000000000000917e+01 4.999712493993056506e-01
1.459000000000000874e+01 3.743157292344841958e-01
1.461000000000000831e+01 1.880969883555238531e-01
1.463000000000000789e+01 5.999820822820087912e-02
1.465000000000000746e+01 5.599237986843665776e-03
1.467000000000000703e+01 5.464369595394339904e-03
1.469000000000000661e+01 5.445091827401648057e-03
1.471000000000000618e+01 0.000000000000000000e+00
1.473000000000000576e+01 0.000000000000000000e+00
1.475000000000000533e+01 0.000000000000000000e+00
1.477000000000000490e+01 0.000000000000000000e+00
1.479000000000000448e+01 0.000000000000000000e+00
1.481000000000000405e+01 0.000000000000000000e+00
1.483000000000000362e+01 0.000000000000000000e+00
1.485000000000000320e+01 0.000000000000000000e+00
1.487000000000000277e+01 0.000000000000000000e+00
1.489000000000000234e+01 0.000000000000000000e+00
1.491000000000000192e+01 0.000000000000000000e+00
1.493000000000000149e+01 0.000000000000000000e+00
1.495000000000000107e+01 0.000000000000000000e+00
1.497000000000000064e+01 0.000000000000000000e+00
1.499000000000000021e+01 0.000000000000000000e+00
