# Redshift		Merger Rate Density [Gpc^-3yr^-1]
1.000000000031931770e-02 2.483274353465187545e+01
3.000000000031888964e-02 2.538714311815190072e+01
5.000000000031846331e-02 2.591232187810435406e+01
7.000000000031804392e-02 2.645421108328867632e+01
9.000000000031761760e-02 2.685150140968442045e+01
1.100000000003171913e-01 2.756231618150680518e+01
1.300000000003167511e-01 2.792844063153615863e+01
1.500000000003163247e-01 2.820000650251387242e+01
1.700000000003158984e-01 2.902949881664597598e+01
1.900000000003154721e-01 2.939712799600019366e+01
2.100000000003150458e-01 3.022722536715714980e+01
2.300000000003146194e-01 3.034868189343007927e+01
2.500000000003141931e-01 3.115125075747275929e+01
2.700000000003137668e-01 3.202132429909743649e+01
2.900000000003133405e-01 3.239449022399416833e+01
3.100000000003129141e-01 3.316683294699445383e+01
3.300000000003124878e-01 3.364856519210180608e+01
3.500000000003120615e-01 3.443447626058299704e+01
3.700000000003116352e-01 3.492307822317219035e+01
3.900000000003112088e-01 3.554918305346478036e+01
4.100000000003107825e-01 3.652199905772676658e+01
4.300000000003103562e-01 3.747148210659443635e+01
4.500000000003099299e-01 3.762226391574218809e+01
4.700000000003095035e-01 3.850997714047538523e+01
4.900000000003090772e-01 3.908233008610409343e+01
5.100000000003086509e-01 3.999049979932255638e+01
5.300000000003082246e-01 4.088619485512945317e+01
5.500000000003077982e-01 4.180621790788173797e+01
5.700000000003073719e-01 4.217581382908210230e+01
5.900000000003069456e-01 4.368577239351505881e+01
6.100000000003065193e-01 4.434807292216051167e+01
6.300000000003060929e-01 4.501576765424170645e+01
6.500000000003056666e-01 4.606278994321106524e+01
6.700000000003052403e-01 4.719975430908343128e+01
6.900000000003048140e-01 4.776819624622271476e+01
7.100000000003043876e-01 4.836616794246659623e+01
7.300000000003039613e-01 4.994321167844011455e+01
7.500000000003035350e-01 5.036872618948594749e+01
7.700000000003031086e-01 5.096559903405372438e+01
7.900000000003026823e-01 5.209516072519615904e+01
8.100000000003022560e-01 5.236426953899157866e+01
8.300000000003018297e-01 5.375134577797822999e+01
8.500000000003014033e-01 5.442324367822513409e+01
8.700000000003009770e-01 5.478099237275976918e+01
8.900000000003005507e-01 5.650929909861807943e+01
9.100000000003001244e-01 5.685189497204832776e+01
9.300000000002996980e-01 5.811168134309391320e+01
9.500000000002992717e-01 5.829185955643442441e+01
9.700000000002988454e-01 5.970334312932951804e+01
9.900000000002984191e-01 6.014654690358670308e+01
1.010000000000297993e+00 6.159726452276428432e+01
1.030000000000297566e+00 6.212176335251049153e+01
1.050000000000297140e+00 6.363016926908176174e+01
1.070000000000296714e+00 6.424208397291278061e+01
1.090000000000296287e+00 6.488328723515081720e+01
1.110000000000295861e+00 6.605368745911491146e+01
1.130000000000295435e+00 6.698053187322923918e+01
1.150000000000295008e+00 6.821925612375970616e+01
1.170000000000294582e+00 6.804631088731180455e+01
1.190000000000294156e+00 6.986607212282835633e+01
1.210000000000293729e+00 7.106400658974141038e+01
1.230000000000293303e+00 7.177015667226440598e+01
1.250000000000292877e+00 7.267194905814524475e+01
1.270000000000292451e+00 7.352404543239570955e+01
1.290000000000292024e+00 7.427022971683183528e+01
1.310000000000291598e+00 7.548370833271475533e+01
1.330000000000291172e+00 7.613991162862063788e+01
1.350000000000290745e+00 7.712374009667233565e+01
1.370000000000290319e+00 7.833348888851482172e+01
1.390000000000289893e+00 7.859394235300425180e+01
1.410000000000289466e+00 8.007464451529581595e+01
1.430000000000289040e+00 8.082909123576624211e+01
1.450000000000288614e+00 8.055703869726427513e+01
1.470000000000288187e+00 8.160941650564251404e+01
1.490000000000287761e+00 8.289863464928976100e+01
1.510000000000287335e+00 8.351200861416819521e+01
1.530000000000286908e+00 8.421231022722821535e+01
1.550000000000286482e+00 8.495915073891578118e+01
1.570000000000286056e+00 8.585576382242311411e+01
1.590000000000285629e+00 8.675695448858233760e+01
1.610000000000285203e+00 8.743625989147864175e+01
1.630000000000284777e+00 8.756883672416572040e+01
1.650000000000284350e+00 8.778596962012430538e+01
1.670000000000283924e+00 8.969635683529000403e+01
1.690000000000283498e+00 8.940262316478094817e+01
1.710000000000283071e+00 8.993761586931013596e+01
1.730000000000282645e+00 9.105156181383799208e+01
1.750000000000282219e+00 9.111335725101918115e+01
1.770000000000281792e+00 9.185844341512198241e+01
1.790000000000281366e+00 9.263918337430430938e+01
1.810000000000280940e+00 9.404238752243463750e+01
1.830000000000280513e+00 9.326034528338080065e+01
1.850000000000280087e+00 9.337370959045283314e+01
1.870000000000279661e+00 9.464281677852127928e+01
1.890000000000279234e+00 9.486083895558205370e+01
1.910000000000278808e+00 9.378228449492141294e+01
1.930000000000278382e+00 9.535638819746347394e+01
1.950000000000277955e+00 9.580312319676112054e+01
1.970000000000277529e+00 9.628585594409685200e+01
1.990000000000277103e+00 9.593973826908859337e+01
2.010000000000276899e+00 9.625808212350248994e+01
2.030000000000276472e+00 9.615454823068323265e+01
2.050000000000276046e+00 9.619296777041793689e+01
2.070000000000275620e+00 9.735261263814891208e+01
2.090000000000275193e+00 9.596219860805753399e+01
2.110000000000274767e+00 9.677536627146932346e+01
2.130000000000274341e+00 9.732593045852910052e+01
2.150000000000273914e+00 9.604438893443932557e+01
2.170000000000273488e+00 9.660481872733416253e+01
2.190000000000273062e+00 9.682022578354306575e+01
2.210000000000272635e+00 9.678003064424220270e+01
2.230000000000272209e+00 9.779821920953519054e+01
2.250000000000271783e+00 9.585071735986372232e+01
2.270000000000271356e+00 9.583986291116917755e+01
2.290000000000270930e+00 9.532078984507867858e+01
2.310000000000270504e+00 9.538622140844741182e+01
2.330000000000270077e+00 9.468480268399459021e+01
2.350000000000269651e+00 9.469337701591344114e+01
2.370000000000269225e+00 9.447144990106751550e+01
2.390000000000268798e+00 9.387395027009014825e+01
2.410000000000268372e+00 9.352590038105142867e+01
2.430000000000267946e+00 9.368433414468300668e+01
2.450000000000267519e+00 9.282982070607761216e+01
2.470000000000267093e+00 9.315971999850820850e+01
2.490000000000266667e+00 9.148301325644116844e+01
2.510000000000266240e+00 9.126608588939400590e+01
2.530000000000265814e+00 9.111155401320122849e+01
2.550000000000265388e+00 9.037604844565102269e+01
2.570000000000264961e+00 9.088358109397361773e+01
2.590000000000264535e+00 9.000884435589350119e+01
2.610000000000264109e+00 8.914228763868797500e+01
2.630000000000263682e+00 8.884418039007029222e+01
2.650000000000263256e+00 8.945147120269456309e+01
2.670000000000262830e+00 8.792316754879331597e+01
2.690000000000262403e+00 8.772546352630199351e+01
2.710000000000261977e+00 8.729367798285788638e+01
2.730000000000261551e+00 8.620537428925683798e+01
2.750000000000261124e+00 8.600999166010824126e+01
2.770000000000260698e+00 8.575188900382941881e+01
2.790000000000260272e+00 8.461727742419157039e+01
2.810000000000259845e+00 8.448506632386546755e+01
2.830000000000259419e+00 8.379397531021849943e+01
2.850000000000258993e+00 8.355498761410937902e+01
2.870000000000258567e+00 8.248399531811887186e+01
2.890000000000258140e+00 8.220829984888491992e+01
2.910000000000257714e+00 8.211593740992979917e+01
2.930000000000257288e+00 8.070753521484616044e+01
2.950000000000256861e+00 8.084418426211837527e+01
2.970000000000256435e+00 8.023105323129802002e+01
2.990000000000256009e+00 7.953561738107252665e+01
3.010000000000255582e+00 7.912222447527263114e+01
3.030000000000255156e+00 7.847344305130152975e+01
3.050000000000254730e+00 7.790138705266356567e+01
3.070000000000254303e+00 7.748114473171824557e+01
3.090000000000253877e+00 7.647935128663900173e+01
3.110000000000253451e+00 7.628055135229601547e+01
3.130000000000253024e+00 7.552755263368715077e+01
3.150000000000252598e+00 7.529408556149563481e+01
3.170000000000252172e+00 7.499499333942848978e+01
3.190000000000251745e+00 7.380356045067105697e+01
3.210000000000251319e+00 7.358467004250414334e+01
3.230000000000250893e+00 7.319023955527639203e+01
3.250000000000250466e+00 7.240304637721685310e+01
3.270000000000250040e+00 7.203434278053249784e+01
3.290000000000249614e+00 7.125982937557861874e+01
3.310000000000249187e+00 7.135979251781192545e+01
3.330000000000248761e+00 7.040118510505155314e+01
3.350000000000248335e+00 7.040252114205678424e+01
3.370000000000247908e+00 6.920682239229398647e+01
3.390000000000247482e+00 6.948198499616592017e+01
3.410000000000247056e+00 6.827586419982391419e+01
3.430000000000246629e+00 6.833146458847291171e+01
3.450000000000246203e+00 6.733849663598118696e+01
3.470000000000245777e+00 6.724247088473445899e+01
3.490000000000245350e+00 6.634479757286489132e+01
3.510000000000244924e+00 6.613295711488898121e+01
3.530000000000244498e+00 6.592683222284888700e+01
3.550000000000244071e+00 6.527619762796823011e+01
3.570000000000243645e+00 6.448398448424934770e+01
3.590000000000243219e+00 6.440220408787446615e+01
3.610000000000242792e+00 6.384058179830783786e+01
3.630000000000242366e+00 6.335900890726681922e+01
3.650000000000241940e+00 6.381496259287647632e+01
3.670000000000241513e+00 6.213851349006012725e+01
3.690000000000241087e+00 6.168271122444443222e+01
3.710000000000240661e+00 6.160633395544509483e+01
3.730000000000240234e+00 6.133642197522000572e+01
3.750000000000239808e+00 6.042777989272916983e+01
3.770000000000239382e+00 6.073872487757175520e+01
3.790000000000238956e+00 5.980114654644502536e+01
3.810000000000238529e+00 5.934772382198639917e+01
3.830000000000238103e+00 5.893999046376477224e+01
3.850000000000237677e+00 5.866622739326418667e+01
3.870000000000237250e+00 5.814277753882088007e+01
3.890000000000236824e+00 5.791114748663660095e+01
3.910000000000236398e+00 5.785268131983512063e+01
3.930000000000235971e+00 5.661118650649786588e+01
3.950000000000235545e+00 5.679660494421007400e+01
3.970000000000235119e+00 5.601745560905118992e+01
3.990000000000234692e+00 5.632170840292450720e+01
4.010000000000234266e+00 5.562503257221723629e+01
4.030000000000233840e+00 5.560327202502017485e+01
4.050000000000233413e+00 5.521616997364312596e+01
4.070000000000232987e+00 5.454926834118125356e+01
4.090000000000232561e+00 5.432220365945183005e+01
4.110000000000232134e+00 5.404605375319142269e+01
4.130000000000231708e+00 5.313409573523494345e+01
4.150000000000231282e+00 5.327757700944734154e+01
4.170000000000230855e+00 5.302244317682943375e+01
4.190000000000230429e+00 5.247821615756991775e+01
4.210000000000230003e+00 5.232624605879787083e+01
4.230000000000229576e+00 5.171133820162017258e+01
4.250000000000229150e+00 5.170560223254745580e+01
4.270000000000228724e+00 5.136142334300173218e+01
4.290000000000228297e+00 5.068608880556232066e+01
4.310000000000227871e+00 5.108231944203805597e+01
4.330000000000227445e+00 5.045248231673785000e+01
4.350000000000227018e+00 5.039102378637812052e+01
4.370000000000226592e+00 4.978246866508339963e+01
4.390000000000226166e+00 4.985879811686348972e+01
4.410000000000225739e+00 4.947575332637206458e+01
4.430000000000225313e+00 4.886938376991545852e+01
4.450000000000224887e+00 4.895031768225760516e+01
4.470000000000224460e+00 4.860498677386477340e+01
4.490000000000224034e+00 4.836869073681445030e+01
4.510000000000223608e+00 4.830198112273743760e+01
4.530000000000223181e+00 4.764744151232818581e+01
4.550000000000222755e+00 4.771552454020245193e+01
4.570000000000222329e+00 4.748766749284460076e+01
4.590000000000221902e+00 4.736389553779992667e+01
4.610000000000221476e+00 4.722685823516713555e+01
4.630000000000221050e+00 4.668357445109825221e+01
4.650000000000220624e+00 4.656212695339549867e+01
4.670000000000220197e+00 4.647696670702845978e+01
4.690000000000219771e+00 4.653902046842865303e+01
4.710000000000219345e+00 4.636933908551460348e+01
4.730000000000218918e+00 4.563515086000497689e+01
4.750000000000218492e+00 4.535760767547839833e+01
4.770000000000218066e+00 4.550410039590813227e+01
4.790000000000217639e+00 4.513615464136476874e+01
4.810000000000217213e+00 4.499656732486517541e+01
4.830000000000216787e+00 4.495340525278005117e+01
4.850000000000216360e+00 4.481407716514470962e+01
4.870000000000215934e+00 4.434324632034450531e+01
4.890000000000215508e+00 4.462927794043346807e+01
4.910000000000215081e+00 4.435883334235648334e+01
4.930000000000214655e+00 4.414214375874708907e+01
4.950000000000214229e+00 4.378680117512764980e+01
4.970000000000213802e+00 4.369521461443366661e+01
4.990000000000213376e+00 4.374877752812492560e+01
5.010000000000212950e+00 4.373467530550335169e+01
5.030000000000212523e+00 4.326062440999284320e+01
5.050000000000212097e+00 4.287362331048615260e+01
5.070000000000211671e+00 4.269557470911194486e+01
5.090000000000211244e+00 4.287455800690786134e+01
5.110000000000210818e+00 4.267341531914222941e+01
5.130000000000210392e+00 4.267259979209337217e+01
5.150000000000209965e+00 4.206854396764991577e+01
5.170000000000209539e+00 4.239917898518286421e+01
5.190000000000209113e+00 4.223884457665148773e+01
5.210000000000208686e+00 4.196785605754892856e+01
5.230000000000208260e+00 4.182136047657749600e+01
5.250000000000207834e+00 4.200167584064865878e+01
5.270000000000207407e+00 4.130595483584090033e+01
5.290000000000206981e+00 4.151786991924362269e+01
5.310000000000206555e+00 4.138582080832343735e+01
5.330000000000206128e+00 4.125805498455624587e+01
5.350000000000205702e+00 4.109144177184914781e+01
5.370000000000205276e+00 4.084055695612276793e+01
5.390000000000204849e+00 4.100304085856324576e+01
5.410000000000204423e+00 4.058645737693817779e+01
5.430000000000203997e+00 4.025725341040698879e+01
5.450000000000203570e+00 4.040112422880789467e+01
5.470000000000203144e+00 4.022966119772414118e+01
5.490000000000202718e+00 4.046220286181390691e+01
5.510000000000202292e+00 4.056343965589309875e+01
5.530000000000201865e+00 4.007573321518919585e+01
5.550000000000201439e+00 3.992634001308872627e+01
5.570000000000201013e+00 3.962784138708875759e+01
5.590000000000200586e+00 3.974993614019784616e+01
5.610000000000200160e+00 3.978704115892719528e+01
5.630000000000199734e+00 3.986534060129096702e+01
5.650000000000199307e+00 3.916844687153798787e+01
5.670000000000198881e+00 3.936067249714550798e+01
5.690000000000198455e+00 3.913859268035617589e+01
5.710000000000198028e+00 3.895694900318962794e+01
5.730000000000197602e+00 3.918537641208473588e+01
5.750000000000197176e+00 3.903349250659701397e+01
5.770000000000196749e+00 3.883310449378719653e+01
5.790000000000196323e+00 3.893864293744413629e+01
5.810000000000195897e+00 3.853079150310922074e+01
5.830000000000195470e+00 3.863107539712655125e+01
5.850000000000195044e+00 3.841357633465342047e+01
5.870000000000194618e+00 3.853742677587691645e+01
5.890000000000194191e+00 3.830331699243426868e+01
5.910000000000193765e+00 3.822427262649257784e+01
5.930000000000193339e+00 3.822874244135596200e+01
5.950000000000192912e+00 3.787308079510036407e+01
5.970000000000192486e+00 3.806675482427248625e+01
5.990000000000192060e+00 3.785188034030610993e+01
6.010000000000191633e+00 3.766396925455498490e+01
6.030000000000191207e+00 3.772185251019430297e+01
6.050000000000190781e+00 3.794671212851710607e+01
6.070000000000190354e+00 3.754623499372943485e+01
6.090000000000189928e+00 3.738077936328267015e+01
6.110000000000189502e+00 3.739566782289476521e+01
6.130000000000189075e+00 3.738253798849881093e+01
6.150000000000188649e+00 3.721240639584541299e+01
6.170000000000188223e+00 3.703561782070459429e+01
6.190000000000187796e+00 3.713811649898100598e+01
6.210000000000187370e+00 3.695793493776017868e+01
6.230000000000186944e+00 3.688146912384585363e+01
6.250000000000186517e+00 3.665799750779201105e+01
6.270000000000186091e+00 3.656445081487109405e+01
6.290000000000185665e+00 3.657584783374053927e+01
6.310000000000185238e+00 3.625313132895598045e+01
6.330000000000184812e+00 3.635916491749927815e+01
6.350000000000184386e+00 3.653377352286541679e+01
6.370000000000183960e+00 3.591934805353940163e+01
6.390000000000183533e+00 3.616485355485245634e+01
6.410000000000183107e+00 3.580252442263265777e+01
6.430000000000182681e+00 3.592108658985034708e+01
6.450000000000182254e+00 3.573502905821677444e+01
6.470000000000181828e+00 3.598811810439665493e+01
6.490000000000181402e+00 3.554675062298167632e+01
6.510000000000180975e+00 3.580600298866519182e+01
6.530000000000180549e+00 3.548907377832684773e+01
6.550000000000180123e+00 3.534542248069952564e+01
6.570000000000179696e+00 3.537287323557981722e+01
6.590000000000179270e+00 3.509440063675997123e+01
6.610000000000178844e+00 3.539926580606830697e+01
6.630000000000178417e+00 3.493928408373268724e+01
6.650000000000177991e+00 3.523722923284877595e+01
6.670000000000177565e+00 3.480002040155247300e+01
6.690000000000177138e+00 3.477837362558084067e+01
6.710000000000176712e+00 3.462555878203210824e+01
6.730000000000176286e+00 3.469447825746375003e+01
6.750000000000175859e+00 3.425786884650759134e+01
6.770000000000175433e+00 3.436327186008861645e+01
6.790000000000175007e+00 3.426187559907410218e+01
6.810000000000174580e+00 3.424296087614750661e+01
6.830000000000174154e+00 3.407558558159968243e+01
6.850000000000173728e+00 3.408129536592426234e+01
6.870000000000173301e+00 3.373886008279856696e+01
6.890000000000172875e+00 3.392880434726960459e+01
6.910000000000172449e+00 3.356098015291362202e+01
6.930000000000172022e+00 3.370346709620448422e+01
6.950000000000171596e+00 3.348426996896002095e+01
6.970000000000171170e+00 3.321357302118226329e+01
6.990000000000170743e+00 3.343004090536992834e+01
7.010000000000170317e+00 3.314346782056345120e+01
7.030000000000169891e+00 3.324603647172568088e+01
7.050000000000169464e+00 3.299562516713863403e+01
7.070000000000169038e+00 3.312440678602749244e+01
7.090000000000168612e+00 3.269851875844238265e+01
7.110000000000168185e+00 3.299054059749116163e+01
7.130000000000167759e+00 3.260518540301270463e+01
7.150000000000167333e+00 3.248148059094632600e+01
7.170000000000166906e+00 3.240305803281012231e+01
7.190000000000166480e+00 3.239935850996204891e+01
7.210000000000166054e+00 3.203132640018429100e+01
7.230000000000165628e+00 3.217041082968708565e+01
7.250000000000165201e+00 3.194893420687710517e+01
7.270000000000164775e+00 3.201784443991063966e+01
7.290000000000164349e+00 3.181649476740967586e+01
7.310000000000163922e+00 3.156237215991647460e+01
7.330000000000163496e+00 3.147145227938576539e+01
7.350000000000163070e+00 3.148708451276219122e+01
7.370000000000162643e+00 3.137483791788561760e+01
7.390000000000162217e+00 3.125046261441995199e+01
7.410000000000161791e+00 3.137929541124800537e+01
7.430000000000161364e+00 3.102397754859210011e+01
7.450000000000160938e+00 3.089892039959596914e+01
7.470000000000160512e+00 3.079109703191759806e+01
7.490000000000160085e+00 3.082419347309016544e+01
7.510000000000159659e+00 3.045467405872554778e+01
7.530000000000159233e+00 3.052972124542787213e+01
7.550000000000158806e+00 3.046965412103146775e+01
7.570000000000158380e+00 3.044506064499955400e+01
7.590000000000157954e+00 3.024217220723280519e+01
7.610000000000157527e+00 3.020316105637215642e+01
7.630000000000157101e+00 3.019287758941840494e+01
7.650000000000156675e+00 2.969167496971177655e+01
7.670000000000156248e+00 2.992713361014556384e+01
7.690000000000155822e+00 2.962969620340330934e+01
7.710000000000155396e+00 2.947810772031168725e+01
7.730000000000154969e+00 2.941937061830525479e+01
7.750000000000154543e+00 2.920988016219613925e+01
7.770000000000154117e+00 2.923558121437163493e+01
7.790000000000153690e+00 2.910495260172674747e+01
7.810000000000153264e+00 2.900980820033847252e+01
7.830000000000152838e+00 2.894904680552152243e+01
7.850000000000152411e+00 2.878771777603476778e+01
7.870000000000151985e+00 2.870055115174811888e+01
7.890000000000151559e+00 2.856514798407839706e+01
7.910000000000151132e+00 2.849909527083061533e+01
7.930000000000150706e+00 2.828072600688177474e+01
7.950000000000150280e+00 2.823941469156975259e+01
7.970000000000149853e+00 2.813953814557988764e+01
7.990000000000149427e+00 2.791048780903744486e+01
8.010000000000149001e+00 2.791910598381553399e+01
8.030000000000148574e+00 2.790807152671099090e+01
8.050000000000148148e+00 2.764226996424526206e+01
8.070000000000147722e+00 2.759179789798367821e+01
8.090000000000147296e+00 2.745177553578549379e+01
8.110000000000146869e+00 2.730886834728313062e+01
8.130000000000146443e+00 2.714980401172816116e+01
8.150000000000146017e+00 2.717052274827469915e+01
8.170000000000145590e+00 2.708836329515056107e+01
8.190000000000145164e+00 2.691563906786484495e+01
8.210000000000144738e+00 2.679971319658619677e+01
8.230000000000144311e+00 2.667396471632208943e+01
8.250000000000143885e+00 2.649441281155620942e+01
8.270000000000143459e+00 2.652672187289354611e+01
8.290000000000143032e+00 2.631614908361349237e+01
8.310000000000142606e+00 2.625655686870067029e+01
8.330000000000142180e+00 2.608146203681879527e+01
8.350000000000141753e+00 2.600495325985949435e+01
8.370000000000141327e+00 2.587527183027669153e+01
8.390000000000140901e+00 2.578899762152496322e+01
8.410000000000140474e+00 2.566489929000533010e+01
8.430000000000140048e+00 2.547902907760279945e+01
8.450000000000139622e+00 2.557446246091925701e+01
8.470000000000139195e+00 2.522349633643966271e+01
8.490000000000138769e+00 2.522837374117827380e+01
8.510000000000138343e+00 2.510743056624504987e+01
8.530000000000137916e+00 2.501380132984950677e+01
8.550000000000137490e+00 2.491750260524857907e+01
8.570000000000137064e+00 2.473799820063675980e+01
8.590000000000136637e+00 2.469169827073205425e+01
8.610000000000136211e+00 2.455653791690558663e+01
8.630000000000135785e+00 2.437803181352450821e+01
8.650000000000135358e+00 2.437271862025445301e+01
8.670000000000134932e+00 2.424388761116391677e+01
8.690000000000134506e+00 2.415938974109199222e+01
8.710000000000134079e+00 2.395837535765627280e+01
8.730000000000133653e+00 2.384690704022039043e+01
8.750000000000133227e+00 2.381296402834187020e+01
8.770000000000132800e+00 2.366253062437278487e+01
8.790000000000132374e+00 2.358581427415018439e+01
8.810000000000131948e+00 2.345325455996010788e+01
8.830000000000131521e+00 2.332538609986638889e+01
8.850000000000131095e+00 2.318117610941183671e+01
8.870000000000130669e+00 2.309468808680568941e+01
8.890000000000130242e+00 2.292990752779216379e+01
8.910000000000129816e+00 2.292023172376034168e+01
8.930000000000129390e+00 2.272063053760212981e+01
8.950000000000128964e+00 2.267245690746591791e+01
8.970000000000128537e+00 2.259604640471526338e+01
8.990000000000128111e+00 2.255450021240196889e+01
9.010000000000127685e+00 2.240005723823049522e+01
9.030000000000127258e+00 2.222755989495526663e+01
9.050000000000126832e+00 2.212021455408608972e+01
9.070000000000126406e+00 2.202596962905622036e+01
9.090000000000125979e+00 2.190273268423825215e+01
9.110000000000125553e+00 2.183343870744847237e+01
9.130000000000125127e+00 2.171036158676481875e+01
9.150000000000124700e+00 2.160335003789336028e+01
9.170000000000124274e+00 2.152600556005419108e+01
9.190000000000123848e+00 2.138462208446403778e+01
9.210000000000123421e+00 2.127026051153308828e+01
9.230000000000122995e+00 2.113518035478348978e+01
9.250000000000122569e+00 2.105384186445640182e+01
9.270000000000122142e+00 2.091269321795487102e+01
9.290000000000121716e+00 2.082884490214098960e+01
9.310000000000121290e+00 2.071235025640765315e+01
9.330000000000120863e+00 2.058343039533673036e+01
9.350000000000120437e+00 2.050642330662669011e+01
9.370000000000120011e+00 2.046040258636760356e+01
9.390000000000119584e+00 2.032555116683737495e+01
9.410000000000119158e+00 2.016484401498330570e+01
9.430000000000118732e+00 2.011203967387260505e+01
9.450000000000118305e+00 1.998830334879148651e+01
9.470000000000117879e+00 1.983071739694730340e+01
9.490000000000117453e+00 1.983202728607617615e+01
9.510000000000117026e+00 1.962839092755069714e+01
9.530000000000116600e+00 1.957687204852195961e+01
9.550000000000116174e+00 1.943664200824026977e+01
9.570000000000115747e+00 1.942814113745120963e+01
9.590000000000115321e+00 1.931445961287773727e+01
9.610000000000114895e+00 1.911727793323958835e+01
9.630000000000114468e+00 1.901401921949797469e+01
9.650000000000114042e+00 1.891050313175839648e+01
9.670000000000113616e+00 1.879849183117660161e+01
9.690000000000113189e+00 1.872411155940030980e+01
9.710000000000112763e+00 1.865500391177883799e+01
9.730000000000112337e+00 1.855782612697873546e+01
9.750000000000111910e+00 1.838276523941075169e+01
9.770000000000111484e+00 1.830378191068916394e+01
9.790000000000111058e+00 1.818512635738844452e+01
9.810000000000110632e+00 1.813656219892564536e+01
9.830000000000110205e+00 1.791317515316906395e+01
9.850000000000109779e+00 1.781618277476098555e+01
9.870000000000109353e+00 1.782795579721146950e+01
9.890000000000108926e+00 1.768168123775406642e+01
9.910000000000108500e+00 1.759155517262059476e+01
9.930000000000108074e+00 1.750291521024712083e+01
9.950000000000107647e+00 1.740799135143949172e+01
9.970000000000107221e+00 1.717370874748446852e+01
9.990000000000106795e+00 1.714868371836562488e+01
1.001000000000010637e+01 1.712133195079942283e+01
1.003000000000010594e+01 1.689400692761613954e+01
1.005000000000010552e+01 1.692528251735955891e+01
1.007000000000010509e+01 1.670521834829641605e+01
1.009000000000010466e+01 1.661338130031773730e+01
1.011000000000010424e+01 1.652263964399868001e+01
1.013000000000010381e+01 1.645437897203599320e+01
1.015000000000010338e+01 1.635928276668003889e+01
1.017000000000010296e+01 1.622257305432655272e+01
1.019000000000010253e+01 1.619441826924099104e+01
1.021000000000010210e+01 1.604260813547245590e+01
1.023000000000010168e+01 1.598098214588531540e+01
1.025000000000010125e+01 1.579582300983049414e+01
1.027000000000010083e+01 1.569396974548434187e+01
1.029000000000010040e+01 1.564842638944483433e+01
1.031000000000009997e+01 1.557715945446926931e+01
1.033000000000009955e+01 1.549015256100142324e+01
1.035000000000009912e+01 1.524751309080649087e+01
1.037000000000009869e+01 1.519656943311449737e+01
1.039000000000009827e+01 1.511533314242654491e+01
1.041000000000009784e+01 1.509276904964630539e+01
1.043000000000009742e+01 1.488099061750162377e+01
1.045000000000009699e+01 1.483316586826610362e+01
1.047000000000009656e+01 1.477877291514733393e+01
1.049000000000009614e+01 1.467849609499989327e+01
1.051000000000009571e+01 1.456578068785685964e+01
1.053000000000009528e+01 1.446175310941310954e+01
1.055000000000009486e+01 1.441795228247948835e+01
1.057000000000009443e+01 1.427076128789942366e+01
1.059000000000009400e+01 1.413739413661163979e+01
1.061000000000009358e+01 1.404396032980031883e+01
1.063000000000009315e+01 1.401979723041862513e+01
1.065000000000009273e+01 1.378518551325777430e+01
1.067000000000009230e+01 1.381723339633274605e+01
1.069000000000009187e+01 1.365965310116192555e+01
1.071000000000009145e+01 1.365239345484909173e+01
1.073000000000009102e+01 1.348292287674940937e+01
1.075000000000009059e+01 1.350796417653865333e+01
1.077000000000009017e+01 1.329064533189588282e+01
1.079000000000008974e+01 1.326531924149377240e+01
1.081000000000008932e+01 1.310481672963682165e+01
1.083000000000008889e+01 1.308189211731143686e+01
1.085000000000008846e+01 1.295672982498772896e+01
1.087000000000008804e+01 1.279900899496923472e+01
1.089000000000008761e+01 1.274343505876379190e+01
1.091000000000008718e+01 1.268531699925704714e+01
1.093000000000008676e+01 1.257882099437217782e+01
1.095000000000008633e+01 1.255424306850413529e+01
1.097000000000008590e+01 1.242705726021568680e+01
1.099000000000008548e+01 1.235042248521401476e+01
1.101000000000008505e+01 1.230199471142454115e+01
1.103000000000008463e+01 1.223652286080656815e+01
1.105000000000008420e+01 1.202129173654516769e+01
1.107000000000008377e+01 1.193115626314714639e+01
1.109000000000008335e+01 1.190579214460860236e+01
1.111000000000008292e+01 1.185843261238053614e+01
1.113000000000008249e+01 1.167837564056281074e+01
1.115000000000008207e+01 1.159978939212671811e+01
1.117000000000008164e+01 1.153027428170359592e+01
1.119000000000008122e+01 1.154945985315456980e+01
1.121000000000008079e+01 1.138146603316517869e+01
1.123000000000008036e+01 1.131093650552866237e+01
1.125000000000007994e+01 1.117485477199902455e+01
1.127000000000007951e+01 1.120743970711535553e+01
1.129000000000007908e+01 1.111353917723886475e+01
1.131000000000007866e+01 1.093791511943016914e+01
1.133000000000007823e+01 1.097508829132751451e+01
1.135000000000007780e+01 1.078604398684423060e+01
1.137000000000007738e+01 1.077598279535406434e+01
1.139000000000007695e+01 1.067083390253650066e+01
1.141000000000007653e+01 1.062885550953492952e+01
1.143000000000007610e+01 1.052736873790852279e+01
1.145000000000007567e+01 1.043015820213049416e+01
1.147000000000007525e+01 1.035474039440627969e+01
1.149000000000007482e+01 1.029348346634913369e+01
1.151000000000007439e+01 1.017484219915493782e+01
1.153000000000007397e+01 1.016410507735261426e+01
1.155000000000007354e+01 1.010621804239843335e+01
1.157000000000007311e+01 9.948438207022515911e+00
1.159000000000007269e+01 9.927267690577362913e+00
1.161000000000007226e+01 9.947510129424070868e+00
1.163000000000007184e+01 9.793004444865333724e+00
1.165000000000007141e+01 9.696637075882451384e+00
1.167000000000007098e+01 9.636896309345793554e+00
1.169000000000007056e+01 9.527452739171694773e+00
1.171000000000007013e+01 9.454996399583635025e+00
1.173000000000006970e+01 9.428136823785896681e+00
1.175000000000006928e+01 9.377972293943727777e+00
1.177000000000006885e+01 9.270900386326973219e+00
1.179000000000006843e+01 9.245835781248716856e+00
1.181000000000006800e+01 9.171873243052475644e+00
1.183000000000006757e+01 9.092399020257825981e+00
1.185000000000006715e+01 9.042229793470980326e+00
1.187000000000006672e+01 8.989761342211973982e+00
1.189000000000006629e+01 8.863910975955391791e+00
1.191000000000006587e+01 8.828472163826358354e+00
1.193000000000006544e+01 8.801288767048571771e+00
1.195000000000006501e+01 8.805991987522235220e+00
1.197000000000006459e+01 8.687766565684750475e+00
1.199000000000006416e+01 8.622195576707948561e+00
1.201000000000006374e+01 8.542259572296922343e+00
1.203000000000006331e+01 8.454605376627020163e+00
1.205000000000006288e+01 8.436417144910858923e+00
1.207000000000006246e+01 8.333319100235355492e+00
1.209000000000006203e+01 8.290824769613442058e+00
1.211000000000006160e+01 8.283245640177730351e+00
1.213000000000006118e+01 8.139952964979018546e+00
1.215000000000006075e+01 8.179103572563471758e+00
1.217000000000006033e+01 8.057007900127217681e+00
1.219000000000005990e+01 8.077007181656259860e+00
1.221000000000005947e+01 7.927342433524152909e+00
1.223000000000005905e+01 7.926852828324662426e+00
1.225000000000005862e+01 7.892155278702809085e+00
1.227000000000005819e+01 7.825811768190969353e+00
1.229000000000005777e+01 7.777287768918140998e+00
1.231000000000005734e+01 7.729375083016565284e+00
1.233000000000005691e+01 7.679330384228279627e+00
1.235000000000005649e+01 7.534705961853300771e+00
1.237000000000005606e+01 7.601955193845450154e+00
1.239000000000005564e+01 7.491976888783850264e+00
1.241000000000005521e+01 7.505413874678189323e+00
1.243000000000005478e+01 7.426289406657892833e+00
1.245000000000005436e+01 7.292567284008565132e+00
1.247000000000005393e+01 7.332597446319592649e+00
1.249000000000005350e+01 7.241741398275898689e+00
1.251000000000005308e+01 7.260161353894127423e+00
1.253000000000005265e+01 7.102977120734227157e+00
1.255000000000005222e+01 7.130028821932140382e+00
1.257000000000005180e+01 7.039426444300580066e+00
1.259000000000005137e+01 7.111236346402767694e+00
1.261000000000005095e+01 6.935322160625341681e+00
1.263000000000005052e+01 6.924052813736808254e+00
1.265000000000005009e+01 6.924474634142764096e+00
1.267000000000004967e+01 6.854945938276342687e+00
1.269000000000004924e+01 6.824386014732891859e+00
1.271000000000004881e+01 6.743692548243797269e+00
1.273000000000004839e+01 6.669223676493306385e+00
1.275000000000004796e+01 6.683365809624965515e+00
1.277000000000004754e+01 6.578614891670189202e+00
1.279000000000004711e+01 6.582517311437997343e+00
1.281000000000004668e+01 6.507833620322044155e+00
1.283000000000004626e+01 6.536779665831759623e+00
1.285000000000004583e+01 6.461229126913710097e+00
1.287000000000004540e+01 6.454948494525288183e+00
1.289000000000004498e+01 6.328063807652110739e+00
1.291000000000004455e+01 6.324299844557726757e+00
1.293000000000004412e+01 6.311577121075048424e+00
1.295000000000004370e+01 6.321755054479194946e+00
1.297000000000004327e+01 6.175101803723126892e+00
1.299000000000004285e+01 6.174409086087850440e+00
1.301000000000004242e+01 6.155834665233358649e+00
1.303000000000004199e+01 6.070301201088703635e+00
1.305000000000004157e+01 6.043268083249426326e+00
1.307000000000004114e+01 6.047727640659196879e+00
1.309000000000004071e+01 6.019297114325434350e+00
1.311000000000004029e+01 5.954572685429973866e+00
1.313000000000003986e+01 5.872033344215068951e+00
1.315000000000003944e+01 5.869655198793603645e+00
1.317000000000003901e+01 5.843916846593608660e+00
1.319000000000003858e+01 5.749524827154000484e+00
1.321000000000003816e+01 5.772057993644701845e+00
1.323000000000003773e+01 5.734264150107481584e+00
1.325000000000003730e+01 5.713936360560007088e+00
1.327000000000003688e+01 5.673305984315184958e+00
1.329000000000003645e+01 5.622303472725806550e+00
1.331000000000003602e+01 5.581707670214147043e+00
1.333000000000003560e+01 5.601732704469220891e+00
1.335000000000003517e+01 5.478791485350551049e+00
1.337000000000003475e+01 5.435880991315241495e+00
1.339000000000003432e+01 5.407213701172155496e+00
1.341000000000003389e+01 5.376994804857341492e+00
1.343000000000003347e+01 5.357705474596010653e+00
1.345000000000003304e+01 5.403833625072809177e+00
1.347000000000003261e+01 5.264472731525120963e+00
1.349000000000003219e+01 5.251425374616712993e+00
1.351000000000003176e+01 5.217858214167613085e+00
1.353000000000003133e+01 5.202968737636796348e+00
1.355000000000003091e+01 5.189255302691024418e+00
1.357000000000003048e+01 5.080719863277486148e+00
1.359000000000003006e+01 5.116458124018251397e+00
1.361000000000002963e+01 5.049316852029508418e+00
1.363000000000002920e+01 5.038643613104405894e+00
1.365000000000002878e+01 4.968767800876676688e+00
1.367000000000002835e+01 4.904004904685820954e+00
1.369000000000002792e+01 4.899826115443798535e+00
1.371000000000002750e+01 4.864750414771081388e+00
1.373000000000002707e+01 4.845508004688491077e+00
1.375000000000002665e+01 4.831314360199421287e+00
1.377000000000002622e+01 4.739314711044728234e+00
1.379000000000002579e+01 4.746054948130821849e+00
1.381000000000002537e+01 4.613691326488481792e+00
1.383000000000002494e+01 4.612699442926579962e+00
1.385000000000002451e+01 4.602223816322248418e+00
1.387000000000002409e+01 4.610487858151426366e+00
1.389000000000002366e+01 4.509290786621958702e+00
1.391000000000002323e+01 4.493440845559036667e+00
1.393000000000002281e+01 4.479554777786731279e+00
1.395000000000002238e+01 4.361949008400018535e+00
1.397000000000002196e+01 4.334990378591460747e+00
1.399000000000002153e+01 4.325558933911318960e+00
1.401000000000002110e+01 4.286748295476766835e+00
1.403000000000002068e+01 4.246045414167721965e+00
1.405000000000002025e+01 4.191317347174768670e+00
1.407000000000001982e+01 4.160253566879934972e+00
1.409000000000001940e+01 4.108811674321414031e+00
1.411000000000001897e+01 4.067777724983979937e+00
1.413000000000001855e+01 4.038214159572209638e+00
1.415000000000001812e+01 3.964123498015591718e+00
1.417000000000001769e+01 3.849418880660400610e+00
1.419000000000001727e+01 3.794386599162693940e+00
1.421000000000001684e+01 3.760881742832166363e+00
1.423000000000001641e+01 3.743667549452748489e+00
1.425000000000001599e+01 3.664621042151690933e+00
1.427000000000001556e+01 3.545286933204387925e+00
1.429000000000001513e+01 3.465947691573457945e+00
1.431000000000001471e+01 3.320817956870834475e+00
1.433000000000001428e+01 3.225409555115801297e+00
1.435000000000001386e+01 3.148991841082333210e+00
1.437000000000001343e+01 2.961599080892158398e+00
1.439000000000001300e+01 2.815307251243361453e+00
1.441000000000001258e+01 2.630585305301130106e+00
1.443000000000001215e+01 2.535727276046058520e+00
1.445000000000001172e+01 2.237908347150176169e+00
1.447000000000001130e+01 1.996865212463839745e+00
1.449000000000001087e+01 1.757886306264722531e+00
1.451000000000001044e+01 1.424105440722052807e+00
1.453000000000001002e+01 1.124635586128639897e+00
1.455000000000000959e+01 8.007105830515154343e-01
1.457000000000000917e+01 5.440014017501028087e-01
1.459000000000000874e+01 3.368817115762029468e-01
1.461000000000000831e+01 1.627619038217757719e-01
1.463000000000000789e+01 7.060673661760535902e-02
1.465000000000000746e+01 1.644534485141583430e-02
1.467000000000000703e+01 5.427737211730235094e-03
1.469000000000000661e+01 1.754141365751460338e-08
1.471000000000000618e+01 0.000000000000000000e+00
1.473000000000000576e+01 0.000000000000000000e+00
1.475000000000000533e+01 0.000000000000000000e+00
1.477000000000000490e+01 0.000000000000000000e+00
1.479000000000000448e+01 0.000000000000000000e+00
1.481000000000000405e+01 0.000000000000000000e+00
1.483000000000000362e+01 0.000000000000000000e+00
1.485000000000000320e+01 0.000000000000000000e+00
1.487000000000000277e+01 0.000000000000000000e+00
1.489000000000000234e+01 0.000000000000000000e+00
1.491000000000000192e+01 0.000000000000000000e+00
1.493000000000000149e+01 0.000000000000000000e+00
1.495000000000000107e+01 0.000000000000000000e+00
1.497000000000000064e+01 0.000000000000000000e+00
1.499000000000000021e+01 0.000000000000000000e+00
