# Redshift		Merger Rate Density [Gpc^-3yr^-1]
1.000000000031931770e-02 1.995160515770937479e+02
3.000000000031888964e-02 2.093202360099525663e+02
5.000000000031846331e-02 2.190851988067596494e+02
7.000000000031804392e-02 2.296682161818721966e+02
9.000000000031761760e-02 2.405511284419210938e+02
1.100000000003171913e-01 2.518620373303760118e+02
1.300000000003167511e-01 2.631340354032470827e+02
1.500000000003163247e-01 2.742649531452602787e+02
1.700000000003158984e-01 2.854583574672666373e+02
1.900000000003154721e-01 2.984921012039553148e+02
2.100000000003150458e-01 3.102905621685914070e+02
2.300000000003146194e-01 3.236679262068902290e+02
2.500000000003141931e-01 3.359018671840657930e+02
2.700000000003137668e-01 3.490636963661791583e+02
2.900000000003133405e-01 3.615843690454034345e+02
3.100000000003129141e-01 3.750531147541105383e+02
3.300000000003124878e-01 3.885405340795243774e+02
3.500000000003120615e-01 4.009542355737779644e+02
3.700000000003116352e-01 4.171412878159646880e+02
3.900000000003112088e-01 4.314379452014477465e+02
4.100000000003107825e-01 4.433229720682043080e+02
4.300000000003103562e-01 4.600108777990294584e+02
4.500000000003099299e-01 4.746189984959129333e+02
4.700000000003095035e-01 4.893005582202677601e+02
4.900000000003090772e-01 5.014945043392414163e+02
5.100000000003086509e-01 5.202691803736685188e+02
5.300000000003082246e-01 5.340467910117012025e+02
5.500000000003077982e-01 5.502985921551089632e+02
5.700000000003073719e-01 5.662350390908934514e+02
5.900000000003069456e-01 5.822702967500277964e+02
6.100000000003065193e-01 5.977020238477124394e+02
6.300000000003060929e-01 6.145452867285739558e+02
6.500000000003056666e-01 6.323932763369792838e+02
6.700000000003052403e-01 6.489274161747280232e+02
6.900000000003048140e-01 6.654230972318158592e+02
7.100000000003043876e-01 6.809371497077772801e+02
7.300000000003039613e-01 6.999142024453384465e+02
7.500000000003035350e-01 7.156397418867393299e+02
7.700000000003031086e-01 7.319933587331640865e+02
7.900000000003026823e-01 7.475967249601468438e+02
8.100000000003022560e-01 7.671523747474456059e+02
8.300000000003018297e-01 7.812295798919432173e+02
8.500000000003014033e-01 8.002693869064589762e+02
8.700000000003009770e-01 8.178672065762840475e+02
8.900000000003005507e-01 8.289642836418645402e+02
9.100000000003001244e-01 8.479735396815649437e+02
9.300000000002996980e-01 8.677075179006294547e+02
9.500000000002992717e-01 8.846448496902004308e+02
9.700000000002988454e-01 8.978448955573118155e+02
9.900000000002984191e-01 9.162149184562532582e+02
1.010000000000297993e+00 9.297692178139700445e+02
1.030000000000297566e+00 9.457266974412189029e+02
1.050000000000297140e+00 9.627434290579866456e+02
1.070000000000296714e+00 9.763257717812556393e+02
1.090000000000296287e+00 9.943043004145642954e+02
1.110000000000295861e+00 1.010432023737183044e+03
1.130000000000295435e+00 1.022812669282721458e+03
1.150000000000295008e+00 1.041225434290639441e+03
1.170000000000294582e+00 1.053032864892560838e+03
1.190000000000294156e+00 1.063786119554795278e+03
1.210000000000293729e+00 1.079631029908083519e+03
1.230000000000293303e+00 1.094952501604633198e+03
1.250000000000292877e+00 1.106791442159593089e+03
1.270000000000292451e+00 1.120950686408343245e+03
1.290000000000292024e+00 1.134223291498433809e+03
1.310000000000291598e+00 1.143034966165901551e+03
1.330000000000291172e+00 1.153810006180771779e+03
1.350000000000290745e+00 1.164031614658254512e+03
1.370000000000290319e+00 1.174175643281181692e+03
1.390000000000289893e+00 1.187332876507493893e+03
1.410000000000289466e+00 1.193391036400807252e+03
1.430000000000289040e+00 1.202950529269428898e+03
1.450000000000288614e+00 1.210371590328971706e+03
1.470000000000288187e+00 1.218991562532941316e+03
1.490000000000287761e+00 1.227712848457214022e+03
1.510000000000287335e+00 1.233765838460960367e+03
1.530000000000286908e+00 1.237262137701700112e+03
1.550000000000286482e+00 1.245760857750596870e+03
1.570000000000286056e+00 1.245791356958954339e+03
1.590000000000285629e+00 1.254079979565183521e+03
1.610000000000285203e+00 1.254141819257112047e+03
1.630000000000284777e+00 1.259037630996178223e+03
1.650000000000284350e+00 1.256966189922350168e+03
1.670000000000283924e+00 1.265859450802661513e+03
1.690000000000283498e+00 1.257512929240303492e+03
1.710000000000283071e+00 1.266120456952735367e+03
1.730000000000282645e+00 1.256901281582702495e+03
1.750000000000282219e+00 1.262078239730869655e+03
1.770000000000281792e+00 1.260928877109638506e+03
1.790000000000281366e+00 1.257474469969940856e+03
1.810000000000280940e+00 1.253388872289509209e+03
1.830000000000280513e+00 1.248262949450157294e+03
1.850000000000280087e+00 1.244718455572923403e+03
1.870000000000279661e+00 1.240567763557223316e+03
1.890000000000279234e+00 1.236274617511586257e+03
1.910000000000278808e+00 1.232026441932733633e+03
1.930000000000278382e+00 1.221745371394436916e+03
1.950000000000277955e+00 1.217478341285743454e+03
1.970000000000277529e+00 1.211113797978666980e+03
1.990000000000277103e+00 1.200127518880416574e+03
2.010000000000276899e+00 1.192672272580096433e+03
2.030000000000276472e+00 1.179410011235686170e+03
2.050000000000276046e+00 1.170644171042773678e+03
2.070000000000275620e+00 1.165946025809411367e+03
2.090000000000275193e+00 1.154862459464409085e+03
2.110000000000274767e+00 1.143068504332426301e+03
2.130000000000274341e+00 1.132884417801575864e+03
2.150000000000273914e+00 1.124408166708633416e+03
2.170000000000273488e+00 1.110559736472693885e+03
2.190000000000273062e+00 1.098305155329556555e+03
2.210000000000272635e+00 1.084198046210333359e+03
2.230000000000272209e+00 1.074121916822675530e+03
2.250000000000271783e+00 1.059214610689893107e+03
2.270000000000271356e+00 1.048466946864721194e+03
2.290000000000270930e+00 1.031159658715915839e+03
2.310000000000270504e+00 1.021940503690111427e+03
2.330000000000270077e+00 1.008193042581403347e+03
2.350000000000269651e+00 9.929524761430693616e+02
2.370000000000269225e+00 9.784426817032816643e+02
2.390000000000268798e+00 9.688196576126019863e+02
2.410000000000268372e+00 9.550452546591121745e+02
2.430000000000267946e+00 9.410675346680575331e+02
2.450000000000267519e+00 9.236957707848206383e+02
2.470000000000267093e+00 9.084195233977097814e+02
2.490000000000266667e+00 8.974988983766730826e+02
2.510000000000266240e+00 8.801345922382149638e+02
2.530000000000265814e+00 8.683587491296542566e+02
2.550000000000265388e+00 8.547027746966326731e+02
2.570000000000264961e+00 8.418325849179516354e+02
2.590000000000264535e+00 8.262858250704357488e+02
2.610000000000264109e+00 8.108464207419692684e+02
2.630000000000263682e+00 7.994422864149863699e+02
2.650000000000263256e+00 7.877320406425619694e+02
2.670000000000262830e+00 7.728878455626182813e+02
2.690000000000262403e+00 7.575579303058176492e+02
2.710000000000261977e+00 7.439833018157531797e+02
2.730000000000261551e+00 7.314736546422290075e+02
2.750000000000261124e+00 7.176137640887103544e+02
2.770000000000260698e+00 7.058657973802037304e+02
2.790000000000260272e+00 6.925516232218374171e+02
2.810000000000259845e+00 6.803746906646588286e+02
2.830000000000259419e+00 6.674782705780244214e+02
2.850000000000258993e+00 6.537166387044771909e+02
2.870000000000258567e+00 6.443142632436463373e+02
2.890000000000258140e+00 6.312061727548298222e+02
2.910000000000257714e+00 6.150154654931943696e+02
2.930000000000257288e+00 6.060927245029317874e+02
2.950000000000256861e+00 5.925827182085172353e+02
2.970000000000256435e+00 5.849053029019611358e+02
2.990000000000256009e+00 5.722429258664832332e+02
3.010000000000255582e+00 5.609276354288746234e+02
3.030000000000255156e+00 5.497215517809463563e+02
3.050000000000254730e+00 5.373507829060135919e+02
3.070000000000254303e+00 5.290925833332728416e+02
3.090000000000253877e+00 5.186722819041350476e+02
3.110000000000253451e+00 5.087350733513704881e+02
3.130000000000253024e+00 4.967137844915996538e+02
3.150000000000252598e+00 4.888457119014206000e+02
3.170000000000252172e+00 4.754133055300399064e+02
3.190000000000251745e+00 4.699435583814097868e+02
3.210000000000251319e+00 4.587282378454011678e+02
3.230000000000250893e+00 4.502144553096142658e+02
3.250000000000250466e+00 4.408705259761083539e+02
3.270000000000250040e+00 4.326965151116361881e+02
3.290000000000249614e+00 4.239695019072447622e+02
3.310000000000249187e+00 4.138637124907132829e+02
3.330000000000248761e+00 4.067633863771038705e+02
3.350000000000248335e+00 3.992145525203081888e+02
3.370000000000247908e+00 3.904356813203144156e+02
3.390000000000247482e+00 3.852937608892944468e+02
3.410000000000247056e+00 3.744872430451530363e+02
3.430000000000246629e+00 3.682422151126808672e+02
3.450000000000246203e+00 3.610195259974641431e+02
3.470000000000245777e+00 3.514784105006694404e+02
3.490000000000245350e+00 3.462400174448075063e+02
3.510000000000244924e+00 3.393250543386350842e+02
3.530000000000244498e+00 3.324035814049313444e+02
3.550000000000244071e+00 3.255479687771785393e+02
3.570000000000243645e+00 3.199515211170148632e+02
3.590000000000243219e+00 3.133435970449392585e+02
3.610000000000242792e+00 3.081981957678820550e+02
3.630000000000242366e+00 2.991474966744080461e+02
3.650000000000241940e+00 2.969317520893371807e+02
3.670000000000241513e+00 2.882782845793327056e+02
3.690000000000241087e+00 2.834454965114533138e+02
3.710000000000240661e+00 2.771249085611491978e+02
3.730000000000240234e+00 2.730325571238226985e+02
3.750000000000239808e+00 2.677288636397449864e+02
3.770000000000239382e+00 2.612563555663742818e+02
3.790000000000238956e+00 2.557934078609951314e+02
3.810000000000238529e+00 2.519881960938979830e+02
3.830000000000238103e+00 2.470452657727082908e+02
3.850000000000237677e+00 2.422098094906430958e+02
3.870000000000237250e+00 2.378537936994985955e+02
3.890000000000236824e+00 2.332291813752176495e+02
3.910000000000236398e+00 2.289114435326986836e+02
3.930000000000235971e+00 2.239085393572529199e+02
3.950000000000235545e+00 2.204967952949235723e+02
3.970000000000235119e+00 2.156037247358918023e+02
3.990000000000234692e+00 2.112863120494841951e+02
4.010000000000234266e+00 2.085262549559642480e+02
4.030000000000233840e+00 2.042226854907032134e+02
4.050000000000233413e+00 1.998265298913303525e+02
4.070000000000232987e+00 1.954901640362264743e+02
4.090000000000232561e+00 1.919876068762556258e+02
4.110000000000232134e+00 1.885147625445934239e+02
4.130000000000231708e+00 1.856263504730413842e+02
4.150000000000231282e+00 1.834989385356251148e+02
4.170000000000230855e+00 1.782480349497830048e+02
4.190000000000230429e+00 1.752650772911853210e+02
4.210000000000230003e+00 1.725966698458075825e+02
4.230000000000229576e+00 1.692363095128403074e+02
4.250000000000229150e+00 1.649347453022521677e+02
4.270000000000228724e+00 1.623305354669257383e+02
4.290000000000228297e+00 1.600786960327306190e+02
4.310000000000227871e+00 1.586808859089605619e+02
4.330000000000227445e+00 1.537196223387134353e+02
4.350000000000227018e+00 1.512839998197041211e+02
4.370000000000226592e+00 1.480893901750963551e+02
4.390000000000226166e+00 1.465104635892764406e+02
4.410000000000225739e+00 1.433643487939338854e+02
4.430000000000225313e+00 1.396951000673466297e+02
4.450000000000224887e+00 1.386992662517328938e+02
4.470000000000224460e+00 1.358992133650474727e+02
4.490000000000224034e+00 1.329873371874746510e+02
4.510000000000223608e+00 1.306893307725867714e+02
4.530000000000223181e+00 1.287316136358809615e+02
4.550000000000222755e+00 1.261599978721038582e+02
4.570000000000222329e+00 1.244770090062241223e+02
4.590000000000221902e+00 1.211812985323027476e+02
4.610000000000221476e+00 1.195657339002046626e+02
4.630000000000221050e+00 1.180061037569443414e+02
4.650000000000220624e+00 1.150584405555087386e+02
4.670000000000220197e+00 1.136179831881463258e+02
4.690000000000219771e+00 1.113444994221244997e+02
4.710000000000219345e+00 1.087904892110086905e+02
4.730000000000218918e+00 1.073622654822368929e+02
4.750000000000218492e+00 1.049632494154716795e+02
4.770000000000218066e+00 1.036018386060947734e+02
4.790000000000217639e+00 1.023710075678191487e+02
4.810000000000217213e+00 9.921648960365629932e+01
4.830000000000216787e+00 9.831404746005755158e+01
4.850000000000216360e+00 9.645839412794902046e+01
4.870000000000215934e+00 9.469486172353001052e+01
4.890000000000215508e+00 9.227386282773758808e+01
4.910000000000215081e+00 9.155314231143994164e+01
4.930000000000214655e+00 8.984805869683101776e+01
4.950000000000214229e+00 8.742686697538329099e+01
4.970000000000213802e+00 8.555952728593420886e+01
4.990000000000213376e+00 8.520798969893914432e+01
5.010000000000212950e+00 8.321618637998348333e+01
5.030000000000212523e+00 8.155101724364061511e+01
5.050000000000212097e+00 8.045535447800311601e+01
5.070000000000211671e+00 7.874485200324893697e+01
5.090000000000211244e+00 7.668579718470273576e+01
5.110000000000210818e+00 7.522450512222786756e+01
5.130000000000210392e+00 7.462699418660861284e+01
5.150000000000209965e+00 7.304105208224726198e+01
5.170000000000209539e+00 7.199729466421115376e+01
5.190000000000209113e+00 7.023336251907015537e+01
5.210000000000208686e+00 6.877189930762317260e+01
5.230000000000208260e+00 6.735595944360998999e+01
5.250000000000207834e+00 6.681113751469348472e+01
5.270000000000207407e+00 6.493900245725595255e+01
5.290000000000206981e+00 6.386628664857434501e+01
5.310000000000206555e+00 6.261679193733036897e+01
5.330000000000206128e+00 6.143205449486843861e+01
5.350000000000205702e+00 6.009081512740337416e+01
5.370000000000205276e+00 5.925999345889906778e+01
5.390000000000204849e+00 5.774903058246159304e+01
5.410000000000204423e+00 5.658050020562099292e+01
5.430000000000203997e+00 5.532700539789434657e+01
5.450000000000203570e+00 5.437905116993177046e+01
5.470000000000203144e+00 5.318769783618895275e+01
5.490000000000202718e+00 5.232397810591637466e+01
5.510000000000202292e+00 5.165380744305330296e+01
5.530000000000201865e+00 5.022570569296984644e+01
5.550000000000201439e+00 4.939076770272050254e+01
5.570000000000201013e+00 4.798632194290701847e+01
5.590000000000200586e+00 4.695866813282902541e+01
5.610000000000200160e+00 4.612327911875577513e+01
5.630000000000199734e+00 4.517720747037530060e+01
5.650000000000199307e+00 4.420501026042082771e+01
5.670000000000198881e+00 4.386872603221520706e+01
5.690000000000198455e+00 4.263007617612988298e+01
5.710000000000198028e+00 4.106812744052098907e+01
5.730000000000197602e+00 4.038918922216260654e+01
5.750000000000197176e+00 3.960204038058663656e+01
5.770000000000196749e+00 3.882251108034884624e+01
5.790000000000196323e+00 3.791416186928474730e+01
5.810000000000195897e+00 3.724601659479235849e+01
5.830000000000195470e+00 3.638601972936055517e+01
5.850000000000195044e+00 3.589146876883004467e+01
5.870000000000194618e+00 3.444708653055894132e+01
5.890000000000194191e+00 3.377385446328920438e+01
5.910000000000193765e+00 3.333538880474594635e+01
5.930000000000193339e+00 3.232614774834534899e+01
5.950000000000192912e+00 3.169060997816978187e+01
5.970000000000192486e+00 3.117890701967363398e+01
5.990000000000192060e+00 3.035442008943501691e+01
6.010000000000191633e+00 2.947404080817366534e+01
6.030000000000191207e+00 2.864311108693448205e+01
6.050000000000190781e+00 2.799088113878291750e+01
6.070000000000190354e+00 2.770489965761831996e+01
6.090000000000189928e+00 2.696580114199794309e+01
6.110000000000189502e+00 2.638961907215771774e+01
6.130000000000189075e+00 2.523558976538617316e+01
6.150000000000188649e+00 2.513679418481645556e+01
6.170000000000188223e+00 2.444241934306923270e+01
6.190000000000187796e+00 2.337724414156929598e+01
6.210000000000187370e+00 2.329876726516150853e+01
6.230000000000186944e+00 2.260680681788912949e+01
6.250000000000186517e+00 2.197217620062777854e+01
6.270000000000186091e+00 2.156821816377025058e+01
6.290000000000185665e+00 2.116422224724375667e+01
6.310000000000185238e+00 2.070024776847671433e+01
6.330000000000184812e+00 1.983098983706788232e+01
6.350000000000184386e+00 1.935835782518752879e+01
6.370000000000183960e+00 1.885741669741002724e+01
6.390000000000183533e+00 1.837195880617726473e+01
6.410000000000183107e+00 1.810995512550771025e+01
6.430000000000182681e+00 1.760144839553967699e+01
6.450000000000182254e+00 1.690323673469918475e+01
6.470000000000181828e+00 1.666479178733815303e+01
6.490000000000181402e+00 1.637135915758095805e+01
6.510000000000180975e+00 1.591331883871555419e+01
6.530000000000180549e+00 1.551871029002057156e+01
6.550000000000180123e+00 1.490699187418133498e+01
6.570000000000179696e+00 1.463873980417954890e+01
6.590000000000179270e+00 1.414772455603197621e+01
6.610000000000178844e+00 1.383638933912958180e+01
6.630000000000178417e+00 1.368669523167876534e+01
6.650000000000177991e+00 1.321319432924462944e+01
6.670000000000177565e+00 1.299077806194087792e+01
6.690000000000177138e+00 1.269815141268428960e+01
6.710000000000176712e+00 1.218432101051802618e+01
6.730000000000176286e+00 1.200974016624137697e+01
6.750000000000175859e+00 1.156871637399160591e+01
6.770000000000175433e+00 1.124064635881923557e+01
6.790000000000175007e+00 1.120856499567126008e+01
6.810000000000174580e+00 1.092359951613991420e+01
6.830000000000174154e+00 1.054152094472223311e+01
6.850000000000173728e+00 1.015037310785865365e+01
6.870000000000173301e+00 1.020005045398601773e+01
6.890000000000172875e+00 9.816731255594863370e+00
6.910000000000172449e+00 9.434347837197218922e+00
6.930000000000172022e+00 9.270140289285302870e+00
6.950000000000171596e+00 9.201005100656804103e+00
6.970000000000171170e+00 8.862417749069374295e+00
6.990000000000170743e+00 8.590369425327271102e+00
7.010000000000170317e+00 8.571007182892802945e+00
7.030000000000169891e+00 8.448959269404285877e+00
7.050000000000169464e+00 8.130251859740445397e+00
7.070000000000169038e+00 7.838219424992369788e+00
7.090000000000168612e+00 7.803096426963158194e+00
7.110000000000168185e+00 7.702876644706361020e+00
7.130000000000167759e+00 7.373612987465445912e+00
7.150000000000167333e+00 7.153658379315080751e+00
7.170000000000166906e+00 7.061947075395878848e+00
7.190000000000166480e+00 6.979607903328609808e+00
7.210000000000166054e+00 6.727283616165832925e+00
7.230000000000165628e+00 6.703840134172368792e+00
7.250000000000165201e+00 6.489942504874854912e+00
7.270000000000164775e+00 6.386794048362157028e+00
7.290000000000164349e+00 6.324811054390742981e+00
7.310000000000163922e+00 6.091447930323980131e+00
7.330000000000163496e+00 6.041596969271553874e+00
7.350000000000163070e+00 5.838090407464233245e+00
7.370000000000162643e+00 5.896735279098168192e+00
7.390000000000162217e+00 5.807271369352125845e+00
7.410000000000161791e+00 5.565638583635208470e+00
7.430000000000161364e+00 5.521476257358716389e+00
7.450000000000160938e+00 5.447054239945794407e+00
7.470000000000160512e+00 5.348086104239670568e+00
7.490000000000160085e+00 5.205441241124611373e+00
7.510000000000159659e+00 5.228517391558146876e+00
7.530000000000159233e+00 5.169218147070457015e+00
7.550000000000158806e+00 5.057078120714895597e+00
7.570000000000158380e+00 4.898101103207546103e+00
7.590000000000157954e+00 4.941345869650473510e+00
7.610000000000157527e+00 4.778851335171922621e+00
7.630000000000157101e+00 4.747346723469354046e+00
7.650000000000156675e+00 4.711048369089973598e+00
7.670000000000156248e+00 4.674759716866423886e+00
7.690000000000155822e+00 4.614691236355922044e+00
7.710000000000155396e+00 4.592604176560697304e+00
7.730000000000154969e+00 4.488162295979498673e+00
7.750000000000154543e+00 4.520456602752515707e+00
7.770000000000154117e+00 4.413510486351963635e+00
7.790000000000153690e+00 4.356191342670944877e+00
7.810000000000153264e+00 4.434266828404314964e+00
7.830000000000152838e+00 4.362009332641703097e+00
7.850000000000152411e+00 4.316247457672002241e+00
7.870000000000151985e+00 4.242025203453833271e+00
7.890000000000151559e+00 4.299333543188128992e+00
7.910000000000151132e+00 4.181524760126168694e+00
7.930000000000150706e+00 4.222714697336104273e+00
7.950000000000150280e+00 4.195574116580332635e+00
7.970000000000149853e+00 4.134585523580613042e+00
7.990000000000149427e+00 4.183345993594516088e+00
8.010000000000149001e+00 4.108527613857705596e+00
8.030000000000148574e+00 4.121029654237349682e+00
8.050000000000148148e+00 4.151395104101485600e+00
8.070000000000147722e+00 4.036611857439155848e+00
8.090000000000147296e+00 4.029881210281481607e+00
8.110000000000146869e+00 4.079773481520444278e+00
8.130000000000146443e+00 4.013669942675361035e+00
8.150000000000146017e+00 4.066271673298113676e+00
8.170000000000145590e+00 4.004991674860892914e+00
8.190000000000145164e+00 4.041210484926528679e+00
8.210000000000144738e+00 4.011301800222325298e+00
8.230000000000144311e+00 4.015536298756694045e+00
8.250000000000143885e+00 3.980721401264859960e+00
8.270000000000143459e+00 4.065741429675569840e+00
8.290000000000143032e+00 4.047422589352335009e+00
8.310000000000142606e+00 3.942946394159269730e+00
8.330000000000142180e+00 3.948765885926366792e+00
8.350000000000141753e+00 4.006714728537906112e+00
8.370000000000141327e+00 4.023495591302698848e+00
8.390000000000140901e+00 3.941858601770179327e+00
8.410000000000140474e+00 4.026708961704070333e+00
8.430000000000140048e+00 3.966736265804318151e+00
8.450000000000139622e+00 4.007635986600105227e+00
8.470000000000139195e+00 3.990864910118252507e+00
8.490000000000138769e+00 3.998191471313824241e+00
8.510000000000138343e+00 3.988703239044673499e+00
8.530000000000137916e+00 3.979955919434942757e+00
8.550000000000137490e+00 4.031685121347553746e+00
8.570000000000137064e+00 3.989648438908413919e+00
8.590000000000136637e+00 4.006512893870239012e+00
8.610000000000136211e+00 4.026379395140100570e+00
8.630000000000135785e+00 4.021934746423810658e+00
8.650000000000135358e+00 4.021822677474133023e+00
8.670000000000134932e+00 4.041671753105686271e+00
8.690000000000134506e+00 4.009301422393202863e+00
8.710000000000134079e+00 4.029839348639423946e+00
8.730000000000133653e+00 4.074532021431651607e+00
8.750000000000133227e+00 4.023889760522073367e+00
8.770000000000132800e+00 4.032192768924921289e+00
8.790000000000132374e+00 4.112393824934868825e+00
8.810000000000131948e+00 4.107500998682930060e+00
8.830000000000131521e+00 4.088654544822621695e+00
8.850000000000131095e+00 4.122907968686126523e+00
8.870000000000130669e+00 4.056944330999129100e+00
8.890000000000130242e+00 4.134841497669703436e+00
8.910000000000129816e+00 4.105734567101631427e+00
8.930000000000129390e+00 4.098158503423181109e+00
8.950000000000128964e+00 4.101699321662496622e+00
8.970000000000128537e+00 4.165420541814745192e+00
8.990000000000128111e+00 4.092464811938658187e+00
9.010000000000127685e+00 4.151910412081212698e+00
9.030000000000127258e+00 4.121287782539145184e+00
9.050000000000126832e+00 4.176802166003871442e+00
9.070000000000126406e+00 4.170807173002492263e+00
9.090000000000125979e+00 4.117292566091125927e+00
9.110000000000125553e+00 4.214994036051128212e+00
9.130000000000125127e+00 4.142046440959012088e+00
9.150000000000124700e+00 4.213202392336687474e+00
9.170000000000124274e+00 4.158271045424736911e+00
9.190000000000123848e+00 4.208633382239318266e+00
9.210000000000123421e+00 4.190845156949900563e+00
9.230000000000122995e+00 4.201354376276110081e+00
9.250000000000122569e+00 4.205631230689417244e+00
9.270000000000122142e+00 4.201167688272176015e+00
9.290000000000121716e+00 4.236073844792505483e+00
9.310000000000121290e+00 4.264945609259260806e+00
9.330000000000120863e+00 4.218757021989260281e+00
9.350000000000120437e+00 4.290922885575998436e+00
9.370000000000120011e+00 4.281182316244177777e+00
9.390000000000119584e+00 4.227866066489214703e+00
9.410000000000119158e+00 4.347850257057915613e+00
9.430000000000118732e+00 4.277663116933752008e+00
9.450000000000118305e+00 4.302164693938012263e+00
9.470000000000117879e+00 4.291107955250522465e+00
9.490000000000117453e+00 4.344902689028698362e+00
9.510000000000117026e+00 4.301581037418639397e+00
9.530000000000116600e+00 4.389932285336688444e+00
9.550000000000116174e+00 4.307119523622138679e+00
9.570000000000115747e+00 4.384562996367701082e+00
9.590000000000115321e+00 4.380066206360457848e+00
9.610000000000114895e+00 4.361780637111684733e+00
9.630000000000114468e+00 4.353776560640600479e+00
9.650000000000114042e+00 4.438174983228343251e+00
9.670000000000113616e+00 4.340583635014039210e+00
9.690000000000113189e+00 4.427267938880831366e+00
9.710000000000112763e+00 4.422883879717198319e+00
9.730000000000112337e+00 4.435606690304924271e+00
9.750000000000111910e+00 4.447062115091719114e+00
9.770000000000111484e+00 4.466984684264695638e+00
9.790000000000111058e+00 4.364014305311552988e+00
9.810000000000110632e+00 4.482361334407797493e+00
9.830000000000110205e+00 4.413324110929385924e+00
9.850000000000109779e+00 4.540087678241028435e+00
9.870000000000109353e+00 4.436795279634949907e+00
9.890000000000108926e+00 4.470742612814518679e+00
9.910000000000108500e+00 4.479327379002692844e+00
9.930000000000108074e+00 4.497512193922361234e+00
9.950000000000107647e+00 4.472848137013093250e+00
9.970000000000107221e+00 4.526456525035337464e+00
9.990000000000106795e+00 4.492005934357894859e+00
1.001000000000010637e+01 4.533938167752759263e+00
1.003000000000010594e+01 4.532968899601972801e+00
1.005000000000010552e+01 4.502670201216582235e+00
1.007000000000010509e+01 4.572619358285864521e+00
1.009000000000010466e+01 4.526080818730030764e+00
1.011000000000010424e+01 4.566695984689628673e+00
1.013000000000010381e+01 4.560048386455274105e+00
1.015000000000010338e+01 4.567864143308945302e+00
1.017000000000010296e+01 4.541252519102680019e+00
1.019000000000010253e+01 4.550722778872541952e+00
1.021000000000010210e+01 4.537841427271458450e+00
1.023000000000010168e+01 4.626421239101492056e+00
1.025000000000010125e+01 4.563478033982723225e+00
1.027000000000010083e+01 4.618261791015108031e+00
1.029000000000010040e+01 4.591932138292939669e+00
1.031000000000009997e+01 4.609314276149685696e+00
1.033000000000009955e+01 4.567202596558828098e+00
1.035000000000009912e+01 4.613512192939150935e+00
1.037000000000009869e+01 4.572223139951421267e+00
1.039000000000009827e+01 4.586035445859250714e+00
1.041000000000009784e+01 4.640130472900975356e+00
1.043000000000009742e+01 4.545249097920293302e+00
1.045000000000009699e+01 4.557380555325188709e+00
1.047000000000009656e+01 4.621102833141851107e+00
1.049000000000009614e+01 4.569076710954040443e+00
1.051000000000009571e+01 4.561449495923855402e+00
1.053000000000009528e+01 4.546081803424945278e+00
1.055000000000009486e+01 4.581338860611297470e+00
1.057000000000009443e+01 4.533035429601412147e+00
1.059000000000009400e+01 4.582459743570757027e+00
1.061000000000009358e+01 4.559751679171564653e+00
1.063000000000009315e+01 4.579820688248552152e+00
1.065000000000009273e+01 4.504442979957545390e+00
1.067000000000009230e+01 4.528889264093536760e+00
1.069000000000009187e+01 4.495395516664390634e+00
1.071000000000009145e+01 4.548600621255590504e+00
1.073000000000009102e+01 4.482889274979437566e+00
1.075000000000009059e+01 4.529193240461811598e+00
1.077000000000009017e+01 4.524602778215928822e+00
1.079000000000008974e+01 4.475732082036463666e+00
1.081000000000008932e+01 4.475419832775355822e+00
1.083000000000008889e+01 4.447503262506799615e+00
1.085000000000008846e+01 4.431974563717721693e+00
1.087000000000008804e+01 4.482954952941478055e+00
1.089000000000008761e+01 4.439985377545778711e+00
1.091000000000008718e+01 4.432285491800343813e+00
1.093000000000008676e+01 4.400794382933113980e+00
1.095000000000008633e+01 4.405614288954182278e+00
1.097000000000008590e+01 4.419600050965771132e+00
1.099000000000008548e+01 4.369097130804530771e+00
1.101000000000008505e+01 4.347592715738920255e+00
1.103000000000008463e+01 4.390182978849058060e+00
1.105000000000008420e+01 4.298805381667412107e+00
1.107000000000008377e+01 4.319083858619850780e+00
1.109000000000008335e+01 4.338469639880144335e+00
1.111000000000008292e+01 4.265853302774043065e+00
1.113000000000008249e+01 4.246384135781007707e+00
1.115000000000008207e+01 4.286447317843843585e+00
1.117000000000008164e+01 4.242149479997481265e+00
1.119000000000008122e+01 4.234187986064922526e+00
1.121000000000008079e+01 4.187331159354193311e+00
1.123000000000008036e+01 4.193843735977286435e+00
1.125000000000007994e+01 4.237523649577911833e+00
1.127000000000007951e+01 4.129609171343621377e+00
1.129000000000007908e+01 4.187536866966670601e+00
1.131000000000007866e+01 4.091574253269887329e+00
1.133000000000007823e+01 4.167021429202375948e+00
1.135000000000007780e+01 4.129947396184618924e+00
1.137000000000007738e+01 4.014629369017281846e+00
1.139000000000007695e+01 4.056803888823969473e+00
1.141000000000007653e+01 4.087886118644755484e+00
1.143000000000007610e+01 3.982652165933359800e+00
1.145000000000007567e+01 3.964088957339014563e+00
1.147000000000007525e+01 3.973523356437868248e+00
1.149000000000007482e+01 3.922506346960961121e+00
1.151000000000007439e+01 3.926793054977816055e+00
1.153000000000007397e+01 3.962918814111790144e+00
1.155000000000007354e+01 3.864413730529532742e+00
1.157000000000007311e+01 3.852488217671260262e+00
1.159000000000007269e+01 3.880384411431335945e+00
1.161000000000007226e+01 3.799532867797325242e+00
1.163000000000007184e+01 3.811692151292331410e+00
1.165000000000007141e+01 3.766714864658673445e+00
1.167000000000007098e+01 3.782427369053022570e+00
1.169000000000007056e+01 3.718817323469382430e+00
1.171000000000007013e+01 3.742589231921157555e+00
1.173000000000006970e+01 3.710418516932789679e+00
1.175000000000006928e+01 3.640050363068121797e+00
1.177000000000006885e+01 3.649637348687035487e+00
1.179000000000006843e+01 3.629393806473405704e+00
1.181000000000006800e+01 3.626063342635511777e+00
1.183000000000006757e+01 3.612439028329299529e+00
1.185000000000006715e+01 3.582856770056087825e+00
1.187000000000006672e+01 3.527071412304192854e+00
1.189000000000006629e+01 3.514450061694161409e+00
1.191000000000006587e+01 3.496279577326763643e+00
1.193000000000006544e+01 3.494456812754166197e+00
1.195000000000006501e+01 3.454492532356148615e+00
1.197000000000006459e+01 3.343524391585802391e+00
1.199000000000006416e+01 3.474512223992711313e+00
1.201000000000006374e+01 3.360906073005096140e+00
1.203000000000006331e+01 3.362383395698520960e+00
1.205000000000006288e+01 3.337789584548867872e+00
1.207000000000006246e+01 3.315145463516955715e+00
1.209000000000006203e+01 3.315763445696899403e+00
1.211000000000006160e+01 3.266551304154179824e+00
1.213000000000006118e+01 3.256014997497360675e+00
1.215000000000006075e+01 3.184909177252545742e+00
1.217000000000006033e+01 3.173323224893835892e+00
1.219000000000005990e+01 3.226462469667078725e+00
1.221000000000005947e+01 3.118006422144630641e+00
1.223000000000005905e+01 3.130556632457274446e+00
1.225000000000005862e+01 3.082569838102369619e+00
1.227000000000005819e+01 3.064265118282410771e+00
1.229000000000005777e+01 3.024514746544384458e+00
1.231000000000005734e+01 3.020511908669385459e+00
1.233000000000005691e+01 2.997572233947586540e+00
1.235000000000005649e+01 2.939267523601193588e+00
1.237000000000005606e+01 2.946461822249663687e+00
1.239000000000005564e+01 2.882116755557126542e+00
1.241000000000005521e+01 2.930075298473557854e+00
1.243000000000005478e+01 2.840595916448309666e+00
1.245000000000005436e+01 2.879378298127230895e+00
1.247000000000005393e+01 2.790542646028567386e+00
1.249000000000005350e+01 2.817251066811368165e+00
1.251000000000005308e+01 2.728880669581104090e+00
1.253000000000005265e+01 2.775440935547062171e+00
1.255000000000005222e+01 2.729972210679059152e+00
1.257000000000005180e+01 2.651756246779052972e+00
1.259000000000005137e+01 2.660850813393709657e+00
1.261000000000005095e+01 2.658426752839790019e+00
1.263000000000005052e+01 2.609972566240169378e+00
1.265000000000005009e+01 2.547969039487773202e+00
1.267000000000004967e+01 2.561871652175681024e+00
1.269000000000004924e+01 2.563698681693083792e+00
1.271000000000004881e+01 2.490646343613856395e+00
1.273000000000004839e+01 2.437590805829431329e+00
1.275000000000004796e+01 2.470760216123450981e+00
1.277000000000004754e+01 2.429888423828238775e+00
1.279000000000004711e+01 2.385089491848015442e+00
1.281000000000004668e+01 2.390291110275930109e+00
1.283000000000004626e+01 2.298524825382994408e+00
1.285000000000004583e+01 2.311053383503223202e+00
1.287000000000004540e+01 2.298469690471875104e+00
1.289000000000004498e+01 2.260706551140990506e+00
1.291000000000004455e+01 2.251159043256986791e+00
1.293000000000004412e+01 2.217188846692359938e+00
1.295000000000004370e+01 2.161631075566870841e+00
1.297000000000004327e+01 2.186512322580545398e+00
1.299000000000004285e+01 2.112520245399470920e+00
1.301000000000004242e+01 2.135699805748649371e+00
1.303000000000004199e+01 2.077354978599416757e+00
1.305000000000004157e+01 2.098815090495129265e+00
1.307000000000004114e+01 2.040563761952092658e+00
1.309000000000004071e+01 1.992957967523565133e+00
1.311000000000004029e+01 1.960513690871354076e+00
1.313000000000003986e+01 1.985926549670237851e+00
1.315000000000003944e+01 1.970807795139299712e+00
1.317000000000003901e+01 1.882126821368403480e+00
1.319000000000003858e+01 1.903958527212805008e+00
1.321000000000003816e+01 1.904055781294617056e+00
1.323000000000003773e+01 1.849080321017519513e+00
1.325000000000003730e+01 1.798766154148111251e+00
1.327000000000003688e+01 1.771390184450232663e+00
1.329000000000003645e+01 1.776484110462365429e+00
1.331000000000003602e+01 1.730727928985651642e+00
1.333000000000003560e+01 1.686229667104888197e+00
1.335000000000003517e+01 1.704472681749931384e+00
1.337000000000003475e+01 1.699242641544792765e+00
1.339000000000003432e+01 1.611961715898091896e+00
1.341000000000003389e+01 1.573258674544600888e+00
1.343000000000003347e+01 1.541375490894261624e+00
1.345000000000003304e+01 1.576472715017487758e+00
1.347000000000003261e+01 1.488745667794862726e+00
1.349000000000003219e+01 1.507411997738454357e+00
1.351000000000003176e+01 1.396568510498597870e+00
1.353000000000003133e+01 1.429282081181149966e+00
1.355000000000003091e+01 1.397454795972986608e+00
1.357000000000003048e+01 1.371456293906781809e+00
1.359000000000003006e+01 1.325630013723954059e+00
1.361000000000002963e+01 1.344846561106714189e+00
1.363000000000002920e+01 1.275077902310630229e+00
1.365000000000002878e+01 1.249619388877251103e+00
1.367000000000002835e+01 1.232699318192149507e+00
1.369000000000002792e+01 1.206773207409479687e+00
1.371000000000002750e+01 1.193673133853297763e+00
1.373000000000002707e+01 1.188001710091474372e+00
1.375000000000002665e+01 1.127188306795373851e+00
1.377000000000002622e+01 1.127163568405119332e+00
1.379000000000002579e+01 1.093214925560312523e+00
1.381000000000002537e+01 1.039979737996183484e+00
1.383000000000002494e+01 1.059056876968054395e+00
1.385000000000002451e+01 1.011569105246731715e+00
1.387000000000002409e+01 9.963782477050850961e-01
1.389000000000002366e+01 9.427223309991767941e-01
1.391000000000002323e+01 9.289504375611274956e-01
1.393000000000002281e+01 9.038457276549611841e-01
1.395000000000002238e+01 8.427538764969697560e-01
1.397000000000002196e+01 8.062601107411958568e-01
1.399000000000002153e+01 7.993180862689813759e-01
1.401000000000002110e+01 7.422807978913322779e-01
1.403000000000002068e+01 7.464802977267916972e-01
1.405000000000002025e+01 7.429667965820284659e-01
1.407000000000001982e+01 7.054723573486636479e-01
1.409000000000001940e+01 6.755579351073085492e-01
1.411000000000001897e+01 6.149811812902784558e-01
1.413000000000001855e+01 6.106747374872595335e-01
1.415000000000001812e+01 5.825095331315515157e-01
1.417000000000001769e+01 5.848087576943727939e-01
1.419000000000001727e+01 5.259565269152145506e-01
1.421000000000001684e+01 5.005949956740491924e-01
1.423000000000001641e+01 4.644364293043373171e-01
1.425000000000001599e+01 4.153183443949409193e-01
1.427000000000001556e+01 3.873605313833243247e-01
1.429000000000001513e+01 3.645149165324940155e-01
1.431000000000001471e+01 3.339577360571198139e-01
1.433000000000001428e+01 3.145767847435129716e-01
1.435000000000001386e+01 3.212553442157038974e-01
1.437000000000001343e+01 2.771213880720265199e-01
1.439000000000001300e+01 2.602114784455709096e-01
1.441000000000001258e+01 2.223021236840260484e-01
1.443000000000001215e+01 1.915387687977958275e-01
1.445000000000001172e+01 1.507980118718405538e-01
1.447000000000001130e+01 1.262798489784168199e-01
1.449000000000001087e+01 9.904157540894178990e-02
1.451000000000001044e+01 7.683156175310364155e-02
1.453000000000001002e+01 5.761902472405937975e-02
1.455000000000000959e+01 3.045343551300544807e-02
1.457000000000000917e+01 1.667633343448663569e-02
1.459000000000000874e+01 1.115852639377861756e-02
1.461000000000000831e+01 8.387323228876595108e-03
1.463000000000000789e+01 5.581651981574895990e-03
1.465000000000000746e+01 2.805455252821738039e-03
1.467000000000000703e+01 2.785488394856692942e-03
1.469000000000000661e+01 2.773787463947251491e-03
1.471000000000000618e+01 0.000000000000000000e+00
1.473000000000000576e+01 0.000000000000000000e+00
1.475000000000000533e+01 0.000000000000000000e+00
1.477000000000000490e+01 0.000000000000000000e+00
1.479000000000000448e+01 0.000000000000000000e+00
1.481000000000000405e+01 0.000000000000000000e+00
1.483000000000000362e+01 0.000000000000000000e+00
1.485000000000000320e+01 0.000000000000000000e+00
1.487000000000000277e+01 0.000000000000000000e+00
1.489000000000000234e+01 0.000000000000000000e+00
1.491000000000000192e+01 0.000000000000000000e+00
1.493000000000000149e+01 0.000000000000000000e+00
1.495000000000000107e+01 0.000000000000000000e+00
1.497000000000000064e+01 0.000000000000000000e+00
1.499000000000000021e+01 0.000000000000000000e+00
