# Redshift		Merger Rate Density [Gpc^-3yr^-1]
1.000000000031931770e-02 1.425518324810346193e+01
3.000000000031888964e-02 1.455419880246093811e+01
5.000000000031846331e-02 1.494217655861179495e+01
7.000000000031804392e-02 1.489308955113104460e+01
9.000000000031761760e-02 1.506454619839327158e+01
1.100000000003171913e-01 1.502154003740555055e+01
1.300000000003167511e-01 1.521897477479689620e+01
1.500000000003163247e-01 1.521668672169349712e+01
1.700000000003158984e-01 1.572659229269746106e+01
1.900000000003154721e-01 1.630316614350596538e+01
2.100000000003150458e-01 1.611465087445679956e+01
2.300000000003146194e-01 1.671818665423200656e+01
2.500000000003141931e-01 1.722847058293656630e+01
2.700000000003137668e-01 1.766895594821355786e+01
2.900000000003133405e-01 1.803613091449274464e+01
3.100000000003129141e-01 1.808247021748715255e+01
3.300000000003124878e-01 1.858240041038419577e+01
3.500000000003120615e-01 1.861696721775494368e+01
3.700000000003116352e-01 1.922267217031381392e+01
3.900000000003112088e-01 1.952368838615955937e+01
4.100000000003107825e-01 1.938950214658100180e+01
4.300000000003103562e-01 2.015510577651283697e+01
4.500000000003099299e-01 2.021006368590693825e+01
4.700000000003095035e-01 2.052191245568969791e+01
4.900000000003090772e-01 2.099775051629760370e+01
5.100000000003086509e-01 2.143303729388132695e+01
5.300000000003082246e-01 2.148225187321730090e+01
5.500000000003077982e-01 2.158499658552280565e+01
5.700000000003073719e-01 2.253034300160613768e+01
5.900000000003069456e-01 2.232838090304932521e+01
6.100000000003065193e-01 2.316829177128726869e+01
6.300000000003060929e-01 2.360333820211353029e+01
6.500000000003056666e-01 2.380568998325514229e+01
6.700000000003052403e-01 2.469354892786145328e+01
6.900000000003048140e-01 2.507768517294968191e+01
7.100000000003043876e-01 2.474036104871782271e+01
7.300000000003039613e-01 2.554008212588344762e+01
7.500000000003035350e-01 2.581369366855854608e+01
7.700000000003031086e-01 2.590105559129658985e+01
7.900000000003026823e-01 2.675551939527697698e+01
8.100000000003022560e-01 2.628000797624785179e+01
8.300000000003018297e-01 2.662749330892894761e+01
8.500000000003014033e-01 2.677062476097195542e+01
8.700000000003009770e-01 2.741659234239267917e+01
8.900000000003005507e-01 2.750289270513783180e+01
9.100000000003001244e-01 2.721672008348700444e+01
9.300000000002996980e-01 2.836753817783154474e+01
9.500000000002992717e-01 2.859555287206746499e+01
9.700000000002988454e-01 2.839354747604877005e+01
9.900000000002984191e-01 2.882642165015440483e+01
1.010000000000297993e+00 2.915505617069780797e+01
1.030000000000297566e+00 2.899460560649177765e+01
1.050000000000297140e+00 2.993307687870075995e+01
1.070000000000296714e+00 3.005674439404100440e+01
1.090000000000296287e+00 3.042216871392081856e+01
1.110000000000295861e+00 3.073127116356985411e+01
1.130000000000295435e+00 3.069255572579420743e+01
1.150000000000295008e+00 3.121498907435437076e+01
1.170000000000294582e+00 3.137171313653013272e+01
1.190000000000294156e+00 3.168466390914269937e+01
1.210000000000293729e+00 3.119201811820846260e+01
1.230000000000293303e+00 3.195526385433792882e+01
1.250000000000292877e+00 3.172149482174724255e+01
1.270000000000292451e+00 3.207719935511842380e+01
1.290000000000292024e+00 3.242968861706192030e+01
1.310000000000291598e+00 3.228926374840644797e+01
1.330000000000291172e+00 3.270886466544964577e+01
1.350000000000290745e+00 3.269536030649285152e+01
1.370000000000290319e+00 3.298868101835417832e+01
1.390000000000289893e+00 3.271030064895445122e+01
1.410000000000289466e+00 3.351973615257137595e+01
1.430000000000289040e+00 3.299791578654835433e+01
1.450000000000288614e+00 3.381229183174276898e+01
1.470000000000288187e+00 3.301645632836459043e+01
1.490000000000287761e+00 3.325568931292573893e+01
1.510000000000287335e+00 3.359327687371807514e+01
1.530000000000286908e+00 3.411799782115946300e+01
1.550000000000286482e+00 3.429898177925367975e+01
1.570000000000286056e+00 3.391636010284208425e+01
1.590000000000285629e+00 3.447261795315460375e+01
1.610000000000285203e+00 3.465285867360102401e+01
1.630000000000284777e+00 3.457231953213922537e+01
1.650000000000284350e+00 3.457936669016379483e+01
1.670000000000283924e+00 3.507084628925716885e+01
1.690000000000283498e+00 3.516430273555489094e+01
1.710000000000283071e+00 3.571505748054003959e+01
1.730000000000282645e+00 3.510494695853432745e+01
1.750000000000282219e+00 3.532236543206765589e+01
1.770000000000281792e+00 3.625383441417118746e+01
1.790000000000281366e+00 3.499540892374967171e+01
1.810000000000280940e+00 3.643719960004737146e+01
1.830000000000280513e+00 3.560425342861056208e+01
1.850000000000280087e+00 3.633322381437225346e+01
1.870000000000279661e+00 3.633488827888830031e+01
1.890000000000279234e+00 3.578593497539397106e+01
1.910000000000278808e+00 3.590550641009079413e+01
1.930000000000278382e+00 3.713722498662743021e+01
1.950000000000277955e+00 3.639259826650247476e+01
1.970000000000277529e+00 3.661338475127548975e+01
1.990000000000277103e+00 3.653438119921154481e+01
2.010000000000276899e+00 3.679432549000242147e+01
2.030000000000276472e+00 3.686089123303236903e+01
2.050000000000276046e+00 3.666368664585441195e+01
2.070000000000275620e+00 3.684526247361844753e+01
2.090000000000275193e+00 3.728843889280310719e+01
2.110000000000274767e+00 3.701699574603228626e+01
2.130000000000274341e+00 3.685901834616696249e+01
2.150000000000273914e+00 3.678703431569957871e+01
2.170000000000273488e+00 3.681530732588611698e+01
2.190000000000273062e+00 3.737736648501444137e+01
2.210000000000272635e+00 3.701816875765990744e+01
2.230000000000272209e+00 3.628735252919305765e+01
2.250000000000271783e+00 3.641590190973573726e+01
2.270000000000271356e+00 3.665944995157797592e+01
2.290000000000270930e+00 3.631359951660976293e+01
2.310000000000270504e+00 3.635292122608490217e+01
2.330000000000270077e+00 3.607603404369564970e+01
2.350000000000269651e+00 3.524079065313324577e+01
2.370000000000269225e+00 3.614481771926580222e+01
2.390000000000268798e+00 3.521090833190616110e+01
2.410000000000268372e+00 3.583970436887161526e+01
2.430000000000267946e+00 3.514194724816768911e+01
2.450000000000267519e+00 3.483020391423217887e+01
2.470000000000267093e+00 3.515055800563798272e+01
2.490000000000266667e+00 3.425901269435142638e+01
2.510000000000266240e+00 3.420679577362436419e+01
2.530000000000265814e+00 3.526041701158912645e+01
2.550000000000265388e+00 3.369879662882873816e+01
2.570000000000264961e+00 3.363053360870955544e+01
2.590000000000264535e+00 3.389211593191448912e+01
2.610000000000264109e+00 3.358169205760014364e+01
2.630000000000263682e+00 3.321590430009975137e+01
2.650000000000263256e+00 3.378983117720264318e+01
2.670000000000262830e+00 3.249012535958195258e+01
2.690000000000262403e+00 3.286960560444205015e+01
2.710000000000261977e+00 3.291490888757311239e+01
2.730000000000261551e+00 3.222780751485827722e+01
2.750000000000261124e+00 3.220624465181587226e+01
2.770000000000260698e+00 3.219933433940985168e+01
2.790000000000260272e+00 3.192833127458060360e+01
2.810000000000259845e+00 3.132481742557634874e+01
2.830000000000259419e+00 3.190559908366466857e+01
2.850000000000258993e+00 3.100567734596409508e+01
2.870000000000258567e+00 3.090329348037583657e+01
2.890000000000258140e+00 3.107477342441456969e+01
2.910000000000257714e+00 3.074767003304198809e+01
2.930000000000257288e+00 3.090472090624563961e+01
2.950000000000256861e+00 2.999432953956244319e+01
2.970000000000256435e+00 3.034059090632175426e+01
2.990000000000256009e+00 2.945431231157299479e+01
3.010000000000255582e+00 2.969345018961498539e+01
3.030000000000255156e+00 2.976777624576105197e+01
3.050000000000254730e+00 2.916771110221182539e+01
3.070000000000254303e+00 2.940733999702453261e+01
3.090000000000253877e+00 2.929388754997350830e+01
3.110000000000253451e+00 2.860551517942974087e+01
3.130000000000253024e+00 2.852960921503021652e+01
3.150000000000252598e+00 2.808210597505083683e+01
3.170000000000252172e+00 2.839667938140122416e+01
3.190000000000251745e+00 2.777876621674993274e+01
3.210000000000251319e+00 2.753426191713652216e+01
3.230000000000250893e+00 2.782024884101671347e+01
3.250000000000250466e+00 2.714746205463659123e+01
3.270000000000250040e+00 2.736738173114838801e+01
3.290000000000249614e+00 2.679232261044591823e+01
3.310000000000249187e+00 2.669245964750221489e+01
3.330000000000248761e+00 2.671043387195172158e+01
3.350000000000248335e+00 2.621157936994398696e+01
3.370000000000247908e+00 2.604087996242509107e+01
3.390000000000247482e+00 2.580872142152444582e+01
3.410000000000247056e+00 2.570125453952567440e+01
3.430000000000246629e+00 2.517793120465520929e+01
3.450000000000246203e+00 2.529457071425782644e+01
3.470000000000245777e+00 2.498912355987081924e+01
3.490000000000245350e+00 2.511413913374553175e+01
3.510000000000244924e+00 2.464305711607057603e+01
3.530000000000244498e+00 2.433645999981108687e+01
3.550000000000244071e+00 2.432425155132246886e+01
3.570000000000243645e+00 2.382593119518453051e+01
3.590000000000243219e+00 2.384357477488004662e+01
3.610000000000242792e+00 2.359382237628194900e+01
3.630000000000242366e+00 2.367635449135132220e+01
3.650000000000241940e+00 2.314726940536961663e+01
3.670000000000241513e+00 2.299886127604996133e+01
3.690000000000241087e+00 2.268999896736729482e+01
3.710000000000240661e+00 2.280437634920943069e+01
3.730000000000240234e+00 2.252434487348658365e+01
3.750000000000239808e+00 2.247562294021507157e+01
3.770000000000239382e+00 2.214717210439489392e+01
3.790000000000238956e+00 2.179235846708094115e+01
3.810000000000238529e+00 2.195230155696010854e+01
3.830000000000238103e+00 2.142796674541669333e+01
3.850000000000237677e+00 2.162513278167142161e+01
3.870000000000237250e+00 2.132617199030959654e+01
3.890000000000236824e+00 2.111423193627722128e+01
3.910000000000236398e+00 2.111025728935886292e+01
3.930000000000235971e+00 2.089594183384670956e+01
3.950000000000235545e+00 2.070287375857283507e+01
3.970000000000235119e+00 2.077027552095699647e+01
3.990000000000234692e+00 2.014265730247265651e+01
4.010000000000234266e+00 2.055857286952990748e+01
4.030000000000233840e+00 2.027104491061316338e+01
4.050000000000233413e+00 1.997552876406273370e+01
4.070000000000232987e+00 1.986284953872945280e+01
4.090000000000232561e+00 1.976340664031171812e+01
4.110000000000232134e+00 1.940897912823161420e+01
4.130000000000231708e+00 1.954924817031890782e+01
4.150000000000231282e+00 1.897028717452507252e+01
4.170000000000230855e+00 1.954297089173912028e+01
4.190000000000230429e+00 1.916217263555442329e+01
4.210000000000230003e+00 1.876782281492257098e+01
4.230000000000229576e+00 1.845790870619054047e+01
4.250000000000229150e+00 1.880781413183541417e+01
4.270000000000228724e+00 1.844798521715631168e+01
4.290000000000228297e+00 1.834201831823985884e+01
4.310000000000227871e+00 1.828930873104352983e+01
4.330000000000227445e+00 1.830435625270045463e+01
4.350000000000227018e+00 1.781375192318507317e+01
4.370000000000226592e+00 1.749153157022650618e+01
4.390000000000226166e+00 1.774394077540184611e+01
4.410000000000225739e+00 1.747154182811991774e+01
4.430000000000225313e+00 1.758328044715061012e+01
4.450000000000224887e+00 1.734224957031408820e+01
4.470000000000224460e+00 1.702645435798722673e+01
4.490000000000224034e+00 1.691659563339333516e+01
4.510000000000223608e+00 1.694776342179005724e+01
4.530000000000223181e+00 1.674958175083907719e+01
4.550000000000222755e+00 1.673403296870956325e+01
4.570000000000222329e+00 1.625563822112662393e+01
4.590000000000221902e+00 1.658564434156182443e+01
4.610000000000221476e+00 1.654138120176002857e+01
4.630000000000221050e+00 1.616209571196716510e+01
4.650000000000220624e+00 1.596831990590505335e+01
4.670000000000220197e+00 1.587881234544075681e+01
4.690000000000219771e+00 1.585529048057550661e+01
4.710000000000219345e+00 1.576424188531031589e+01
4.730000000000218918e+00 1.571853807261623892e+01
4.750000000000218492e+00 1.529058093875130631e+01
4.770000000000218066e+00 1.556577529287382688e+01
4.790000000000217639e+00 1.500860117651292214e+01
4.810000000000217213e+00 1.508668462851004399e+01
4.830000000000216787e+00 1.523593888896010995e+01
4.850000000000216360e+00 1.480423678042924962e+01
4.870000000000215934e+00 1.493009165944879335e+01
4.890000000000215508e+00 1.461634646189792441e+01
4.910000000000215081e+00 1.455409244529515789e+01
4.930000000000214655e+00 1.458124057389738937e+01
4.950000000000214229e+00 1.442521108264251595e+01
4.970000000000213802e+00 1.421197443912273251e+01
4.990000000000213376e+00 1.409993660676290794e+01
5.010000000000212950e+00 1.415474488494821514e+01
5.030000000000212523e+00 1.389582365795830299e+01
5.050000000000212097e+00 1.370684934123636367e+01
5.070000000000211671e+00 1.402760828317326158e+01
5.090000000000211244e+00 1.365018500748891306e+01
5.110000000000210818e+00 1.334972881047931637e+01
5.130000000000210392e+00 1.335287121647516351e+01
5.150000000000209965e+00 1.343871806568206573e+01
5.170000000000209539e+00 1.327292157018666252e+01
5.190000000000209113e+00 1.329045177051604831e+01
5.210000000000208686e+00 1.301037930273252208e+01
5.230000000000208260e+00 1.301969478128346402e+01
5.250000000000207834e+00 1.285138654286030935e+01
5.270000000000207407e+00 1.293431144142388689e+01
5.290000000000206981e+00 1.278701611779505320e+01
5.310000000000206555e+00 1.244856850275402849e+01
5.330000000000206128e+00 1.276396281566413649e+01
5.350000000000205702e+00 1.238255902969588540e+01
5.370000000000205276e+00 1.246779749155977335e+01
5.390000000000204849e+00 1.229017998466184913e+01
5.410000000000204423e+00 1.223035250129186302e+01
5.430000000000203997e+00 1.216716728951257487e+01
5.450000000000203570e+00 1.205133557739479500e+01
5.470000000000203144e+00 1.190417952610632035e+01
5.490000000000202718e+00 1.193315775839603354e+01
5.510000000000202292e+00 1.179374736119216749e+01
5.530000000000201865e+00 1.186253947767294292e+01
5.550000000000201439e+00 1.164050858507868291e+01
5.570000000000201013e+00 1.167968027214065430e+01
5.590000000000200586e+00 1.169419166240151498e+01
5.610000000000200160e+00 1.144138314875465490e+01
5.630000000000199734e+00 1.149207691758075711e+01
5.650000000000199307e+00 1.125359694612378725e+01
5.670000000000198881e+00 1.139623665442768718e+01
5.690000000000198455e+00 1.122053203525292275e+01
5.710000000000198028e+00 1.106884632615570396e+01
5.730000000000197602e+00 1.103265129411319734e+01
5.750000000000197176e+00 1.099144064555279066e+01
5.770000000000196749e+00 1.082273054553282954e+01
5.790000000000196323e+00 1.090718242648579839e+01
5.810000000000195897e+00 1.077207567786884113e+01
5.830000000000195470e+00 1.059364440903211957e+01
5.850000000000195044e+00 1.078086897549467515e+01
5.870000000000194618e+00 1.061609785068975143e+01
5.890000000000194191e+00 1.055361928937142046e+01
5.910000000000193765e+00 1.038871273769552062e+01
5.930000000000193339e+00 1.040069483123278182e+01
5.950000000000192912e+00 1.068109901625386371e+01
5.970000000000192486e+00 1.035089200361321460e+01
5.990000000000192060e+00 1.016145322401155582e+01
6.010000000000191633e+00 1.023391788911336597e+01
6.030000000000191207e+00 1.022137146928130669e+01
6.050000000000190781e+00 1.027352257968809646e+01
6.070000000000190354e+00 9.948442623948398733e+00
6.090000000000189928e+00 1.004059457634259900e+01
6.110000000000189502e+00 1.003251568815578487e+01
6.130000000000189075e+00 9.830599646809735859e+00
6.150000000000188649e+00 9.884893211663269952e+00
6.170000000000188223e+00 9.984247813090039614e+00
6.190000000000187796e+00 9.785217048978090304e+00
6.210000000000187370e+00 9.514073100354874413e+00
6.230000000000186944e+00 9.775405218836173304e+00
6.250000000000186517e+00 9.648559257727436389e+00
6.270000000000186091e+00 9.553196178329388388e+00
6.290000000000185665e+00 9.415443974013641082e+00
6.310000000000185238e+00 9.553757002756885441e+00
6.330000000000184812e+00 9.375265685112106340e+00
6.350000000000184386e+00 9.247834721093679988e+00
6.370000000000183960e+00 9.209770264397663553e+00
6.390000000000183533e+00 9.411013835451957021e+00
6.410000000000183107e+00 9.210557353466780839e+00
6.430000000000182681e+00 9.221878321826119773e+00
6.450000000000182254e+00 9.175491522206097983e+00
6.470000000000181828e+00 9.019835512900211683e+00
6.490000000000181402e+00 9.183134911583930915e+00
6.510000000000180975e+00 8.862635570008784214e+00
6.530000000000180549e+00 9.005487834986528384e+00
6.550000000000180123e+00 8.947285925920139604e+00
6.570000000000179696e+00 8.772638004057714767e+00
6.590000000000179270e+00 8.914462075248611228e+00
6.610000000000178844e+00 8.675884530806531103e+00
6.630000000000178417e+00 8.724439049284239189e+00
6.650000000000177991e+00 8.666267168631399898e+00
6.670000000000177565e+00 8.624818189559769976e+00
6.690000000000177138e+00 8.639808808097081183e+00
6.710000000000176712e+00 8.607015909426683820e+00
6.730000000000176286e+00 8.532329832689582005e+00
6.750000000000175859e+00 8.545463131371747068e+00
6.770000000000175433e+00 8.417410345125601268e+00
6.790000000000175007e+00 8.428850575429310155e+00
6.810000000000174580e+00 8.294421217481831476e+00
6.830000000000174154e+00 8.343273790331092954e+00
6.850000000000173728e+00 8.332980519280523524e+00
6.870000000000173301e+00 8.204257356890449771e+00
6.890000000000172875e+00 8.147675018472360975e+00
6.910000000000172449e+00 8.200958852923434961e+00
6.930000000000172022e+00 7.998814018862844044e+00
6.950000000000171596e+00 8.111751243807017175e+00
6.970000000000171170e+00 8.102610568176125128e+00
6.990000000000170743e+00 7.949008871514561925e+00
7.010000000000170317e+00 7.959686066516989733e+00
7.030000000000169891e+00 8.130995360824650575e+00
7.050000000000169464e+00 7.938469715299762974e+00
7.070000000000169038e+00 7.831935724534631937e+00
7.090000000000168612e+00 7.940670820947882902e+00
7.110000000000168185e+00 7.830649485843235169e+00
7.130000000000167759e+00 7.803381023822360874e+00
7.150000000000167333e+00 7.700517660219047045e+00
7.170000000000166906e+00 7.715047624539357329e+00
7.190000000000166480e+00 7.691623987958994491e+00
7.210000000000166054e+00 7.571544298256541516e+00
7.230000000000165628e+00 7.635397553990858732e+00
7.250000000000165201e+00 7.549448259781724957e+00
7.270000000000164775e+00 7.472858657236676194e+00
7.290000000000164349e+00 7.436232315759196965e+00
7.310000000000163922e+00 7.574136266122152072e+00
7.330000000000163496e+00 7.441924599922178807e+00
7.350000000000163070e+00 7.474597494742190484e+00
7.370000000000162643e+00 7.271859436315332381e+00
7.390000000000162217e+00 7.479461808104442611e+00
7.410000000000161791e+00 7.176475446638659328e+00
7.430000000000161364e+00 7.253544708102236171e+00
7.450000000000160938e+00 7.214169787696148362e+00
7.470000000000160512e+00 7.105490214657126380e+00
7.490000000000160085e+00 7.240671621076885778e+00
7.510000000000159659e+00 7.214026551878269800e+00
7.530000000000159233e+00 7.092558239358424110e+00
7.550000000000158806e+00 7.003397447695602018e+00
7.570000000000158380e+00 7.138644750332828970e+00
7.590000000000157954e+00 6.976720453192863935e+00
7.610000000000157527e+00 6.920181601363170287e+00
7.630000000000157101e+00 6.992052440022265891e+00
7.650000000000156675e+00 6.862556471845020489e+00
7.670000000000156248e+00 6.793340803154428897e+00
7.690000000000155822e+00 6.811092238413514188e+00
7.710000000000155396e+00 6.786913014997171700e+00
7.730000000000154969e+00 6.796464596863677876e+00
7.750000000000154543e+00 6.703699194962213781e+00
7.770000000000154117e+00 6.678682353975744057e+00
7.790000000000153690e+00 6.629526682167559137e+00
7.810000000000153264e+00 6.745150045680928130e+00
7.830000000000152838e+00 6.665541796927604956e+00
7.850000000000152411e+00 6.571144973742046425e+00
7.870000000000151985e+00 6.557503259786099825e+00
7.890000000000151559e+00 6.579976352351356361e+00
7.910000000000151132e+00 6.489527590009648961e+00
7.930000000000150706e+00 6.429506795960870491e+00
7.950000000000150280e+00 6.474296939523816796e+00
7.970000000000149853e+00 6.375590221016744330e+00
7.990000000000149427e+00 6.420612714737442772e+00
8.010000000000149001e+00 6.341121853211674875e+00
8.030000000000148574e+00 6.295624370718534202e+00
8.050000000000148148e+00 6.371999582175706500e+00
8.070000000000147722e+00 6.158955899859521743e+00
8.090000000000147296e+00 6.274250996692168236e+00
8.110000000000146869e+00 6.216268609572028758e+00
8.130000000000146443e+00 6.171323865994081004e+00
8.150000000000146017e+00 6.228752542770060963e+00
8.170000000000145590e+00 6.080919818333206273e+00
8.190000000000145164e+00 6.116581961898964082e+00
8.210000000000144738e+00 6.046120607609633879e+00
8.230000000000144311e+00 6.049415260404972017e+00
8.250000000000143885e+00 6.060426199948455661e+00
8.270000000000143459e+00 5.976192167302724734e+00
8.290000000000143032e+00 6.012845320634537138e+00
8.310000000000142606e+00 5.945258798785532761e+00
8.330000000000142180e+00 5.870540932468522932e+00
8.350000000000141753e+00 5.925870145576180192e+00
8.370000000000141327e+00 5.878250731419848663e+00
8.390000000000140901e+00 5.756109827250429412e+00
8.410000000000140474e+00 5.779263619086284720e+00
8.430000000000140048e+00 5.834987825165638853e+00
8.450000000000139622e+00 5.745328301478062727e+00
8.470000000000139195e+00 5.739089693435416528e+00
8.490000000000138769e+00 5.728055548588766754e+00
8.510000000000138343e+00 5.582603072925604870e+00
8.530000000000137916e+00 5.603748555845953661e+00
8.550000000000137490e+00 5.621989457060694306e+00
8.570000000000137064e+00 5.580256541895847633e+00
8.590000000000136637e+00 5.651891587727388533e+00
8.610000000000136211e+00 5.559936459954911037e+00
8.630000000000135785e+00 5.477573968981139352e+00
8.650000000000135358e+00 5.437209657289876930e+00
8.670000000000134932e+00 5.451300078274149641e+00
8.690000000000134506e+00 5.362687843408779464e+00
8.710000000000134079e+00 5.403655635696384074e+00
8.730000000000133653e+00 5.332755658050867709e+00
8.750000000000133227e+00 5.265513904329698569e+00
8.770000000000132800e+00 5.279719238783232349e+00
8.790000000000132374e+00 5.249128646724773972e+00
8.810000000000131948e+00 5.280803342270085743e+00
8.830000000000131521e+00 5.208277785636312274e+00
8.850000000000131095e+00 5.175045759097174347e+00
8.870000000000130669e+00 5.094665970056534654e+00
8.890000000000130242e+00 5.171015143643227674e+00
8.910000000000129816e+00 5.117356150501841228e+00
8.930000000000129390e+00 5.050175879879546414e+00
8.950000000000128964e+00 5.051527965680956633e+00
8.970000000000128537e+00 4.975241518848403821e+00
8.990000000000128111e+00 4.925526439203514961e+00
9.010000000000127685e+00 4.965157251944870787e+00
9.030000000000127258e+00 4.853180924612375158e+00
9.050000000000126832e+00 4.956694751394491227e+00
9.070000000000126406e+00 4.869729777825239303e+00
9.090000000000125979e+00 4.780560872742355194e+00
9.110000000000125553e+00 4.792848519991790290e+00
9.130000000000125127e+00 4.800034103828290100e+00
9.150000000000124700e+00 4.723938096444260992e+00
9.170000000000124274e+00 4.739342454335092825e+00
9.190000000000123848e+00 4.680832101482248930e+00
9.210000000000123421e+00 4.645598077022181194e+00
9.230000000000122995e+00 4.637107616737901949e+00
9.250000000000122569e+00 4.599456640106370564e+00
9.270000000000122142e+00 4.676016421818924407e+00
9.290000000000121716e+00 4.530442107333577439e+00
9.310000000000121290e+00 4.525644237763315481e+00
9.330000000000120863e+00 4.461448730309306221e+00
9.350000000000120437e+00 4.470735761818366072e+00
9.370000000000120011e+00 4.486685565225323025e+00
9.390000000000119584e+00 4.428587007323692148e+00
9.410000000000119158e+00 4.407632889331801529e+00
9.430000000000118732e+00 4.398979054070338179e+00
9.450000000000118305e+00 4.304425944090253253e+00
9.470000000000117879e+00 4.319961699197743421e+00
9.490000000000117453e+00 4.334855190786207402e+00
9.510000000000117026e+00 4.305645232861890825e+00
9.530000000000116600e+00 4.217504875045587021e+00
9.550000000000116174e+00 4.181458979689776534e+00
9.570000000000115747e+00 4.219441139581325828e+00
9.590000000000115321e+00 4.125984725499914241e+00
9.610000000000114895e+00 4.137805334384839107e+00
9.630000000000114468e+00 4.114520653255898885e+00
9.650000000000114042e+00 4.124538314499819336e+00
9.670000000000113616e+00 4.044184495908662136e+00
9.690000000000113189e+00 4.050019350352769720e+00
9.710000000000112763e+00 3.997879445696018053e+00
9.730000000000112337e+00 3.950630074959438520e+00
9.750000000000111910e+00 3.944541652440102020e+00
9.770000000000111484e+00 3.947968883526450590e+00
9.790000000000111058e+00 3.908792379550400931e+00
9.810000000000110632e+00 3.892703228193899800e+00
9.830000000000110205e+00 3.822948735164323875e+00
9.850000000000109779e+00 3.821847766453101869e+00
9.870000000000109353e+00 3.827614650879731517e+00
9.890000000000108926e+00 3.775663644564099641e+00
9.910000000000108500e+00 3.794604798916282551e+00
9.930000000000108074e+00 3.683117513340874893e+00
9.950000000000107647e+00 3.736918397028036409e+00
9.970000000000107221e+00 3.623154034047855188e+00
9.990000000000106795e+00 3.665943860336607241e+00
1.001000000000010637e+01 3.648357296273489148e+00
1.003000000000010594e+01 3.637445749549312879e+00
1.005000000000010552e+01 3.586215624765711318e+00
1.007000000000010509e+01 3.558702594708325950e+00
1.009000000000010466e+01 3.550597685075404630e+00
1.011000000000010424e+01 3.526422628947377902e+00
1.013000000000010381e+01 3.459703893500861938e+00
1.015000000000010338e+01 3.513631472994371840e+00
1.017000000000010296e+01 3.455033980661140092e+00
1.019000000000010253e+01 3.410391078994749137e+00
1.021000000000010210e+01 3.384930870691217120e+00
1.023000000000010168e+01 3.420483986742927751e+00
1.025000000000010125e+01 3.358813018373745685e+00
1.027000000000010083e+01 3.332301259454186315e+00
1.029000000000010040e+01 3.353721031506999850e+00
1.031000000000009997e+01 3.306012701662235820e+00
1.033000000000009955e+01 3.245928365078114552e+00
1.035000000000009912e+01 3.254661347718583286e+00
1.037000000000009869e+01 3.267947263651369560e+00
1.039000000000009827e+01 3.181266590256734084e+00
1.041000000000009784e+01 3.232581638681840897e+00
1.043000000000009742e+01 3.210120307504769510e+00
1.045000000000009699e+01 3.165759775267610543e+00
1.047000000000009656e+01 3.138657521419297769e+00
1.049000000000009614e+01 3.124559559024788324e+00
1.051000000000009571e+01 3.131765227392665718e+00
1.053000000000009528e+01 3.093024214530359028e+00
1.055000000000009486e+01 3.112096142611569860e+00
1.057000000000009443e+01 3.011189484274683803e+00
1.059000000000009400e+01 3.058762100425069796e+00
1.061000000000009358e+01 3.020917942133146461e+00
1.063000000000009315e+01 3.019239023148883039e+00
1.065000000000009273e+01 2.990764928202791051e+00
1.067000000000009230e+01 2.948050058519749328e+00
1.069000000000009187e+01 2.925259096037288842e+00
1.071000000000009145e+01 2.875789875127265915e+00
1.073000000000009102e+01 2.915532271249329899e+00
1.075000000000009059e+01 2.840028636917618421e+00
1.077000000000009017e+01 2.877364275855627707e+00
1.079000000000008974e+01 2.888708758533705900e+00
1.081000000000008932e+01 2.834154985146791095e+00
1.083000000000008889e+01 2.817343842128939624e+00
1.085000000000008846e+01 2.762649909348971367e+00
1.087000000000008804e+01 2.753667174611673207e+00
1.089000000000008761e+01 2.774046236630595352e+00
1.091000000000008718e+01 2.722215795695364093e+00
1.093000000000008676e+01 2.744836383213505204e+00
1.095000000000008633e+01 2.690822125425584854e+00
1.097000000000008590e+01 2.720870090498376470e+00
1.099000000000008548e+01 2.674064817665478433e+00
1.101000000000008505e+01 2.652685162307568678e+00
1.103000000000008463e+01 2.618629073907992932e+00
1.105000000000008420e+01 2.558390278867358258e+00
1.107000000000008377e+01 2.620202144879939965e+00
1.109000000000008335e+01 2.597781305922820305e+00
1.111000000000008292e+01 2.545156536679410664e+00
1.113000000000008249e+01 2.540760001734674756e+00
1.115000000000008207e+01 2.553549546452954289e+00
1.117000000000008164e+01 2.519892462050890014e+00
1.119000000000008122e+01 2.464778335972186873e+00
1.121000000000008079e+01 2.496147582831261147e+00
1.123000000000008036e+01 2.464820537058990624e+00
1.125000000000007994e+01 2.442461415420735360e+00
1.127000000000007951e+01 2.482904352623739541e+00
1.129000000000007908e+01 2.417892422753290305e+00
1.131000000000007866e+01 2.410117795941162377e+00
1.133000000000007823e+01 2.348033552567654780e+00
1.135000000000007780e+01 2.399814108849889216e+00
1.137000000000007738e+01 2.337829577186621766e+00
1.139000000000007695e+01 2.326767871113985642e+00
1.141000000000007653e+01 2.330702126798497531e+00
1.143000000000007610e+01 2.270426927596155942e+00
1.145000000000007567e+01 2.276851121783011411e+00
1.147000000000007525e+01 2.238702424435961458e+00
1.149000000000007482e+01 2.219552946372414848e+00
1.151000000000007439e+01 2.185488613943771252e+00
1.153000000000007397e+01 2.208479982630862981e+00
1.155000000000007354e+01 2.183377119913541886e+00
1.157000000000007311e+01 2.143106393207674820e+00
1.159000000000007269e+01 2.127255298095145797e+00
1.161000000000007226e+01 2.121667700843505422e+00
1.163000000000007184e+01 2.120923720784129607e+00
1.165000000000007141e+01 2.066879823526025728e+00
1.167000000000007098e+01 2.066477955361425423e+00
1.169000000000007056e+01 2.061386537358258053e+00
1.171000000000007013e+01 2.040747013160698398e+00
1.173000000000006970e+01 2.030192175482660843e+00
1.175000000000006928e+01 1.975866406339025660e+00
1.177000000000006885e+01 1.992135115426123759e+00
1.179000000000006843e+01 1.988110558857372867e+00
1.181000000000006800e+01 1.893025774744390377e+00
1.183000000000006757e+01 1.872397233968610797e+00
1.185000000000006715e+01 1.926208370765251310e+00
1.187000000000006672e+01 1.863230626280387270e+00
1.189000000000006629e+01 1.868818102760890554e+00
1.191000000000006587e+01 1.829084091311300897e+00
1.193000000000006544e+01 1.816831799844999207e+00
1.195000000000006501e+01 1.801188096435463626e+00
1.197000000000006459e+01 1.789579659968450809e+00
1.199000000000006416e+01 1.795164337399307364e+00
1.201000000000006374e+01 1.754732032265868380e+00
1.203000000000006331e+01 1.761842864043525081e+00
1.205000000000006288e+01 1.703206029918945763e+00
1.207000000000006246e+01 1.748928561055913544e+00
1.209000000000006203e+01 1.701306271377579060e+00
1.211000000000006160e+01 1.703714990189894918e+00
1.213000000000006118e+01 1.694624476459305917e+00
1.215000000000006075e+01 1.643592158308639917e+00
1.217000000000006033e+01 1.648666645716350354e+00
1.219000000000005990e+01 1.663189308125783583e+00
1.221000000000005947e+01 1.578027755260435150e+00
1.223000000000005905e+01 1.594638994493841944e+00
1.225000000000005862e+01 1.580120161886414021e+00
1.227000000000005819e+01 1.550290864714895855e+00
1.229000000000005777e+01 1.568144857261428715e+00
1.231000000000005734e+01 1.538586966705350001e+00
1.233000000000005691e+01 1.510644394378612532e+00
1.235000000000005649e+01 1.501226363075920833e+00
1.237000000000005606e+01 1.542329135139868246e+00
1.239000000000005564e+01 1.478772495256496011e+00
1.241000000000005521e+01 1.464771253463177825e+00
1.243000000000005478e+01 1.450962730431873293e+00
1.245000000000005436e+01 1.466563865383299747e+00
1.247000000000005393e+01 1.440474001776526292e+00
1.249000000000005350e+01 1.436422515052069970e+00
1.251000000000005308e+01 1.405151527140410916e+00
1.253000000000005265e+01 1.403231195802126630e+00
1.255000000000005222e+01 1.384300888831761611e+00
1.257000000000005180e+01 1.377151733854233839e+00
1.259000000000005137e+01 1.384033961776638844e+00
1.261000000000005095e+01 1.336461520956772953e+00
1.263000000000005052e+01 1.325374321304118252e+00
1.265000000000005009e+01 1.313733790580958960e+00
1.267000000000004967e+01 1.325131260772279829e+00
1.269000000000004924e+01 1.316710242676159215e+00
1.271000000000004881e+01 1.285802589134220630e+00
1.273000000000004839e+01 1.259498215760077811e+00
1.275000000000004796e+01 1.285177863170228196e+00
1.277000000000004754e+01 1.236298389254956165e+00
1.279000000000004711e+01 1.256863985371315273e+00
1.281000000000004668e+01 1.247202401572145680e+00
1.283000000000004626e+01 1.201818679553910973e+00
1.285000000000004583e+01 1.192824915939016739e+00
1.287000000000004540e+01 1.206626239047553506e+00
1.289000000000004498e+01 1.197639742294355436e+00
1.291000000000004455e+01 1.155712957603587165e+00
1.293000000000004412e+01 1.190884508836766997e+00
1.295000000000004370e+01 1.149831392907964434e+00
1.297000000000004327e+01 1.175902666764063964e+00
1.299000000000004285e+01 1.151123470984196651e+00
1.301000000000004242e+01 1.114436166905018233e+00
1.303000000000004199e+01 1.130161912560706083e+00
1.305000000000004157e+01 1.114732523861722946e+00
1.307000000000004114e+01 1.098361011541578502e+00
1.309000000000004071e+01 1.085266222379349665e+00
1.311000000000004029e+01 1.063640516113523393e+00
1.313000000000003986e+01 1.078179960338831789e+00
1.315000000000003944e+01 1.047149316030514088e+00
1.317000000000003901e+01 1.014141734958993402e+00
1.319000000000003858e+01 1.016962910477914761e+00
1.321000000000003816e+01 1.036890031352442287e+00
1.323000000000003773e+01 1.030181184165406494e+00
1.325000000000003730e+01 9.736844626063597685e-01
1.327000000000003688e+01 9.572230467843000357e-01
1.329000000000003645e+01 9.554212303934105366e-01
1.331000000000003602e+01 9.631672766087493454e-01
1.333000000000003560e+01 9.603215960964333053e-01
1.335000000000003517e+01 9.597984674484271173e-01
1.337000000000003475e+01 8.927926423996581651e-01
1.339000000000003432e+01 9.172427160546765545e-01
1.341000000000003389e+01 8.972688597234950159e-01
1.343000000000003347e+01 8.598949617072975116e-01
1.345000000000003304e+01 8.619155587238092053e-01
1.347000000000003261e+01 8.625651674524044132e-01
1.349000000000003219e+01 8.526809207445085192e-01
1.351000000000003176e+01 8.344270784065953572e-01
1.353000000000003133e+01 8.074365795519276023e-01
1.355000000000003091e+01 7.987847814685231640e-01
1.357000000000003048e+01 7.769001950757478125e-01
1.359000000000003006e+01 7.749885081336411741e-01
1.361000000000002963e+01 7.686022795638242089e-01
1.363000000000002920e+01 7.617243582361360454e-01
1.365000000000002878e+01 7.082506452376943207e-01
1.367000000000002835e+01 7.225545764893140932e-01
1.369000000000002792e+01 7.062573588586098516e-01
1.371000000000002750e+01 7.157188895029557019e-01
1.373000000000002707e+01 7.089854712788848934e-01
1.375000000000002665e+01 6.702814207250036294e-01
1.377000000000002622e+01 6.598521094852981550e-01
1.379000000000002579e+01 6.314379312690561186e-01
1.381000000000002537e+01 6.335606125971789959e-01
1.383000000000002494e+01 6.107720445224759098e-01
1.385000000000002451e+01 6.071682805138866046e-01
1.387000000000002409e+01 5.952094394418473433e-01
1.389000000000002366e+01 6.092439871430426201e-01
1.391000000000002323e+01 5.791293094764374816e-01
1.393000000000002281e+01 5.729038541490409919e-01
1.395000000000002238e+01 5.341360480924347565e-01
1.397000000000002196e+01 5.156040932570107316e-01
1.399000000000002153e+01 5.117579559836966663e-01
1.401000000000002110e+01 5.139095292502170453e-01
1.403000000000002068e+01 5.016196976020467213e-01
1.405000000000002025e+01 5.045866981157666187e-01
1.407000000000001982e+01 4.924742753147149932e-01
1.409000000000001940e+01 4.846805959869413538e-01
1.411000000000001897e+01 4.623539160133788295e-01
1.413000000000001855e+01 4.618847181322344175e-01
1.415000000000001812e+01 4.586012855215679251e-01
1.417000000000001769e+01 4.564802076313259072e-01
1.419000000000001727e+01 4.272522449893371710e-01
1.421000000000001684e+01 4.173095124677491108e-01
1.423000000000001641e+01 3.992281016719636533e-01
1.425000000000001599e+01 4.018315420858396547e-01
1.427000000000001556e+01 3.942064448053773651e-01
1.429000000000001513e+01 3.615432604623387558e-01
1.431000000000001471e+01 3.750099549250723863e-01
1.433000000000001428e+01 3.625430936303898899e-01
1.435000000000001386e+01 3.419484333901259276e-01
1.437000000000001343e+01 3.156116845996613796e-01
1.439000000000001300e+01 3.206041906035138056e-01
1.441000000000001258e+01 2.892272016798230760e-01
1.443000000000001215e+01 2.853218680175974575e-01
1.445000000000001172e+01 2.845921660646719697e-01
1.447000000000001130e+01 2.722692799682955855e-01
1.449000000000001087e+01 2.524278090412817033e-01
1.451000000000001044e+01 2.210605272399844279e-01
1.453000000000001002e+01 2.067969585108895003e-01
1.455000000000000959e+01 1.598953121626707774e-01
1.457000000000000917e+01 1.211800334469455426e-01
1.459000000000000874e+01 7.165377471645263674e-02
1.461000000000000831e+01 2.770057682634541329e-02
1.463000000000000789e+01 1.933475927427675059e-02
1.465000000000000746e+01 2.805455363994344749e-03
1.467000000000000703e+01 2.785488491230869810e-03
1.469000000000000661e+01 2.773787546785294340e-03
1.471000000000000618e+01 7.172781839902556982e-11
1.473000000000000576e+01 0.000000000000000000e+00
1.475000000000000533e+01 0.000000000000000000e+00
1.477000000000000490e+01 0.000000000000000000e+00
1.479000000000000448e+01 0.000000000000000000e+00
1.481000000000000405e+01 0.000000000000000000e+00
1.483000000000000362e+01 0.000000000000000000e+00
1.485000000000000320e+01 0.000000000000000000e+00
1.487000000000000277e+01 0.000000000000000000e+00
1.489000000000000234e+01 0.000000000000000000e+00
1.491000000000000192e+01 0.000000000000000000e+00
1.493000000000000149e+01 0.000000000000000000e+00
1.495000000000000107e+01 0.000000000000000000e+00
1.497000000000000064e+01 0.000000000000000000e+00
1.499000000000000021e+01 0.000000000000000000e+00
