# Redshift		Merger Rate Density [Gpc^-3yr^-1]
1.000000000031931770e-02 2.787969434334326735e+01
3.000000000031888964e-02 2.809952034531169218e+01
5.000000000031846331e-02 2.860847336560280496e+01
7.000000000031804392e-02 2.919474084227073263e+01
9.000000000031761760e-02 2.942593416564185205e+01
1.100000000003171913e-01 3.003938780254092222e+01
1.300000000003167511e-01 3.081094164301518390e+01
1.500000000003163247e-01 3.151530830932221861e+01
1.700000000003158984e-01 3.219812997649086839e+01
1.900000000003154721e-01 3.285133257462536704e+01
2.100000000003150458e-01 3.315651408238574760e+01
2.300000000003146194e-01 3.424703327470925274e+01
2.500000000003141931e-01 3.419231199555845535e+01
2.700000000003137668e-01 3.491099579224060534e+01
2.900000000003133405e-01 3.541683181452920337e+01
3.100000000003129141e-01 3.598065513562944773e+01
3.300000000003124878e-01 3.657320456902026962e+01
3.500000000003120615e-01 3.692875077401543393e+01
3.700000000003116352e-01 3.761772346598419858e+01
3.900000000003112088e-01 3.731878111652339669e+01
4.100000000003107825e-01 3.878509951446298487e+01
4.300000000003103562e-01 3.903382476203590556e+01
4.500000000003099299e-01 3.975536223256977308e+01
4.700000000003095035e-01 4.040886707918405563e+01
4.900000000003090772e-01 4.113670093264646255e+01
5.100000000003086509e-01 4.145366751452225884e+01
5.300000000003082246e-01 4.198486309112269055e+01
5.500000000003077982e-01 4.261967791820423912e+01
5.700000000003073719e-01 4.318740908716092264e+01
5.900000000003069456e-01 4.347006281182000720e+01
6.100000000003065193e-01 4.489236906395206006e+01
6.300000000003060929e-01 4.516235216046601408e+01
6.500000000003056666e-01 4.580402712649798502e+01
6.700000000003052403e-01 4.633554191582170745e+01
6.900000000003048140e-01 4.751732787846091099e+01
7.100000000003043876e-01 4.728694155675485433e+01
7.300000000003039613e-01 4.845125921792553925e+01
7.500000000003035350e-01 4.912184641982189959e+01
7.700000000003031086e-01 4.919586641923098114e+01
7.900000000003026823e-01 5.095467959406620650e+01
8.100000000003022560e-01 5.074071197200340322e+01
8.300000000003018297e-01 5.218445954961696742e+01
8.500000000003014033e-01 5.239945413785799389e+01
8.700000000003009770e-01 5.350943222128250198e+01
8.900000000003005507e-01 5.330663712927159992e+01
9.100000000003001244e-01 5.546929285739444992e+01
9.300000000002996980e-01 5.508369590897211054e+01
9.500000000002992717e-01 5.655568609359146137e+01
9.700000000002988454e-01 5.670419577825225588e+01
9.900000000002984191e-01 5.763511598189198537e+01
1.010000000000297993e+00 5.904215019111497753e+01
1.030000000000297566e+00 5.957800858290109147e+01
1.050000000000297140e+00 5.919674583938292756e+01
1.070000000000296714e+00 6.071692891664954317e+01
1.090000000000296287e+00 6.103054251944107733e+01
1.110000000000295861e+00 6.148759980455935903e+01
1.130000000000295435e+00 6.191528653050968956e+01
1.150000000000295008e+00 6.370535538407897036e+01
1.170000000000294582e+00 6.330459706387156871e+01
1.190000000000294156e+00 6.476076598413661145e+01
1.210000000000293729e+00 6.515706443074846277e+01
1.230000000000293303e+00 6.608920389606686285e+01
1.250000000000292877e+00 6.669183746544763380e+01
1.270000000000292451e+00 6.665576592208172713e+01
1.290000000000292024e+00 6.829058966407728803e+01
1.310000000000291598e+00 6.798254613233683585e+01
1.330000000000291172e+00 6.958781677295819179e+01
1.350000000000290745e+00 7.001856378762700217e+01
1.370000000000290319e+00 7.098131050825426769e+01
1.390000000000289893e+00 7.022973221923815856e+01
1.410000000000289466e+00 7.180677739518424119e+01
1.430000000000289040e+00 7.239926216768057543e+01
1.450000000000288614e+00 7.346556609289849860e+01
1.470000000000288187e+00 7.318756067907405338e+01
1.490000000000287761e+00 7.416614857472144706e+01
1.510000000000287335e+00 7.523325577770812345e+01
1.530000000000286908e+00 7.447857682627738996e+01
1.550000000000286482e+00 7.605019326943425995e+01
1.570000000000286056e+00 7.745759843454031568e+01
1.590000000000285629e+00 7.609744622928948843e+01
1.610000000000285203e+00 7.757133181587654747e+01
1.630000000000284777e+00 7.796843473994130136e+01
1.650000000000284350e+00 7.799601305672027252e+01
1.670000000000283924e+00 7.903385721968012945e+01
1.690000000000283498e+00 7.872404159745426000e+01
1.710000000000283071e+00 7.957809714345303576e+01
1.730000000000282645e+00 8.093638455779544927e+01
1.750000000000282219e+00 7.993398382318655138e+01
1.770000000000281792e+00 8.133685110418934983e+01
1.790000000000281366e+00 8.142575962082885610e+01
1.810000000000280940e+00 8.174971663097485930e+01
1.830000000000280513e+00 8.173684522493205407e+01
1.850000000000280087e+00 8.189100182615966617e+01
1.870000000000279661e+00 8.326445732025625546e+01
1.890000000000279234e+00 8.264411810102930644e+01
1.910000000000278808e+00 8.291679584368074529e+01
1.930000000000278382e+00 8.391642645469846684e+01
1.950000000000277955e+00 8.323229358111619547e+01
1.970000000000277529e+00 8.390182907942305235e+01
1.990000000000277103e+00 8.438487164311484889e+01
2.010000000000276899e+00 8.383214491477497177e+01
2.030000000000276472e+00 8.479064267278820921e+01
2.050000000000276046e+00 8.403455023822242254e+01
2.070000000000275620e+00 8.478373619473921963e+01
2.090000000000275193e+00 8.457590269011464557e+01
2.110000000000274767e+00 8.435121139896811826e+01
2.130000000000274341e+00 8.541941768164851112e+01
2.150000000000273914e+00 8.453919536062845452e+01
2.170000000000273488e+00 8.473185059843332567e+01
2.190000000000273062e+00 8.589386445358412914e+01
2.210000000000272635e+00 8.382324098184172101e+01
2.230000000000272209e+00 8.545366776700848277e+01
2.250000000000271783e+00 8.427710034778716874e+01
2.270000000000271356e+00 8.484878311530964368e+01
2.290000000000270930e+00 8.399801508962784169e+01
2.310000000000270504e+00 8.465584879500804050e+01
2.330000000000270077e+00 8.415501747016445222e+01
2.350000000000269651e+00 8.382452296870680186e+01
2.370000000000269225e+00 8.428962812576153851e+01
2.390000000000268798e+00 8.410046292788707945e+01
2.410000000000268372e+00 8.348562078665258923e+01
2.430000000000267946e+00 8.379835059973112266e+01
2.450000000000267519e+00 8.321034811101631590e+01
2.470000000000267093e+00 8.365415028067695857e+01
2.490000000000266667e+00 8.342021053339854575e+01
2.510000000000266240e+00 8.248312887367579549e+01
2.530000000000265814e+00 8.273716150075027542e+01
2.550000000000265388e+00 8.244575708751477805e+01
2.570000000000264961e+00 8.266676796010871442e+01
2.590000000000264535e+00 8.191309935724812874e+01
2.610000000000264109e+00 8.204612607559280946e+01
2.630000000000263682e+00 8.181538430735305667e+01
2.650000000000263256e+00 8.143618207302813516e+01
2.670000000000262830e+00 8.058157938675600462e+01
2.690000000000262403e+00 8.079535239587406181e+01
2.710000000000261977e+00 8.027776981487431840e+01
2.730000000000261551e+00 8.007299694358320608e+01
2.750000000000261124e+00 7.980431978498265266e+01
2.770000000000260698e+00 7.948518024735795962e+01
2.790000000000260272e+00 7.911594561311599705e+01
2.810000000000259845e+00 7.947362734846184651e+01
2.830000000000259419e+00 7.998273986271648539e+01
2.850000000000258993e+00 7.845465482584127415e+01
2.870000000000258567e+00 7.782985886061504743e+01
2.890000000000258140e+00 7.808057380343997522e+01
2.910000000000257714e+00 7.808232169132654121e+01
2.930000000000257288e+00 7.772864032645480847e+01
2.950000000000256861e+00 7.634708751528796711e+01
2.970000000000256435e+00 7.624261217654493805e+01
2.990000000000256009e+00 7.564407179942482173e+01
3.010000000000255582e+00 7.582698373948886683e+01
3.030000000000255156e+00 7.564948114689546799e+01
3.050000000000254730e+00 7.544897848251902417e+01
3.070000000000254303e+00 7.450665703625638514e+01
3.090000000000253877e+00 7.367805908123158076e+01
3.110000000000253451e+00 7.371476703938013486e+01
3.130000000000253024e+00 7.355573627749062382e+01
3.150000000000252598e+00 7.403497696355148605e+01
3.170000000000252172e+00 7.276666385981310725e+01
3.190000000000251745e+00 7.295086810930922638e+01
3.210000000000251319e+00 7.244160836247647239e+01
3.230000000000250893e+00 7.185811694340533506e+01
3.250000000000250466e+00 7.104566018004346972e+01
3.270000000000250040e+00 7.095699511587130814e+01
3.290000000000249614e+00 7.096795630222918305e+01
3.310000000000249187e+00 6.998228942669086905e+01
3.330000000000248761e+00 7.019552713079879425e+01
3.350000000000248335e+00 6.941450456694464322e+01
3.370000000000247908e+00 6.929439816625003346e+01
3.390000000000247482e+00 6.942063279371818396e+01
3.410000000000247056e+00 6.879198092515483154e+01
3.430000000000246629e+00 6.805573283636469739e+01
3.450000000000246203e+00 6.890002129234832751e+01
3.470000000000245777e+00 6.758449251339747832e+01
3.490000000000245350e+00 6.776707726296794476e+01
3.510000000000244924e+00 6.743906550448845394e+01
3.530000000000244498e+00 6.645010788997385021e+01
3.550000000000244071e+00 6.730605800722150889e+01
3.570000000000243645e+00 6.628940748102972691e+01
3.590000000000243219e+00 6.659897843052101507e+01
3.610000000000242792e+00 6.610410357533235981e+01
3.630000000000242366e+00 6.584284159041007456e+01
3.650000000000241940e+00 6.555817141602607023e+01
3.670000000000241513e+00 6.557203953925866813e+01
3.690000000000241087e+00 6.512779990731547741e+01
3.710000000000240661e+00 6.503527058819028639e+01
3.730000000000240234e+00 6.438398884380376330e+01
3.750000000000239808e+00 6.415065306466452455e+01
3.770000000000239382e+00 6.455727019421615864e+01
3.790000000000238956e+00 6.440126734416705290e+01
3.810000000000238529e+00 6.399084843753147567e+01
3.830000000000238103e+00 6.394832510227091404e+01
3.850000000000237677e+00 6.314694853624953197e+01
3.870000000000237250e+00 6.355865635777504963e+01
3.890000000000236824e+00 6.338081377021812557e+01
3.910000000000236398e+00 6.376160195366865935e+01
3.930000000000235971e+00 6.285130592619752576e+01
3.950000000000235545e+00 6.333743165505826056e+01
3.970000000000235119e+00 6.266807286886536588e+01
3.990000000000234692e+00 6.261914829382059366e+01
4.010000000000234266e+00 6.240059882693203974e+01
4.030000000000233840e+00 6.235325252541484531e+01
4.050000000000233413e+00 6.214698270215529163e+01
4.070000000000232987e+00 6.222521118410219998e+01
4.090000000000232561e+00 6.152651977787461846e+01
4.110000000000232134e+00 6.169462596387072750e+01
4.130000000000231708e+00 6.118542980161707590e+01
4.150000000000231282e+00 6.153059757976864574e+01
4.170000000000230855e+00 6.115564947927999384e+01
4.190000000000230429e+00 6.158519991996148946e+01
4.210000000000230003e+00 6.125689918455313432e+01
4.230000000000229576e+00 6.114923466002136365e+01
4.250000000000229150e+00 6.072409672038778439e+01
4.270000000000228724e+00 6.052711152571632169e+01
4.290000000000228297e+00 6.034195843603898624e+01
4.310000000000227871e+00 6.051796619678879097e+01
4.330000000000227445e+00 6.038138535549228436e+01
4.350000000000227018e+00 5.991965880488979934e+01
4.370000000000226592e+00 6.017619676257920247e+01
4.390000000000226166e+00 5.961282531950131158e+01
4.410000000000225739e+00 5.998763903117565377e+01
4.430000000000225313e+00 6.043079080769861378e+01
4.450000000000224887e+00 5.924270331685948321e+01
4.470000000000224460e+00 5.911762208466838331e+01
4.490000000000224034e+00 5.980055696411744748e+01
4.510000000000223608e+00 5.961463179761926057e+01
4.530000000000223181e+00 5.949726479490727371e+01
4.550000000000222755e+00 5.929435316285528046e+01
4.570000000000222329e+00 5.951291471203397521e+01
4.590000000000221902e+00 5.864221800063165801e+01
4.610000000000221476e+00 5.944786003035854804e+01
4.630000000000221050e+00 5.901407247309356308e+01
4.650000000000220624e+00 5.850713361743368779e+01
4.670000000000220197e+00 5.786749754111016841e+01
4.690000000000219771e+00 5.861337247531079697e+01
4.710000000000219345e+00 5.759522204545125135e+01
4.730000000000218918e+00 5.786347629137318904e+01
4.750000000000218492e+00 5.730835693411661680e+01
4.770000000000218066e+00 5.767410642988278369e+01
4.790000000000217639e+00 5.725178063664193218e+01
4.810000000000217213e+00 5.727590774689803510e+01
4.830000000000216787e+00 5.702016263256629003e+01
4.850000000000216360e+00 5.651174007773997232e+01
4.870000000000215934e+00 5.677791726527092209e+01
4.890000000000215508e+00 5.634504328729908451e+01
4.910000000000215081e+00 5.616097564244753215e+01
4.930000000000214655e+00 5.605251764051840269e+01
4.950000000000214229e+00 5.636149888023469146e+01
4.970000000000213802e+00 5.618817314910361205e+01
4.990000000000213376e+00 5.610075870956858779e+01
5.010000000000212950e+00 5.560313752496373496e+01
5.030000000000212523e+00 5.525181899832826815e+01
5.050000000000212097e+00 5.538662935690019395e+01
5.070000000000211671e+00 5.557463038266589450e+01
5.090000000000211244e+00 5.493827380644239611e+01
5.110000000000210818e+00 5.466552571477487277e+01
5.130000000000210392e+00 5.489071272108304811e+01
5.150000000000209965e+00 5.401812004568794379e+01
5.170000000000209539e+00 5.423048116265599106e+01
5.190000000000209113e+00 5.408934314693921408e+01
5.210000000000208686e+00 5.382593217876164005e+01
5.230000000000208260e+00 5.354469098438070063e+01
5.250000000000207834e+00 5.315841624771840657e+01
5.270000000000207407e+00 5.337452076533497802e+01
5.290000000000206981e+00 5.300746053249685019e+01
5.310000000000206555e+00 5.280983069655924567e+01
5.330000000000206128e+00 5.265382800498612426e+01
5.350000000000205702e+00 5.255372494344578627e+01
5.370000000000205276e+00 5.204013691858184387e+01
5.390000000000204849e+00 5.184579514014111368e+01
5.410000000000204423e+00 5.195865432081559732e+01
5.430000000000203997e+00 5.149352116244310196e+01
5.450000000000203570e+00 5.134413561214799415e+01
5.470000000000203144e+00 5.095551629341039757e+01
5.490000000000202718e+00 5.118487763607020469e+01
5.510000000000202292e+00 5.093691403657412309e+01
5.530000000000201865e+00 5.080020257556066809e+01
5.550000000000201439e+00 5.006843998171499521e+01
5.570000000000201013e+00 5.009940676317756925e+01
5.590000000000200586e+00 4.962347633953034176e+01
5.610000000000200160e+00 4.984535762160622596e+01
5.630000000000199734e+00 4.943355800796900468e+01
5.650000000000199307e+00 4.918880408919303449e+01
5.670000000000198881e+00 4.890026804370060631e+01
5.690000000000198455e+00 4.861714421460781210e+01
5.710000000000198028e+00 4.853707921911663448e+01
5.730000000000197602e+00 4.848588457719598921e+01
5.750000000000197176e+00 4.830021698420728171e+01
5.770000000000196749e+00 4.798947528484548997e+01
5.790000000000196323e+00 4.789296311218810587e+01
5.810000000000195897e+00 4.766633265079161674e+01
5.830000000000195470e+00 4.727997359275183697e+01
5.850000000000195044e+00 4.730351256345584687e+01
5.870000000000194618e+00 4.652589575073197636e+01
5.890000000000194191e+00 4.672845678929775204e+01
5.910000000000193765e+00 4.574023393210652699e+01
5.930000000000193339e+00 4.550269198154531836e+01
5.950000000000192912e+00 4.549669894514908464e+01
5.970000000000192486e+00 4.490348918276426105e+01
5.990000000000192060e+00 4.484630932806101811e+01
6.010000000000191633e+00 4.468825538723022106e+01
6.030000000000191207e+00 4.362876475396907239e+01
6.050000000000190781e+00 4.342324533033836786e+01
6.070000000000190354e+00 4.326175183404421887e+01
6.090000000000189928e+00 4.305580158118994660e+01
6.110000000000189502e+00 4.264582996291765937e+01
6.130000000000189075e+00 4.235092559125899925e+01
6.150000000000188649e+00 4.199646962141935802e+01
6.170000000000188223e+00 4.186879411434548359e+01
6.190000000000187796e+00 4.137546935528465042e+01
6.210000000000187370e+00 4.102015767279476677e+01
6.230000000000186944e+00 4.057038655023127660e+01
6.250000000000186517e+00 4.004117918219274941e+01
6.270000000000186091e+00 4.035875029808463665e+01
6.290000000000185665e+00 4.001315394458837460e+01
6.310000000000185238e+00 3.931747390624944671e+01
6.330000000000184812e+00 3.876609900177794543e+01
6.350000000000184386e+00 3.869511562753748990e+01
6.370000000000183960e+00 3.861297762752058560e+01
6.390000000000183533e+00 3.814870439420829484e+01
6.410000000000183107e+00 3.792094852872413213e+01
6.430000000000182681e+00 3.737324040263961678e+01
6.450000000000182254e+00 3.722677380464502761e+01
6.470000000000181828e+00 3.697435590932894911e+01
6.490000000000181402e+00 3.648469271787104873e+01
6.510000000000180975e+00 3.592639281526916761e+01
6.530000000000180549e+00 3.564913750274526194e+01
6.550000000000180123e+00 3.548033784398861457e+01
6.570000000000179696e+00 3.532622965870490361e+01
6.590000000000179270e+00 3.458996950399819781e+01
6.610000000000178844e+00 3.452176020385033439e+01
6.630000000000178417e+00 3.401629580860273450e+01
6.650000000000177991e+00 3.384920293900961497e+01
6.670000000000177565e+00 3.373616302531382161e+01
6.690000000000177138e+00 3.278846709406526116e+01
6.710000000000176712e+00 3.291426336502933481e+01
6.730000000000176286e+00 3.264522123042751645e+01
6.750000000000175859e+00 3.233268360470369629e+01
6.770000000000175433e+00 3.193470908308078648e+01
6.790000000000175007e+00 3.156396143017351363e+01
6.810000000000174580e+00 3.103228684368361456e+01
6.830000000000174154e+00 3.081249232764663404e+01
6.850000000000173728e+00 3.047702091285101744e+01
6.870000000000173301e+00 3.010908319994306481e+01
6.890000000000172875e+00 2.963411847497322071e+01
6.910000000000172449e+00 2.945056843600724150e+01
6.930000000000172022e+00 2.926926466021873097e+01
6.950000000000171596e+00 2.890517386109805997e+01
6.970000000000171170e+00 2.848363079535584674e+01
6.990000000000170743e+00 2.784413647739937048e+01
7.010000000000170317e+00 2.768057092356913884e+01
7.030000000000169891e+00 2.768041858250744269e+01
7.050000000000169464e+00 2.728652230462031270e+01
7.070000000000169038e+00 2.665866598908091234e+01
7.090000000000168612e+00 2.654749091526802829e+01
7.110000000000168185e+00 2.635030614138534943e+01
7.130000000000167759e+00 2.587905841011609454e+01
7.150000000000167333e+00 2.565929047557733966e+01
7.170000000000166906e+00 2.530197237672046739e+01
7.190000000000166480e+00 2.484982894216727800e+01
7.210000000000166054e+00 2.464694437912343972e+01
7.230000000000165628e+00 2.456842993519527241e+01
7.250000000000165201e+00 2.396074503900951669e+01
7.270000000000164775e+00 2.374358666592864608e+01
7.290000000000164349e+00 2.332299410947072360e+01
7.310000000000163922e+00 2.333135567800311705e+01
7.330000000000163496e+00 2.305539877391345982e+01
7.350000000000163070e+00 2.254217592242881452e+01
7.370000000000162643e+00 2.226502905493347129e+01
7.390000000000162217e+00 2.212388300341832092e+01
7.410000000000161791e+00 2.183811019622288541e+01
7.430000000000161364e+00 2.124766023119339309e+01
7.450000000000160938e+00 2.131206329235031660e+01
7.470000000000160512e+00 2.106396657733490585e+01
7.490000000000160085e+00 2.095999667263928856e+01
7.510000000000159659e+00 2.033479339081036130e+01
7.530000000000159233e+00 2.003450126631869921e+01
7.550000000000158806e+00 2.003978505170459457e+01
7.570000000000158380e+00 1.962535106988838152e+01
7.590000000000157954e+00 1.951107255597504064e+01
7.610000000000157527e+00 1.923974616415993921e+01
7.630000000000157101e+00 1.897634183062557511e+01
7.650000000000156675e+00 1.864586797744708235e+01
7.670000000000156248e+00 1.849987401004283427e+01
7.690000000000155822e+00 1.810057288777761286e+01
7.710000000000155396e+00 1.805344547827411006e+01
7.730000000000154969e+00 1.762425935869445937e+01
7.750000000000154543e+00 1.749315028657035853e+01
7.770000000000154117e+00 1.710480126780718635e+01
7.790000000000153690e+00 1.699416194613842634e+01
7.810000000000153264e+00 1.676727674049099548e+01
7.830000000000152838e+00 1.667739875867506427e+01
7.850000000000152411e+00 1.629258360438205600e+01
7.870000000000151985e+00 1.603661681212985002e+01
7.890000000000151559e+00 1.585243170444664429e+01
7.910000000000151132e+00 1.563003812286015126e+01
7.930000000000150706e+00 1.553919943235219314e+01
7.950000000000150280e+00 1.520295275442967942e+01
7.970000000000149853e+00 1.496739872298453378e+01
7.990000000000149427e+00 1.483418077138807689e+01
8.010000000000149001e+00 1.466171245665180045e+01
8.030000000000148574e+00 1.443192768671602799e+01
8.050000000000148148e+00 1.420943990526525091e+01
8.070000000000147722e+00 1.397707129145929983e+01
8.090000000000147296e+00 1.394145346751037096e+01
8.110000000000146869e+00 1.375372752960613809e+01
8.130000000000146443e+00 1.333424679397171531e+01
8.150000000000146017e+00 1.342640733387743524e+01
8.170000000000145590e+00 1.316808767861699536e+01
8.190000000000145164e+00 1.302192391542513938e+01
8.210000000000144738e+00 1.280803107234530636e+01
8.230000000000144311e+00 1.264017185520140885e+01
8.250000000000143885e+00 1.244874717108246820e+01
8.270000000000143459e+00 1.238522103045905354e+01
8.290000000000143032e+00 1.210383525587338482e+01
8.310000000000142606e+00 1.200681424512971596e+01
8.330000000000142180e+00 1.192020624456323752e+01
8.350000000000141753e+00 1.182739417081060473e+01
8.370000000000141327e+00 1.146526562410037897e+01
8.390000000000140901e+00 1.152858083260649558e+01
8.410000000000140474e+00 1.126762820816115429e+01
8.430000000000140048e+00 1.112526552972241767e+01
8.450000000000139622e+00 1.094786621383273761e+01
8.470000000000139195e+00 1.074582173936102336e+01
8.490000000000138769e+00 1.064574837763211690e+01
8.510000000000138343e+00 1.055732753997171613e+01
8.530000000000137916e+00 1.045587001402835803e+01
8.550000000000137490e+00 1.026162627514425374e+01
8.570000000000137064e+00 1.011995608086004061e+01
8.590000000000136637e+00 1.005030758860504392e+01
8.610000000000136211e+00 9.897705820095653806e+00
8.630000000000135785e+00 9.609616124435206075e+00
8.650000000000135358e+00 9.530688944161502363e+00
8.670000000000134932e+00 9.522304463453876266e+00
8.690000000000134506e+00 9.338292177143438622e+00
8.710000000000134079e+00 9.323302089796007053e+00
8.730000000000133653e+00 9.117006804759094862e+00
8.750000000000133227e+00 8.979079735353909797e+00
8.770000000000132800e+00 8.912569769199230052e+00
8.790000000000132374e+00 8.809560496911748473e+00
8.810000000000131948e+00 8.845478056114556509e+00
8.830000000000131521e+00 8.578720239708383488e+00
8.850000000000131095e+00 8.519340004717189885e+00
8.870000000000130669e+00 8.382686503431989067e+00
8.890000000000130242e+00 8.309391303192043665e+00
8.910000000000129816e+00 8.204684253300937868e+00
8.930000000000129390e+00 8.038658567867908999e+00
8.950000000000128964e+00 8.072418479991652518e+00
8.970000000000128537e+00 7.953021263433260657e+00
8.990000000000128111e+00 7.793180938212788789e+00
9.010000000000127685e+00 7.674376841331353560e+00
9.030000000000127258e+00 7.605001680627148986e+00
9.050000000000126832e+00 7.596961715096158585e+00
9.070000000000126406e+00 7.462020167139311155e+00
9.090000000000125979e+00 7.330756045719359015e+00
9.110000000000125553e+00 7.311634018005327640e+00
9.130000000000125127e+00 7.219784301066787258e+00
9.150000000000124700e+00 7.063627316649599308e+00
9.170000000000124274e+00 7.038768058070354883e+00
9.190000000000123848e+00 6.961754804003632557e+00
9.210000000000123421e+00 6.847592342044017677e+00
9.230000000000122995e+00 6.796576311994213526e+00
9.250000000000122569e+00 6.774437994620110537e+00
9.270000000000122142e+00 6.671329110618115621e+00
9.290000000000121716e+00 6.571389769624031096e+00
9.310000000000121290e+00 6.477540673665258097e+00
9.330000000000120863e+00 6.429300224326649271e+00
9.350000000000120437e+00 6.334245471468650912e+00
9.370000000000120011e+00 6.316455367280847000e+00
9.390000000000119584e+00 6.210968453107549081e+00
9.410000000000119158e+00 6.189786007545435176e+00
9.430000000000118732e+00 6.101898841933145690e+00
9.450000000000118305e+00 6.070323454983504341e+00
9.470000000000117879e+00 5.973610134236945868e+00
9.490000000000117453e+00 5.963302227418630252e+00
9.510000000000117026e+00 5.895932075191827160e+00
9.530000000000116600e+00 5.791656904310572784e+00
9.550000000000116174e+00 5.738903360724602720e+00
9.570000000000115747e+00 5.716207268343696413e+00
9.590000000000115321e+00 5.678076709879197104e+00
9.610000000000114895e+00 5.632776976313753181e+00
9.630000000000114468e+00 5.537559731433173482e+00
9.650000000000114042e+00 5.533524575246351773e+00
9.670000000000113616e+00 5.438151716142957781e+00
9.690000000000113189e+00 5.397804821326720237e+00
9.710000000000112763e+00 5.312544258481914916e+00
9.730000000000112337e+00 5.281058827430499036e+00
9.750000000000111910e+00 5.183070037462521817e+00
9.770000000000111484e+00 5.237649651804531459e+00
9.790000000000111058e+00 5.095351172238033577e+00
9.810000000000110632e+00 5.115118521587604938e+00
9.830000000000110205e+00 5.066677556573330854e+00
9.850000000000109779e+00 4.999958990774294065e+00
9.870000000000109353e+00 4.921863142724576257e+00
9.890000000000108926e+00 4.898252951430581703e+00
9.910000000000108500e+00 4.883435587889321638e+00
9.930000000000108074e+00 4.838396541083927360e+00
9.950000000000107647e+00 4.827965102516835749e+00
9.970000000000107221e+00 4.728688364719519477e+00
9.990000000000106795e+00 4.722676523670545912e+00
1.001000000000010637e+01 4.679315901233176866e+00
1.003000000000010594e+01 4.649072520371451134e+00
1.005000000000010552e+01 4.574472412593808102e+00
1.007000000000010509e+01 4.576475216147651182e+00
1.009000000000010466e+01 4.552099202497602803e+00
1.011000000000010424e+01 4.489970825442912705e+00
1.013000000000010381e+01 4.439667193252335053e+00
1.015000000000010338e+01 4.434493374026638790e+00
1.017000000000010296e+01 4.381140026685165445e+00
1.019000000000010253e+01 4.308754699032443902e+00
1.021000000000010210e+01 4.293013425521726489e+00
1.023000000000010168e+01 4.293153387787108421e+00
1.025000000000010125e+01 4.213391326235954359e+00
1.027000000000010083e+01 4.240903250299968619e+00
1.029000000000010040e+01 4.169252398282851324e+00
1.031000000000009997e+01 4.166515915536932901e+00
1.033000000000009955e+01 4.059683235639156784e+00
1.035000000000009912e+01 4.088249786754320603e+00
1.037000000000009869e+01 4.040965880413286193e+00
1.039000000000009827e+01 3.989400904608178422e+00
1.041000000000009784e+01 3.984887681015969463e+00
1.043000000000009742e+01 3.940958227788134316e+00
1.045000000000009699e+01 3.869922836860375970e+00
1.047000000000009656e+01 3.866698586485161737e+00
1.049000000000009614e+01 3.926955377839913108e+00
1.051000000000009571e+01 3.816521416141594347e+00
1.053000000000009528e+01 3.781869882238234837e+00
1.055000000000009486e+01 3.738889010743147612e+00
1.057000000000009443e+01 3.667009329845725141e+00
1.059000000000009400e+01 3.714787515596055467e+00
1.061000000000009358e+01 3.644333431651941346e+00
1.063000000000009315e+01 3.604748671199936805e+00
1.065000000000009273e+01 3.598673367934829503e+00
1.067000000000009230e+01 3.550804220735337857e+00
1.069000000000009187e+01 3.538599700112012414e+00
1.071000000000009145e+01 3.478554878880859125e+00
1.073000000000009102e+01 3.451697072387497567e+00
1.075000000000009059e+01 3.399145374861126889e+00
1.077000000000009017e+01 3.432314429546551082e+00
1.079000000000008974e+01 3.363981121621955062e+00
1.081000000000008932e+01 3.320713086852674412e+00
1.083000000000008889e+01 3.297669609433821147e+00
1.085000000000008846e+01 3.237580827676975304e+00
1.087000000000008804e+01 3.290760730978490756e+00
1.089000000000008761e+01 3.189717244405325225e+00
1.091000000000008718e+01 3.178724329723504827e+00
1.093000000000008676e+01 3.163435496766898058e+00
1.095000000000008633e+01 3.133907328625614053e+00
1.097000000000008590e+01 3.101114230179479403e+00
1.099000000000008548e+01 3.048453392044900401e+00
1.101000000000008505e+01 3.050680561501859955e+00
1.103000000000008463e+01 3.047850688603266800e+00
1.105000000000008420e+01 2.957679458217532087e+00
1.107000000000008377e+01 2.966548265324421951e+00
1.109000000000008335e+01 2.963025377030731100e+00
1.111000000000008292e+01 2.876167029511962347e+00
1.113000000000008249e+01 2.868961685346232304e+00
1.115000000000008207e+01 2.838783391134736434e+00
1.117000000000008164e+01 2.843418270728236052e+00
1.119000000000008122e+01 2.796647010416172474e+00
1.121000000000008079e+01 2.725538216868014896e+00
1.123000000000008036e+01 2.731036581122588736e+00
1.125000000000007994e+01 2.698407198454413347e+00
1.127000000000007951e+01 2.653249530503222875e+00
1.129000000000007908e+01 2.656809238783842897e+00
1.131000000000007866e+01 2.616052705586946470e+00
1.133000000000007823e+01 2.614214100203796409e+00
1.135000000000007780e+01 2.587533410830973324e+00
1.137000000000007738e+01 2.521509890450430724e+00
1.139000000000007695e+01 2.546521734797809522e+00
1.141000000000007653e+01 2.513124285699722016e+00
1.143000000000007610e+01 2.450349228531610191e+00
1.145000000000007567e+01 2.420021755091574800e+00
1.147000000000007525e+01 2.413615899512357554e+00
1.149000000000007482e+01 2.362087765962190833e+00
1.151000000000007439e+01 2.377725388873489276e+00
1.153000000000007397e+01 2.341839648271850205e+00
1.155000000000007354e+01 2.297038919013000502e+00
1.157000000000007311e+01 2.283189599769150036e+00
1.159000000000007269e+01 2.216766091443906461e+00
1.161000000000007226e+01 2.225370248138448748e+00
1.163000000000007184e+01 2.206678645467218924e+00
1.165000000000007141e+01 2.162658906412823878e+00
1.167000000000007098e+01 2.144091864830667049e+00
1.169000000000007056e+01 2.151799451373249461e+00
1.171000000000007013e+01 2.122226035007000355e+00
1.173000000000006970e+01 2.072763329992231007e+00
1.175000000000006928e+01 2.051746895886406463e+00
1.177000000000006885e+01 2.037015041639426371e+00
1.179000000000006843e+01 2.022560922622349544e+00
1.181000000000006800e+01 1.971993273830892512e+00
1.183000000000006757e+01 1.959561038202237038e+00
1.185000000000006715e+01 1.953315427719993780e+00
1.187000000000006672e+01 1.928899598808819116e+00
1.189000000000006629e+01 1.894538521061427838e+00
1.191000000000006587e+01 1.868079604851651254e+00
1.193000000000006544e+01 1.857457206672514349e+00
1.195000000000006501e+01 1.803865241017727383e+00
1.197000000000006459e+01 1.812758419538949228e+00
1.199000000000006416e+01 1.801416507991258298e+00
1.201000000000006374e+01 1.780011755841594656e+00
1.203000000000006331e+01 1.774825118246524003e+00
1.205000000000006288e+01 1.731053360400129248e+00
1.207000000000006246e+01 1.720158629941455519e+00
1.209000000000006203e+01 1.704994085593436681e+00
1.211000000000006160e+01 1.688115565804361395e+00
1.213000000000006118e+01 1.664997604884579152e+00
1.215000000000006075e+01 1.640124100543235652e+00
1.217000000000006033e+01 1.663218390121281143e+00
1.219000000000005990e+01 1.639961223028442383e+00
1.221000000000005947e+01 1.574119282343578563e+00
1.223000000000005905e+01 1.568096362940744726e+00
1.225000000000005862e+01 1.559343247879924954e+00
1.227000000000005819e+01 1.513664491523855515e+00
1.229000000000005777e+01 1.502827462600739405e+00
1.231000000000005734e+01 1.512935577363302864e+00
1.233000000000005691e+01 1.487749384976992051e+00
1.235000000000005649e+01 1.459808949124017818e+00
1.237000000000005606e+01 1.469462262424582555e+00
1.239000000000005564e+01 1.420618107346635739e+00
1.241000000000005521e+01 1.426422900281915762e+00
1.243000000000005478e+01 1.426220733960974263e+00
1.245000000000005436e+01 1.414239654445461403e+00
1.247000000000005393e+01 1.364412007091578838e+00
1.249000000000005350e+01 1.379757063732190092e+00
1.251000000000005308e+01 1.345531165821733488e+00
1.253000000000005265e+01 1.356266496417729339e+00
1.255000000000005222e+01 1.290230217975063765e+00
1.257000000000005180e+01 1.320043829673945401e+00
1.259000000000005137e+01 1.300555800319373123e+00
1.261000000000005095e+01 1.264269652395264787e+00
1.263000000000005052e+01 1.263357022784700412e+00
1.265000000000005009e+01 1.236536670590772768e+00
1.267000000000004967e+01 1.261075891857528442e+00
1.269000000000004924e+01 1.240015267632752494e+00
1.271000000000004881e+01 1.200526663234218416e+00
1.273000000000004839e+01 1.194655865195993982e+00
1.275000000000004796e+01 1.215271179548823133e+00
1.277000000000004754e+01 1.185308064320234944e+00
1.279000000000004711e+01 1.164880236521597334e+00
1.281000000000004668e+01 1.171140127885626603e+00
1.283000000000004626e+01 1.144766678588090336e+00
1.285000000000004583e+01 1.131103255996299461e+00
1.287000000000004540e+01 1.120354749611021328e+00
1.289000000000004498e+01 1.112612289526645926e+00
1.291000000000004455e+01 1.103374120254837942e+00
1.293000000000004412e+01 1.103512065356913707e+00
1.295000000000004370e+01 1.073405923649284333e+00
1.297000000000004327e+01 1.100146650684695748e+00
1.299000000000004285e+01 1.056417249436851558e+00
1.301000000000004242e+01 1.055761720516855906e+00
1.303000000000004199e+01 1.072167556211619077e+00
1.305000000000004157e+01 1.056989556781196438e+00
1.307000000000004114e+01 1.029574263458726824e+00
1.309000000000004071e+01 1.023405808493239366e+00
1.311000000000004029e+01 9.839590078651532234e-01
1.313000000000003986e+01 1.031904516068192112e+00
1.315000000000003944e+01 1.014244837257061382e+00
1.317000000000003901e+01 9.844528652601848284e-01
1.319000000000003858e+01 9.774193819519328974e-01
1.321000000000003816e+01 9.820708850069973517e-01
1.323000000000003773e+01 9.542056566454883981e-01
1.325000000000003730e+01 9.316471334920157776e-01
1.327000000000003688e+01 9.080081007620203204e-01
1.329000000000003645e+01 9.264961565022510337e-01
1.331000000000003602e+01 9.117765611951023086e-01
1.333000000000003560e+01 9.175723457794917604e-01
1.335000000000003517e+01 9.093550387140397762e-01
1.337000000000003475e+01 8.837666316462823302e-01
1.339000000000003432e+01 8.690921889063539796e-01
1.341000000000003389e+01 8.650463002841376481e-01
1.343000000000003347e+01 8.396204738312957883e-01
1.345000000000003304e+01 8.535037334420896293e-01
1.347000000000003261e+01 8.419780474104087142e-01
1.349000000000003219e+01 8.603448028377065349e-01
1.351000000000003176e+01 7.959762379256005715e-01
1.353000000000003133e+01 7.937518640507633672e-01
1.355000000000003091e+01 7.585251912784398698e-01
1.357000000000003048e+01 7.567106292183191085e-01
1.359000000000003006e+01 7.556668682444022123e-01
1.361000000000002963e+01 7.660287606233959767e-01
1.363000000000002920e+01 7.377515061913096917e-01
1.365000000000002878e+01 7.207169379640837592e-01
1.367000000000002835e+01 7.264510378800134172e-01
1.369000000000002792e+01 7.219072138661891680e-01
1.371000000000002750e+01 7.104660903895895219e-01
1.373000000000002707e+01 7.077675003538473897e-01
1.375000000000002665e+01 7.028863728218153195e-01
1.377000000000002622e+01 6.899522609867191347e-01
1.379000000000002579e+01 6.849595568336687146e-01
1.381000000000002537e+01 6.531750393532150811e-01
1.383000000000002494e+01 6.332988102695541466e-01
1.385000000000002451e+01 6.419166096929367349e-01
1.387000000000002409e+01 6.525626985142990444e-01
1.389000000000002366e+01 6.278981503688449983e-01
1.391000000000002323e+01 6.296157947839244873e-01
1.393000000000002281e+01 6.212833836951653366e-01
1.395000000000002238e+01 5.883897466815369848e-01
1.397000000000002196e+01 5.797907106512647513e-01
1.399000000000002153e+01 5.832815835435332108e-01
1.401000000000002110e+01 5.548423504603894330e-01
1.403000000000002068e+01 5.827548311236218082e-01
1.405000000000002025e+01 5.776141271200021521e-01
1.407000000000001982e+01 5.701567205794930704e-01
1.409000000000001940e+01 5.583062560831794086e-01
1.411000000000001897e+01 5.374498492704279373e-01
1.413000000000001855e+01 5.464222615202066757e-01
1.415000000000001812e+01 5.269471019994528271e-01
1.417000000000001769e+01 5.140552548166823499e-01
1.419000000000001727e+01 5.009391620425174274e-01
1.421000000000001684e+01 4.935908518087892549e-01
1.423000000000001641e+01 4.861982408668272249e-01
1.425000000000001599e+01 4.652249908620114116e-01
1.427000000000001556e+01 4.716297238972383399e-01
1.429000000000001513e+01 4.524599818140864205e-01
1.431000000000001471e+01 4.405063094769479659e-01
1.433000000000001428e+01 4.556777113847232386e-01
1.435000000000001386e+01 4.254601162587201557e-01
1.437000000000001343e+01 4.189897151903302919e-01
1.439000000000001300e+01 3.942933239992377215e-01
1.441000000000001258e+01 3.793349812186708192e-01
1.443000000000001215e+01 3.560984922922304508e-01
1.445000000000001172e+01 3.303541196099847310e-01
1.447000000000001130e+01 3.234812079774200821e-01
1.449000000000001087e+01 3.199355348812500388e-01
1.451000000000001044e+01 2.831560399296243480e-01
1.453000000000001002e+01 2.545722086041168342e-01
1.455000000000000959e+01 1.776676460287358039e-01
1.457000000000000917e+01 1.308927910869605860e-01
1.459000000000000874e+01 9.738976914143580854e-02
1.461000000000000831e+01 8.331120871681924056e-02
1.463000000000000789e+01 6.371513836565026456e-02
1.465000000000000746e+01 2.496078813226618523e-02
1.467000000000000703e+01 1.108905591157221746e-02
1.469000000000000661e+01 2.773787466625490632e-03
1.471000000000000618e+01 4.022700130181863012e-14
1.473000000000000576e+01 0.000000000000000000e+00
1.475000000000000533e+01 0.000000000000000000e+00
1.477000000000000490e+01 0.000000000000000000e+00
1.479000000000000448e+01 0.000000000000000000e+00
1.481000000000000405e+01 0.000000000000000000e+00
1.483000000000000362e+01 0.000000000000000000e+00
1.485000000000000320e+01 0.000000000000000000e+00
1.487000000000000277e+01 0.000000000000000000e+00
1.489000000000000234e+01 0.000000000000000000e+00
1.491000000000000192e+01 0.000000000000000000e+00
1.493000000000000149e+01 0.000000000000000000e+00
1.495000000000000107e+01 0.000000000000000000e+00
1.497000000000000064e+01 0.000000000000000000e+00
1.499000000000000021e+01 0.000000000000000000e+00
