# Redshift		Merger Rate Density [Gpc^-3yr^-1]
1.000000000031931770e-02 3.554796956545109055e+01
3.000000000031888964e-02 3.544535591913994921e+01
5.000000000031846331e-02 3.606574258896068841e+01
7.000000000031804392e-02 3.595448145838873444e+01
9.000000000031761760e-02 3.617272150972014089e+01
1.100000000003171913e-01 3.661709213886415881e+01
1.300000000003167511e-01 3.707952535446543862e+01
1.500000000003163247e-01 3.753980031006015139e+01
1.700000000003158984e-01 3.858351580417148341e+01
1.900000000003154721e-01 3.896064363983472134e+01
2.100000000003150458e-01 3.905505633709524460e+01
2.300000000003146194e-01 3.949533214264661041e+01
2.500000000003141931e-01 4.065606631625819034e+01
2.700000000003137668e-01 4.103614132789258662e+01
2.900000000003133405e-01 4.164533045540022727e+01
3.100000000003129141e-01 4.220327062888951986e+01
3.300000000003124878e-01 4.287995273368196791e+01
3.500000000003120615e-01 4.400371575456549067e+01
3.700000000003116352e-01 4.426881995798770930e+01
3.900000000003112088e-01 4.440822319016367459e+01
4.100000000003107825e-01 4.471093644540768253e+01
4.300000000003103562e-01 4.577067657840169090e+01
4.500000000003099299e-01 4.573891315578551087e+01
4.700000000003095035e-01 4.704565597389494513e+01
4.900000000003090772e-01 4.667759182555476372e+01
5.100000000003086509e-01 4.812336452574620438e+01
5.300000000003082246e-01 4.840371467187897281e+01
5.500000000003077982e-01 4.827667024462340351e+01
5.700000000003073719e-01 4.991146804852729701e+01
5.900000000003069456e-01 4.947552942569605250e+01
6.100000000003065193e-01 5.088041773672289025e+01
6.300000000003060929e-01 5.112536092172958035e+01
6.500000000003056666e-01 5.184400678629229020e+01
6.700000000003052403e-01 5.249150743534005414e+01
6.900000000003048140e-01 5.303256879110015376e+01
7.100000000003043876e-01 5.345747212161475659e+01
7.300000000003039613e-01 5.365089313105879398e+01
7.500000000003035350e-01 5.559973446171080980e+01
7.700000000003031086e-01 5.577036022658194980e+01
7.900000000003026823e-01 5.647424622429682728e+01
8.100000000003022560e-01 5.843916167742406742e+01
8.300000000003018297e-01 5.941633692697504898e+01
8.500000000003014033e-01 6.012500157124044620e+01
8.700000000003009770e-01 6.179669180431775999e+01
8.900000000003005507e-01 6.087862778801778774e+01
9.100000000003001244e-01 6.287441962196453460e+01
9.300000000002996980e-01 6.312274086548463004e+01
9.500000000002992717e-01 6.375875309796047219e+01
9.700000000002988454e-01 6.427386099135229358e+01
9.900000000002984191e-01 6.406857972625709863e+01
1.010000000000297993e+00 6.463297996726859651e+01
1.030000000000297566e+00 6.552525278070558556e+01
1.050000000000297140e+00 6.535227054345931208e+01
1.070000000000296714e+00 6.631515248489935743e+01
1.090000000000296287e+00 6.717808197346627708e+01
1.110000000000295861e+00 6.783610700200108568e+01
1.130000000000295435e+00 6.934847616112571700e+01
1.150000000000295008e+00 6.819345915653356371e+01
1.170000000000294582e+00 7.156561906882734547e+01
1.190000000000294156e+00 7.078117310244222438e+01
1.210000000000293729e+00 7.183247083851500747e+01
1.230000000000293303e+00 7.211788897031436818e+01
1.250000000000292877e+00 7.283012799962618544e+01
1.270000000000292451e+00 7.445091982701268307e+01
1.290000000000292024e+00 7.407219258477501000e+01
1.310000000000291598e+00 7.516835256190734071e+01
1.330000000000291172e+00 7.556323965708749313e+01
1.350000000000290745e+00 7.484762835717509688e+01
1.370000000000290319e+00 7.640041803867838155e+01
1.390000000000289893e+00 7.733035076658062223e+01
1.410000000000289466e+00 7.768157104934081758e+01
1.430000000000289040e+00 7.699022234217083849e+01
1.450000000000288614e+00 7.805305983138558190e+01
1.470000000000288187e+00 7.859121182843983888e+01
1.490000000000287761e+00 7.776581341987700569e+01
1.510000000000287335e+00 7.865433376268907750e+01
1.530000000000286908e+00 7.854529197355635972e+01
1.550000000000286482e+00 7.727419460947267282e+01
1.570000000000286056e+00 7.859843340762961361e+01
1.590000000000285629e+00 7.799836742661106825e+01
1.610000000000285203e+00 7.871975406794592800e+01
1.630000000000284777e+00 7.696267884169542128e+01
1.650000000000284350e+00 7.824103404609461165e+01
1.670000000000283924e+00 7.678504219996810320e+01
1.690000000000283498e+00 7.694016039499187798e+01
1.710000000000283071e+00 7.767791234082450558e+01
1.730000000000282645e+00 7.699463464446573369e+01
1.750000000000282219e+00 7.703355984006960000e+01
1.770000000000281792e+00 7.614297119324780283e+01
1.790000000000281366e+00 7.647629585124278151e+01
1.810000000000280940e+00 7.627954111302182127e+01
1.830000000000280513e+00 7.655493063630335371e+01
1.850000000000280087e+00 7.611843364686124858e+01
1.870000000000279661e+00 7.480097122849768709e+01
1.890000000000279234e+00 7.603990071904547676e+01
1.910000000000278808e+00 7.299875566759767764e+01
1.930000000000278382e+00 7.395805623457562206e+01
1.950000000000277955e+00 7.453630277871285159e+01
1.970000000000277529e+00 7.344319092539213045e+01
1.990000000000277103e+00 7.273394203695951887e+01
2.010000000000276899e+00 7.423924508474621575e+01
2.030000000000276472e+00 7.173202046677464239e+01
2.050000000000276046e+00 7.116548035864256860e+01
2.070000000000275620e+00 7.114111573252095866e+01
2.090000000000275193e+00 7.092195099597115870e+01
2.110000000000274767e+00 6.915275992697702634e+01
2.130000000000274341e+00 7.075139296044892490e+01
2.150000000000273914e+00 6.975145133115738361e+01
2.170000000000273488e+00 6.831665016528415890e+01
2.190000000000273062e+00 6.763727636029639712e+01
2.210000000000272635e+00 6.761353722361786822e+01
2.230000000000272209e+00 6.732377040617187447e+01
2.250000000000271783e+00 6.594635985217492191e+01
2.270000000000271356e+00 6.543923049069250908e+01
2.290000000000270930e+00 6.431999605842372603e+01
2.310000000000270504e+00 6.509202337762800994e+01
2.330000000000270077e+00 6.251845136679451542e+01
2.350000000000269651e+00 6.273288028383569781e+01
2.370000000000269225e+00 6.169336430036193519e+01
2.390000000000268798e+00 6.130235722022434430e+01
2.410000000000268372e+00 6.052380644071580207e+01
2.430000000000267946e+00 6.028794122487020246e+01
2.450000000000267519e+00 5.999193512636876591e+01
2.470000000000267093e+00 5.921455076084447455e+01
2.490000000000266667e+00 5.817344324245660658e+01
2.510000000000266240e+00 5.777371919204836814e+01
2.530000000000265814e+00 5.703569599227758857e+01
2.550000000000265388e+00 5.702982476233250253e+01
2.570000000000264961e+00 5.718943258352641124e+01
2.590000000000264535e+00 5.574560254874685228e+01
2.610000000000264109e+00 5.579209731096793945e+01
2.630000000000263682e+00 5.495115030002663303e+01
2.650000000000263256e+00 5.510397448759394479e+01
2.670000000000262830e+00 5.342700485800443744e+01
2.690000000000262403e+00 5.402613113402684775e+01
2.710000000000261977e+00 5.291914412443640714e+01
2.730000000000261551e+00 5.263697611196232629e+01
2.750000000000261124e+00 5.264202510350364150e+01
2.770000000000260698e+00 5.181121335924546401e+01
2.790000000000260272e+00 5.246665734963436023e+01
2.810000000000259845e+00 5.135297469826630845e+01
2.830000000000259419e+00 5.077939118428995613e+01
2.850000000000258993e+00 5.119575216473653967e+01
2.870000000000258567e+00 4.990540057648214400e+01
2.890000000000258140e+00 5.011571257379918620e+01
2.910000000000257714e+00 4.945757348357315664e+01
2.930000000000257288e+00 4.991513735537301244e+01
2.950000000000256861e+00 4.856738787848279060e+01
2.970000000000256435e+00 4.838859367711782511e+01
2.990000000000256009e+00 4.928136410497477016e+01
3.010000000000255582e+00 4.912734580389147254e+01
3.030000000000255156e+00 4.698150380699574669e+01
3.050000000000254730e+00 4.752818828375275473e+01
3.070000000000254303e+00 4.737859141289309406e+01
3.090000000000253877e+00 4.689097378344229128e+01
3.110000000000253451e+00 4.719604696165309576e+01
3.130000000000253024e+00 4.667367860265134993e+01
3.150000000000252598e+00 4.577667260377206304e+01
3.170000000000252172e+00 4.664838832184282325e+01
3.190000000000251745e+00 4.555163486056271438e+01
3.210000000000251319e+00 4.565185543658428458e+01
3.230000000000250893e+00 4.601347147781793012e+01
3.250000000000250466e+00 4.475095109859832121e+01
3.270000000000250040e+00 4.575217741280354744e+01
3.290000000000249614e+00 4.540392925864306761e+01
3.310000000000249187e+00 4.473674670092378136e+01
3.330000000000248761e+00 4.475541281762944124e+01
3.350000000000248335e+00 4.428796688864713360e+01
3.370000000000247908e+00 4.406639766606093644e+01
3.390000000000247482e+00 4.494180413473526414e+01
3.410000000000247056e+00 4.365920901647685781e+01
3.430000000000246629e+00 4.385343080903899704e+01
3.450000000000246203e+00 4.427109855295057628e+01
3.470000000000245777e+00 4.382519437283703923e+01
3.490000000000245350e+00 4.366233211425954153e+01
3.510000000000244924e+00 4.349451795815320310e+01
3.530000000000244498e+00 4.392714102063325754e+01
3.550000000000244071e+00 4.352235732789257838e+01
3.570000000000243645e+00 4.368058605025976959e+01
3.590000000000243219e+00 4.389584244812939318e+01
3.610000000000242792e+00 4.366936292529336328e+01
3.630000000000242366e+00 4.384176219790853679e+01
3.650000000000241940e+00 4.346116997957239647e+01
3.670000000000241513e+00 4.411879197962624488e+01
3.690000000000241087e+00 4.312932404635536443e+01
3.710000000000240661e+00 4.421991694115964577e+01
3.730000000000240234e+00 4.404169894657997730e+01
3.750000000000239808e+00 4.404787809245643615e+01
3.770000000000239382e+00 4.402828657729990169e+01
3.790000000000238956e+00 4.441585618614735864e+01
3.810000000000238529e+00 4.460380536161325438e+01
3.830000000000238103e+00 4.463272358895594039e+01
3.850000000000237677e+00 4.444496516845116219e+01
3.870000000000237250e+00 4.457823079630222196e+01
3.890000000000236824e+00 4.529437076147694086e+01
3.910000000000236398e+00 4.497428244603099756e+01
3.930000000000235971e+00 4.523100965038580057e+01
3.950000000000235545e+00 4.546262376097610058e+01
3.970000000000235119e+00 4.525696337055207152e+01
3.990000000000234692e+00 4.593225175978798802e+01
4.010000000000234266e+00 4.585107279493658439e+01
4.030000000000233840e+00 4.600107343688932815e+01
4.050000000000233413e+00 4.614362361758249875e+01
4.070000000000232987e+00 4.658651839517709448e+01
4.090000000000232561e+00 4.620033144704190420e+01
4.110000000000232134e+00 4.770294129986534415e+01
4.130000000000231708e+00 4.625014727571404904e+01
4.150000000000231282e+00 4.711288546418172984e+01
4.170000000000230855e+00 4.750164753380529703e+01
4.190000000000230429e+00 4.763622049548561677e+01
4.210000000000230003e+00 4.784637157222908144e+01
4.230000000000229576e+00 4.758924110176169364e+01
4.250000000000229150e+00 4.830209593136725488e+01
4.270000000000228724e+00 4.792803178568310329e+01
4.290000000000228297e+00 4.861990794774168023e+01
4.310000000000227871e+00 4.928650350478352493e+01
4.330000000000227445e+00 4.831700709086750578e+01
4.350000000000227018e+00 4.879645818367838928e+01
4.370000000000226592e+00 4.939911754794896837e+01
4.390000000000226166e+00 4.977968789824990381e+01
4.410000000000225739e+00 4.878058582576419866e+01
4.430000000000225313e+00 4.987506166203077385e+01
4.450000000000224887e+00 4.956733004246501650e+01
4.470000000000224460e+00 5.031214215803153422e+01
4.490000000000224034e+00 5.027202231842360902e+01
4.510000000000223608e+00 4.980012434395867160e+01
4.530000000000223181e+00 5.032943950964368440e+01
4.550000000000222755e+00 5.039476541793081310e+01
4.570000000000222329e+00 4.950656283918752365e+01
4.590000000000221902e+00 4.953689623102410877e+01
4.610000000000221476e+00 4.928682789166398237e+01
4.630000000000221050e+00 4.971823326155008260e+01
4.650000000000220624e+00 4.938958271512768761e+01
4.670000000000220197e+00 4.919388916556165015e+01
4.690000000000219771e+00 4.985629774855393492e+01
4.710000000000219345e+00 4.887760042083743173e+01
4.730000000000218918e+00 4.955066419225419594e+01
4.750000000000218492e+00 4.936845167342264062e+01
4.770000000000218066e+00 4.875004106811311289e+01
4.790000000000217639e+00 4.957949116313880467e+01
4.810000000000217213e+00 4.953736595008081878e+01
4.830000000000216787e+00 4.965866287734362317e+01
4.850000000000216360e+00 4.853596725285920854e+01
4.870000000000215934e+00 4.935870537172601757e+01
4.890000000000215508e+00 4.807398368453260673e+01
4.910000000000215081e+00 4.781575502013573953e+01
4.930000000000214655e+00 4.819271440393550421e+01
4.950000000000214229e+00 4.808282204165163165e+01
4.970000000000213802e+00 4.783189196295694501e+01
4.990000000000213376e+00 4.747239713058157662e+01
5.010000000000212950e+00 4.700219367048092778e+01
5.030000000000212523e+00 4.735620902044382063e+01
5.050000000000212097e+00 4.659408628882444248e+01
5.070000000000211671e+00 4.685077892632462948e+01
5.090000000000211244e+00 4.678838031920784601e+01
5.110000000000210818e+00 4.580282561196216307e+01
5.130000000000210392e+00 4.553237142635108370e+01
5.150000000000209965e+00 4.511359458761415908e+01
5.170000000000209539e+00 4.538621806902499145e+01
5.190000000000209113e+00 4.486545514846964977e+01
5.210000000000208686e+00 4.414412093001602244e+01
5.230000000000208260e+00 4.400128080766889127e+01
5.250000000000207834e+00 4.364952643314367009e+01
5.270000000000207407e+00 4.390007754439061927e+01
5.290000000000206981e+00 4.311577514769740560e+01
5.310000000000206555e+00 4.243725523369089814e+01
5.330000000000206128e+00 4.229052224350804323e+01
5.350000000000205702e+00 4.167916172377193362e+01
5.370000000000205276e+00 4.133956226394968780e+01
5.390000000000204849e+00 4.149399762584506846e+01
5.410000000000204423e+00 4.044748792625539835e+01
5.430000000000203997e+00 4.076532658827282063e+01
5.450000000000203570e+00 4.003976606178289188e+01
5.470000000000203144e+00 3.892374154859311375e+01
5.490000000000202718e+00 3.919450197889676701e+01
5.510000000000202292e+00 3.846458291524995587e+01
5.530000000000201865e+00 3.780925608042059594e+01
5.550000000000201439e+00 3.742917541736586173e+01
5.570000000000201013e+00 3.747219503893968096e+01
5.590000000000200586e+00 3.667080912214066046e+01
5.610000000000200160e+00 3.573150076300604638e+01
5.630000000000199734e+00 3.576214571632257844e+01
5.650000000000199307e+00 3.519550734381841295e+01
5.670000000000198881e+00 3.462414401073906589e+01
5.690000000000198455e+00 3.364094114022879012e+01
5.710000000000198028e+00 3.392293798500995905e+01
5.730000000000197602e+00 3.263824840182225984e+01
5.750000000000197176e+00 3.242138246045674776e+01
5.770000000000196749e+00 3.204124111843134415e+01
5.790000000000196323e+00 3.116329233749637950e+01
5.810000000000195897e+00 3.039304196327219287e+01
5.830000000000195470e+00 3.008983119047747579e+01
5.850000000000195044e+00 2.937486525004410964e+01
5.870000000000194618e+00 2.902976582330638777e+01
5.890000000000194191e+00 2.833516682926601860e+01
5.910000000000193765e+00 2.742373028872988527e+01
5.930000000000193339e+00 2.750678883292297883e+01
5.950000000000192912e+00 2.666938134186567311e+01
5.970000000000192486e+00 2.624272236868872810e+01
5.990000000000192060e+00 2.573320886509987915e+01
6.010000000000191633e+00 2.494552892543880418e+01
6.030000000000191207e+00 2.421768768952811612e+01
6.050000000000190781e+00 2.415288133479191401e+01
6.070000000000190354e+00 2.313788533475985432e+01
6.090000000000189928e+00 2.288393772121586522e+01
6.110000000000189502e+00 2.217617286549273814e+01
6.130000000000189075e+00 2.173949244539796410e+01
6.150000000000188649e+00 2.138642538691546946e+01
6.170000000000188223e+00 2.068794017526285955e+01
6.190000000000187796e+00 2.008138163865897141e+01
6.210000000000187370e+00 1.966116532810664452e+01
6.230000000000186944e+00 1.925240242570299998e+01
6.250000000000186517e+00 1.886746138531215422e+01
6.270000000000186091e+00 1.832573427353861462e+01
6.290000000000185665e+00 1.790662263456527370e+01
6.310000000000185238e+00 1.716391454398261018e+01
6.330000000000184812e+00 1.659400686219442278e+01
6.350000000000184386e+00 1.597145578199731553e+01
6.370000000000183960e+00 1.577885693262336275e+01
6.390000000000183533e+00 1.522136077697458134e+01
6.410000000000183107e+00 1.481731362837056132e+01
6.430000000000182681e+00 1.435002186041919181e+01
6.450000000000182254e+00 1.384246862261922928e+01
6.470000000000181828e+00 1.352991325470276429e+01
6.490000000000181402e+00 1.308976728722985250e+01
6.510000000000180975e+00 1.262265958104777397e+01
6.530000000000180549e+00 1.247092228506008382e+01
6.550000000000180123e+00 1.193397075776611338e+01
6.570000000000179696e+00 1.167413663019397241e+01
6.590000000000179270e+00 1.130957163474199767e+01
6.610000000000178844e+00 1.067953742765932468e+01
6.630000000000178417e+00 1.044578333358755273e+01
6.650000000000177991e+00 1.039621039446602957e+01
6.670000000000177565e+00 9.696078607536087191e+00
6.690000000000177138e+00 9.494629030720544094e+00
6.710000000000176712e+00 9.251557334957768219e+00
6.730000000000176286e+00 8.889177315103374610e+00
6.750000000000175859e+00 8.606596090601426496e+00
6.770000000000175433e+00 8.371191808980613658e+00
6.790000000000175007e+00 8.140053856304714230e+00
6.810000000000174580e+00 7.807074515764466760e+00
6.830000000000174154e+00 7.600472611484249796e+00
6.850000000000173728e+00 7.262156489443492013e+00
6.870000000000173301e+00 7.055369651511180784e+00
6.890000000000172875e+00 6.886833386874058327e+00
6.910000000000172449e+00 6.616891359170129938e+00
6.930000000000172022e+00 6.406295159992735577e+00
6.950000000000171596e+00 6.392856925201829021e+00
6.970000000000171170e+00 6.007037881854873973e+00
6.990000000000170743e+00 5.855703813367632016e+00
7.010000000000170317e+00 5.785334795498847882e+00
7.030000000000169891e+00 5.725499178295406999e+00
7.050000000000169464e+00 5.336235059473982467e+00
7.070000000000169038e+00 5.173600423096592849e+00
7.090000000000168612e+00 5.156660821638243242e+00
7.110000000000168185e+00 5.173450215297155985e+00
7.130000000000167759e+00 4.846664148160573227e+00
7.150000000000167333e+00 4.624140652259465689e+00
7.170000000000166906e+00 4.561261692089593645e+00
7.190000000000166480e+00 4.472068306113465397e+00
7.210000000000166054e+00 4.357629362340247781e+00
7.230000000000165628e+00 4.242476079721707372e+00
7.250000000000165201e+00 4.200153274342593335e+00
7.270000000000164775e+00 3.965310508508939957e+00
7.290000000000164349e+00 3.923877302933296285e+00
7.310000000000163922e+00 3.946732711892876555e+00
7.330000000000163496e+00 3.893069275578442401e+00
7.350000000000163070e+00 3.749017919475907235e+00
7.370000000000162643e+00 3.668033517579817548e+00
7.390000000000162217e+00 3.622818811625339919e+00
7.410000000000161791e+00 3.436554421099765833e+00
7.430000000000161364e+00 3.475374371992997702e+00
7.450000000000160938e+00 3.465795150127594759e+00
7.470000000000160512e+00 3.381224743810455013e+00
7.490000000000160085e+00 3.395294711686065448e+00
7.510000000000159659e+00 3.362626757414433509e+00
7.530000000000159233e+00 3.266167680615009061e+00
7.550000000000158806e+00 3.217588565246595866e+00
7.570000000000158380e+00 3.086308502808300158e+00
7.590000000000157954e+00 3.183467203200647688e+00
7.610000000000157527e+00 3.071001047297488018e+00
7.630000000000157101e+00 3.064043228047495404e+00
7.650000000000156675e+00 3.074868876461654743e+00
7.670000000000156248e+00 3.019247562629422621e+00
7.690000000000155822e+00 2.947323860077891045e+00
7.710000000000155396e+00 3.021804019617937875e+00
7.730000000000154969e+00 2.843051410953658653e+00
7.750000000000154543e+00 2.873825577608680515e+00
7.770000000000154117e+00 2.833417068660351035e+00
7.790000000000153690e+00 2.859852106537855487e+00
7.810000000000153264e+00 2.883884901812232116e+00
7.830000000000152838e+00 2.885447152865636689e+00
7.850000000000152411e+00 2.762823404924573456e+00
7.870000000000151985e+00 2.696716467604789447e+00
7.890000000000151559e+00 2.816454992533760748e+00
7.910000000000151132e+00 2.742869434607731804e+00
7.930000000000150706e+00 2.745662884356014022e+00
7.950000000000150280e+00 2.689763889750029779e+00
7.970000000000149853e+00 2.594079842276822312e+00
7.990000000000149427e+00 2.656035960759945969e+00
8.010000000000149001e+00 2.654373965137203584e+00
8.030000000000148574e+00 2.600685829903117696e+00
8.050000000000148148e+00 2.564601819942232019e+00
8.070000000000147722e+00 2.550107238740381810e+00
8.090000000000147296e+00 2.514308647119831708e+00
8.110000000000146869e+00 2.561201320286826011e+00
8.130000000000146443e+00 2.486950275186532444e+00
8.150000000000146017e+00 2.525704414354447369e+00
8.170000000000145590e+00 2.439987041798592049e+00
8.190000000000145164e+00 2.464019647174974903e+00
8.210000000000144738e+00 2.397271092416667138e+00
8.230000000000144311e+00 2.400077966234159810e+00
8.250000000000143885e+00 2.418263156495078281e+00
8.270000000000143459e+00 2.402292934962483528e+00
8.290000000000143032e+00 2.380387217558172619e+00
8.310000000000142606e+00 2.348045684999609861e+00
8.330000000000142180e+00 2.371916776907217361e+00
8.350000000000141753e+00 2.345443252220366315e+00
8.370000000000141327e+00 2.353857981448306269e+00
8.390000000000140901e+00 2.262848702100295650e+00
8.410000000000140474e+00 2.303814110739129450e+00
8.430000000000140048e+00 2.319560193125644432e+00
8.450000000000139622e+00 2.272910464681956455e+00
8.470000000000139195e+00 2.270534371035628940e+00
8.490000000000138769e+00 2.265666258253346221e+00
8.510000000000138343e+00 2.230677451735671113e+00
8.530000000000137916e+00 2.193824880813589839e+00
8.550000000000137490e+00 2.262309164658712124e+00
8.570000000000137064e+00 2.177671755950128851e+00
8.590000000000136637e+00 2.189382978582424588e+00
8.610000000000136211e+00 2.211604200058395975e+00
8.630000000000135785e+00 2.160737979899823191e+00
8.650000000000135358e+00 2.189096942138601065e+00
8.670000000000134932e+00 2.123037673526094959e+00
8.690000000000134506e+00 2.169918062990777052e+00
8.710000000000134079e+00 2.124808799234928713e+00
8.730000000000133653e+00 2.123150907480618077e+00
8.750000000000133227e+00 2.103986922863341658e+00
8.770000000000132800e+00 2.109791165279962577e+00
8.790000000000132374e+00 2.092629220154500036e+00
8.810000000000131948e+00 2.153854927165615329e+00
8.830000000000131521e+00 2.117403297261041484e+00
8.850000000000131095e+00 2.087401879725558018e+00
8.870000000000130669e+00 2.024578431434719938e+00
8.890000000000130242e+00 2.124867056568895851e+00
8.910000000000129816e+00 2.074488073647275943e+00
8.930000000000129390e+00 2.093483559184771359e+00
8.950000000000128964e+00 2.077693273514090944e+00
8.970000000000128537e+00 2.107086009816748540e+00
8.990000000000128111e+00 2.041504448706436659e+00
9.010000000000127685e+00 2.071822594532292339e+00
9.030000000000127258e+00 2.076557665127190866e+00
9.050000000000126832e+00 2.100989928660780937e+00
9.070000000000126406e+00 2.106190893971057410e+00
9.090000000000125979e+00 2.033957800463364052e+00
9.110000000000125553e+00 2.065588176807445997e+00
9.130000000000125127e+00 2.046072179102508493e+00
9.150000000000124700e+00 2.054673178253180854e+00
9.170000000000124274e+00 2.071490367809443622e+00
9.190000000000123848e+00 2.072790706116400816e+00
9.210000000000123421e+00 2.048923317065305394e+00
9.230000000000122995e+00 2.070444550164076691e+00
9.250000000000122569e+00 2.053230413169236268e+00
9.270000000000122142e+00 2.060613668194182235e+00
9.290000000000121716e+00 2.073096696103858605e+00
9.310000000000121290e+00 2.039521897197189126e+00
9.330000000000120863e+00 2.044992811840613101e+00
9.350000000000120437e+00 2.065749183644405296e+00
9.370000000000120011e+00 2.073408693737954778e+00
9.390000000000119584e+00 2.003123967067100164e+00
9.410000000000119158e+00 2.075772926313304456e+00
9.430000000000118732e+00 2.064093618964483845e+00
9.450000000000118305e+00 1.998112116472112509e+00
9.470000000000117879e+00 2.039919191393689157e+00
9.490000000000117453e+00 2.036730368226602472e+00
9.510000000000117026e+00 2.028015947570360300e+00
9.530000000000116600e+00 2.011475677986273691e+00
9.550000000000116174e+00 2.000485680925021992e+00
9.570000000000115747e+00 2.048618364445935036e+00
9.590000000000115321e+00 2.012541173118077786e+00
9.610000000000114895e+00 2.006605346244410004e+00
9.630000000000114468e+00 1.981140615927596604e+00
9.650000000000114042e+00 2.045181547254572685e+00
9.670000000000113616e+00 1.964833483671279302e+00
9.690000000000113189e+00 1.967365029249070085e+00
9.710000000000112763e+00 1.993746428012096450e+00
9.730000000000112337e+00 1.952400155186262865e+00
9.750000000000111910e+00 1.948621937076361332e+00
9.770000000000111484e+00 1.931556051573264376e+00
9.790000000000111058e+00 1.907642574575056482e+00
9.810000000000110632e+00 1.946799670980774222e+00
9.830000000000110205e+00 1.914743095222617653e+00
9.850000000000109779e+00 1.955190394801027853e+00
9.870000000000109353e+00 1.885807299318838393e+00
9.890000000000108926e+00 1.888866045622914491e+00
9.910000000000108500e+00 1.916304435643506832e+00
9.930000000000108074e+00 1.860489028551106871e+00
9.950000000000107647e+00 1.899865916442644798e+00
9.970000000000107221e+00 1.865510719735639755e+00
9.990000000000106795e+00 1.858282930909262110e+00
1.001000000000010637e+01 1.851057660113013981e+00
1.003000000000010594e+01 1.872116834397087093e+00
1.005000000000010552e+01 1.840255660091471235e+00
1.007000000000010509e+01 1.824832817384148598e+00
1.009000000000010466e+01 1.846628641585178920e+00
1.011000000000010424e+01 1.763141368641107265e+00
1.013000000000010381e+01 1.819112606563199730e+00
1.015000000000010338e+01 1.809782141333298622e+00
1.017000000000010296e+01 1.804435545680814545e+00
1.019000000000010253e+01 1.777046956419746637e+00
1.021000000000010210e+01 1.769672109783340996e+00
1.023000000000010168e+01 1.817325704356184568e+00
1.025000000000010125e+01 1.779246439015608194e+00
1.027000000000010083e+01 1.750669515699446288e+00
1.029000000000010040e+01 1.792303630623071298e+00
1.031000000000009997e+01 1.772316757798927611e+00
1.033000000000009955e+01 1.745209713713143929e+00
1.035000000000009912e+01 1.784231506064989592e+00
1.037000000000009869e+01 1.759185992949787281e+00
1.039000000000009827e+01 1.688601238599579446e+00
1.041000000000009784e+01 1.774662204040972524e+00
1.043000000000009742e+01 1.735338995603078471e+00
1.045000000000009699e+01 1.743038214723450441e+00
1.047000000000009656e+01 1.746223282264064869e+00
1.049000000000009614e+01 1.780994831726893102e+00
1.051000000000009571e+01 1.744710122631601745e+00
1.053000000000009528e+01 1.729602870471503184e+00
1.055000000000009486e+01 1.724367545459620787e+00
1.057000000000009443e+01 1.679693139530762824e+00
1.059000000000009400e+01 1.777985947126193178e+00
1.061000000000009358e+01 1.708059593659649877e+00
1.063000000000009315e+01 1.752573453957290806e+00
1.065000000000009273e+01 1.718112199102177273e+00
1.067000000000009230e+01 1.757568710279618474e+00
1.069000000000009187e+01 1.692147996657165088e+00
1.071000000000009145e+01 1.686468311919401053e+00
1.073000000000009102e+01 1.729902689270682803e+00
1.075000000000009059e+01 1.705395098753538674e+00
1.077000000000009017e+01 1.712371583609962222e+00
1.079000000000008974e+01 1.710372208026219809e+00
1.081000000000008932e+01 1.673388417864053901e+00
1.083000000000008889e+01 1.736185547516507999e+00
1.085000000000008846e+01 1.706838320271670373e+00
1.087000000000008804e+01 1.698176256593443734e+00
1.089000000000008761e+01 1.716204210042082678e+00
1.091000000000008718e+01 1.686372697022904710e+00
1.093000000000008676e+01 1.704646769101273440e+00
1.095000000000008633e+01 1.696281763762138128e+00
1.097000000000008590e+01 1.709309234737217187e+00
1.099000000000008548e+01 1.707095548504055316e+00
1.101000000000008505e+01 1.637105695700490804e+00
1.103000000000008463e+01 1.674805260479661051e+00
1.105000000000008420e+01 1.665520230422270265e+00
1.107000000000008377e+01 1.686344048715401778e+00
1.109000000000008335e+01 1.702108029353960106e+00
1.111000000000008292e+01 1.636231056555397689e+00
1.113000000000008249e+01 1.659118971819819821e+00
1.115000000000008207e+01 1.690980730033690982e+00
1.117000000000008164e+01 1.647525944520143781e+00
1.119000000000008122e+01 1.682759355357194675e+00
1.121000000000008079e+01 1.633711275718768174e+00
1.123000000000008036e+01 1.634501370078528915e+00
1.125000000000007994e+01 1.653414710216171812e+00
1.127000000000007951e+01 1.631366560194631887e+00
1.129000000000007908e+01 1.680051202105812269e+00
1.131000000000007866e+01 1.639957815676782227e+00
1.133000000000007823e+01 1.655903052587871516e+00
1.135000000000007780e+01 1.596570514051800949e+00
1.137000000000007738e+01 1.609741534273056995e+00
1.139000000000007695e+01 1.621654147490861009e+00
1.141000000000007653e+01 1.634756584541430025e+00
1.143000000000007610e+01 1.574811731925316094e+00
1.145000000000007567e+01 1.584173256678470532e+00
1.147000000000007525e+01 1.604241326776847831e+00
1.149000000000007482e+01 1.559021450762961614e+00
1.151000000000007439e+01 1.585597699577982578e+00
1.153000000000007397e+01 1.575084819448789863e+00
1.155000000000007354e+01 1.577254293442102995e+00
1.157000000000007311e+01 1.549162499089534517e+00
1.159000000000007269e+01 1.561795999943241586e+00
1.161000000000007226e+01 1.515910755592323689e+00
1.163000000000007184e+01 1.511154767823753575e+00
1.165000000000007141e+01 1.499091292082078031e+00
1.167000000000007098e+01 1.521281593144262922e+00
1.169000000000007056e+01 1.522470948746975417e+00
1.171000000000007013e+01 1.506202589506769662e+00
1.173000000000006970e+01 1.500976725701457459e+00
1.175000000000006928e+01 1.453847330519161929e+00
1.177000000000006885e+01 1.506270401460662489e+00
1.179000000000006843e+01 1.509608915090300929e+00
1.181000000000006800e+01 1.430876515002406091e+00
1.183000000000006757e+01 1.458780865442229180e+00
1.185000000000006715e+01 1.468770413141267550e+00
1.187000000000006672e+01 1.441161969367381390e+00
1.189000000000006629e+01 1.453703663977599536e+00
1.191000000000006587e+01 1.410880188604319407e+00
1.193000000000006544e+01 1.442339791320919495e+00
1.195000000000006501e+01 1.417173976772247324e+00
1.197000000000006459e+01 1.401623978138241133e+00
1.199000000000006416e+01 1.449714311996701310e+00
1.201000000000006374e+01 1.430967899489380413e+00
1.203000000000006331e+01 1.413502292971146712e+00
1.205000000000006288e+01 1.380915213154096932e+00
1.207000000000006246e+01 1.411171501611444112e+00
1.209000000000006203e+01 1.387275787507165958e+00
1.211000000000006160e+01 1.399439385763882937e+00
1.213000000000006118e+01 1.385252718515816328e+00
1.215000000000006075e+01 1.369603551867649038e+00
1.217000000000006033e+01 1.418117492571991711e+00
1.219000000000005990e+01 1.425729807827024631e+00
1.221000000000005947e+01 1.362180537875261610e+00
1.223000000000005905e+01 1.356458301810227418e+00
1.225000000000005862e+01 1.376761432672116259e+00
1.227000000000005819e+01 1.338068282866850867e+00
1.229000000000005777e+01 1.334775168025375880e+00
1.231000000000005734e+01 1.369243563825612187e+00
1.233000000000005691e+01 1.343546604088459162e+00
1.235000000000005649e+01 1.327853903663757995e+00
1.237000000000005606e+01 1.367080692232845340e+00
1.239000000000005564e+01 1.311677916005982159e+00
1.241000000000005521e+01 1.311972493067696144e+00
1.243000000000005478e+01 1.331461615858868797e+00
1.245000000000005436e+01 1.327264311479119385e+00
1.247000000000005393e+01 1.278639069849355492e+00
1.249000000000005350e+01 1.306716068454757629e+00
1.251000000000005308e+01 1.268976930665044023e+00
1.253000000000005265e+01 1.277456958336319115e+00
1.255000000000005222e+01 1.273225764275301986e+00
1.257000000000005180e+01 1.272342187795859170e+00
1.259000000000005137e+01 1.229673503355563469e+00
1.261000000000005095e+01 1.245577399024516696e+00
1.263000000000005052e+01 1.248178300062626755e+00
1.265000000000005009e+01 1.237467268978045043e+00
1.267000000000004967e+01 1.254031182216208906e+00
1.269000000000004924e+01 1.221483400536034658e+00
1.271000000000004881e+01 1.210112982197517839e+00
1.273000000000004839e+01 1.204878427480762237e+00
1.275000000000004796e+01 1.201837577083401776e+00
1.277000000000004754e+01 1.176248207777437660e+00
1.279000000000004711e+01 1.188989211768234799e+00
1.281000000000004668e+01 1.197168936600516487e+00
1.283000000000004626e+01 1.148770925546830135e+00
1.285000000000004583e+01 1.131513764406236744e+00
1.287000000000004540e+01 1.153060088162541241e+00
1.289000000000004498e+01 1.157129550566425635e+00
1.291000000000004455e+01 1.107464214776736178e+00
1.293000000000004412e+01 1.128622589091290429e+00
1.295000000000004370e+01 1.090401451326659554e+00
1.297000000000004327e+01 1.152142920872132770e+00
1.299000000000004285e+01 1.093751491288168731e+00
1.301000000000004242e+01 1.090523972555712096e+00
1.303000000000004199e+01 1.037502344001616672e+00
1.305000000000004157e+01 1.077195803314235700e+00
1.307000000000004114e+01 1.034778378193651482e+00
1.309000000000004071e+01 1.054352579802237733e+00
1.311000000000004029e+01 1.003276359696805065e+00
1.313000000000003986e+01 1.013699921755393918e+00
1.315000000000003944e+01 1.005911606262409830e+00
1.317000000000003901e+01 9.851152363861029881e-01
1.319000000000003858e+01 9.722699492749480310e-01
1.321000000000003816e+01 9.966936984113065057e-01
1.323000000000003773e+01 9.333853972778650698e-01
1.325000000000003730e+01 9.274499540536033093e-01
1.327000000000003688e+01 8.857520380069151544e-01
1.329000000000003645e+01 9.237683901516464680e-01
1.331000000000003602e+01 9.331788884212501856e-01
1.333000000000003560e+01 9.122572687281390591e-01
1.335000000000003517e+01 9.218747458127376504e-01
1.337000000000003475e+01 8.865815442361181242e-01
1.339000000000003432e+01 8.648831169226122162e-01
1.341000000000003389e+01 8.452028724510028956e-01
1.343000000000003347e+01 8.359735108608730147e-01
1.345000000000003304e+01 8.356664125855511882e-01
1.347000000000003261e+01 8.289363706998444936e-01
1.349000000000003219e+01 8.290907752552197918e-01
1.351000000000003176e+01 7.921107176497638180e-01
1.353000000000003133e+01 7.872848909179316346e-01
1.355000000000003091e+01 7.485513744187645147e-01
1.357000000000003048e+01 7.307375972392650132e-01
1.359000000000003006e+01 7.432010902479634362e-01
1.361000000000002963e+01 7.267651838399861175e-01
1.363000000000002920e+01 7.187584235243321684e-01
1.365000000000002878e+01 6.714958460838142962e-01
1.367000000000002835e+01 6.641022671543592715e-01
1.369000000000002792e+01 6.804995579382226989e-01
1.371000000000002750e+01 6.625754536799937089e-01
1.373000000000002707e+01 6.588925124496101127e-01
1.375000000000002665e+01 6.253176681395259395e-01
1.377000000000002622e+01 6.255179695213738400e-01
1.379000000000002579e+01 6.008895621680129251e-01
1.381000000000002537e+01 5.876213519562762944e-01
1.383000000000002494e+01 5.823102406415920917e-01
1.385000000000002451e+01 5.482216329041288416e-01
1.387000000000002409e+01 5.544606841921864149e-01
1.389000000000002366e+01 5.351453184187523471e-01
1.391000000000002323e+01 5.421704303255153734e-01
1.393000000000002281e+01 5.342026827640519171e-01
1.395000000000002238e+01 4.842764519077382146e-01
1.397000000000002196e+01 4.689691010152591821e-01
1.399000000000002153e+01 4.541087179979599875e-01
1.401000000000002110e+01 4.222244007896877593e-01
1.403000000000002068e+01 4.439049612167008108e-01
1.405000000000002025e+01 4.281164202835643917e-01
1.407000000000001982e+01 4.146585478492549881e-01
1.409000000000001940e+01 3.888148746866414984e-01
1.411000000000001897e+01 3.875925845911596945e-01
1.413000000000001855e+01 3.888114275201769443e-01
1.415000000000001812e+01 3.487464904540968358e-01
1.417000000000001769e+01 3.104882671599352162e-01
1.419000000000001727e+01 2.971755489370688785e-01
1.421000000000001684e+01 2.910054119975404308e-01
1.423000000000001641e+01 2.738465104089462532e-01
1.425000000000001599e+01 2.454448751760686387e-01
1.427000000000001556e+01 2.553697871363166949e-01
1.429000000000001513e+01 2.382669866619451238e-01
1.431000000000001471e+01 2.168063748160241611e-01
1.433000000000001428e+01 2.002197171578334600e-01
1.435000000000001386e+01 1.935230437679351378e-01
1.437000000000001343e+01 1.743162361677267347e-01
1.439000000000001300e+01 1.549212899843389057e-01
1.441000000000001258e+01 1.383789098688331665e-01
1.443000000000001215e+01 1.324692735042910241e-01
1.445000000000001172e+01 1.050905048785303331e-01
1.447000000000001130e+01 9.945958333987293953e-02
1.449000000000001087e+01 8.304686028954533228e-02
1.451000000000001044e+01 7.452418179748232507e-02
1.453000000000001002e+01 5.512470045958718645e-02
1.455000000000000959e+01 3.608793316119539990e-02
1.457000000000000917e+01 2.228029170498233014e-02
1.459000000000000874e+01 1.674720838835374800e-02
1.461000000000000831e+01 1.122114252583210695e-02
1.463000000000000789e+01 1.396933154333583095e-02
1.465000000000000746e+01 8.356988126562304997e-03
1.467000000000000703e+01 5.567766739326602578e-03
1.469000000000000661e+01 2.782116529383957086e-03
1.471000000000000618e+01 0.000000000000000000e+00
1.473000000000000576e+01 0.000000000000000000e+00
1.475000000000000533e+01 0.000000000000000000e+00
1.477000000000000490e+01 0.000000000000000000e+00
1.479000000000000448e+01 0.000000000000000000e+00
1.481000000000000405e+01 0.000000000000000000e+00
1.483000000000000362e+01 0.000000000000000000e+00
1.485000000000000320e+01 0.000000000000000000e+00
1.487000000000000277e+01 0.000000000000000000e+00
1.489000000000000234e+01 0.000000000000000000e+00
1.491000000000000192e+01 0.000000000000000000e+00
1.493000000000000149e+01 0.000000000000000000e+00
1.495000000000000107e+01 0.000000000000000000e+00
1.497000000000000064e+01 0.000000000000000000e+00
1.499000000000000021e+01 0.000000000000000000e+00
