# Redshift		Merger Rate Density [Gpc^-3yr^-1]
1.000000000031931770e-02 3.343981575727172384e+01
3.000000000031888964e-02 3.413053315323971759e+01
5.000000000031846331e-02 3.462906360319757937e+01
7.000000000031804392e-02 3.520097571610156706e+01
9.000000000031761760e-02 3.571499506580481409e+01
1.100000000003171913e-01 3.610816015869413320e+01
1.300000000003167511e-01 3.675989719727726168e+01
1.500000000003163247e-01 3.704666633212953286e+01
1.700000000003158984e-01 3.748585279674306747e+01
1.900000000003154721e-01 3.808081272961409525e+01
2.100000000003150458e-01 3.823024241423841829e+01
2.300000000003146194e-01 3.874870716670652371e+01
2.500000000003141931e-01 3.909244734494352258e+01
2.700000000003137668e-01 3.972520964233368801e+01
2.900000000003133405e-01 3.980617868701496320e+01
3.100000000003129141e-01 4.056819402502323868e+01
3.300000000003124878e-01 4.081016142319797524e+01
3.500000000003120615e-01 4.153486088105930207e+01
3.700000000003116352e-01 4.183121230607878260e+01
3.900000000003112088e-01 4.230796664445718136e+01
4.100000000003107825e-01 4.312617977041764306e+01
4.300000000003103562e-01 4.341559880947547612e+01
4.500000000003099299e-01 4.405613651622468296e+01
4.700000000003095035e-01 4.465115250230623900e+01
4.900000000003090772e-01 4.528673525567577229e+01
5.100000000003086509e-01 4.557132356080964541e+01
5.300000000003082246e-01 4.628781141088175843e+01
5.500000000003077982e-01 4.676711256857393550e+01
5.700000000003073719e-01 4.719599791299842906e+01
5.900000000003069456e-01 4.798746532932879205e+01
6.100000000003065193e-01 4.809366297585050631e+01
6.300000000003060929e-01 4.876192680712492233e+01
6.500000000003056666e-01 4.952141162491928839e+01
6.700000000003052403e-01 4.941475082038433442e+01
6.900000000003048140e-01 5.040367277598511464e+01
7.100000000003043876e-01 5.077945575012026325e+01
7.300000000003039613e-01 5.156580819225962387e+01
7.500000000003035350e-01 5.178390223312504759e+01
7.700000000003031086e-01 5.265027454785333560e+01
7.900000000003026823e-01 5.310092508180412096e+01
8.100000000003022560e-01 5.367169491876836673e+01
8.300000000003018297e-01 5.424830947961230976e+01
8.500000000003014033e-01 5.497812696219388329e+01
8.700000000003009770e-01 5.510531161000749023e+01
8.900000000003005507e-01 5.579995497855421860e+01
9.100000000003001244e-01 5.634022034364885201e+01
9.300000000002996980e-01 5.665352554743881086e+01
9.500000000002992717e-01 5.750617288049416231e+01
9.700000000002988454e-01 5.788920987075551494e+01
9.900000000002984191e-01 5.813755960242447429e+01
1.010000000000297993e+00 5.863630710132299129e+01
1.030000000000297566e+00 5.921149688632191044e+01
1.050000000000297140e+00 5.959494132808356426e+01
1.070000000000296714e+00 6.068797763920220945e+01
1.090000000000296287e+00 6.039998275833775665e+01
1.110000000000295861e+00 6.108234105958241145e+01
1.130000000000295435e+00 6.126881286458986153e+01
1.150000000000295008e+00 6.193558473664867847e+01
1.170000000000294582e+00 6.257596622359930905e+01
1.190000000000294156e+00 6.287871403300221829e+01
1.210000000000293729e+00 6.268675964571449555e+01
1.230000000000293303e+00 6.408611383768361236e+01
1.250000000000292877e+00 6.373074403325473725e+01
1.270000000000292451e+00 6.422460253692294430e+01
1.290000000000292024e+00 6.478585453236183866e+01
1.310000000000291598e+00 6.469775110102298754e+01
1.330000000000291172e+00 6.552744753523019483e+01
1.350000000000290745e+00 6.555896293255548812e+01
1.370000000000290319e+00 6.617286658968130553e+01
1.390000000000289893e+00 6.629960871998338234e+01
1.410000000000289466e+00 6.624156232194950178e+01
1.430000000000289040e+00 6.729990193306963420e+01
1.450000000000288614e+00 6.711524790349281488e+01
1.470000000000288187e+00 6.781245645201617833e+01
1.490000000000287761e+00 6.785262690797108576e+01
1.510000000000287335e+00 6.809926756355517341e+01
1.530000000000286908e+00 6.822615696889492654e+01
1.550000000000286482e+00 6.881860155449960814e+01
1.570000000000286056e+00 6.895705582281654245e+01
1.590000000000285629e+00 6.938940412404890878e+01
1.610000000000285203e+00 6.977848588590627799e+01
1.630000000000284777e+00 6.878383424695202564e+01
1.650000000000284350e+00 6.990988930285493552e+01
1.670000000000283924e+00 6.972893515067440262e+01
1.690000000000283498e+00 7.056286474665776609e+01
1.710000000000283071e+00 6.995008051140190730e+01
1.730000000000282645e+00 7.046675669278700127e+01
1.750000000000282219e+00 7.060589817104444421e+01
1.770000000000281792e+00 7.084697833422518443e+01
1.790000000000281366e+00 7.082738024717710346e+01
1.810000000000280940e+00 7.094535002348109742e+01
1.830000000000280513e+00 7.111859562012514857e+01
1.850000000000280087e+00 7.100852591688516213e+01
1.870000000000279661e+00 7.147525378172720423e+01
1.890000000000279234e+00 7.103540630964943148e+01
1.910000000000278808e+00 7.163320923790489303e+01
1.930000000000278382e+00 7.126210816378582535e+01
1.950000000000277955e+00 7.156296262871676106e+01
1.970000000000277529e+00 7.138893541764191752e+01
1.990000000000277103e+00 7.175337693162964570e+01
2.010000000000276899e+00 7.149412703977050398e+01
2.030000000000276472e+00 7.166183805420502040e+01
2.050000000000276046e+00 7.158219100127479351e+01
2.070000000000275620e+00 7.199193426807643448e+01
2.090000000000275193e+00 7.199429922885610722e+01
2.110000000000274767e+00 7.136144186615406682e+01
2.130000000000274341e+00 7.203503661725690677e+01
2.150000000000273914e+00 7.172413927068805606e+01
2.170000000000273488e+00 7.160448125408471753e+01
2.190000000000273062e+00 7.177053385583330680e+01
2.210000000000272635e+00 7.147633176156639934e+01
2.230000000000272209e+00 7.183222437057251852e+01
2.250000000000271783e+00 7.103255588704742252e+01
2.270000000000271356e+00 7.131171209268694611e+01
2.290000000000270930e+00 7.201985093545856387e+01
2.310000000000270504e+00 7.121568270952347746e+01
2.330000000000270077e+00 7.143914107336885877e+01
2.350000000000269651e+00 7.119647760812100046e+01
2.370000000000269225e+00 7.140703167859700784e+01
2.390000000000268798e+00 7.161582743772727611e+01
2.410000000000268372e+00 7.123756784221519922e+01
2.430000000000267946e+00 7.113352181764099669e+01
2.450000000000267519e+00 7.137377862834958364e+01
2.470000000000267093e+00 7.126365398400531603e+01
2.490000000000266667e+00 7.140729304790787069e+01
2.510000000000266240e+00 7.077993716647867473e+01
2.530000000000265814e+00 7.089887904069881586e+01
2.550000000000265388e+00 7.048966526201621718e+01
2.570000000000264961e+00 7.043080710710349024e+01
2.590000000000264535e+00 6.957566324620383114e+01
2.610000000000264109e+00 7.008306359155233167e+01
2.630000000000263682e+00 6.945380589471749033e+01
2.650000000000263256e+00 6.952312008867079385e+01
2.670000000000262830e+00 6.938220467034392414e+01
2.690000000000262403e+00 6.921879094340566496e+01
2.710000000000261977e+00 6.909945162149256248e+01
2.730000000000261551e+00 6.937895312823853544e+01
2.750000000000261124e+00 6.888365529782487329e+01
2.770000000000260698e+00 6.884570868428244239e+01
2.790000000000260272e+00 6.838285479789165322e+01
2.810000000000259845e+00 6.809173095133097320e+01
2.830000000000259419e+00 6.815270295330107331e+01
2.850000000000258993e+00 6.753702503680868574e+01
2.870000000000258567e+00 6.768242927399137443e+01
2.890000000000258140e+00 6.789943523805628445e+01
2.910000000000257714e+00 6.735436025924984449e+01
2.930000000000257288e+00 6.704778566668602480e+01
2.950000000000256861e+00 6.696310063319128858e+01
2.970000000000256435e+00 6.670743700788877106e+01
2.990000000000256009e+00 6.640951786901466392e+01
3.010000000000255582e+00 6.620233198974258926e+01
3.030000000000255156e+00 6.598586494153489923e+01
3.050000000000254730e+00 6.596474321273893793e+01
3.070000000000254303e+00 6.586889533246801420e+01
3.090000000000253877e+00 6.529607654205835843e+01
3.110000000000253451e+00 6.541550628638557896e+01
3.130000000000253024e+00 6.489251441844062640e+01
3.150000000000252598e+00 6.510918074524774113e+01
3.170000000000252172e+00 6.457553186934043765e+01
3.190000000000251745e+00 6.463904448741151043e+01
3.210000000000251319e+00 6.411136902129307202e+01
3.230000000000250893e+00 6.432646766847206266e+01
3.250000000000250466e+00 6.392146320191685760e+01
3.270000000000250040e+00 6.374381795604520562e+01
3.290000000000249614e+00 6.351262980433328664e+01
3.310000000000249187e+00 6.345074169702556333e+01
3.330000000000248761e+00 6.317561617287864806e+01
3.350000000000248335e+00 6.265529269745750440e+01
3.370000000000247908e+00 6.272539274529307107e+01
3.390000000000247482e+00 6.271228978793146069e+01
3.410000000000247056e+00 6.240443505851954598e+01
3.430000000000246629e+00 6.216465484691984500e+01
3.450000000000246203e+00 6.196511223222044151e+01
3.470000000000245777e+00 6.160808979119931195e+01
3.490000000000245350e+00 6.154676775925253196e+01
3.510000000000244924e+00 6.134532624305990822e+01
3.530000000000244498e+00 6.096902171906346268e+01
3.550000000000244071e+00 6.089476689563502276e+01
3.570000000000243645e+00 6.035321231311717582e+01
3.590000000000243219e+00 6.046763994528413377e+01
3.610000000000242792e+00 6.017703990899277500e+01
3.630000000000242366e+00 6.002002996696131731e+01
3.650000000000241940e+00 5.973647374360227502e+01
3.670000000000241513e+00 5.972714060027308136e+01
3.690000000000241087e+00 5.931998583458431540e+01
3.710000000000240661e+00 5.892697731327753274e+01
3.730000000000240234e+00 5.878692274141236140e+01
3.750000000000239808e+00 5.858045365487011935e+01
3.770000000000239382e+00 5.809344866554469888e+01
3.790000000000238956e+00 5.853826279341132022e+01
3.810000000000238529e+00 5.776700592818127689e+01
3.830000000000238103e+00 5.769348300534718987e+01
3.850000000000237677e+00 5.715051786672135137e+01
3.870000000000237250e+00 5.733412132718135723e+01
3.890000000000236824e+00 5.706374991106975614e+01
3.910000000000236398e+00 5.669870588885247287e+01
3.930000000000235971e+00 5.649001943612710619e+01
3.950000000000235545e+00 5.599244601269614208e+01
3.970000000000235119e+00 5.592867938328803490e+01
3.990000000000234692e+00 5.562845391824370722e+01
4.010000000000234266e+00 5.541481985431047974e+01
4.030000000000233840e+00 5.505412699412341482e+01
4.050000000000233413e+00 5.478014893872634872e+01
4.070000000000232987e+00 5.488017534437261702e+01
4.090000000000232561e+00 5.407074139976538163e+01
4.110000000000232134e+00 5.409958345152376324e+01
4.130000000000231708e+00 5.383005512463026321e+01
4.150000000000231282e+00 5.351252438286247326e+01
4.170000000000230855e+00 5.291501696248597142e+01
4.190000000000230429e+00 5.293063144625271121e+01
4.210000000000230003e+00 5.275768279452530862e+01
4.230000000000229576e+00 5.216091062572634485e+01
4.250000000000229150e+00 5.226085284588349822e+01
4.270000000000228724e+00 5.184350533809109862e+01
4.290000000000228297e+00 5.186655631809105671e+01
4.310000000000227871e+00 5.146820968689383591e+01
4.330000000000227445e+00 5.139085062579094654e+01
4.350000000000227018e+00 5.054993415353872166e+01
4.370000000000226592e+00 5.070686350912488649e+01
4.390000000000226166e+00 5.030461442729919952e+01
4.410000000000225739e+00 5.010186435498181368e+01
4.430000000000225313e+00 4.969561285932307015e+01
4.450000000000224887e+00 4.954703256376797782e+01
4.470000000000224460e+00 4.926777619324301583e+01
4.490000000000224034e+00 4.847037367278963416e+01
4.510000000000223608e+00 4.833457331114084354e+01
4.530000000000223181e+00 4.787619070705504498e+01
4.550000000000222755e+00 4.790934413367606481e+01
4.570000000000222329e+00 4.694660474016956186e+01
4.590000000000221902e+00 4.668986166810366711e+01
4.610000000000221476e+00 4.624983463980426990e+01
4.630000000000221050e+00 4.582621941204086369e+01
4.650000000000220624e+00 4.528719187360286469e+01
4.670000000000220197e+00 4.507512139996983791e+01
4.690000000000219771e+00 4.490685487589885838e+01
4.710000000000219345e+00 4.474144768189682253e+01
4.730000000000218918e+00 4.381253674555814825e+01
4.750000000000218492e+00 4.373862007711914401e+01
4.770000000000218066e+00 4.343772218607596614e+01
4.790000000000217639e+00 4.311899572375462242e+01
4.810000000000217213e+00 4.294352402352399878e+01
4.830000000000216787e+00 4.271326583852293624e+01
4.850000000000216360e+00 4.218563191451749361e+01
4.870000000000215934e+00 4.172425405779512175e+01
4.890000000000215508e+00 4.128902222803485955e+01
4.910000000000215081e+00 4.091152407020479131e+01
4.930000000000214655e+00 4.038634886241804622e+01
4.950000000000214229e+00 3.993031114667605408e+01
4.970000000000213802e+00 3.985881313373677415e+01
4.990000000000213376e+00 3.934460302660412623e+01
5.010000000000212950e+00 3.905957056642185421e+01
5.030000000000212523e+00 3.845298357776388798e+01
5.050000000000212097e+00 3.827682257665953358e+01
5.070000000000211671e+00 3.807418947064858372e+01
5.090000000000211244e+00 3.751533836819174184e+01
5.110000000000210818e+00 3.697686458768921369e+01
5.130000000000210392e+00 3.666386154797955044e+01
5.150000000000209965e+00 3.613698340639507478e+01
5.170000000000209539e+00 3.592166016010386187e+01
5.190000000000209113e+00 3.545267914920393792e+01
5.210000000000208686e+00 3.506168278633256818e+01
5.230000000000208260e+00 3.483362050776502628e+01
5.250000000000207834e+00 3.435923914165766746e+01
5.270000000000207407e+00 3.387874239459765136e+01
5.290000000000206981e+00 3.355245589876737000e+01
5.310000000000206555e+00 3.325757625042058407e+01
5.330000000000206128e+00 3.290932923985332792e+01
5.350000000000205702e+00 3.227841169628170093e+01
5.370000000000205276e+00 3.203020969844835264e+01
5.390000000000204849e+00 3.148570917133696412e+01
5.410000000000204423e+00 3.115196155395703670e+01
5.430000000000203997e+00 3.109557785861387558e+01
5.450000000000203570e+00 3.063553205712721805e+01
5.470000000000203144e+00 3.013177366452125483e+01
5.490000000000202718e+00 2.976551045961074138e+01
5.510000000000202292e+00 2.932081892922800037e+01
5.530000000000201865e+00 2.907327305002548812e+01
5.550000000000201439e+00 2.851919672883240153e+01
5.570000000000201013e+00 2.822327718334016566e+01
5.590000000000200586e+00 2.785986869338385929e+01
5.610000000000200160e+00 2.740384114073643218e+01
5.630000000000199734e+00 2.719403049973169573e+01
5.650000000000199307e+00 2.674506171819178135e+01
5.670000000000198881e+00 2.635878507867882448e+01
5.690000000000198455e+00 2.601796421679058824e+01
5.710000000000198028e+00 2.564652521729740542e+01
5.730000000000197602e+00 2.505755126864706028e+01
5.750000000000197176e+00 2.485228689007319858e+01
5.770000000000196749e+00 2.453040277593029117e+01
5.790000000000196323e+00 2.404281287205869333e+01
5.810000000000195897e+00 2.358871190112526151e+01
5.830000000000195470e+00 2.313077804545927663e+01
5.850000000000195044e+00 2.285297344733032077e+01
5.870000000000194618e+00 2.241795387699740871e+01
5.890000000000194191e+00 2.214494076793872779e+01
5.910000000000193765e+00 2.163113124529056464e+01
5.930000000000193339e+00 2.143177185319772349e+01
5.950000000000192912e+00 2.115469932913578788e+01
5.970000000000192486e+00 2.054899708925220736e+01
5.990000000000192060e+00 2.037553518875498071e+01
6.010000000000191633e+00 1.998327333880715884e+01
6.030000000000191207e+00 1.980368612254354943e+01
6.050000000000190781e+00 1.925271601279645850e+01
6.070000000000190354e+00 1.892585642023651360e+01
6.090000000000189928e+00 1.862397860106790048e+01
6.110000000000189502e+00 1.837149974094295146e+01
6.130000000000189075e+00 1.796419456614292542e+01
6.150000000000188649e+00 1.779025169609603907e+01
6.170000000000188223e+00 1.743150558575429443e+01
6.190000000000187796e+00 1.711470249620091266e+01
6.210000000000187370e+00 1.682886628450399513e+01
6.230000000000186944e+00 1.632818318504891053e+01
6.250000000000186517e+00 1.599680207461301862e+01
6.270000000000186091e+00 1.586300383133169767e+01
6.290000000000185665e+00 1.549952249909884117e+01
6.310000000000185238e+00 1.516311542853849659e+01
6.330000000000184812e+00 1.490147353681036080e+01
6.350000000000184386e+00 1.463332848646523843e+01
6.370000000000183960e+00 1.439318672800083121e+01
6.390000000000183533e+00 1.401213806951301066e+01
6.410000000000183107e+00 1.377816014571075165e+01
6.430000000000182681e+00 1.343153597881146943e+01
6.450000000000182254e+00 1.329438435104543537e+01
6.470000000000181828e+00 1.303085503763943720e+01
6.490000000000181402e+00 1.269124081540111249e+01
6.510000000000180975e+00 1.243236995699794711e+01
6.530000000000180549e+00 1.220745453493901422e+01
6.550000000000180123e+00 1.191511625776459837e+01
6.570000000000179696e+00 1.169057749607281060e+01
6.590000000000179270e+00 1.142130314409453362e+01
6.610000000000178844e+00 1.119719709744361502e+01
6.630000000000178417e+00 1.100546575431359919e+01
6.650000000000177991e+00 1.077869340868207715e+01
6.670000000000177565e+00 1.059030065336899362e+01
6.690000000000177138e+00 1.026813010759048161e+01
6.710000000000176712e+00 1.009171713382838398e+01
6.730000000000176286e+00 9.924105440862158289e+00
6.750000000000175859e+00 9.639568591025318156e+00
6.770000000000175433e+00 9.463424609854726555e+00
6.790000000000175007e+00 9.239017853949935244e+00
6.810000000000174580e+00 9.050523943917673009e+00
6.830000000000174154e+00 8.855618418686312054e+00
6.850000000000173728e+00 8.627945055205799463e+00
6.870000000000173301e+00 8.582848608471920215e+00
6.890000000000172875e+00 8.255156712414612130e+00
6.910000000000172449e+00 8.143095243097400626e+00
6.930000000000172022e+00 7.903792899180177578e+00
6.950000000000171596e+00 7.842144437992773831e+00
6.970000000000171170e+00 7.660887058310608566e+00
6.990000000000170743e+00 7.473338784554728775e+00
7.010000000000170317e+00 7.328201398927055799e+00
7.030000000000169891e+00 7.132237524089675595e+00
7.050000000000169464e+00 6.989964918678401418e+00
7.070000000000169038e+00 6.857470066473656978e+00
7.090000000000168612e+00 6.727571353777102914e+00
7.110000000000168185e+00 6.563889365219065297e+00
7.130000000000167759e+00 6.454621354648262255e+00
7.150000000000167333e+00 6.287956551140367445e+00
7.170000000000166906e+00 6.247834317258429415e+00
7.190000000000166480e+00 6.080023521889446947e+00
7.210000000000166054e+00 5.907085211881716091e+00
7.230000000000165628e+00 5.834827578492468803e+00
7.250000000000165201e+00 5.698709702792969622e+00
7.270000000000164775e+00 5.618238640032464204e+00
7.290000000000164349e+00 5.454325454525437600e+00
7.310000000000163922e+00 5.371654167107372757e+00
7.330000000000163496e+00 5.325891447583729565e+00
7.350000000000163070e+00 5.219034202369019937e+00
7.370000000000162643e+00 5.117207210617412017e+00
7.390000000000162217e+00 5.009127784236938830e+00
7.410000000000161791e+00 4.890487535023955168e+00
7.430000000000161364e+00 4.805655831592107852e+00
7.450000000000160938e+00 4.732299802790912224e+00
7.470000000000160512e+00 4.662467704896291032e+00
7.490000000000160085e+00 4.542815569047647273e+00
7.510000000000159659e+00 4.490895767667328009e+00
7.530000000000159233e+00 4.420726635114520242e+00
7.550000000000158806e+00 4.309562517734049969e+00
7.570000000000158380e+00 4.298787582920705397e+00
7.590000000000157954e+00 4.186628324425909042e+00
7.610000000000157527e+00 4.143473386634869193e+00
7.630000000000157101e+00 4.066477992472601777e+00
7.650000000000156675e+00 3.996161731881541002e+00
7.670000000000156248e+00 3.933244453639029636e+00
7.690000000000155822e+00 3.889281066641639306e+00
7.710000000000155396e+00 3.807262131565349428e+00
7.730000000000154969e+00 3.747890910303103507e+00
7.750000000000154543e+00 3.703921777736887577e+00
7.770000000000154117e+00 3.656742319893776738e+00
7.790000000000153690e+00 3.605302453739526403e+00
7.810000000000153264e+00 3.578529597547154051e+00
7.830000000000152838e+00 3.499267998398111423e+00
7.850000000000152411e+00 3.461375866349282848e+00
7.870000000000151985e+00 3.421860131533259963e+00
7.890000000000151559e+00 3.381794108632654172e+00
7.910000000000151132e+00 3.335075992935244482e+00
7.930000000000150706e+00 3.297808733745846155e+00
7.950000000000150280e+00 3.251960222230421138e+00
7.970000000000149853e+00 3.245760643257690869e+00
7.990000000000149427e+00 3.177076872418018727e+00
8.010000000000149001e+00 3.161501816534252107e+00
8.030000000000148574e+00 3.095553381445854235e+00
8.050000000000148148e+00 3.085985472142140917e+00
8.070000000000147722e+00 3.060631342428551172e+00
8.090000000000147296e+00 3.035661385163344494e+00
8.110000000000146869e+00 2.992991732959249251e+00
8.130000000000146443e+00 2.986705323021732195e+00
8.150000000000146017e+00 2.943328208489232267e+00
8.170000000000145590e+00 2.939963738390895642e+00
8.190000000000145164e+00 2.876032780203541250e+00
8.210000000000144738e+00 2.887326170216944821e+00
8.230000000000144311e+00 2.858846689360368565e+00
8.250000000000143885e+00 2.816589531807540681e+00
8.270000000000143459e+00 2.827392888287682648e+00
8.290000000000143032e+00 2.777637644493446967e+00
8.310000000000142606e+00 2.759957788947803081e+00
8.330000000000142180e+00 2.731849780698373475e+00
8.350000000000141753e+00 2.730700544056477774e+00
8.370000000000141327e+00 2.714972527783450218e+00
8.390000000000140901e+00 2.685487424759006370e+00
8.410000000000140474e+00 2.674199780327453979e+00
8.430000000000140048e+00 2.631736139462194313e+00
8.450000000000139622e+00 2.655265492481236667e+00
8.470000000000139195e+00 2.622844672950187306e+00
8.490000000000138769e+00 2.587573494644423544e+00
8.510000000000138343e+00 2.586646052221905023e+00
8.530000000000137916e+00 2.582912372096933140e+00
8.550000000000137490e+00 2.557722359353125086e+00
8.570000000000137064e+00 2.556152620127874364e+00
8.590000000000136637e+00 2.524271176470699540e+00
8.610000000000136211e+00 2.526587524243268490e+00
8.630000000000135785e+00 2.495607318248055151e+00
8.650000000000135358e+00 2.479889645199132353e+00
8.670000000000134932e+00 2.501952709390590890e+00
8.690000000000134506e+00 2.479585056978884428e+00
8.710000000000134079e+00 2.449179821679714930e+00
8.730000000000133653e+00 2.424034229232760129e+00
8.750000000000133227e+00 2.442466419904379737e+00
8.770000000000132800e+00 2.422838421344698734e+00
8.790000000000132374e+00 2.426524110126108802e+00
8.810000000000131948e+00 2.404115071762893407e+00
8.830000000000131521e+00 2.381887921490280391e+00
8.850000000000131095e+00 2.395607657827225623e+00
8.870000000000130669e+00 2.392890355753818810e+00
8.890000000000130242e+00 2.350794286166722369e+00
8.910000000000129816e+00 2.356308543263856858e+00
8.930000000000129390e+00 2.347891327775609049e+00
8.950000000000128964e+00 2.345751034420866077e+00
8.970000000000128537e+00 2.305168212937972250e+00
8.990000000000128111e+00 2.323714933713391328e+00
9.010000000000127685e+00 2.304003096174801701e+00
9.030000000000127258e+00 2.311863632693952564e+00
9.050000000000126832e+00 2.295941377532168204e+00
9.070000000000126406e+00 2.297829412914107916e+00
9.090000000000125979e+00 2.264104563766847988e+00
9.110000000000125553e+00 2.255235961640988496e+00
9.130000000000125127e+00 2.248890450679016606e+00
9.150000000000124700e+00 2.252489962283185321e+00
9.170000000000124274e+00 2.244543358470417971e+00
9.190000000000123848e+00 2.248119567993765777e+00
9.210000000000123421e+00 2.218877088195235547e+00
9.230000000000122995e+00 2.232188707536497674e+00
9.250000000000122569e+00 2.205642575548487194e+00
9.270000000000122142e+00 2.197734830996801225e+00
9.290000000000121716e+00 2.191455364199441203e+00
9.310000000000121290e+00 2.182233203884984540e+00
9.330000000000120863e+00 2.190301161482492986e+00
9.350000000000120437e+00 2.184382062605508157e+00
9.370000000000120011e+00 2.184202316135297917e+00
9.390000000000119584e+00 2.162803511012389990e+00
9.410000000000119158e+00 2.154625918172663468e+00
9.430000000000118732e+00 2.160409304494771199e+00
9.450000000000118305e+00 2.139329641601012355e+00
9.470000000000117879e+00 2.128757734031178739e+00
9.490000000000117453e+00 2.125252637094162900e+00
9.510000000000117026e+00 2.128807145236720988e+00
9.530000000000116600e+00 2.120507313898047919e+00
9.550000000000116174e+00 2.098237772468831697e+00
9.570000000000115747e+00 2.100344787996882179e+00
9.590000000000115321e+00 2.106786806033991155e+00
9.610000000000114895e+00 2.091391577504053245e+00
9.630000000000114468e+00 2.100043145242800779e+00
9.650000000000114042e+00 2.074280747597260888e+00
9.670000000000113616e+00 2.079464478379109860e+00
9.690000000000113189e+00 2.052947938136793660e+00
9.710000000000112763e+00 2.057995999851411462e+00
9.730000000000112337e+00 2.039667058028300062e+00
9.750000000000111910e+00 2.034299947463386271e+00
9.770000000000111484e+00 2.040030272318712701e+00
9.790000000000111058e+00 2.040977180805294111e+00
9.810000000000110632e+00 2.036879767758176918e+00
9.830000000000110205e+00 2.023970129645919158e+00
9.850000000000109779e+00 2.014017170067679885e+00
9.870000000000109353e+00 2.021089635728368528e+00
9.890000000000108926e+00 2.009153100596290376e+00
9.910000000000108500e+00 1.995126506641072606e+00
9.930000000000108074e+00 1.998090581997902238e+00
9.950000000000107647e+00 2.014949442321391615e+00
9.970000000000107221e+00 1.994331566180755244e+00
9.990000000000106795e+00 1.966644936184206216e+00
1.001000000000010637e+01 1.976644808824796762e+00
1.003000000000010594e+01 1.985080429792811518e+00
1.005000000000010552e+01 1.964273696175363959e+00
1.007000000000010509e+01 1.935963664444217525e+00
1.009000000000010466e+01 1.968103886534753544e+00
1.011000000000010424e+01 1.956976481931462120e+00
1.013000000000010381e+01 1.942302860036477563e+00
1.015000000000010338e+01 1.949866767272846246e+00
1.017000000000010296e+01 1.925070428534864986e+00
1.019000000000010253e+01 1.922571568705426781e+00
1.021000000000010210e+01 1.933753256450318148e+00
1.023000000000010168e+01 1.930868320718120978e+00
1.025000000000010125e+01 1.914980712340963231e+00
1.027000000000010083e+01 1.909578005251690858e+00
1.029000000000010040e+01 1.909236594054406932e+00
1.031000000000009997e+01 1.891458747776965765e+00
1.033000000000009955e+01 1.909776665681409469e+00
1.035000000000009912e+01 1.880127854725923475e+00
1.037000000000009869e+01 1.894023704582592948e+00
1.039000000000009827e+01 1.893019107851676042e+00
1.041000000000009784e+01 1.870457222162131172e+00
1.043000000000009742e+01 1.861767725227926773e+00
1.045000000000009699e+01 1.873367727622830659e+00
1.047000000000009656e+01 1.872172266648127748e+00
1.049000000000009614e+01 1.855995758858156819e+00
1.051000000000009571e+01 1.849408675395652013e+00
1.053000000000009528e+01 1.858732371661800498e+00
1.055000000000009486e+01 1.842549710549668207e+00
1.057000000000009443e+01 1.838883654488210784e+00
1.059000000000009400e+01 1.824872793203918597e+00
1.061000000000009358e+01 1.820729215892155528e+00
1.063000000000009315e+01 1.814046373017726310e+00
1.065000000000009273e+01 1.827289220845583984e+00
1.067000000000009230e+01 1.810519202829760754e+00
1.069000000000009187e+01 1.791191001327996135e+00
1.071000000000009145e+01 1.803170506052059308e+00
1.073000000000009102e+01 1.793619116200460439e+00
1.075000000000009059e+01 1.793018366625650728e+00
1.077000000000009017e+01 1.787071440758718710e+00
1.079000000000008974e+01 1.782972230276001824e+00
1.081000000000008932e+01 1.787086979698931710e+00
1.083000000000008889e+01 1.766124511410166020e+00
1.085000000000008846e+01 1.779010723496826429e+00
1.087000000000008804e+01 1.768150566458362105e+00
1.089000000000008761e+01 1.746536814586461261e+00
1.091000000000008718e+01 1.763669890709298915e+00
1.093000000000008676e+01 1.748971308276755288e+00
1.095000000000008633e+01 1.745037989195216799e+00
1.097000000000008590e+01 1.742450877425699041e+00
1.099000000000008548e+01 1.752136396202473634e+00
1.101000000000008505e+01 1.729009279613798356e+00
1.103000000000008463e+01 1.722854978379690261e+00
1.105000000000008420e+01 1.702726181480863410e+00
1.107000000000008377e+01 1.731707583698266273e+00
1.109000000000008335e+01 1.723332948846071355e+00
1.111000000000008292e+01 1.703380088618070998e+00
1.113000000000008249e+01 1.690418372408945880e+00
1.115000000000008207e+01 1.682995556219506250e+00
1.117000000000008164e+01 1.698338268191510236e+00
1.119000000000008122e+01 1.696018597864135113e+00
1.121000000000008079e+01 1.683815673523055834e+00
1.123000000000008036e+01 1.673912838750598153e+00
1.125000000000007994e+01 1.675376452028870089e+00
1.127000000000007951e+01 1.666701424441413559e+00
1.129000000000007908e+01 1.661046132805126030e+00
1.131000000000007866e+01 1.646022771622485781e+00
1.133000000000007823e+01 1.660012872663098271e+00
1.135000000000007780e+01 1.632052288662478201e+00
1.137000000000007738e+01 1.642455479266952345e+00
1.139000000000007695e+01 1.633275454961157669e+00
1.141000000000007653e+01 1.635179894981350746e+00
1.143000000000007610e+01 1.618954875087270873e+00
1.145000000000007567e+01 1.618783003407201493e+00
1.147000000000007525e+01 1.616977013740886537e+00
1.149000000000007482e+01 1.600182100962125764e+00
1.151000000000007439e+01 1.610335368677775270e+00
1.153000000000007397e+01 1.590055473377886663e+00
1.155000000000007354e+01 1.596631856558281548e+00
1.157000000000007311e+01 1.603382988220450223e+00
1.159000000000007269e+01 1.580174583495506990e+00
1.161000000000007226e+01 1.576341057400026058e+00
1.163000000000007184e+01 1.562942518910881207e+00
1.165000000000007141e+01 1.576574908574245759e+00
1.167000000000007098e+01 1.549791257622944673e+00
1.169000000000007056e+01 1.568767776408689807e+00
1.171000000000007013e+01 1.542695360831044971e+00
1.173000000000006970e+01 1.548766815270416819e+00
1.175000000000006928e+01 1.540331656178022035e+00
1.177000000000006885e+01 1.534481349321737520e+00
1.179000000000006843e+01 1.520538316422784586e+00
1.181000000000006800e+01 1.507357458672110351e+00
1.183000000000006757e+01 1.518711440125393386e+00
1.185000000000006715e+01 1.504823288782182411e+00
1.187000000000006672e+01 1.497316563034453596e+00
1.189000000000006629e+01 1.493040988468896657e+00
1.191000000000006587e+01 1.488862498662029799e+00
1.193000000000006544e+01 1.483571538370059173e+00
1.195000000000006501e+01 1.474481981325765023e+00
1.197000000000006459e+01 1.457482520480699817e+00
1.199000000000006416e+01 1.464817311943911404e+00
1.201000000000006374e+01 1.444891708594923996e+00
1.203000000000006331e+01 1.450673955492860046e+00
1.205000000000006288e+01 1.451644512264328446e+00
1.207000000000006246e+01 1.419809406330051260e+00
1.209000000000006203e+01 1.426444509567023289e+00
1.211000000000006160e+01 1.398673451076303476e+00
1.213000000000006118e+01 1.428910886842070127e+00
1.215000000000006075e+01 1.404138766547712969e+00
1.217000000000006033e+01 1.394138740295931989e+00
1.219000000000005990e+01 1.378443952821837293e+00
1.221000000000005947e+01 1.367825668818779983e+00
1.223000000000005905e+01 1.368001161302377255e+00
1.225000000000005862e+01 1.366091227774019812e+00
1.227000000000005819e+01 1.369207924128531761e+00
1.229000000000005777e+01 1.342762172279188260e+00
1.231000000000005734e+01 1.330037369610320486e+00
1.233000000000005691e+01 1.327969498516504920e+00
1.235000000000005649e+01 1.323214509155300922e+00
1.237000000000005606e+01 1.330595972565428387e+00
1.239000000000005564e+01 1.313077446943768711e+00
1.241000000000005521e+01 1.275565376064594414e+00
1.243000000000005478e+01 1.294819409369664553e+00
1.245000000000005436e+01 1.272496133296431298e+00
1.247000000000005393e+01 1.266280351497349521e+00
1.249000000000005350e+01 1.249069218219232447e+00
1.251000000000005308e+01 1.246076145025299953e+00
1.253000000000005265e+01 1.251668933365389869e+00
1.255000000000005222e+01 1.220360384307416224e+00
1.257000000000005180e+01 1.216986189848396460e+00
1.259000000000005137e+01 1.210236932011838906e+00
1.261000000000005095e+01 1.201094065568332203e+00
1.263000000000005052e+01 1.188459763196987096e+00
1.265000000000005009e+01 1.188467260434310724e+00
1.267000000000004967e+01 1.169409547383284842e+00
1.269000000000004924e+01 1.155184423172757491e+00
1.271000000000004881e+01 1.154210105641061856e+00
1.273000000000004839e+01 1.130252957317358531e+00
1.275000000000004796e+01 1.128852306991987575e+00
1.277000000000004754e+01 1.122409227438199153e+00
1.279000000000004711e+01 1.109209457980964153e+00
1.281000000000004668e+01 1.120946596145318885e+00
1.283000000000004626e+01 1.086254058284984447e+00
1.285000000000004583e+01 1.073575681868664589e+00
1.287000000000004540e+01 1.061479749968653907e+00
1.289000000000004498e+01 1.073593747280153554e+00
1.291000000000004455e+01 1.042023183381030726e+00
1.293000000000004412e+01 1.037504281245685833e+00
1.295000000000004370e+01 1.025518525801926151e+00
1.297000000000004327e+01 1.033142515852568888e+00
1.299000000000004285e+01 1.024365292944858563e+00
1.301000000000004242e+01 1.009483053552365117e+00
1.303000000000004199e+01 9.710419590591341521e-01
1.305000000000004157e+01 9.949958758765079514e-01
1.307000000000004114e+01 9.685792119790401777e-01
1.309000000000004071e+01 9.442868902434856659e-01
1.311000000000004029e+01 9.567008545222038807e-01
1.313000000000003986e+01 9.423373719951577687e-01
1.315000000000003944e+01 9.297941428529614694e-01
1.317000000000003901e+01 9.213509083835961233e-01
1.319000000000003858e+01 9.142150206535230028e-01
1.321000000000003816e+01 8.860395004446213196e-01
1.323000000000003773e+01 8.734056848909932391e-01
1.325000000000003730e+01 8.765490216383754474e-01
1.327000000000003688e+01 8.725294128491605239e-01
1.329000000000003645e+01 8.414389852346692011e-01
1.331000000000003602e+01 8.300738918747594397e-01
1.333000000000003560e+01 8.128603954320061664e-01
1.335000000000003517e+01 8.186589941775632706e-01
1.337000000000003475e+01 7.678436600866429540e-01
1.339000000000003432e+01 7.844731231889235934e-01
1.341000000000003389e+01 7.720470907570188279e-01
1.343000000000003347e+01 7.443556211531093814e-01
1.345000000000003304e+01 7.409116346886959192e-01
1.347000000000003261e+01 7.182740167956769284e-01
1.349000000000003219e+01 7.134153373866736203e-01
1.351000000000003176e+01 7.114940196050855148e-01
1.353000000000003133e+01 6.874453530804093271e-01
1.355000000000003091e+01 6.741581930440874171e-01
1.357000000000003048e+01 6.612465164783937199e-01
1.359000000000003006e+01 6.637626877617007759e-01
1.361000000000002963e+01 6.316700598255174937e-01
1.363000000000002920e+01 6.201240602475839303e-01
1.365000000000002878e+01 6.072154274157182119e-01
1.367000000000002835e+01 5.919260857012943466e-01
1.369000000000002792e+01 5.861009702120324460e-01
1.371000000000002750e+01 5.703539573296675380e-01
1.373000000000002707e+01 5.551593822196035921e-01
1.375000000000002665e+01 5.382576816046558132e-01
1.377000000000002622e+01 5.120145256785392229e-01
1.379000000000002579e+01 5.080304801403826565e-01
1.381000000000002537e+01 5.027874208026142933e-01
1.383000000000002494e+01 4.897696771886934641e-01
1.385000000000002451e+01 4.754676963599949180e-01
1.387000000000002409e+01 4.628345735157772256e-01
1.389000000000002366e+01 4.591078215804809126e-01
1.391000000000002323e+01 4.311036092091809491e-01
1.393000000000002281e+01 4.250729856350284885e-01
1.395000000000002238e+01 4.157146507551807701e-01
1.397000000000002196e+01 3.958914968906314669e-01
1.399000000000002153e+01 3.916136596248308011e-01
1.401000000000002110e+01 3.831406934190902946e-01
1.403000000000002068e+01 3.676866434088109092e-01
1.405000000000002025e+01 3.492171462907093238e-01
1.407000000000001982e+01 3.375329760889931863e-01
1.409000000000001940e+01 3.268285519904399195e-01
1.411000000000001897e+01 3.100630690215641083e-01
1.413000000000001855e+01 2.985169644713989712e-01
1.415000000000001812e+01 2.837536600152767985e-01
1.417000000000001769e+01 2.769238459344366965e-01
1.419000000000001727e+01 2.563212351020928148e-01
1.421000000000001684e+01 2.492341200549633984e-01
1.423000000000001641e+01 2.327342917328441563e-01
1.425000000000001599e+01 2.173500175479523844e-01
1.427000000000001556e+01 2.044235199592705221e-01
1.429000000000001513e+01 1.975925413804323627e-01
1.431000000000001471e+01 1.866832393260321465e-01
1.433000000000001428e+01 1.811265228953954920e-01
1.435000000000001386e+01 1.750239215239321189e-01
1.437000000000001343e+01 1.621928495994050812e-01
1.439000000000001300e+01 1.557399987221241566e-01
1.441000000000001258e+01 1.443427902056376722e-01
1.443000000000001215e+01 1.351119287988928053e-01
1.445000000000001172e+01 1.304437500178469711e-01
1.447000000000001130e+01 1.108064340790517605e-01
1.449000000000001087e+01 9.742274111310925133e-02
1.451000000000001044e+01 8.742425367061705532e-02
1.453000000000001002e+01 7.101266001807816919e-02
1.455000000000000959e+01 4.382841337745858185e-02
1.457000000000000917e+01 2.907263839216825754e-02
1.459000000000000874e+01 1.982553765406320709e-02
1.461000000000000831e+01 1.321587387519848437e-02
1.463000000000000789e+01 8.256675896495426284e-03
1.465000000000000746e+01 5.495663647493067433e-03
1.467000000000000703e+01 1.109971445770139079e-03
1.469000000000000661e+01 5.270911832347821741e-06
1.471000000000000618e+01 1.802687883141251321e-06
1.473000000000000576e+01 1.663943523809052708e-06
1.475000000000000533e+01 0.000000000000000000e+00
1.477000000000000490e+01 0.000000000000000000e+00
1.479000000000000448e+01 0.000000000000000000e+00
1.481000000000000405e+01 0.000000000000000000e+00
1.483000000000000362e+01 0.000000000000000000e+00
1.485000000000000320e+01 0.000000000000000000e+00
1.487000000000000277e+01 0.000000000000000000e+00
1.489000000000000234e+01 0.000000000000000000e+00
1.491000000000000192e+01 0.000000000000000000e+00
1.493000000000000149e+01 0.000000000000000000e+00
1.495000000000000107e+01 0.000000000000000000e+00
1.497000000000000064e+01 0.000000000000000000e+00
1.499000000000000021e+01 0.000000000000000000e+00
