# Redshift		Merger Rate Density [Gpc^-3yr^-1]
1.000000000031931770e-02 2.946852562109718932e+01
3.000000000031888964e-02 3.028484134669622563e+01
5.000000000031846331e-02 3.070822271624954070e+01
7.000000000031804392e-02 3.135322925468030775e+01
9.000000000031761760e-02 3.166544822282207861e+01
1.100000000003171913e-01 3.218316299701299954e+01
1.300000000003167511e-01 3.280579950156740665e+01
1.500000000003163247e-01 3.327060254524682392e+01
1.700000000003158984e-01 3.389582111702934952e+01
1.900000000003154721e-01 3.462570012262813890e+01
2.100000000003150458e-01 3.484439195314655535e+01
2.300000000003146194e-01 3.624539027286832038e+01
2.500000000003141931e-01 3.650452793374827110e+01
2.700000000003137668e-01 3.773164191364578812e+01
2.900000000003133405e-01 3.837189669573187700e+01
3.100000000003129141e-01 3.904836428830284945e+01
3.300000000003124878e-01 3.948812773018018163e+01
3.500000000003120615e-01 4.049152945873913723e+01
3.700000000003116352e-01 4.078123320576411004e+01
3.900000000003112088e-01 4.152527755515305330e+01
4.100000000003107825e-01 4.253601906197599902e+01
4.300000000003103562e-01 4.321184899792788769e+01
4.500000000003099299e-01 4.395390042867953184e+01
4.700000000003095035e-01 4.463354884311534221e+01
4.900000000003090772e-01 4.551186520103034638e+01
5.100000000003086509e-01 4.663721347936414929e+01
5.300000000003082246e-01 4.706505181043384312e+01
5.500000000003077982e-01 4.758340832165892920e+01
5.700000000003073719e-01 4.903779076800672954e+01
5.900000000003069456e-01 4.958268273436528517e+01
6.100000000003065193e-01 5.028372855495501881e+01
6.300000000003060929e-01 5.085840105145619106e+01
6.500000000003056666e-01 5.242635228591323937e+01
6.700000000003052403e-01 5.256926318072599713e+01
6.900000000003048140e-01 5.346269341173718459e+01
7.100000000003043876e-01 5.404342950756497288e+01
7.300000000003039613e-01 5.511026072753740834e+01
7.500000000003035350e-01 5.574745955818153931e+01
7.700000000003031086e-01 5.695418847764839398e+01
7.900000000003026823e-01 5.755504855213509074e+01
8.100000000003022560e-01 5.738716965970039752e+01
8.300000000003018297e-01 5.935266138274060665e+01
8.500000000003014033e-01 5.931119637529086930e+01
8.700000000003009770e-01 6.001600686014374020e+01
8.900000000003005507e-01 6.074860306921578967e+01
9.100000000003001244e-01 6.108461764497546653e+01
9.300000000002996980e-01 6.203678850558123514e+01
9.500000000002992717e-01 6.255501419769556293e+01
9.700000000002988454e-01 6.376753751256591585e+01
9.900000000002984191e-01 6.370961147588491968e+01
1.010000000000297993e+00 6.531094067834227701e+01
1.030000000000297566e+00 6.516392044690400098e+01
1.050000000000297140e+00 6.577711706257868229e+01
1.070000000000296714e+00 6.655775081646198998e+01
1.090000000000296287e+00 6.773650668211178072e+01
1.110000000000295861e+00 6.772675343135118453e+01
1.130000000000295435e+00 6.843444696833670093e+01
1.150000000000295008e+00 6.880632482720407950e+01
1.170000000000294582e+00 6.979938806799788154e+01
1.190000000000294156e+00 7.050322280195292990e+01
1.210000000000293729e+00 6.963791367553571376e+01
1.230000000000293303e+00 7.151659189490106883e+01
1.250000000000292877e+00 7.240647763492175670e+01
1.270000000000292451e+00 7.165910158766885729e+01
1.290000000000292024e+00 7.239694386978418095e+01
1.310000000000291598e+00 7.298903040444808710e+01
1.330000000000291172e+00 7.400714137987667129e+01
1.350000000000290745e+00 7.457216155359512300e+01
1.370000000000290319e+00 7.398633785836186405e+01
1.390000000000289893e+00 7.477983999784879643e+01
1.410000000000289466e+00 7.547664488372974745e+01
1.430000000000289040e+00 7.600183485991956900e+01
1.450000000000288614e+00 7.588258950056888352e+01
1.470000000000288187e+00 7.630140973242744451e+01
1.490000000000287761e+00 7.655237849457159882e+01
1.510000000000287335e+00 7.753031134859421059e+01
1.530000000000286908e+00 7.765641072778491605e+01
1.550000000000286482e+00 7.657951339796190382e+01
1.570000000000286056e+00 7.818684390206622936e+01
1.590000000000285629e+00 7.779680132895676081e+01
1.610000000000285203e+00 7.861650287252275859e+01
1.630000000000284777e+00 7.998491846767058178e+01
1.650000000000284350e+00 7.764991706065991650e+01
1.670000000000283924e+00 7.994851235960926772e+01
1.690000000000283498e+00 7.902791662272139206e+01
1.710000000000283071e+00 7.856634890560580686e+01
1.730000000000282645e+00 7.907941156842261421e+01
1.750000000000282219e+00 8.034487379926723349e+01
1.770000000000281792e+00 7.834334096581645213e+01
1.790000000000281366e+00 8.053628301328345174e+01
1.810000000000280940e+00 7.932483595334085180e+01
1.830000000000280513e+00 7.986445382178372654e+01
1.850000000000280087e+00 7.985358182278159234e+01
1.870000000000279661e+00 7.912112262452565403e+01
1.890000000000279234e+00 7.967585723581952095e+01
1.910000000000278808e+00 7.839092310011285747e+01
1.930000000000278382e+00 7.938164043122549174e+01
1.950000000000277955e+00 7.881078913324590474e+01
1.970000000000277529e+00 7.852057921553966935e+01
1.990000000000277103e+00 7.860301584480210124e+01
2.010000000000276899e+00 7.771782345728917107e+01
2.030000000000276472e+00 7.793755115040295323e+01
2.050000000000276046e+00 7.786261278246185213e+01
2.070000000000275620e+00 7.776128309226379542e+01
2.090000000000275193e+00 7.698048874087726290e+01
2.110000000000274767e+00 7.625371550278336485e+01
2.130000000000274341e+00 7.770486640320281424e+01
2.150000000000273914e+00 7.550995540174741905e+01
2.170000000000273488e+00 7.625607208900515843e+01
2.190000000000273062e+00 7.618156742721943431e+01
2.210000000000272635e+00 7.546958397228114279e+01
2.230000000000272209e+00 7.494714484709288627e+01
2.250000000000271783e+00 7.422041222875414235e+01
2.270000000000271356e+00 7.369066949268169253e+01
2.290000000000270930e+00 7.407876907065295313e+01
2.310000000000270504e+00 7.305264225816537760e+01
2.330000000000270077e+00 7.218737522484013880e+01
2.350000000000269651e+00 7.243247894382004404e+01
2.370000000000269225e+00 7.215814377162161009e+01
2.390000000000268798e+00 7.189441508383572454e+01
2.410000000000268372e+00 7.124293307893441352e+01
2.430000000000267946e+00 7.021811151607080603e+01
2.450000000000267519e+00 7.001127977821028026e+01
2.470000000000267093e+00 6.881611167293888798e+01
2.490000000000266667e+00 6.929142010005421071e+01
2.510000000000266240e+00 6.839182179618423163e+01
2.530000000000265814e+00 6.829622871641574022e+01
2.550000000000265388e+00 6.720481337269248456e+01
2.570000000000264961e+00 6.713909686448380398e+01
2.590000000000264535e+00 6.587500077432423495e+01
2.610000000000264109e+00 6.604944883532921551e+01
2.630000000000263682e+00 6.462866624080582767e+01
2.650000000000263256e+00 6.486952250158080346e+01
2.670000000000262830e+00 6.425840813874181379e+01
2.690000000000262403e+00 6.288804045265543863e+01
2.710000000000261977e+00 6.281245797000628528e+01
2.730000000000261551e+00 6.279811900179258544e+01
2.750000000000261124e+00 6.170502133693373992e+01
2.770000000000260698e+00 6.080817865842841741e+01
2.790000000000260272e+00 6.120772074572687416e+01
2.810000000000259845e+00 6.054527652614243038e+01
2.830000000000259419e+00 5.980657832733295010e+01
2.850000000000258993e+00 5.891300914831215607e+01
2.870000000000258567e+00 5.882784889512861781e+01
2.890000000000258140e+00 5.794438921830095524e+01
2.910000000000257714e+00 5.748599223018226212e+01
2.930000000000257288e+00 5.694240783415635576e+01
2.950000000000256861e+00 5.658205965137257465e+01
2.970000000000256435e+00 5.564952016942859814e+01
2.990000000000256009e+00 5.547446104814312662e+01
3.010000000000255582e+00 5.476921341528278475e+01
3.030000000000255156e+00 5.376423659264764154e+01
3.050000000000254730e+00 5.414222465354978198e+01
3.070000000000254303e+00 5.340045477437590193e+01
3.090000000000253877e+00 5.272097162121676206e+01
3.110000000000253451e+00 5.256192663888678851e+01
3.130000000000253024e+00 5.166861454656966401e+01
3.150000000000252598e+00 5.174560473613138356e+01
3.170000000000252172e+00 5.054504288401255963e+01
3.190000000000251745e+00 5.052092605905777134e+01
3.210000000000251319e+00 5.000496919560588083e+01
3.230000000000250893e+00 4.923751019392329198e+01
3.250000000000250466e+00 4.857132712321897827e+01
3.270000000000250040e+00 4.840722773649654442e+01
3.290000000000249614e+00 4.809503444181363818e+01
3.310000000000249187e+00 4.725877281352825321e+01
3.330000000000248761e+00 4.694591705697457229e+01
3.350000000000248335e+00 4.671828666859518364e+01
3.370000000000247908e+00 4.596377378473681574e+01
3.390000000000247482e+00 4.532077715626130754e+01
3.410000000000247056e+00 4.492406182004008031e+01
3.430000000000246629e+00 4.478395542719971445e+01
3.450000000000246203e+00 4.428695603774932010e+01
3.470000000000245777e+00 4.358790851378300601e+01
3.490000000000245350e+00 4.337132613804060810e+01
3.510000000000244924e+00 4.280444300685680048e+01
3.530000000000244498e+00 4.274634425603945687e+01
3.550000000000244071e+00 4.201634403049496314e+01
3.570000000000243645e+00 4.201863871477223711e+01
3.590000000000243219e+00 4.080215894320328118e+01
3.610000000000242792e+00 4.037603417643816783e+01
3.630000000000242366e+00 4.058790324757741530e+01
3.650000000000241940e+00 4.008792752946440885e+01
3.670000000000241513e+00 3.979284599000634870e+01
3.690000000000241087e+00 3.862528692952857767e+01
3.710000000000240661e+00 3.885217879300406452e+01
3.730000000000240234e+00 3.843343192861799196e+01
3.750000000000239808e+00 3.821311169257826634e+01
3.770000000000239382e+00 3.727152843138041050e+01
3.790000000000238956e+00 3.728775422930230121e+01
3.810000000000238529e+00 3.714655200891566977e+01
3.830000000000238103e+00 3.621696960005348842e+01
3.850000000000237677e+00 3.594125569646579521e+01
3.870000000000237250e+00 3.557962309868105422e+01
3.890000000000236824e+00 3.553281080271079873e+01
3.910000000000236398e+00 3.513510657204565746e+01
3.930000000000235971e+00 3.475379141107375602e+01
3.950000000000235545e+00 3.439748941804248972e+01
3.970000000000235119e+00 3.403032344435878542e+01
3.990000000000234692e+00 3.347075622996150202e+01
4.010000000000234266e+00 3.308700617841915914e+01
4.030000000000233840e+00 3.291770852642391532e+01
4.050000000000233413e+00 3.270434060600818071e+01
4.070000000000232987e+00 3.221341116228924761e+01
4.090000000000232561e+00 3.209562720903454647e+01
4.110000000000232134e+00 3.174630111897726437e+01
4.130000000000231708e+00 3.117222435510971579e+01
4.150000000000231282e+00 3.151256166094449540e+01
4.170000000000230855e+00 3.097936771510833154e+01
4.190000000000230429e+00 3.037216176789638311e+01
4.210000000000230003e+00 2.999120530703691401e+01
4.230000000000229576e+00 2.976331447533865315e+01
4.250000000000229150e+00 2.986634887761121604e+01
4.270000000000228724e+00 2.908631662060109946e+01
4.290000000000228297e+00 2.899656400067861028e+01
4.310000000000227871e+00 2.868457525875897574e+01
4.330000000000227445e+00 2.840753952398190307e+01
4.350000000000227018e+00 2.844337732490826909e+01
4.370000000000226592e+00 2.775513848050110610e+01
4.390000000000226166e+00 2.772075562972791474e+01
4.410000000000225739e+00 2.735080492048665590e+01
4.430000000000225313e+00 2.701974574871490020e+01
4.450000000000224887e+00 2.681039338909074843e+01
4.470000000000224460e+00 2.633763125102444036e+01
4.490000000000224034e+00 2.629760846474527725e+01
4.510000000000223608e+00 2.623705816768701382e+01
4.530000000000223181e+00 2.573461627262152263e+01
4.550000000000222755e+00 2.547843821471494152e+01
4.570000000000222329e+00 2.532837679062691905e+01
4.590000000000221902e+00 2.483514783357521694e+01
4.610000000000221476e+00 2.491572391014287646e+01
4.630000000000221050e+00 2.465298235396397430e+01
4.650000000000220624e+00 2.444708917015696414e+01
4.670000000000220197e+00 2.375392592762499433e+01
4.690000000000219771e+00 2.381353128333644520e+01
4.710000000000219345e+00 2.363046245485534769e+01
4.730000000000218918e+00 2.339646938685264388e+01
4.750000000000218492e+00 2.307138908859234405e+01
4.770000000000218066e+00 2.294200443157249225e+01
4.790000000000217639e+00 2.290573825142931952e+01
4.810000000000217213e+00 2.229419395820758609e+01
4.830000000000216787e+00 2.213468868138608414e+01
4.850000000000216360e+00 2.204044494516666575e+01
4.870000000000215934e+00 2.191423231077018485e+01
4.890000000000215508e+00 2.176458058121895789e+01
4.910000000000215081e+00 2.162768138228496895e+01
4.930000000000214655e+00 2.129710167520514474e+01
4.950000000000214229e+00 2.090588385104376457e+01
4.970000000000213802e+00 2.067279121040395040e+01
4.990000000000213376e+00 2.045760882914527201e+01
5.010000000000212950e+00 2.042765359471481545e+01
5.030000000000212523e+00 2.047132734739145121e+01
5.050000000000212097e+00 2.025351440002188141e+01
5.070000000000211671e+00 1.979839364358407039e+01
5.090000000000211244e+00 1.984650843913970419e+01
5.110000000000210818e+00 1.956116095556464174e+01
5.130000000000210392e+00 1.917367911437749939e+01
5.150000000000209965e+00 1.908163209405263672e+01
5.170000000000209539e+00 1.869643315747872236e+01
5.190000000000209113e+00 1.911261428207719604e+01
5.210000000000208686e+00 1.877939280711315462e+01
5.230000000000208260e+00 1.861020131380741915e+01
5.250000000000207834e+00 1.833932491969715883e+01
5.270000000000207407e+00 1.804032980586612922e+01
5.290000000000206981e+00 1.795252985144955460e+01
5.310000000000206555e+00 1.784586681179348844e+01
5.330000000000206128e+00 1.773912840840755578e+01
5.350000000000205702e+00 1.747674300074594456e+01
5.370000000000205276e+00 1.720681986742793512e+01
5.390000000000204849e+00 1.716997110421927530e+01
5.410000000000204423e+00 1.710030411221836033e+01
5.430000000000203997e+00 1.697064234643570302e+01
5.450000000000203570e+00 1.673645961134046800e+01
5.470000000000203144e+00 1.639715804401535948e+01
5.490000000000202718e+00 1.660145970655658942e+01
5.510000000000202292e+00 1.614256853137858272e+01
5.530000000000201865e+00 1.620869636004075431e+01
5.550000000000201439e+00 1.606510058160123933e+01
5.570000000000201013e+00 1.585240113726804623e+01
5.590000000000200586e+00 1.571244619412300025e+01
5.610000000000200160e+00 1.558962478375473104e+01
5.630000000000199734e+00 1.554500459181987715e+01
5.650000000000199307e+00 1.508342237122335483e+01
5.670000000000198881e+00 1.519157565316226055e+01
5.690000000000198455e+00 1.484535595080692083e+01
5.710000000000198028e+00 1.483501631168541302e+01
5.730000000000197602e+00 1.503916495164380862e+01
5.750000000000197176e+00 1.447090061612501444e+01
5.770000000000196749e+00 1.445884008416772915e+01
5.790000000000196323e+00 1.434593760655086569e+01
5.810000000000195897e+00 1.411479199503799364e+01
5.830000000000195470e+00 1.392774296256615152e+01
5.850000000000195044e+00 1.411472618409812085e+01
5.870000000000194618e+00 1.371359223316757436e+01
5.890000000000194191e+00 1.362618235597515337e+01
5.910000000000193765e+00 1.351589699654183896e+01
5.930000000000193339e+00 1.347648568152282422e+01
5.950000000000192912e+00 1.329083215049551470e+01
5.970000000000192486e+00 1.331439386798018987e+01
5.990000000000192060e+00 1.297189636351588504e+01
6.010000000000191633e+00 1.309852943459713615e+01
6.030000000000191207e+00 1.277500270268152249e+01
6.050000000000190781e+00 1.290186419181403110e+01
6.070000000000190354e+00 1.244744414968828750e+01
6.090000000000189928e+00 1.246633939342067698e+01
6.110000000000189502e+00 1.256811288139654614e+01
6.130000000000189075e+00 1.214076539130973131e+01
6.150000000000188649e+00 1.212555965848902417e+01
6.170000000000188223e+00 1.216318138791801395e+01
6.190000000000187796e+00 1.184426432305062171e+01
6.210000000000187370e+00 1.204905822076465505e+01
6.230000000000186944e+00 1.173922605152488785e+01
6.250000000000186517e+00 1.163060850249058120e+01
6.270000000000186091e+00 1.157142820306668973e+01
6.290000000000185665e+00 1.145415579471131906e+01
6.310000000000185238e+00 1.128538883415028771e+01
6.330000000000184812e+00 1.126449609813939645e+01
6.350000000000184386e+00 1.112128349588461163e+01
6.370000000000183960e+00 1.103299010521870471e+01
6.390000000000183533e+00 1.101819644609189552e+01
6.410000000000183107e+00 1.079773282837840753e+01
6.430000000000182681e+00 1.074357637022760414e+01
6.450000000000182254e+00 1.071142477460730191e+01
6.470000000000181828e+00 1.057462671342278249e+01
6.490000000000181402e+00 1.048171303024978052e+01
6.510000000000180975e+00 1.047437748255897816e+01
6.530000000000180549e+00 1.021559396794960861e+01
6.550000000000180123e+00 1.043022020833467245e+01
6.570000000000179696e+00 1.022494644240474493e+01
6.590000000000179270e+00 9.985054196113605229e+00
6.610000000000178844e+00 9.932419055646789730e+00
6.630000000000178417e+00 9.813523769784573858e+00
6.650000000000177991e+00 9.848617784866284808e+00
6.670000000000177565e+00 9.760719120739757670e+00
6.690000000000177138e+00 9.629313172225959505e+00
6.710000000000176712e+00 9.479561290367525928e+00
6.730000000000176286e+00 9.632463895111408547e+00
6.750000000000175859e+00 9.480423416028870065e+00
6.770000000000175433e+00 9.275780095683824555e+00
6.790000000000175007e+00 9.198566481682506790e+00
6.810000000000174580e+00 9.203393066826674129e+00
6.830000000000174154e+00 9.209357276847454088e+00
6.850000000000173728e+00 8.990404074254172428e+00
6.870000000000173301e+00 8.900627800529095524e+00
6.890000000000172875e+00 8.845477808757658877e+00
6.910000000000172449e+00 8.866199538872937325e+00
6.930000000000172022e+00 8.786747467459260719e+00
6.950000000000171596e+00 8.729550107396798708e+00
6.970000000000171170e+00 8.591737929609696067e+00
6.990000000000170743e+00 8.470314739429847251e+00
7.010000000000170317e+00 8.468349781839160428e+00
7.030000000000169891e+00 8.446818807891668612e+00
7.050000000000169464e+00 8.267836169433094184e+00
7.070000000000169038e+00 8.346833968018669836e+00
7.090000000000168612e+00 8.213080013320084305e+00
7.110000000000168185e+00 8.134856791507077745e+00
7.130000000000167759e+00 8.014738251647377965e+00
7.150000000000167333e+00 8.027069351905387506e+00
7.170000000000166906e+00 7.968127456808282716e+00
7.190000000000166480e+00 7.948479184981288803e+00
7.210000000000166054e+00 7.926956716651019974e+00
7.230000000000165628e+00 7.880536039419552274e+00
7.250000000000165201e+00 7.646512176209455447e+00
7.270000000000164775e+00 7.810985478023165562e+00
7.290000000000164349e+00 7.704992814549256330e+00
7.310000000000163922e+00 7.556556252875886059e+00
7.330000000000163496e+00 7.609090655551510984e+00
7.350000000000163070e+00 7.535743526390909608e+00
7.370000000000162643e+00 7.460554178866376951e+00
7.390000000000162217e+00 7.426003634983772805e+00
7.410000000000161791e+00 7.389404929239578479e+00
7.430000000000161364e+00 7.269408463411347832e+00
7.450000000000160938e+00 7.283151911685525448e+00
7.470000000000160512e+00 7.224969928049163492e+00
7.490000000000160085e+00 7.181696438243678315e+00
7.510000000000159659e+00 7.190808489280346549e+00
7.530000000000159233e+00 7.097263911096153954e+00
7.550000000000158806e+00 7.108073149957344405e+00
7.570000000000158380e+00 7.040240310942706969e+00
7.590000000000157954e+00 6.999627343960575843e+00
7.610000000000157527e+00 6.971634269945667484e+00
7.630000000000157101e+00 6.930730340221980867e+00
7.650000000000156675e+00 6.930915693228112850e+00
7.670000000000156248e+00 6.729299322325164034e+00
7.690000000000155822e+00 6.821152836478252546e+00
7.710000000000155396e+00 6.760176518867321960e+00
7.730000000000154969e+00 6.713935259418853718e+00
7.750000000000154543e+00 6.592235430382880068e+00
7.770000000000154117e+00 6.699796038391220065e+00
7.790000000000153690e+00 6.556025764837779768e+00
7.810000000000153264e+00 6.588121985613852871e+00
7.830000000000152838e+00 6.543844332007187070e+00
7.850000000000152411e+00 6.568137262707297808e+00
7.870000000000151985e+00 6.459202367807132639e+00
7.890000000000151559e+00 6.492088214752003594e+00
7.910000000000151132e+00 6.468359111277493412e+00
7.930000000000150706e+00 6.389711156913818080e+00
7.950000000000150280e+00 6.307888027376321816e+00
7.970000000000149853e+00 6.403821894160380168e+00
7.990000000000149427e+00 6.298531672334761744e+00
8.010000000000149001e+00 6.258702706035586871e+00
8.030000000000148574e+00 6.285617946305550596e+00
8.050000000000148148e+00 6.279081223338876860e+00
8.070000000000147722e+00 6.224333268603757574e+00
8.090000000000147296e+00 6.165951097793552549e+00
8.110000000000146869e+00 6.123857265540602057e+00
8.130000000000146443e+00 6.105395662195205908e+00
8.150000000000146017e+00 6.076435096370952138e+00
8.170000000000145590e+00 6.106722690759225358e+00
8.190000000000145164e+00 6.034563682378744076e+00
8.210000000000144738e+00 6.072071079044516040e+00
8.230000000000144311e+00 6.014994640890598987e+00
8.250000000000143885e+00 6.052549356648888157e+00
8.270000000000143459e+00 5.919050970120759203e+00
8.290000000000143032e+00 5.930206783213623822e+00
8.310000000000142606e+00 5.894255586785178025e+00
8.330000000000142180e+00 5.858652250556349195e+00
8.350000000000141753e+00 5.918295825013523803e+00
8.370000000000141327e+00 5.828084994158185594e+00
8.390000000000140901e+00 5.831447817613215179e+00
8.410000000000140474e+00 5.799204613532149999e+00
8.430000000000140048e+00 5.714384989562207195e+00
8.450000000000139622e+00 5.715799548236291550e+00
8.470000000000139195e+00 5.731293824474510856e+00
8.490000000000138769e+00 5.698046022550800060e+00
8.510000000000138343e+00 5.641002024784424584e+00
8.530000000000137916e+00 5.647149709128026274e+00
8.550000000000137490e+00 5.668464724545231981e+00
8.570000000000137064e+00 5.737512465612303991e+00
8.590000000000136637e+00 5.623881998997425136e+00
8.610000000000136211e+00 5.579853989239607515e+00
8.630000000000135785e+00 5.532751782774362859e+00
8.650000000000135358e+00 5.537213062189319857e+00
8.670000000000134932e+00 5.555538106561424883e+00
8.690000000000134506e+00 5.485179996197336649e+00
8.710000000000134079e+00 5.499924278059624250e+00
8.730000000000133653e+00 5.467218146517253352e+00
8.750000000000133227e+00 5.466029813721916319e+00
8.770000000000132800e+00 5.415097451496210468e+00
8.790000000000132374e+00 5.396884390377640450e+00
8.810000000000131948e+00 5.402431826549807248e+00
8.830000000000131521e+00 5.442825217919248892e+00
8.850000000000131095e+00 5.458911297858562328e+00
8.870000000000130669e+00 5.304573125607780604e+00
8.890000000000130242e+00 5.381763662415074201e+00
8.910000000000129816e+00 5.348869721255623766e+00
8.930000000000129390e+00 5.314064378240903608e+00
8.950000000000128964e+00 5.284871404550458784e+00
8.970000000000128537e+00 5.319424159289948051e+00
8.990000000000128111e+00 5.260263975877616183e+00
9.010000000000127685e+00 5.242668716283250596e+00
9.030000000000127258e+00 5.246293452881501729e+00
9.050000000000126832e+00 5.203601824331843595e+00
9.070000000000126406e+00 5.213604833489386081e+00
9.090000000000125979e+00 5.225717540301126895e+00
9.110000000000125553e+00 5.187329364010426325e+00
9.130000000000125127e+00 5.115384450429857566e+00
9.150000000000124700e+00 5.126274997481186979e+00
9.170000000000124274e+00 5.195173348904232213e+00
9.190000000000123848e+00 5.127101613760559395e+00
9.210000000000123421e+00 5.108047515787024651e+00
9.230000000000122995e+00 5.105729374817332911e+00
9.250000000000122569e+00 5.084155027628547430e+00
9.270000000000122142e+00 5.058472974453875892e+00
9.290000000000121716e+00 4.976207805900922487e+00
9.310000000000121290e+00 5.029269595642699819e+00
9.330000000000120863e+00 5.046678785976093984e+00
9.350000000000120437e+00 4.997759811582162648e+00
9.370000000000120011e+00 4.978459355328149982e+00
9.390000000000119584e+00 5.037192626558327113e+00
9.410000000000119158e+00 4.943058105505075517e+00
9.430000000000118732e+00 4.984415543188609909e+00
9.450000000000118305e+00 4.970660069580534746e+00
9.470000000000117879e+00 4.939932980140396168e+00
9.490000000000117453e+00 4.906034109464243897e+00
9.510000000000117026e+00 4.890094543314178921e+00
9.530000000000116600e+00 4.928353155820615505e+00
9.550000000000116174e+00 4.914285147113816699e+00
9.570000000000115747e+00 4.888519510851360828e+00
9.590000000000115321e+00 4.888270177298439378e+00
9.610000000000114895e+00 4.791361916822427069e+00
9.630000000000114468e+00 4.856291467151748087e+00
9.650000000000114042e+00 4.798401555303202670e+00
9.670000000000113616e+00 4.846169732525698493e+00
9.690000000000113189e+00 4.772224549266022464e+00
9.710000000000112763e+00 4.777309173140110943e+00
9.730000000000112337e+00 4.818923330444919273e+00
9.750000000000111910e+00 4.741277207861742227e+00
9.770000000000111484e+00 4.731457997986188602e+00
9.790000000000111058e+00 4.737135059982386487e+00
9.810000000000110632e+00 4.716611570338594461e+00
9.830000000000110205e+00 4.687830354864107818e+00
9.850000000000109779e+00 4.682453331606853730e+00
9.870000000000109353e+00 4.652569843625266266e+00
9.890000000000108926e+00 4.746188087752852169e+00
9.910000000000108500e+00 4.629632116440657086e+00
9.930000000000108074e+00 4.625523213398518685e+00
9.950000000000107647e+00 4.629750200690816442e+00
9.970000000000107221e+00 4.657175506019170186e+00
9.990000000000106795e+00 4.593441530602504486e+00
1.001000000000010637e+01 4.662791238789664838e+00
1.003000000000010594e+01 4.544298621927381099e+00
1.005000000000010552e+01 4.533320978684722391e+00
1.007000000000010509e+01 4.587874811058918922e+00
1.009000000000010466e+01 4.543325351478979535e+00
1.011000000000010424e+01 4.537416145225646957e+00
1.013000000000010381e+01 4.517121963070190205e+00
1.015000000000010338e+01 4.477746532906299315e+00
1.017000000000010296e+01 4.443173781632716590e+00
1.019000000000010253e+01 4.448062763952297161e+00
1.021000000000010210e+01 4.483289843613797565e+00
1.023000000000010168e+01 4.455079216970074363e+00
1.025000000000010125e+01 4.360727404199575830e+00
1.027000000000010083e+01 4.430306070954946662e+00
1.029000000000010040e+01 4.377199263928011064e+00
1.031000000000009997e+01 4.401888869866739995e+00
1.033000000000009955e+01 4.371060752419784201e+00
1.035000000000009912e+01 4.315954692007497151e+00
1.037000000000009869e+01 4.349103194994301091e+00
1.039000000000009827e+01 4.336065153239287540e+00
1.041000000000009784e+01 4.274940674648724404e+00
1.043000000000009742e+01 4.307553263172244407e+00
1.045000000000009699e+01 4.323746509431651397e+00
1.047000000000009656e+01 4.276095541624087559e+00
1.049000000000009614e+01 4.242865429212787198e+00
1.051000000000009571e+01 4.232975222237561397e+00
1.053000000000009528e+01 4.207058585556564090e+00
1.055000000000009486e+01 4.206920036079256242e+00
1.057000000000009443e+01 4.184932095789041462e+00
1.059000000000009400e+01 4.203842928744834673e+00
1.061000000000009358e+01 4.101886156734770417e+00
1.063000000000009315e+01 4.130152177947571168e+00
1.065000000000009273e+01 4.155107946042988942e+00
1.067000000000009230e+01 4.124435667337698064e+00
1.069000000000009187e+01 4.063597783063145563e+00
1.071000000000009145e+01 4.121787358625416786e+00
1.073000000000009102e+01 4.043731365310486936e+00
1.075000000000009059e+01 4.035246186813995273e+00
1.077000000000009017e+01 4.034119135016609903e+00
1.079000000000008974e+01 3.994235053158612825e+00
1.081000000000008932e+01 4.008002104117349695e+00
1.083000000000008889e+01 4.000426152884204889e+00
1.085000000000008846e+01 3.997034052365409984e+00
1.087000000000008804e+01 3.918224528726880429e+00
1.089000000000008761e+01 3.953551783364165129e+00
1.091000000000008718e+01 3.955683713977267146e+00
1.093000000000008676e+01 3.911146451146639169e+00
1.095000000000008633e+01 3.868610838039728161e+00
1.097000000000008590e+01 3.887011978734668638e+00
1.099000000000008548e+01 3.885551349040104352e+00
1.101000000000008505e+01 3.815095649121245103e+00
1.103000000000008463e+01 3.876581589983016052e+00
1.105000000000008420e+01 3.806638852185375121e+00
1.107000000000008377e+01 3.811665373070854290e+00
1.109000000000008335e+01 3.781352041812418019e+00
1.111000000000008292e+01 3.757096416288571383e+00
1.113000000000008249e+01 3.728646867499982420e+00
1.115000000000008207e+01 3.769556482299629696e+00
1.117000000000008164e+01 3.722981057170985153e+00
1.119000000000008122e+01 3.694668845181261485e+00
1.121000000000008079e+01 3.673746720860729731e+00
1.123000000000008036e+01 3.715697539225616186e+00
1.125000000000007994e+01 3.647673732992703144e+00
1.127000000000007951e+01 3.670434928557249510e+00
1.129000000000007908e+01 3.631074777630956429e+00
1.131000000000007866e+01 3.565697766117167600e+00
1.133000000000007823e+01 3.618947155130661564e+00
1.135000000000007780e+01 3.542486308057169797e+00
1.137000000000007738e+01 3.572399180962013698e+00
1.139000000000007695e+01 3.585762575489991999e+00
1.141000000000007653e+01 3.519048847621788045e+00
1.143000000000007610e+01 3.530094218349543844e+00
1.145000000000007567e+01 3.439593340225844287e+00
1.147000000000007525e+01 3.486099881571802062e+00
1.149000000000007482e+01 3.443278609966959891e+00
1.151000000000007439e+01 3.495212335849362972e+00
1.153000000000007397e+01 3.350997096123765395e+00
1.155000000000007354e+01 3.395052004655708888e+00
1.157000000000007311e+01 3.379538151390145906e+00
1.159000000000007269e+01 3.382717265170146703e+00
1.161000000000007226e+01 3.349205852331179400e+00
1.163000000000007184e+01 3.300512681974083762e+00
1.165000000000007141e+01 3.318931551992940765e+00
1.167000000000007098e+01 3.263936583169921413e+00
1.169000000000007056e+01 3.252231015523063817e+00
1.171000000000007013e+01 3.272127390291447391e+00
1.173000000000006970e+01 3.311574717538297907e+00
1.175000000000006928e+01 3.137929816982754971e+00
1.177000000000006885e+01 3.217528726163085384e+00
1.179000000000006843e+01 3.238066434076519506e+00
1.181000000000006800e+01 3.150007255358983738e+00
1.183000000000006757e+01 3.142790299545173749e+00
1.185000000000006715e+01 3.123144427505854193e+00
1.187000000000006672e+01 3.106205360992080333e+00
1.189000000000006629e+01 3.073812911694009831e+00
1.191000000000006587e+01 3.070397281421788804e+00
1.193000000000006544e+01 3.082745283846533457e+00
1.195000000000006501e+01 3.086366716563723411e+00
1.197000000000006459e+01 3.001246698582755279e+00
1.199000000000006416e+01 2.983928304931950493e+00
1.201000000000006374e+01 2.937993643230955243e+00
1.203000000000006331e+01 2.954029348200569061e+00
1.205000000000006288e+01 2.916190318469948917e+00
1.207000000000006246e+01 2.958232876093967789e+00
1.209000000000006203e+01 2.864653178879623230e+00
1.211000000000006160e+01 2.910342563003002425e+00
1.213000000000006118e+01 2.868912431644446759e+00
1.215000000000006075e+01 2.884677663352004817e+00
1.217000000000006033e+01 2.818200482857887934e+00
1.219000000000005990e+01 2.816039955869663380e+00
1.221000000000005947e+01 2.806846401810521918e+00
1.223000000000005905e+01 2.794403147823785183e+00
1.225000000000005862e+01 2.785037086674999163e+00
1.227000000000005819e+01 2.693515604039280475e+00
1.229000000000005777e+01 2.738961223598029626e+00
1.231000000000005734e+01 2.668252341920370529e+00
1.233000000000005691e+01 2.710747161777822711e+00
1.235000000000005649e+01 2.657724585090154967e+00
1.237000000000005606e+01 2.615227805066583588e+00
1.239000000000005564e+01 2.608929457272713304e+00
1.241000000000005521e+01 2.639600640406429832e+00
1.243000000000005478e+01 2.542421227449525478e+00
1.245000000000005436e+01 2.549674274314106537e+00
1.247000000000005393e+01 2.555953546276430899e+00
1.249000000000005350e+01 2.532986698401923586e+00
1.251000000000005308e+01 2.432275304953939177e+00
1.253000000000005265e+01 2.505032696356559452e+00
1.255000000000005222e+01 2.524496947287296233e+00
1.257000000000005180e+01 2.426418861168946783e+00
1.259000000000005137e+01 2.434396470916015076e+00
1.261000000000005095e+01 2.366171955989634146e+00
1.263000000000005052e+01 2.396775745796053236e+00
1.265000000000005009e+01 2.386243986910515869e+00
1.267000000000004967e+01 2.331615927403050570e+00
1.269000000000004924e+01 2.275851082928950220e+00
1.271000000000004881e+01 2.250847090999199107e+00
1.273000000000004839e+01 2.292815247287094405e+00
1.275000000000004796e+01 2.232282722695773103e+00
1.277000000000004754e+01 2.194455744489473670e+00
1.279000000000004711e+01 2.248535200958130087e+00
1.281000000000004668e+01 2.163822088446177183e+00
1.283000000000004626e+01 2.133416520290490226e+00
1.285000000000004583e+01 2.144346958323660957e+00
1.287000000000004540e+01 2.162855090635346755e+00
1.289000000000004498e+01 2.103484134472911382e+00
1.291000000000004455e+01 2.085124487265724635e+00
1.293000000000004412e+01 2.042046389257683447e+00
1.295000000000004370e+01 2.023116419743537175e+00
1.297000000000004327e+01 2.014599743759202699e+00
1.299000000000004285e+01 2.013873881495441776e+00
1.301000000000004242e+01 1.943630347246482870e+00
1.303000000000004199e+01 1.921306084232074163e+00
1.305000000000004157e+01 1.894930475849602836e+00
1.307000000000004114e+01 1.881518328105621363e+00
1.309000000000004071e+01 1.912949918281509731e+00
1.311000000000004029e+01 1.815517656280588366e+00
1.313000000000003986e+01 1.790065259349830962e+00
1.315000000000003944e+01 1.722496360008353600e+00
1.317000000000003901e+01 1.719999510942042731e+00
1.319000000000003858e+01 1.745694658930852627e+00
1.321000000000003816e+01 1.658538780760920428e+00
1.323000000000003773e+01 1.628541143288759763e+00
1.325000000000003730e+01 1.634262938154379174e+00
1.327000000000003688e+01 1.562696665323138667e+00
1.329000000000003645e+01 1.557720574957941251e+00
1.331000000000003602e+01 1.539932162120283943e+00
1.333000000000003560e+01 1.497517457087092385e+00
1.335000000000003517e+01 1.451802134176958470e+00
1.337000000000003475e+01 1.451928261302400713e+00
1.339000000000003432e+01 1.381242259316166177e+00
1.341000000000003389e+01 1.370189652703176941e+00
1.343000000000003347e+01 1.341007812734359428e+00
1.345000000000003304e+01 1.318092059599033306e+00
1.347000000000003261e+01 1.301525152202314572e+00
1.349000000000003219e+01 1.250054694661103971e+00
1.351000000000003176e+01 1.242051387240041382e+00
1.353000000000003133e+01 1.209831605046448155e+00
1.355000000000003091e+01 1.146188185340992538e+00
1.357000000000003048e+01 1.151393176265322227e+00
1.359000000000003006e+01 1.097862981909335511e+00
1.361000000000002963e+01 1.076377537760105474e+00
1.363000000000002920e+01 1.022445076155463317e+00
1.365000000000002878e+01 1.000795170857200933e+00
1.367000000000002835e+01 9.784690121170308563e-01
1.369000000000002792e+01 9.528045057225763559e-01
1.371000000000002750e+01 9.192673743134609499e-01
1.373000000000002707e+01 9.210641316885149754e-01
1.375000000000002665e+01 8.936555358076743172e-01
1.377000000000002622e+01 8.276339353197218474e-01
1.379000000000002579e+01 8.126123156423930016e-01
1.381000000000002537e+01 7.684580910937343079e-01
1.383000000000002494e+01 7.628911749345695936e-01
1.385000000000002451e+01 7.517548345297699885e-01
1.387000000000002409e+01 6.873764612217868608e-01
1.389000000000002366e+01 6.579892155339571724e-01
1.391000000000002323e+01 6.245461275063338702e-01
1.393000000000002281e+01 6.238513666517236933e-01
1.395000000000002238e+01 5.733918904654154991e-01
1.397000000000002196e+01 5.620478192244177107e-01
1.399000000000002153e+01 4.950724397377145869e-01
1.401000000000002110e+01 5.215052158155218942e-01
1.403000000000002068e+01 4.487432377385062177e-01
1.405000000000002025e+01 4.300004844845706775e-01
1.407000000000001982e+01 3.896904223768555831e-01
1.409000000000001940e+01 3.163092448871087092e-01
1.411000000000001897e+01 3.292504264192637753e-01
1.413000000000001855e+01 2.919535249967883939e-01
1.415000000000001812e+01 2.696618121716058414e-01
1.417000000000001769e+01 2.548457808985932771e-01
1.419000000000001727e+01 2.433723046271968338e-01
1.421000000000001684e+01 2.390609117137882655e-01
1.423000000000001641e+01 2.181937401910147567e-01
1.425000000000001599e+01 2.018650851107160193e-01
1.427000000000001556e+01 1.899912062304216498e-01
1.429000000000001513e+01 1.708241008091885282e-01
1.431000000000001471e+01 1.781001272432657379e-01
1.433000000000001428e+01 1.609642802951259943e-01
1.435000000000001386e+01 1.714855246474922823e-01
1.437000000000001343e+01 1.543545433404845957e-01
1.439000000000001300e+01 1.479908921811931566e-01
1.441000000000001258e+01 1.365090910119466650e-01
1.443000000000001215e+01 1.356548870832249565e-01
1.445000000000001172e+01 1.294971985227836297e-01
1.447000000000001130e+01 1.343205620123116284e-01
1.449000000000001087e+01 1.309293740431533015e-01
1.451000000000001044e+01 1.329070531851503090e-01
1.453000000000001002e+01 1.185839419323492239e-01
1.455000000000000959e+01 1.152616645224494307e-01
1.457000000000000917e+01 1.036734011284082685e-01
1.459000000000000874e+01 7.801907880994851663e-02
1.461000000000000831e+01 4.152448475610258372e-02
1.463000000000000789e+01 1.664888044191554367e-02
1.465000000000000746e+01 5.439234733951968902e-03
1.467000000000000703e+01 2.714078698559079482e-03
1.469000000000000661e+01 1.976606896676942834e-07
1.471000000000000618e+01 1.839993701194067615e-07
1.473000000000000576e+01 0.000000000000000000e+00
1.475000000000000533e+01 0.000000000000000000e+00
1.477000000000000490e+01 0.000000000000000000e+00
1.479000000000000448e+01 0.000000000000000000e+00
1.481000000000000405e+01 0.000000000000000000e+00
1.483000000000000362e+01 0.000000000000000000e+00
1.485000000000000320e+01 0.000000000000000000e+00
1.487000000000000277e+01 0.000000000000000000e+00
1.489000000000000234e+01 0.000000000000000000e+00
1.491000000000000192e+01 0.000000000000000000e+00
1.493000000000000149e+01 0.000000000000000000e+00
1.495000000000000107e+01 0.000000000000000000e+00
1.497000000000000064e+01 0.000000000000000000e+00
1.499000000000000021e+01 0.000000000000000000e+00
