# Redshift		Merger Rate Density [Gpc^-3yr^-1]
1.000000000031931770e-02 2.177868618225937070e+01
3.000000000031888964e-02 2.222542953982067004e+01
5.000000000031846331e-02 2.298542417196299681e+01
7.000000000031804392e-02 2.286499197030445174e+01
9.000000000031761760e-02 2.334196689086100918e+01
1.100000000003171913e-01 2.344117265301041542e+01
1.300000000003167511e-01 2.347442138608258588e+01
1.500000000003163247e-01 2.401508634444402190e+01
1.700000000003158984e-01 2.452674402776291274e+01
1.900000000003154721e-01 2.509189763627085767e+01
2.100000000003150458e-01 2.551991845337441944e+01
2.300000000003146194e-01 2.596495233581371664e+01
2.500000000003141931e-01 2.666465005909291364e+01
2.700000000003137668e-01 2.749341943900762075e+01
2.900000000003133405e-01 2.755959816916345773e+01
3.100000000003129141e-01 2.795020893710633914e+01
3.300000000003124878e-01 2.806930681970197483e+01
3.500000000003120615e-01 2.842950857542307830e+01
3.700000000003116352e-01 2.869643435917924279e+01
3.900000000003112088e-01 2.908475784048832224e+01
4.100000000003107825e-01 2.893421022180580238e+01
4.300000000003103562e-01 2.960315259721678416e+01
4.500000000003099299e-01 2.983640329786684831e+01
4.700000000003095035e-01 3.009446087274919179e+01
4.900000000003090772e-01 3.048723874034613246e+01
5.100000000003086509e-01 3.106081347905766066e+01
5.300000000003082246e-01 3.126872241017004939e+01
5.500000000003077982e-01 3.145788449183539015e+01
5.700000000003073719e-01 3.215971016950414452e+01
5.900000000003069456e-01 3.247791861231664257e+01
6.100000000003065193e-01 3.325393408456840660e+01
6.300000000003060929e-01 3.405723315333800372e+01
6.500000000003056666e-01 3.428591449578749462e+01
6.700000000003052403e-01 3.515117801450499257e+01
6.900000000003048140e-01 3.565853245774027158e+01
7.100000000003043876e-01 3.588566367393276835e+01
7.300000000003039613e-01 3.616049227911040020e+01
7.500000000003035350e-01 3.710120666478336204e+01
7.700000000003031086e-01 3.699923935003243969e+01
7.900000000003026823e-01 3.813110389503088982e+01
8.100000000003022560e-01 3.816459550336067252e+01
8.300000000003018297e-01 3.832376785509971739e+01
8.500000000003014033e-01 3.885353510539267319e+01
8.700000000003009770e-01 3.966328844513099483e+01
8.900000000003005507e-01 3.953825969990690226e+01
9.100000000003001244e-01 3.976602728369315543e+01
9.300000000002996980e-01 4.060277533252357784e+01
9.500000000002992717e-01 4.076528548458632173e+01
9.700000000002988454e-01 4.131254926361683033e+01
9.900000000002984191e-01 4.152732122584981056e+01
1.010000000000297993e+00 4.250410415004136411e+01
1.030000000000297566e+00 4.222514679607697019e+01
1.050000000000297140e+00 4.310163129323612452e+01
1.070000000000296714e+00 4.330481815463772222e+01
1.090000000000296287e+00 4.423362063599220306e+01
1.110000000000295861e+00 4.458636915427212699e+01
1.130000000000295435e+00 4.458411733962111612e+01
1.150000000000295008e+00 4.483626066443611791e+01
1.170000000000294582e+00 4.567112022113430925e+01
1.190000000000294156e+00 4.602525634341443350e+01
1.210000000000293729e+00 4.566368272480698920e+01
1.230000000000293303e+00 4.650358273507669793e+01
1.250000000000292877e+00 4.620991193577732048e+01
1.270000000000292451e+00 4.735395580393127091e+01
1.290000000000292024e+00 4.710566879732354550e+01
1.310000000000291598e+00 4.669982368816533125e+01
1.330000000000291172e+00 4.780695718865774069e+01
1.350000000000290745e+00 4.762863121488530993e+01
1.370000000000290319e+00 4.816393042266260949e+01
1.390000000000289893e+00 4.776360520265218668e+01
1.410000000000289466e+00 4.825540231150665704e+01
1.430000000000289040e+00 4.844160337058936960e+01
1.450000000000288614e+00 4.883189743588677345e+01
1.470000000000288187e+00 4.818879203400514655e+01
1.490000000000287761e+00 4.811637962266492963e+01
1.510000000000287335e+00 4.885453262715271450e+01
1.530000000000286908e+00 4.913352739845777251e+01
1.550000000000286482e+00 4.883530994858132601e+01
1.570000000000286056e+00 4.840600339071229286e+01
1.590000000000285629e+00 4.943926911525503698e+01
1.610000000000285203e+00 4.983021490663585240e+01
1.630000000000284777e+00 4.917453632228982485e+01
1.650000000000284350e+00 4.906154423198685777e+01
1.670000000000283924e+00 4.924829979833438642e+01
1.690000000000283498e+00 4.936260862557601570e+01
1.710000000000283071e+00 4.989756894662912146e+01
1.730000000000282645e+00 4.937551040825835713e+01
1.750000000000282219e+00 4.887804837045763406e+01
1.770000000000281792e+00 4.957813676897139032e+01
1.790000000000281366e+00 4.853958959748389645e+01
1.810000000000280940e+00 4.937345916391883804e+01
1.830000000000280513e+00 4.845836636292699495e+01
1.850000000000280087e+00 5.008332219354399939e+01
1.870000000000279661e+00 4.846536226252815283e+01
1.890000000000279234e+00 4.862683139202119520e+01
1.910000000000278808e+00 4.813694758294749931e+01
1.930000000000278382e+00 4.881035460411839466e+01
1.950000000000277955e+00 4.888229406294192358e+01
1.970000000000277529e+00 4.850407069095579260e+01
1.990000000000277103e+00 4.796635477635550870e+01
2.010000000000276899e+00 4.832831505299711239e+01
2.030000000000276472e+00 4.764695135037447216e+01
2.050000000000276046e+00 4.750869611384269575e+01
2.070000000000275620e+00 4.804154783977246268e+01
2.090000000000275193e+00 4.707306877748163743e+01
2.110000000000274767e+00 4.692450151828574434e+01
2.130000000000274341e+00 4.691000026581828308e+01
2.150000000000273914e+00 4.610173089064434038e+01
2.170000000000273488e+00 4.682799098352960954e+01
2.190000000000273062e+00 4.654108519634108632e+01
2.210000000000272635e+00 4.593886735794066567e+01
2.230000000000272209e+00 4.509715792396556822e+01
2.250000000000271783e+00 4.482038086020750001e+01
2.270000000000271356e+00 4.533279472127836840e+01
2.290000000000270930e+00 4.450415463091199797e+01
2.310000000000270504e+00 4.422156277911048505e+01
2.330000000000270077e+00 4.373496465551508550e+01
2.350000000000269651e+00 4.289774733806598306e+01
2.370000000000269225e+00 4.337118466673621953e+01
2.390000000000268798e+00 4.243487228950446166e+01
2.410000000000268372e+00 4.279087223012457031e+01
2.430000000000267946e+00 4.171620362371408675e+01
2.450000000000267519e+00 4.133046463367654866e+01
2.470000000000267093e+00 4.136241443922946814e+01
2.490000000000266667e+00 4.059758509512321467e+01
2.510000000000266240e+00 4.012486410953923155e+01
2.530000000000265814e+00 4.072787213255554661e+01
2.550000000000265388e+00 4.011631625119682099e+01
2.570000000000264961e+00 3.901125021818307914e+01
2.590000000000264535e+00 3.897739578238670077e+01
2.610000000000264109e+00 3.868664403740641689e+01
2.630000000000263682e+00 3.807033341878857868e+01
2.650000000000263256e+00 3.803657641405104073e+01
2.670000000000262830e+00 3.704369757108059957e+01
2.690000000000262403e+00 3.706344452717078042e+01
2.710000000000261977e+00 3.688900235737474986e+01
2.730000000000261551e+00 3.621347531683117893e+01
2.750000000000261124e+00 3.611552896175923166e+01
2.770000000000260698e+00 3.584474829499002624e+01
2.790000000000260272e+00 3.535802209183616185e+01
2.810000000000259845e+00 3.428849189283717891e+01
2.830000000000259419e+00 3.519452002089258968e+01
2.850000000000258993e+00 3.411368387979788253e+01
2.870000000000258567e+00 3.364649809216007270e+01
2.890000000000258140e+00 3.380387596770766834e+01
2.910000000000257714e+00 3.319682997482130560e+01
2.930000000000257288e+00 3.337995005627369238e+01
2.950000000000256861e+00 3.203994202849771256e+01
2.970000000000256435e+00 3.242513358402007384e+01
2.990000000000256009e+00 3.151149511688401361e+01
3.010000000000255582e+00 3.133838393243260256e+01
3.030000000000255156e+00 3.174628423647871855e+01
3.050000000000254730e+00 3.058993745030234379e+01
3.070000000000254303e+00 3.097741641985291139e+01
3.090000000000253877e+00 3.068141361789329480e+01
3.110000000000253451e+00 3.026484329189331746e+01
3.130000000000253024e+00 2.999483030958479546e+01
3.150000000000252598e+00 2.925853140016907972e+01
3.170000000000252172e+00 2.916340299844588912e+01
3.190000000000251745e+00 2.891709057778421510e+01
3.210000000000251319e+00 2.848170305933458124e+01
3.230000000000250893e+00 2.872654838972009017e+01
3.250000000000250466e+00 2.782186589284527045e+01
3.270000000000250040e+00 2.799424137856030725e+01
3.290000000000249614e+00 2.758719227713797295e+01
3.310000000000249187e+00 2.718273915989253808e+01
3.330000000000248761e+00 2.719926935005391400e+01
3.350000000000248335e+00 2.680233717518250103e+01
3.370000000000247908e+00 2.615810212757799391e+01
3.390000000000247482e+00 2.612015609253074189e+01
3.410000000000247056e+00 2.600302622293036592e+01
3.430000000000246629e+00 2.561673755238951244e+01
3.450000000000246203e+00 2.559431323821529247e+01
3.470000000000245777e+00 2.534059933748306648e+01
3.490000000000245350e+00 2.515630464942611511e+01
3.510000000000244924e+00 2.461463463422758835e+01
3.530000000000244498e+00 2.451550379243354172e+01
3.550000000000244071e+00 2.436665237986613874e+01
3.570000000000243645e+00 2.381741149000749047e+01
3.590000000000243219e+00 2.383867641687043104e+01
3.610000000000242792e+00 2.408704780393015099e+01
3.630000000000242366e+00 2.339564016351900833e+01
3.650000000000241940e+00 2.307770141885050208e+01
3.670000000000241513e+00 2.297038190835179350e+01
3.690000000000241087e+00 2.239511290806773403e+01
3.710000000000240661e+00 2.262816178080110774e+01
3.730000000000240234e+00 2.249572059080116659e+01
3.750000000000239808e+00 2.217317033949774085e+01
3.770000000000239382e+00 2.221637646894232887e+01
3.790000000000238956e+00 2.154986927781130746e+01
3.810000000000238529e+00 2.175790647095730179e+01
3.830000000000238103e+00 2.125016618829769399e+01
3.850000000000237677e+00 2.165501749281951760e+01
3.870000000000237250e+00 2.097811589975797375e+01
3.890000000000236824e+00 2.093878252788213956e+01
3.910000000000236398e+00 2.106942926966718943e+01
3.930000000000235971e+00 2.064605172945453049e+01
3.950000000000235545e+00 2.071860761141670082e+01
3.970000000000235119e+00 2.061739578163735942e+01
3.990000000000234692e+00 2.000716489706545076e+01
4.010000000000234266e+00 2.031534021581810734e+01
4.030000000000233840e+00 2.008817903835251428e+01
4.050000000000233413e+00 1.982491779638758445e+01
4.070000000000232987e+00 1.984020611367905573e+01
4.090000000000232561e+00 1.957958284347515843e+01
4.110000000000232134e+00 1.913679399374857937e+01
4.130000000000231708e+00 1.954578410345077799e+01
4.150000000000231282e+00 1.892560784820450337e+01
4.170000000000230855e+00 1.924725203414134000e+01
4.190000000000230429e+00 1.910229729535330634e+01
4.210000000000230003e+00 1.891209485100469578e+01
4.230000000000229576e+00 1.838601883451108776e+01
4.250000000000229150e+00 1.872733009355087574e+01
4.270000000000228724e+00 1.844977522379049617e+01
4.290000000000228297e+00 1.839002647997709161e+01
4.310000000000227871e+00 1.837808691101587399e+01
4.330000000000227445e+00 1.825774179863376645e+01
4.350000000000227018e+00 1.785848682646903640e+01
4.370000000000226592e+00 1.785476585558980034e+01
4.390000000000226166e+00 1.771490449765283515e+01
4.410000000000225739e+00 1.746964945809438419e+01
4.430000000000225313e+00 1.763628206759423378e+01
4.450000000000224887e+00 1.733628559670763991e+01
4.470000000000224460e+00 1.720636154154014008e+01
4.490000000000224034e+00 1.706669333234949093e+01
4.510000000000223608e+00 1.721488347015728948e+01
4.530000000000223181e+00 1.678991283635902221e+01
4.550000000000222755e+00 1.694848363369365174e+01
4.570000000000222329e+00 1.659112883037707675e+01
4.590000000000221902e+00 1.677070423616541106e+01
4.610000000000221476e+00 1.666964392688671381e+01
4.630000000000221050e+00 1.638282201676334893e+01
4.650000000000220624e+00 1.635215395889386869e+01
4.670000000000220197e+00 1.622129390542884408e+01
4.690000000000219771e+00 1.619653613867785680e+01
4.710000000000219345e+00 1.604709255905915555e+01
4.730000000000218918e+00 1.609052989600165873e+01
4.750000000000218492e+00 1.573957318463623167e+01
4.770000000000218066e+00 1.588096823557196124e+01
4.790000000000217639e+00 1.546810917743120584e+01
4.810000000000217213e+00 1.552276848880012672e+01
4.830000000000216787e+00 1.565427638478236005e+01
4.850000000000216360e+00 1.530798295170121293e+01
4.870000000000215934e+00 1.532903167276278822e+01
4.890000000000215508e+00 1.522974135079522284e+01
4.910000000000215081e+00 1.501515044888804340e+01
4.930000000000214655e+00 1.506146547964178417e+01
4.950000000000214229e+00 1.499569927290099614e+01
4.970000000000213802e+00 1.486584347006232854e+01
4.990000000000213376e+00 1.476069850825519936e+01
5.010000000000212950e+00 1.473325572542185924e+01
5.030000000000212523e+00 1.444522036144414301e+01
5.050000000000212097e+00 1.441612857373766587e+01
5.070000000000211671e+00 1.471229628455579075e+01
5.090000000000211244e+00 1.444887588269058298e+01
5.110000000000210818e+00 1.412423822431222398e+01
5.130000000000210392e+00 1.408415748056219208e+01
5.150000000000209965e+00 1.434357631371673136e+01
5.170000000000209539e+00 1.406924498611878072e+01
5.190000000000209113e+00 1.401231329876733867e+01
5.210000000000208686e+00 1.388416187903683507e+01
5.230000000000208260e+00 1.378324923890902909e+01
5.250000000000207834e+00 1.372950323084516810e+01
5.270000000000207407e+00 1.387134802651261190e+01
5.290000000000206981e+00 1.363961905164307353e+01
5.310000000000206555e+00 1.338997340820121451e+01
5.330000000000206128e+00 1.374405118750109267e+01
5.350000000000205702e+00 1.332226266511618995e+01
5.370000000000205276e+00 1.334391322617345033e+01
5.390000000000204849e+00 1.340948711714387720e+01
5.410000000000204423e+00 1.308403237809563358e+01
5.430000000000203997e+00 1.319561549084733798e+01
5.450000000000203570e+00 1.314274729354582405e+01
5.470000000000203144e+00 1.291057775185420908e+01
5.490000000000202718e+00 1.294473986874438154e+01
5.510000000000202292e+00 1.284703545309691641e+01
5.530000000000201865e+00 1.294940549910550764e+01
5.550000000000201439e+00 1.273093862313470304e+01
5.570000000000201013e+00 1.286562701123199126e+01
5.590000000000200586e+00 1.280863582177095417e+01
5.610000000000200160e+00 1.264977664531849832e+01
5.630000000000199734e+00 1.258365992891997820e+01
5.650000000000199307e+00 1.251884011404700736e+01
5.670000000000198881e+00 1.261830735224813616e+01
5.690000000000198455e+00 1.241188493439981855e+01
5.710000000000198028e+00 1.228235141382528006e+01
5.730000000000197602e+00 1.239237396911489775e+01
5.750000000000197176e+00 1.214872163823581985e+01
5.770000000000196749e+00 1.207063933799204491e+01
5.790000000000196323e+00 1.217122578925001442e+01
5.810000000000195897e+00 1.209720492336889919e+01
5.830000000000195470e+00 1.192987796308554493e+01
5.850000000000195044e+00 1.208803850513307232e+01
5.870000000000194618e+00 1.198728971238088903e+01
5.890000000000194191e+00 1.180263055685229112e+01
5.910000000000193765e+00 1.171488151615382023e+01
5.930000000000193339e+00 1.174264143129111559e+01
5.950000000000192912e+00 1.204730803960685037e+01
5.970000000000192486e+00 1.168742133689594631e+01
5.990000000000192060e+00 1.152408541045561563e+01
6.010000000000191633e+00 1.173269574412906380e+01
6.030000000000191207e+00 1.155911634636518492e+01
6.050000000000190781e+00 1.175929374813417105e+01
6.070000000000190354e+00 1.135783822406254728e+01
6.090000000000189928e+00 1.144738506318995697e+01
6.110000000000189502e+00 1.142769616105846531e+01
6.130000000000189075e+00 1.134959677798021360e+01
6.150000000000188649e+00 1.130966543032214133e+01
6.170000000000188223e+00 1.150376677974282735e+01
6.190000000000187796e+00 1.126120639712808114e+01
6.210000000000187370e+00 1.096905011618976289e+01
6.230000000000186944e+00 1.136533307688218919e+01
6.250000000000186517e+00 1.106827717353518636e+01
6.270000000000186091e+00 1.116060761178979455e+01
6.290000000000185665e+00 1.105169201390559763e+01
6.310000000000185238e+00 1.124735478291054314e+01
6.330000000000184812e+00 1.089590581217966303e+01
6.350000000000184386e+00 1.085635579785341420e+01
6.370000000000183960e+00 1.080770366679398720e+01
6.390000000000183533e+00 1.103082375470070531e+01
6.410000000000183107e+00 1.091388176590601056e+01
6.430000000000182681e+00 1.090320619241395228e+01
6.450000000000182254e+00 1.075784905797597091e+01
6.470000000000181828e+00 1.067877047994898732e+01
6.490000000000181402e+00 1.084317699590562611e+01
6.510000000000180975e+00 1.058724501129917073e+01
6.530000000000180549e+00 1.073343457256169842e+01
6.550000000000180123e+00 1.070149988905038008e+01
6.570000000000179696e+00 1.051650687562262476e+01
6.590000000000179270e+00 1.072338563542967904e+01
6.610000000000178844e+00 1.045837880706795886e+01
6.630000000000178417e+00 1.044980397501096903e+01
6.650000000000177991e+00 1.038669218818665740e+01
6.670000000000177565e+00 1.040641923971311833e+01
6.690000000000177138e+00 1.041231194562965712e+01
6.710000000000176712e+00 1.041182485398463875e+01
6.730000000000176286e+00 1.040886444728223559e+01
6.750000000000175859e+00 1.037683326097504732e+01
6.770000000000175433e+00 1.030341886362187687e+01
6.790000000000175007e+00 1.033663762306369627e+01
6.810000000000174580e+00 1.015004501228899336e+01
6.830000000000174154e+00 1.019639284030414750e+01
6.850000000000173728e+00 1.016213787214553932e+01
6.870000000000173301e+00 1.013958491670152817e+01
6.890000000000172875e+00 9.952030069208319674e+00
6.910000000000172449e+00 1.002151986172422227e+01
6.930000000000172022e+00 9.909526037715760793e+00
6.950000000000171596e+00 1.002655647829758223e+01
6.970000000000171170e+00 1.001808316376903285e+01
6.990000000000170743e+00 9.980429314875221891e+00
7.010000000000170317e+00 9.827903403806915961e+00
7.030000000000169891e+00 1.007641863526271031e+01
7.050000000000169464e+00 9.898828309080302645e+00
7.070000000000169038e+00 9.767706554640403382e+00
7.090000000000168612e+00 9.886861643497990570e+00
7.110000000000168185e+00 9.833033529853130617e+00
7.130000000000167759e+00 9.719676894249802857e+00
7.150000000000167333e+00 9.718254641650601044e+00
7.170000000000166906e+00 9.707120902869284862e+00
7.190000000000166480e+00 9.693360976928866890e+00
7.210000000000166054e+00 9.614237129302440010e+00
7.230000000000165628e+00 9.660601229939153711e+00
7.250000000000165201e+00 9.512375332349154888e+00
7.270000000000164775e+00 9.516932844701177174e+00
7.290000000000164349e+00 9.408836857841750501e+00
7.310000000000163922e+00 9.577298905493806913e+00
7.330000000000163496e+00 9.451245229172110740e+00
7.350000000000163070e+00 9.506895829363509520e+00
7.370000000000162643e+00 9.443886513290294715e+00
7.390000000000162217e+00 9.524728324651965394e+00
7.410000000000161791e+00 9.253938367096813167e+00
7.430000000000161364e+00 9.370600278532911886e+00
7.450000000000160938e+00 9.337898250657737265e+00
7.470000000000160512e+00 9.239628764839965314e+00
7.490000000000160085e+00 9.345662645983303207e+00
7.510000000000159659e+00 9.351236966454553823e+00
7.530000000000159233e+00 9.197923825211265836e+00
7.550000000000158806e+00 9.237371466573573997e+00
7.570000000000158380e+00 9.241723997350275610e+00
7.590000000000157954e+00 9.172727078038594328e+00
7.610000000000157527e+00 9.129335201220786900e+00
7.630000000000157101e+00 9.159136053501089947e+00
7.650000000000156675e+00 9.150317282117230278e+00
7.670000000000156248e+00 9.060419133898102828e+00
7.690000000000155822e+00 9.034843507641614480e+00
7.710000000000155396e+00 9.013845528498015014e+00
7.730000000000154969e+00 8.991868898325362736e+00
7.750000000000154543e+00 8.971150612699606341e+00
7.770000000000154117e+00 8.941504979777191053e+00
7.790000000000153690e+00 8.922306608183587784e+00
7.810000000000153264e+00 8.952853315851340810e+00
7.830000000000152838e+00 8.961334432004093742e+00
7.850000000000152411e+00 9.010558163347811345e+00
7.870000000000151985e+00 8.833893822232726123e+00
7.890000000000151559e+00 8.927812661533858218e+00
7.910000000000151132e+00 8.802447932740303571e+00
7.930000000000150706e+00 8.770388597907436079e+00
7.950000000000150280e+00 8.823446638569270917e+00
7.970000000000149853e+00 8.781766289947432469e+00
7.990000000000149427e+00 8.852418680016150176e+00
8.010000000000149001e+00 8.701256379098829541e+00
8.030000000000148574e+00 8.801559090447304001e+00
8.050000000000148148e+00 8.824118812390960187e+00
8.070000000000147722e+00 8.667835527607563151e+00
8.090000000000147296e+00 8.695218181955526759e+00
8.110000000000146869e+00 8.718973587363533895e+00
8.130000000000146443e+00 8.658410836231345442e+00
8.150000000000146017e+00 8.668871541735157393e+00
8.170000000000145590e+00 8.585112721027444493e+00
8.190000000000145164e+00 8.694266498787074582e+00
8.210000000000144738e+00 8.555543183351980829e+00
8.230000000000144311e+00 8.471532197666139297e+00
8.250000000000143885e+00 8.590891354338870300e+00
8.270000000000143459e+00 8.550965012936194043e+00
8.290000000000143032e+00 8.609272189650404528e+00
8.310000000000142606e+00 8.479900781133046905e+00
8.330000000000142180e+00 8.517066553148007202e+00
8.350000000000141753e+00 8.457605257031936219e+00
8.370000000000141327e+00 8.497107043129433990e+00
8.390000000000140901e+00 8.391214844393411809e+00
8.410000000000140474e+00 8.514393933815911808e+00
8.430000000000140048e+00 8.416567100126739476e+00
8.450000000000139622e+00 8.401578003359396973e+00
8.470000000000139195e+00 8.400757898611139751e+00
8.490000000000138769e+00 8.449620637701615422e+00
8.510000000000138343e+00 8.294101528633158082e+00
8.530000000000137916e+00 8.327548919001182881e+00
8.550000000000137490e+00 8.346850207016984768e+00
8.570000000000137064e+00 8.289276788774946780e+00
8.590000000000136637e+00 8.382903911511810691e+00
8.610000000000136211e+00 8.266924984610533045e+00
8.630000000000135785e+00 8.334094697283141784e+00
8.650000000000135358e+00 8.283116083703323085e+00
8.670000000000134932e+00 8.280772955119855894e+00
8.690000000000134506e+00 8.248005281475641937e+00
8.710000000000134079e+00 8.203968087690606481e+00
8.730000000000133653e+00 8.250828388485276221e+00
8.750000000000133227e+00 8.182093691963856941e+00
8.770000000000132800e+00 8.190735261891383345e+00
8.790000000000132374e+00 8.161001997293764632e+00
8.810000000000131948e+00 8.158104282388373818e+00
8.830000000000131521e+00 8.130052515845752836e+00
8.850000000000131095e+00 8.071807207761436231e+00
8.870000000000130669e+00 8.069992926258668930e+00
8.890000000000130242e+00 8.203748759051565642e+00
8.910000000000129816e+00 8.068407528278033425e+00
8.930000000000129390e+00 8.031250362635525164e+00
8.950000000000128964e+00 8.041186392418886442e+00
8.970000000000128537e+00 8.109043142144223282e+00
8.990000000000128111e+00 7.964843715557409887e+00
9.010000000000127685e+00 7.995142534764824838e+00
9.030000000000127258e+00 7.941128882418672319e+00
9.050000000000126832e+00 7.984283798980724711e+00
9.070000000000126406e+00 7.955292654635925942e+00
9.090000000000125979e+00 7.888631581308223062e+00
9.110000000000125553e+00 7.888583210460367034e+00
9.130000000000125127e+00 7.924774071038783063e+00
9.150000000000124700e+00 7.842653782455161426e+00
9.170000000000124274e+00 7.832535282231467555e+00
9.190000000000123848e+00 7.820194234233955655e+00
9.210000000000123421e+00 7.881050838250629020e+00
9.230000000000122995e+00 7.826404377846296612e+00
9.250000000000122569e+00 7.818686727074219966e+00
9.270000000000122142e+00 7.791422719055154822e+00
9.290000000000121716e+00 7.777405808420946087e+00
9.310000000000121290e+00 7.716396874309539022e+00
9.330000000000120863e+00 7.675792721109408134e+00
9.350000000000120437e+00 7.700012237694526362e+00
9.370000000000120011e+00 7.718323943267931142e+00
9.390000000000119584e+00 7.695586218238586795e+00
9.410000000000119158e+00 7.590443509109575437e+00
9.430000000000118732e+00 7.643235502307782703e+00
9.450000000000118305e+00 7.586632627519778183e+00
9.470000000000117879e+00 7.544995090476199096e+00
9.490000000000117453e+00 7.552851161703238780e+00
9.510000000000117026e+00 7.528885205772032130e+00
9.530000000000116600e+00 7.563144886740330364e+00
9.550000000000116174e+00 7.489735202175517692e+00
9.570000000000115747e+00 7.558856144221744344e+00
9.590000000000115321e+00 7.480694555929177980e+00
9.610000000000114895e+00 7.468918160326643907e+00
9.630000000000114468e+00 7.392380528486197200e+00
9.650000000000114042e+00 7.398803026942434080e+00
9.670000000000113616e+00 7.340493063019391862e+00
9.690000000000113189e+00 7.391477467793216682e+00
9.710000000000112763e+00 7.338197328934087160e+00
9.730000000000112337e+00 7.340956714430801000e+00
9.750000000000111910e+00 7.336044062884696793e+00
9.770000000000111484e+00 7.311746424243051656e+00
9.790000000000111058e+00 7.225002587465989556e+00
9.810000000000110632e+00 7.175853292640153924e+00
9.830000000000110205e+00 7.233823411351091970e+00
9.850000000000109779e+00 7.171805154428388285e+00
9.870000000000109353e+00 7.174034869167751793e+00
9.890000000000108926e+00 7.179373135172463449e+00
9.910000000000108500e+00 7.152584730293570559e+00
9.930000000000108074e+00 7.090708449179655481e+00
9.950000000000107647e+00 7.067551113571747479e+00
9.970000000000107221e+00 7.037596637309308178e+00
9.990000000000106795e+00 7.038871838063490927e+00
1.001000000000010637e+01 6.997159105277752644e+00
1.003000000000010594e+01 6.975455031089873081e+00
1.005000000000010552e+01 6.940859401653572291e+00
1.007000000000010509e+01 6.940194573615840135e+00
1.009000000000010466e+01 7.004737781590772094e+00
1.011000000000010424e+01 6.856953064410930665e+00
1.013000000000010381e+01 6.896154709743529843e+00
1.015000000000010338e+01 6.859049541863319277e+00
1.017000000000010296e+01 6.810724674235827614e+00
1.019000000000010253e+01 6.766049564132113225e+00
1.021000000000010210e+01 6.731528671356206139e+00
1.023000000000010168e+01 6.791905393796747070e+00
1.025000000000010125e+01 6.705242026026260405e+00
1.027000000000010083e+01 6.693774550589205674e+00
1.029000000000010040e+01 6.688456787533176851e+00
1.031000000000009997e+01 6.635215333696809381e+00
1.033000000000009955e+01 6.560682816412393592e+00
1.035000000000009912e+01 6.616984565029357057e+00
1.037000000000009869e+01 6.594784307099578413e+00
1.039000000000009827e+01 6.500349530865183745e+00
1.041000000000009784e+01 6.552674042582871117e+00
1.043000000000009742e+01 6.491002488187687547e+00
1.045000000000009699e+01 6.453443291731514542e+00
1.047000000000009656e+01 6.443241525079983489e+00
1.049000000000009614e+01 6.429724371188456189e+00
1.051000000000009571e+01 6.442409435560844777e+00
1.053000000000009528e+01 6.356833258855847824e+00
1.055000000000009486e+01 6.310005783563022774e+00
1.057000000000009443e+01 6.266070749808229756e+00
1.059000000000009400e+01 6.287437006196019418e+00
1.061000000000009358e+01 6.259658624070500998e+00
1.063000000000009315e+01 6.235321352816669105e+00
1.065000000000009273e+01 6.232940720669764900e+00
1.067000000000009230e+01 6.149184118035027957e+00
1.069000000000009187e+01 6.126181434645504353e+00
1.071000000000009145e+01 6.105809536339507737e+00
1.073000000000009102e+01 6.092444477549725512e+00
1.075000000000009059e+01 6.051393756162079640e+00
1.077000000000009017e+01 5.963984724887828826e+00
1.079000000000008974e+01 6.048619169811189522e+00
1.081000000000008932e+01 5.968976014451564893e+00
1.083000000000008889e+01 5.989910764679581057e+00
1.085000000000008846e+01 5.916249180936891783e+00
1.087000000000008804e+01 5.875712080571925178e+00
1.089000000000008761e+01 5.828230405965067362e+00
1.091000000000008718e+01 5.814531390189011439e+00
1.093000000000008676e+01 5.820772383948434658e+00
1.095000000000008633e+01 5.809976919218231117e+00
1.097000000000008590e+01 5.742599589130594318e+00
1.099000000000008548e+01 5.702676442385315347e+00
1.101000000000008505e+01 5.654506179573259850e+00
1.103000000000008463e+01 5.671094291558904210e+00
1.105000000000008420e+01 5.651379800345456061e+00
1.107000000000008377e+01 5.648492001304525445e+00
1.109000000000008335e+01 5.640144646195270006e+00
1.111000000000008292e+01 5.551516293839007687e+00
1.113000000000008249e+01 5.500993347925870580e+00
1.115000000000008207e+01 5.529685775766758127e+00
1.117000000000008164e+01 5.512210891321969619e+00
1.119000000000008122e+01 5.428991706997227773e+00
1.121000000000008079e+01 5.407299338262823163e+00
1.123000000000008036e+01 5.370088560784581411e+00
1.125000000000007994e+01 5.411628603662502535e+00
1.127000000000007951e+01 5.357853637132487634e+00
1.129000000000007908e+01 5.340825923525901686e+00
1.131000000000007866e+01 5.332902949002177095e+00
1.133000000000007823e+01 5.261564572527991146e+00
1.135000000000007780e+01 5.284634803411295323e+00
1.137000000000007738e+01 5.222671665047680989e+00
1.139000000000007695e+01 5.240461870000252986e+00
1.141000000000007653e+01 5.160026022564228931e+00
1.143000000000007610e+01 5.111950717940194622e+00
1.145000000000007567e+01 5.103992188113524620e+00
1.147000000000007525e+01 5.124475789066450737e+00
1.149000000000007482e+01 5.052025508258084940e+00
1.151000000000007439e+01 5.040402575498521998e+00
1.153000000000007397e+01 5.068411172751702942e+00
1.155000000000007354e+01 4.978840192096293471e+00
1.157000000000007311e+01 4.993925459134842093e+00
1.159000000000007269e+01 4.913570841587836746e+00
1.161000000000007226e+01 4.913094907280355805e+00
1.163000000000007184e+01 4.914934065529084073e+00
1.165000000000007141e+01 4.845813923885834207e+00
1.167000000000007098e+01 4.910789337185256898e+00
1.169000000000007056e+01 4.828494385609315209e+00
1.171000000000007013e+01 4.797302352216383348e+00
1.173000000000006970e+01 4.765702646643132034e+00
1.175000000000006928e+01 4.799988875025634094e+00
1.177000000000006885e+01 4.704801140934351089e+00
1.179000000000006843e+01 4.738579701724522586e+00
1.181000000000006800e+01 4.630729226422469758e+00
1.183000000000006757e+01 4.663503430050621290e+00
1.185000000000006715e+01 4.672724969699991959e+00
1.187000000000006672e+01 4.597351285228296724e+00
1.189000000000006629e+01 4.672357983751058264e+00
1.191000000000006587e+01 4.560859210849196543e+00
1.193000000000006544e+01 4.495473373895554126e+00
1.195000000000006501e+01 4.542232082049335595e+00
1.197000000000006459e+01 4.532847266696755639e+00
1.199000000000006416e+01 4.547359368930354862e+00
1.201000000000006374e+01 4.495328143747276073e+00
1.203000000000006331e+01 4.430609871259416188e+00
1.205000000000006288e+01 4.406761426993936581e+00
1.207000000000006246e+01 4.431519289477570567e+00
1.209000000000006203e+01 4.408390580310135753e+00
1.211000000000006160e+01 4.358105399023436632e+00
1.213000000000006118e+01 4.360742368920684342e+00
1.215000000000006075e+01 4.290185792177518387e+00
1.217000000000006033e+01 4.341297545624389187e+00
1.219000000000005990e+01 4.339652003913744949e+00
1.221000000000005947e+01 4.253667236130834972e+00
1.223000000000005905e+01 4.267497201150987962e+00
1.225000000000005862e+01 4.312517532284833699e+00
1.227000000000005819e+01 4.226672247148885120e+00
1.229000000000005777e+01 4.224346351501967689e+00
1.231000000000005734e+01 4.213478590493251907e+00
1.233000000000005691e+01 4.212866686876460598e+00
1.235000000000005649e+01 4.111892036220590185e+00
1.237000000000005606e+01 4.113897346497809693e+00
1.239000000000005564e+01 4.096997066406596666e+00
1.241000000000005521e+01 4.112383003022292982e+00
1.243000000000005478e+01 4.072101605344153441e+00
1.245000000000005436e+01 4.059035465331382042e+00
1.247000000000005393e+01 4.051554248953070037e+00
1.249000000000005350e+01 4.015660737493512045e+00
1.251000000000005308e+01 3.987603081774694580e+00
1.253000000000005265e+01 4.044002466744553992e+00
1.255000000000005222e+01 3.978476329286166457e+00
1.257000000000005180e+01 3.958919795970199385e+00
1.259000000000005137e+01 3.932659482459446743e+00
1.261000000000005095e+01 3.894632231430394498e+00
1.263000000000005052e+01 3.908573039037519958e+00
1.265000000000005009e+01 3.880450084052508686e+00
1.267000000000004967e+01 3.891606938606738453e+00
1.269000000000004924e+01 3.858322546054728797e+00
1.271000000000004881e+01 3.806001332764306966e+00
1.273000000000004839e+01 3.833134530737322798e+00
1.275000000000004796e+01 3.799086858766685282e+00
1.277000000000004754e+01 3.749753157476859666e+00
1.279000000000004711e+01 3.724080281609602583e+00
1.281000000000004668e+01 3.740459867471702449e+00
1.283000000000004626e+01 3.709981106470863210e+00
1.285000000000004583e+01 3.666868284430324199e+00
1.287000000000004540e+01 3.675932980421676266e+00
1.289000000000004498e+01 3.707384600026459420e+00
1.291000000000004455e+01 3.651752107343942733e+00
1.293000000000004412e+01 3.641827303624086909e+00
1.295000000000004370e+01 3.625155692156208254e+00
1.297000000000004327e+01 3.614387190782954118e+00
1.299000000000004285e+01 3.553778981296392026e+00
1.301000000000004242e+01 3.526328169402191293e+00
1.303000000000004199e+01 3.556896061831539502e+00
1.305000000000004157e+01 3.522031866154655244e+00
1.307000000000004114e+01 3.484162452050944658e+00
1.309000000000004071e+01 3.496263432507222824e+00
1.311000000000004029e+01 3.480045692117915923e+00
1.313000000000003986e+01 3.443108001139583152e+00
1.315000000000003944e+01 3.431767080546364479e+00
1.317000000000003901e+01 3.387913964120935262e+00
1.319000000000003858e+01 3.415579645344013926e+00
1.321000000000003816e+01 3.391203854503879178e+00
1.323000000000003773e+01 3.360435910093109602e+00
1.325000000000003730e+01 3.331278208266458929e+00
1.327000000000003688e+01 3.293086855620882325e+00
1.329000000000003645e+01 3.302766497966748371e+00
1.331000000000003602e+01 3.246110108779251213e+00
1.333000000000003560e+01 3.274030321285267053e+00
1.335000000000003517e+01 3.236401756117220252e+00
1.337000000000003475e+01 3.248903501858731335e+00
1.339000000000003432e+01 3.178769119585769243e+00
1.341000000000003389e+01 3.149415054098013922e+00
1.343000000000003347e+01 3.133388847435922830e+00
1.345000000000003304e+01 3.146006533948829009e+00
1.347000000000003261e+01 3.079835387338662134e+00
1.349000000000003219e+01 3.125390589703742616e+00
1.351000000000003176e+01 3.066266259137014227e+00
1.353000000000003133e+01 3.047869394902520401e+00
1.355000000000003091e+01 3.006641487152164061e+00
1.357000000000003048e+01 3.053126706937789869e+00
1.359000000000003006e+01 3.014839819421229805e+00
1.361000000000002963e+01 2.971361949628140042e+00
1.363000000000002920e+01 2.910863658245999019e+00
1.365000000000002878e+01 2.853167532033844545e+00
1.367000000000002835e+01 2.893919753951097018e+00
1.369000000000002792e+01 2.873717390170764663e+00
1.371000000000002750e+01 2.852733330556505909e+00
1.373000000000002707e+01 2.862043858439210275e+00
1.375000000000002665e+01 2.794017292927494456e+00
1.377000000000002622e+01 2.787085204761349466e+00
1.379000000000002579e+01 2.753784704140251449e+00
1.381000000000002537e+01 2.734122113033577328e+00
1.383000000000002494e+01 2.707976040207424884e+00
1.385000000000002451e+01 2.655899941240399187e+00
1.387000000000002409e+01 2.705219027419730526e+00
1.389000000000002366e+01 2.686154958501349999e+00
1.391000000000002323e+01 2.619401126626148546e+00
1.393000000000002281e+01 2.564726327930926697e+00
1.395000000000002238e+01 2.600531209730362558e+00
1.397000000000002196e+01 2.540729177504185810e+00
1.399000000000002153e+01 2.537821093253789684e+00
1.401000000000002110e+01 2.485261323552754753e+00
1.403000000000002068e+01 2.490454894815586684e+00
1.405000000000002025e+01 2.491895544616709479e+00
1.407000000000001982e+01 2.419688538819168233e+00
1.409000000000001940e+01 2.401301380384875284e+00
1.411000000000001897e+01 2.327162638917614768e+00
1.413000000000001855e+01 2.366586027276689208e+00
1.415000000000001812e+01 2.356719705270541532e+00
1.417000000000001769e+01 2.319637645574863960e+00
1.419000000000001727e+01 2.269474647450943738e+00
1.421000000000001684e+01 2.253874131616906862e+00
1.423000000000001641e+01 2.187684302525778168e+00
1.425000000000001599e+01 2.200451556883048720e+00
1.427000000000001556e+01 2.140055029984678558e+00
1.429000000000001513e+01 2.105282383334266871e+00
1.431000000000001471e+01 2.087644637092266997e+00
1.433000000000001428e+01 2.052598880683355276e+00
1.435000000000001386e+01 1.955054763638201631e+00
1.437000000000001343e+01 1.908980915533088796e+00
1.439000000000001300e+01 1.902148383267913800e+00
1.441000000000001258e+01 1.874650559612786038e+00
1.443000000000001215e+01 1.755423091214321829e+00
1.445000000000001172e+01 1.743272338753100392e+00
1.447000000000001130e+01 1.527735253548455185e+00
1.449000000000001087e+01 1.339563844476267418e+00
1.451000000000001044e+01 1.072001383205244185e+00
1.453000000000001002e+01 8.280743291013821228e-01
1.455000000000000959e+01 5.789460350926336485e-01
1.457000000000000917e+01 4.328882749440237099e-01
1.459000000000000874e+01 3.249704963619722276e-01
1.461000000000000831e+01 1.655334015909215306e-01
1.463000000000000789e+01 8.276924497125935642e-02
1.465000000000000746e+01 2.211895273869299988e-02
1.467000000000000703e+01 5.550440963831125389e-03
1.469000000000000661e+01 2.773787617494380929e-03
1.471000000000000618e+01 7.172781839902555690e-11
1.473000000000000576e+01 0.000000000000000000e+00
1.475000000000000533e+01 0.000000000000000000e+00
1.477000000000000490e+01 0.000000000000000000e+00
1.479000000000000448e+01 0.000000000000000000e+00
1.481000000000000405e+01 0.000000000000000000e+00
1.483000000000000362e+01 0.000000000000000000e+00
1.485000000000000320e+01 0.000000000000000000e+00
1.487000000000000277e+01 0.000000000000000000e+00
1.489000000000000234e+01 0.000000000000000000e+00
1.491000000000000192e+01 0.000000000000000000e+00
1.493000000000000149e+01 0.000000000000000000e+00
1.495000000000000107e+01 0.000000000000000000e+00
1.497000000000000064e+01 0.000000000000000000e+00
1.499000000000000021e+01 0.000000000000000000e+00
