# Redshift		Merger Rate Density [Gpc^-3yr^-1]
1.000000000031931770e-02 3.907991878026741972e+01
3.000000000031888964e-02 4.035383624290845717e+01
5.000000000031846331e-02 4.086523652514736682e+01
7.000000000031804392e-02 4.147398921481260459e+01
9.000000000031761760e-02 4.255439574623747490e+01
1.100000000003171913e-01 4.317627125295386037e+01
1.300000000003167511e-01 4.388907171292423470e+01
1.500000000003163247e-01 4.477516164382150521e+01
1.700000000003158984e-01 4.568911407021010262e+01
1.900000000003154721e-01 4.663388803477090505e+01
2.100000000003150458e-01 4.765418341645841593e+01
2.300000000003146194e-01 4.839247463706804098e+01
2.500000000003141931e-01 4.943220195193908495e+01
2.700000000003137668e-01 4.990670688877037975e+01
2.900000000003133405e-01 5.136054531812964541e+01
3.100000000003129141e-01 5.217363345632458760e+01
3.300000000003124878e-01 5.258967964649983884e+01
3.500000000003120615e-01 5.339843065944019429e+01
3.700000000003116352e-01 5.447305658846102716e+01
3.900000000003112088e-01 5.483767507476130731e+01
4.100000000003107825e-01 5.550170946891372381e+01
4.300000000003103562e-01 5.644108258409050904e+01
4.500000000003099299e-01 5.692928151536641224e+01
4.700000000003095035e-01 5.788981056483252274e+01
4.900000000003090772e-01 5.831940786195846016e+01
5.100000000003086509e-01 5.939324090342559970e+01
5.300000000003082246e-01 5.969098950431337158e+01
5.500000000003077982e-01 6.097631990488405052e+01
5.700000000003073719e-01 6.158109990324111749e+01
5.900000000003069456e-01 6.258923002666355728e+01
6.100000000003065193e-01 6.348799793758521304e+01
6.300000000003060929e-01 6.469351133084852279e+01
6.500000000003056666e-01 6.481902432852776030e+01
6.700000000003052403e-01 6.653913981939456335e+01
6.900000000003048140e-01 6.720250310941474936e+01
7.100000000003043876e-01 6.845883701173197267e+01
7.300000000003039613e-01 6.876571714447221950e+01
7.500000000003035350e-01 7.041620278510008291e+01
7.700000000003031086e-01 7.108865813462463734e+01
7.900000000003026823e-01 7.241348293644307432e+01
8.100000000003022560e-01 7.224993209826281770e+01
8.300000000003018297e-01 7.352555148355754966e+01
8.500000000003014033e-01 7.425889838456471637e+01
8.700000000003009770e-01 7.507510827947220378e+01
8.900000000003005507e-01 7.583135688609365843e+01
9.100000000003001244e-01 7.716423223445761437e+01
9.300000000002996980e-01 7.723775087607772605e+01
9.500000000002992717e-01 7.825754330885088450e+01
9.700000000002988454e-01 7.937846429581612995e+01
9.900000000002984191e-01 7.954371521486700658e+01
1.010000000000297993e+00 8.107947892279268842e+01
1.030000000000297566e+00 8.069643397104806581e+01
1.050000000000297140e+00 8.138592205339067220e+01
1.070000000000296714e+00 8.284656942382373757e+01
1.090000000000296287e+00 8.386071201587684243e+01
1.110000000000295861e+00 8.438180903192520077e+01
1.130000000000295435e+00 8.528733945233486224e+01
1.150000000000295008e+00 8.486138363449758515e+01
1.170000000000294582e+00 8.710155156736431081e+01
1.190000000000294156e+00 8.712992694289690121e+01
1.210000000000293729e+00 8.768360262384962311e+01
1.230000000000293303e+00 8.859213605091120769e+01
1.250000000000292877e+00 8.854334986936756025e+01
1.270000000000292451e+00 8.988167015972821616e+01
1.290000000000292024e+00 9.004423839830168674e+01
1.310000000000291598e+00 9.159514104859211159e+01
1.330000000000291172e+00 9.124479313126293789e+01
1.350000000000290745e+00 9.282259387788411686e+01
1.370000000000290319e+00 9.222153241101679555e+01
1.390000000000289893e+00 9.309704387274076964e+01
1.410000000000289466e+00 9.413016885490203833e+01
1.430000000000289040e+00 9.456509384061355661e+01
1.450000000000288614e+00 9.489929804913546718e+01
1.470000000000288187e+00 9.524070484676363435e+01
1.490000000000287761e+00 9.514014205031062943e+01
1.510000000000287335e+00 9.651765006373558720e+01
1.530000000000286908e+00 9.743641344362812617e+01
1.550000000000286482e+00 9.750458365164639929e+01
1.570000000000286056e+00 9.666630863307875643e+01
1.590000000000285629e+00 9.761810949538070759e+01
1.610000000000285203e+00 9.719139406161939121e+01
1.630000000000284777e+00 1.000613306930835478e+02
1.650000000000284350e+00 9.872890558106834646e+01
1.670000000000283924e+00 9.759858335146569175e+01
1.690000000000283498e+00 9.942250940085060051e+01
1.710000000000283071e+00 9.941207993733631554e+01
1.730000000000282645e+00 9.938956398058435582e+01
1.750000000000282219e+00 9.998436932395448196e+01
1.770000000000281792e+00 9.974061500955217241e+01
1.790000000000281366e+00 1.007314754790171349e+02
1.810000000000280940e+00 9.889945312976888658e+01
1.830000000000280513e+00 1.005492701385245340e+02
1.850000000000280087e+00 1.000236140955770168e+02
1.870000000000279661e+00 1.002406425066346856e+02
1.890000000000279234e+00 1.007570626206264279e+02
1.910000000000278808e+00 1.002720060495811651e+02
1.930000000000278382e+00 9.994610929723287995e+01
1.950000000000277955e+00 1.002615204377272136e+02
1.970000000000277529e+00 1.000091149470511027e+02
1.990000000000277103e+00 9.921935429091833214e+01
2.010000000000276899e+00 9.960466883447512032e+01
2.030000000000276472e+00 9.970609669910743378e+01
2.050000000000276046e+00 9.937995783548586815e+01
2.070000000000275620e+00 9.993058901652800330e+01
2.090000000000275193e+00 9.885153645203735095e+01
2.110000000000274767e+00 9.769623226691969364e+01
2.130000000000274341e+00 9.851122172571288615e+01
2.150000000000273914e+00 9.923462943480845411e+01
2.170000000000273488e+00 9.804548998708972363e+01
2.190000000000273062e+00 9.754858748124549095e+01
2.210000000000272635e+00 9.700418977202518533e+01
2.230000000000272209e+00 9.687016987183996264e+01
2.250000000000271783e+00 9.668066993088767447e+01
2.270000000000271356e+00 9.545611127381786787e+01
2.290000000000270930e+00 9.602423887104062317e+01
2.310000000000270504e+00 9.597753949948820207e+01
2.330000000000270077e+00 9.521291868772908629e+01
2.350000000000269651e+00 9.456202669218671986e+01
2.370000000000269225e+00 9.473333977445578569e+01
2.390000000000268798e+00 9.347364375078066701e+01
2.410000000000268372e+00 9.361783990211412743e+01
2.430000000000267946e+00 9.393085489591885562e+01
2.450000000000267519e+00 9.214079181166424348e+01
2.470000000000267093e+00 9.190128889404563495e+01
2.490000000000266667e+00 9.244280600851135432e+01
2.510000000000266240e+00 9.179995644397648391e+01
2.530000000000265814e+00 9.001415889137300042e+01
2.550000000000265388e+00 8.992598083885751237e+01
2.570000000000264961e+00 8.870029415665813133e+01
2.590000000000264535e+00 8.784319120950294746e+01
2.610000000000264109e+00 8.778678533487982349e+01
2.630000000000263682e+00 8.569182277821705895e+01
2.650000000000263256e+00 8.623248349852410399e+01
2.670000000000262830e+00 8.488123516091826559e+01
2.690000000000262403e+00 8.480242069806885752e+01
2.710000000000261977e+00 8.449485728347961810e+01
2.730000000000261551e+00 8.338289112832518413e+01
2.750000000000261124e+00 8.364792120338559300e+01
2.770000000000260698e+00 8.260865532142078393e+01
2.790000000000260272e+00 8.159770235145870743e+01
2.810000000000259845e+00 8.061382098880029901e+01
2.830000000000259419e+00 8.003302953121495023e+01
2.850000000000258993e+00 7.948681889347241736e+01
2.870000000000258567e+00 7.842122168815444638e+01
2.890000000000258140e+00 7.890899305751021586e+01
2.910000000000257714e+00 7.800741558923547814e+01
2.930000000000257288e+00 7.733949349028763720e+01
2.950000000000256861e+00 7.600994358160014031e+01
2.970000000000256435e+00 7.511763711711550684e+01
2.990000000000256009e+00 7.561238877717519813e+01
3.010000000000255582e+00 7.421732800808291586e+01
3.030000000000255156e+00 7.287190402430738345e+01
3.050000000000254730e+00 7.219773525513571144e+01
3.070000000000254303e+00 7.218313325169651762e+01
3.090000000000253877e+00 7.129274608719217099e+01
3.110000000000253451e+00 7.095322195315338831e+01
3.130000000000253024e+00 6.961048288222121982e+01
3.150000000000252598e+00 6.941627142970123998e+01
3.170000000000252172e+00 6.856969823950227294e+01
3.190000000000251745e+00 6.829273703186227351e+01
3.210000000000251319e+00 6.694211284864127265e+01
3.230000000000250893e+00 6.678578379020763123e+01
3.250000000000250466e+00 6.637654622939020044e+01
3.270000000000250040e+00 6.537734633270127915e+01
3.290000000000249614e+00 6.492927558704226954e+01
3.310000000000249187e+00 6.363962149772905974e+01
3.330000000000248761e+00 6.319154304614058049e+01
3.350000000000248335e+00 6.351354439157879028e+01
3.370000000000247908e+00 6.180033432240626468e+01
3.390000000000247482e+00 6.195068197736161153e+01
3.410000000000247056e+00 6.060231556308731626e+01
3.430000000000246629e+00 6.078907537550464468e+01
3.450000000000246203e+00 5.965787214157029439e+01
3.470000000000245777e+00 5.997052337161184710e+01
3.490000000000245350e+00 5.876642712023419790e+01
3.510000000000244924e+00 5.793242518340947811e+01
3.530000000000244498e+00 5.733400120829789159e+01
3.550000000000244071e+00 5.670358259084420638e+01
3.570000000000243645e+00 5.643737130769795840e+01
3.590000000000243219e+00 5.479809318366149284e+01
3.610000000000242792e+00 5.540941711021068983e+01
3.630000000000242366e+00 5.390415804523036059e+01
3.650000000000241940e+00 5.407446471001859578e+01
3.670000000000241513e+00 5.327271938912200966e+01
3.690000000000241087e+00 5.282897958831191687e+01
3.710000000000240661e+00 5.173650871592059275e+01
3.730000000000240234e+00 5.154758493869346125e+01
3.750000000000239808e+00 5.119929855301999311e+01
3.770000000000239382e+00 5.037057754351963013e+01
3.790000000000238956e+00 5.008977582315625199e+01
3.810000000000238529e+00 4.942754358060881970e+01
3.830000000000238103e+00 4.891734834118859254e+01
3.850000000000237677e+00 4.827306492109335778e+01
3.870000000000237250e+00 4.773923657580812829e+01
3.890000000000236824e+00 4.751242880180137718e+01
3.910000000000236398e+00 4.645362175433142937e+01
3.930000000000235971e+00 4.649882378973193653e+01
3.950000000000235545e+00 4.580229969110200017e+01
3.970000000000235119e+00 4.510123017221525998e+01
3.990000000000234692e+00 4.494798314412673079e+01
4.010000000000234266e+00 4.414373872143641364e+01
4.030000000000233840e+00 4.359789128422028170e+01
4.050000000000233413e+00 4.319262247236071772e+01
4.070000000000232987e+00 4.255454982836416633e+01
4.090000000000232561e+00 4.215805231844608869e+01
4.110000000000232134e+00 4.171271708774513343e+01
4.130000000000231708e+00 4.111802142972656782e+01
4.150000000000231282e+00 4.092544639167415710e+01
4.170000000000230855e+00 4.083525815032012929e+01
4.190000000000230429e+00 3.983203499056859442e+01
4.210000000000230003e+00 3.920987715740551494e+01
4.230000000000229576e+00 3.890381141414624722e+01
4.250000000000229150e+00 3.837914516379107255e+01
4.270000000000228724e+00 3.841490600692456070e+01
4.290000000000228297e+00 3.793921474629893709e+01
4.310000000000227871e+00 3.720806057910598952e+01
4.330000000000227445e+00 3.671986908185677123e+01
4.350000000000227018e+00 3.681912746771127587e+01
4.370000000000226592e+00 3.600090064180295713e+01
4.390000000000226166e+00 3.578600514325247417e+01
4.410000000000225739e+00 3.578220491645930679e+01
4.430000000000225313e+00 3.499811089030837508e+01
4.450000000000224887e+00 3.430876273563737300e+01
4.470000000000224460e+00 3.404926943273966344e+01
4.490000000000224034e+00 3.372043415207605932e+01
4.510000000000223608e+00 3.301945448104331859e+01
4.530000000000223181e+00 3.251913437991427713e+01
4.550000000000222755e+00 3.177774585377069982e+01
4.570000000000222329e+00 3.210036814574592512e+01
4.590000000000221902e+00 3.122913529756636919e+01
4.610000000000221476e+00 3.087453089240878512e+01
4.630000000000221050e+00 3.047635296750862111e+01
4.650000000000220624e+00 3.046895360149305887e+01
4.670000000000220197e+00 2.940863750736800597e+01
4.690000000000219771e+00 2.945656269862873344e+01
4.710000000000219345e+00 2.917959037627728591e+01
4.730000000000218918e+00 2.864884811791334585e+01
4.750000000000218492e+00 2.856838989716962374e+01
4.770000000000218066e+00 2.753683360248848544e+01
4.790000000000217639e+00 2.780612846546234351e+01
4.810000000000217213e+00 2.734509152510534946e+01
4.830000000000216787e+00 2.690813405044736939e+01
4.850000000000216360e+00 2.678685228752622649e+01
4.870000000000215934e+00 2.643313935870972031e+01
4.890000000000215508e+00 2.564861374128577509e+01
4.910000000000215081e+00 2.548464522297350143e+01
4.930000000000214655e+00 2.497235929652146069e+01
4.950000000000214229e+00 2.487879746464253827e+01
4.970000000000213802e+00 2.470442781404433674e+01
4.990000000000213376e+00 2.408472145022413002e+01
5.010000000000212950e+00 2.381876917281745776e+01
5.030000000000212523e+00 2.363668624221013204e+01
5.050000000000212097e+00 2.333432817194679032e+01
5.070000000000211671e+00 2.296995807482711527e+01
5.090000000000211244e+00 2.258366701656691689e+01
5.110000000000210818e+00 2.256849732723098256e+01
5.130000000000210392e+00 2.195169415629319687e+01
5.150000000000209965e+00 2.181763559630340410e+01
5.170000000000209539e+00 2.112756229543138531e+01
5.190000000000209113e+00 2.110242572753233858e+01
5.210000000000208686e+00 2.046917286635425626e+01
5.230000000000208260e+00 2.061231553380539339e+01
5.250000000000207834e+00 2.016273744437071258e+01
5.270000000000207407e+00 1.998900207084092173e+01
5.290000000000206981e+00 1.957658457502270011e+01
5.310000000000206555e+00 1.932605261952598141e+01
5.330000000000206128e+00 1.918732466821977667e+01
5.350000000000205702e+00 1.891456613650893814e+01
5.370000000000205276e+00 1.869099061127671391e+01
5.390000000000204849e+00 1.834079857310594619e+01
5.410000000000204423e+00 1.804572045619228504e+01
5.430000000000203997e+00 1.781334122482457261e+01
5.450000000000203570e+00 1.757345271790268626e+01
5.470000000000203144e+00 1.730370312406989441e+01
5.490000000000202718e+00 1.702159537660822153e+01
5.510000000000202292e+00 1.684260070107954377e+01
5.530000000000201865e+00 1.627752950633559337e+01
5.550000000000201439e+00 1.638779223365937199e+01
5.570000000000201013e+00 1.612211372232920681e+01
5.590000000000200586e+00 1.599860424439430950e+01
5.610000000000200160e+00 1.560448350387017236e+01
5.630000000000199734e+00 1.547954233787295308e+01
5.650000000000199307e+00 1.502042652256450417e+01
5.670000000000198881e+00 1.503754408525137620e+01
5.690000000000198455e+00 1.478196012428730022e+01
5.710000000000198028e+00 1.430904111056508476e+01
5.730000000000197602e+00 1.442522785194389101e+01
5.750000000000197176e+00 1.391501175865868589e+01
5.770000000000196749e+00 1.377362984175823613e+01
5.790000000000196323e+00 1.332678089760431561e+01
5.810000000000195897e+00 1.336612539390093701e+01
5.830000000000195470e+00 1.304046788525135270e+01
5.850000000000195044e+00 1.302873244913039130e+01
5.870000000000194618e+00 1.266194361895398224e+01
5.890000000000194191e+00 1.228692588266926400e+01
5.910000000000193765e+00 1.231013724405871734e+01
5.930000000000193339e+00 1.197852748549154356e+01
5.950000000000192912e+00 1.189334065654909622e+01
5.970000000000192486e+00 1.171404615654464543e+01
5.990000000000192060e+00 1.149727883716716725e+01
6.010000000000191633e+00 1.129461253339191451e+01
6.030000000000191207e+00 1.112847136771066658e+01
6.050000000000190781e+00 1.089296026750608348e+01
6.070000000000190354e+00 1.075317029689803761e+01
6.090000000000189928e+00 1.054391630093215326e+01
6.110000000000189502e+00 1.055914370973408722e+01
6.130000000000189075e+00 1.019671722257310620e+01
6.150000000000188649e+00 9.963465182486169525e+00
6.170000000000188223e+00 9.941926159261013751e+00
6.190000000000187796e+00 9.801449303338380048e+00
6.210000000000187370e+00 9.612856952281015666e+00
6.230000000000186944e+00 9.342312897031648689e+00
6.250000000000186517e+00 9.187510121411866848e+00
6.270000000000186091e+00 9.110695523019076703e+00
6.290000000000185665e+00 8.979751774780877938e+00
6.310000000000185238e+00 8.681806950596556050e+00
6.330000000000184812e+00 8.564381194772947126e+00
6.350000000000184386e+00 8.320405868260051463e+00
6.370000000000183960e+00 8.335234374982853467e+00
6.390000000000183533e+00 8.225334302673108056e+00
6.410000000000183107e+00 8.142135151606368026e+00
6.430000000000182681e+00 7.936440149078346273e+00
6.450000000000182254e+00 7.765633391276565156e+00
6.470000000000181828e+00 7.577110600638023996e+00
6.490000000000181402e+00 7.572816809492181278e+00
6.510000000000180975e+00 7.350110119267117881e+00
6.530000000000180549e+00 7.089532240949533382e+00
6.550000000000180123e+00 7.135846188066520490e+00
6.570000000000179696e+00 6.977370257892220984e+00
6.590000000000179270e+00 6.860885735927585216e+00
6.610000000000178844e+00 6.653029418130706141e+00
6.630000000000178417e+00 6.721804936004433628e+00
6.650000000000177991e+00 6.438237900098400246e+00
6.670000000000177565e+00 6.290914361633072716e+00
6.690000000000177138e+00 6.237181166724978354e+00
6.710000000000176712e+00 6.114052112715039122e+00
6.730000000000176286e+00 6.073118632272648476e+00
6.750000000000175859e+00 5.897634153848048122e+00
6.770000000000175433e+00 5.780021290268204659e+00
6.790000000000175007e+00 5.673186543741386423e+00
6.810000000000174580e+00 5.508859205404336379e+00
6.830000000000174154e+00 5.467571292041592201e+00
6.850000000000173728e+00 5.307219447801131196e+00
6.870000000000173301e+00 5.313494529053765625e+00
6.890000000000172875e+00 5.169826035605949777e+00
6.910000000000172449e+00 5.052025076061797293e+00
6.930000000000172022e+00 4.959655109472959289e+00
6.950000000000171596e+00 4.804067633839959939e+00
6.970000000000171170e+00 4.794734151551748091e+00
6.990000000000170743e+00 4.717143482563303181e+00
7.010000000000170317e+00 4.651474361114040335e+00
7.030000000000169891e+00 4.550062966155822508e+00
7.050000000000169464e+00 4.434103823097497177e+00
7.070000000000169038e+00 4.395960536893254833e+00
7.090000000000168612e+00 4.321247845675470600e+00
7.110000000000168185e+00 4.205703264397305574e+00
7.130000000000167759e+00 4.167102705689815778e+00
7.150000000000167333e+00 4.059068858424748072e+00
7.170000000000166906e+00 4.006717001177912962e+00
7.190000000000166480e+00 3.920083436070895377e+00
7.210000000000166054e+00 3.857276910894010147e+00
7.230000000000165628e+00 3.814535888259214857e+00
7.250000000000165201e+00 3.706999880467535924e+00
7.270000000000164775e+00 3.685221396023550700e+00
7.290000000000164349e+00 3.626567741354981944e+00
7.310000000000163922e+00 3.503992611955517589e+00
7.330000000000163496e+00 3.470988116385213207e+00
7.350000000000163070e+00 3.392707917028252140e+00
7.370000000000162643e+00 3.361017381990062169e+00
7.390000000000162217e+00 3.278774290660522173e+00
7.410000000000161791e+00 3.269549852674111357e+00
7.430000000000161364e+00 3.180272575066454888e+00
7.450000000000160938e+00 3.126721646286465983e+00
7.470000000000160512e+00 3.084055060232947731e+00
7.490000000000160085e+00 3.033108776489191083e+00
7.510000000000159659e+00 2.961089592297854622e+00
7.530000000000159233e+00 2.942854395397580092e+00
7.550000000000158806e+00 2.868629102441954792e+00
7.570000000000158380e+00 2.846986618486804232e+00
7.590000000000157954e+00 2.762908643311329460e+00
7.610000000000157527e+00 2.757784568369394229e+00
7.630000000000157101e+00 2.702713196820243358e+00
7.650000000000156675e+00 2.643848528371540052e+00
7.670000000000156248e+00 2.602900227729103122e+00
7.690000000000155822e+00 2.560170429997397079e+00
7.710000000000155396e+00 2.504909984201143747e+00
7.730000000000154969e+00 2.510583712772716414e+00
7.750000000000154543e+00 2.426049419722168476e+00
7.770000000000154117e+00 2.386774764515851910e+00
7.790000000000153690e+00 2.369379515925857493e+00
7.810000000000153264e+00 2.349306367797045159e+00
7.830000000000152838e+00 2.310510666865556839e+00
7.850000000000152411e+00 2.274554216365759274e+00
7.870000000000151985e+00 2.248442002862691691e+00
7.890000000000151559e+00 2.199555164566759480e+00
7.910000000000151132e+00 2.183257414670175756e+00
7.930000000000150706e+00 2.135185689414700771e+00
7.950000000000150280e+00 2.126772939306352139e+00
7.970000000000149853e+00 2.078943733662356852e+00
7.990000000000149427e+00 2.061485698923292809e+00
8.010000000000149001e+00 2.061876100932265476e+00
8.030000000000148574e+00 1.974676266314149053e+00
8.050000000000148148e+00 1.985312671269249707e+00
8.070000000000147722e+00 1.959503028714882467e+00
8.090000000000147296e+00 1.924657978530431190e+00
8.110000000000146869e+00 1.908139701152170575e+00
8.130000000000146443e+00 1.833927666032430404e+00
8.150000000000146017e+00 1.802799665142313712e+00
8.170000000000145590e+00 1.852520819580877998e+00
8.190000000000145164e+00 1.802787235976666569e+00
8.210000000000144738e+00 1.800194916849578330e+00
8.230000000000144311e+00 1.816568093566672593e+00
8.250000000000143885e+00 1.751010819209239733e+00
8.270000000000143459e+00 1.696110384316219521e+00
8.290000000000143032e+00 1.714380466928913993e+00
8.310000000000142606e+00 1.686298774884604113e+00
8.330000000000142180e+00 1.669906504325236352e+00
8.350000000000141753e+00 1.623965462013093664e+00
8.370000000000141327e+00 1.612072797207204422e+00
8.390000000000140901e+00 1.594292676080290239e+00
8.410000000000140474e+00 1.578619513247130790e+00
8.430000000000140048e+00 1.578497833985636811e+00
8.450000000000139622e+00 1.558548332756402255e+00
8.470000000000139195e+00 1.531764108848281403e+00
8.490000000000138769e+00 1.517377041913128277e+00
8.510000000000138343e+00 1.525209631821580203e+00
8.530000000000137916e+00 1.513647279754193553e+00
8.550000000000137490e+00 1.465602691083249365e+00
8.570000000000137064e+00 1.470799664347989921e+00
8.590000000000136637e+00 1.476858243346458099e+00
8.610000000000136211e+00 1.458924413848160739e+00
8.630000000000135785e+00 1.438918899338028856e+00
8.650000000000135358e+00 1.421633404420996172e+00
8.670000000000134932e+00 1.375325767210612060e+00
8.690000000000134506e+00 1.381676612993238740e+00
8.710000000000134079e+00 1.382549289584852792e+00
8.730000000000133653e+00 1.383621292446701290e+00
8.750000000000133227e+00 1.356187109842738270e+00
8.770000000000132800e+00 1.352222670730086174e+00
8.790000000000132374e+00 1.338938679139851429e+00
8.810000000000131948e+00 1.322550620747040329e+00
8.830000000000131521e+00 1.300747337558410877e+00
8.850000000000131095e+00 1.324468616832727541e+00
8.870000000000130669e+00 1.296611079790377152e+00
8.890000000000130242e+00 1.291232761449019106e+00
8.910000000000129816e+00 1.273152415946282812e+00
8.930000000000129390e+00 1.293626181493011673e+00
8.950000000000128964e+00 1.282772618338445580e+00
8.970000000000128537e+00 1.264577445481132711e+00
8.990000000000128111e+00 1.269914453080672301e+00
9.010000000000127685e+00 1.246720344956474325e+00
9.030000000000127258e+00 1.242774791742337515e+00
9.050000000000126832e+00 1.229844676624239241e+00
9.070000000000126406e+00 1.206482185594315526e+00
9.090000000000125979e+00 1.252897296378702174e+00
9.110000000000125553e+00 1.237830008709185581e+00
9.130000000000125127e+00 1.202081294225446628e+00
9.150000000000124700e+00 1.200508226106366649e+00
9.170000000000124274e+00 1.212569163860548027e+00
9.190000000000123848e+00 1.166207176680396529e+00
9.210000000000123421e+00 1.200279414545619927e+00
9.230000000000122995e+00 1.191022831668328230e+00
9.250000000000122569e+00 1.189894331283349649e+00
9.270000000000122142e+00 1.173035087947134514e+00
9.290000000000121716e+00 1.163136506562960415e+00
9.310000000000121290e+00 1.189294052815625502e+00
9.330000000000120863e+00 1.165718306478332522e+00
9.350000000000120437e+00 1.191643344799616644e+00
9.370000000000120011e+00 1.172046840138611046e+00
9.390000000000119584e+00 1.139794356344537185e+00
9.410000000000119158e+00 1.152311299825997448e+00
9.430000000000118732e+00 1.161928153723632118e+00
9.450000000000118305e+00 1.144026173616877751e+00
9.470000000000117879e+00 1.170502460095083741e+00
9.490000000000117453e+00 1.124790460177433005e+00
9.510000000000117026e+00 1.160956163606338354e+00
9.530000000000116600e+00 1.159378119014828457e+00
9.550000000000116174e+00 1.140014433701983743e+00
9.570000000000115747e+00 1.161228139169019347e+00
9.590000000000115321e+00 1.176530804988822565e+00
9.610000000000114895e+00 1.128100551162364518e+00
9.630000000000114468e+00 1.123051120409882753e+00
9.650000000000114042e+00 1.152660490265651205e+00
9.670000000000113616e+00 1.135052030937912848e+00
9.690000000000113189e+00 1.161625482023122879e+00
9.710000000000112763e+00 1.145647405722274970e+00
9.730000000000112337e+00 1.149205255874275355e+00
9.750000000000111910e+00 1.122112868726077739e+00
9.770000000000111484e+00 1.145686829235579962e+00
9.790000000000111058e+00 1.157418380818655779e+00
9.810000000000110632e+00 1.154863166638605776e+00
9.830000000000110205e+00 1.127586608012207892e+00
9.850000000000109779e+00 1.152484974800538575e+00
9.870000000000109353e+00 1.142715077824554282e+00
9.890000000000108926e+00 1.119378707323812172e+00
9.910000000000108500e+00 1.138374342421897945e+00
9.930000000000108074e+00 1.132787930125054299e+00
9.950000000000107647e+00 1.118661878885961025e+00
9.970000000000107221e+00 1.168135954839248258e+00
9.990000000000106795e+00 1.121601115087622835e+00
1.001000000000010637e+01 1.141157772431727890e+00
1.003000000000010594e+01 1.124163497757476371e+00
1.005000000000010552e+01 1.145911611776457839e+00
1.007000000000010509e+01 1.128678987267453859e+00
1.009000000000010466e+01 1.154967159183761360e+00
1.011000000000010424e+01 1.138759995274642112e+00
1.013000000000010381e+01 1.138166360826557533e+00
1.015000000000010338e+01 1.139514047623872983e+00
1.017000000000010296e+01 1.136521226966740850e+00
1.019000000000010253e+01 1.120224975865334649e+00
1.021000000000010210e+01 1.130495947480539831e+00
1.023000000000010168e+01 1.167635288378477298e+00
1.025000000000010125e+01 1.123398519559870579e+00
1.027000000000010083e+01 1.142468112756208187e+00
1.029000000000010040e+01 1.130487493226935536e+00
1.031000000000009997e+01 1.129355347940469878e+00
1.033000000000009955e+01 1.134350233770694993e+00
1.035000000000009912e+01 1.147011117808847125e+00
1.037000000000009869e+01 1.126379765231756203e+00
1.039000000000009827e+01 1.114763499882259756e+00
1.041000000000009784e+01 1.156266353529155078e+00
1.043000000000009742e+01 1.113640502666160659e+00
1.045000000000009699e+01 1.130260354608651596e+00
1.047000000000009656e+01 1.132650323413348925e+00
1.049000000000009614e+01 1.121337821077579067e+00
1.051000000000009571e+01 1.129920249430539814e+00
1.053000000000009528e+01 1.132308172103172028e+00
1.055000000000009486e+01 1.138312796516835368e+00
1.057000000000009443e+01 1.128963133539156116e+00
1.059000000000009400e+01 1.127593471586378682e+00
1.061000000000009358e+01 1.138142023515204215e+00
1.063000000000009315e+01 1.124167995862570102e+00
1.065000000000009273e+01 1.106735171610994772e+00
1.067000000000009230e+01 1.160433973092284354e+00
1.069000000000009187e+01 1.117490331456945096e+00
1.071000000000009145e+01 1.145207360715849276e+00
1.073000000000009102e+01 1.147238258024674273e+00
1.075000000000009059e+01 1.112746817872230398e+00
1.077000000000009017e+01 1.156304063989361586e+00
1.079000000000008974e+01 1.111213802910838711e+00
1.081000000000008932e+01 1.131475070673216621e+00
1.083000000000008889e+01 1.133849580441413707e+00
1.085000000000008846e+01 1.106198539173533391e+00
1.087000000000008804e+01 1.116119492461040030e+00
1.089000000000008761e+01 1.130799306439341567e+00
1.091000000000008718e+01 1.131340941547733125e+00
1.093000000000008676e+01 1.111217605167024836e+00
1.095000000000008633e+01 1.139066227493741312e+00
1.097000000000008590e+01 1.150141480144280637e+00
1.099000000000008548e+01 1.097539702395136541e+00
1.101000000000008505e+01 1.121823369907170020e+00
1.103000000000008463e+01 1.109349874884155263e+00
1.105000000000008420e+01 1.117070233703970850e+00
1.107000000000008377e+01 1.163402429923914294e+00
1.109000000000008335e+01 1.091627877301734273e+00
1.111000000000008292e+01 1.119588194530621195e+00
1.113000000000008249e+01 1.097460891466148558e+00
1.115000000000008207e+01 1.129817494889080454e+00
1.117000000000008164e+01 1.096741291238175542e+00
1.119000000000008122e+01 1.134707995978315065e+00
1.121000000000008079e+01 1.080148998798435178e+00
1.123000000000008036e+01 1.113391129867774776e+00
1.125000000000007994e+01 1.116715646217889324e+00
1.127000000000007951e+01 1.126496719376582245e+00
1.129000000000007908e+01 1.097375414855117137e+00
1.131000000000007866e+01 1.067216301515709009e+00
1.133000000000007823e+01 1.112713435779118187e+00
1.135000000000007780e+01 1.108033330977825415e+00
1.137000000000007738e+01 1.089398280336410396e+00
1.139000000000007695e+01 1.103403818750184673e+00
1.141000000000007653e+01 1.101669730443667117e+00
1.143000000000007610e+01 1.106900847965134105e+00
1.145000000000007567e+01 1.082176330835010747e+00
1.147000000000007525e+01 1.082506717044575906e+00
1.149000000000007482e+01 1.081029286043472482e+00
1.151000000000007439e+01 1.096561145653424107e+00
1.153000000000007397e+01 1.086404775597458627e+00
1.155000000000007354e+01 1.072618376413763563e+00
1.157000000000007311e+01 1.088577392530885479e+00
1.159000000000007269e+01 1.033980891269056679e+00
1.161000000000007226e+01 1.052530651939420636e+00
1.163000000000007184e+01 1.078273798940393213e+00
1.165000000000007141e+01 1.037048781738943326e+00
1.167000000000007098e+01 1.029681467911802040e+00
1.169000000000007056e+01 1.055108762341178341e+00
1.171000000000007013e+01 1.067448944334546956e+00
1.173000000000006970e+01 1.019609450598955247e+00
1.175000000000006928e+01 1.032756786090448742e+00
1.177000000000006885e+01 1.037516787682775332e+00
1.179000000000006843e+01 1.030072412162461593e+00
1.181000000000006800e+01 1.031066260356314768e+00
1.183000000000006757e+01 1.035480742163397583e+00
1.185000000000006715e+01 9.980058663532530572e-01
1.187000000000006672e+01 1.046181399807733170e+00
1.189000000000006629e+01 9.782721140670598281e-01
1.191000000000006587e+01 1.025989421385358868e+00
1.193000000000006544e+01 9.794961296964378450e-01
1.195000000000006501e+01 9.916979202734043097e-01
1.197000000000006459e+01 1.007121879933190023e+00
1.199000000000006416e+01 9.908626786532663822e-01
1.201000000000006374e+01 1.002116327894174708e+00
1.203000000000006331e+01 9.805994244330832332e-01
1.205000000000006288e+01 9.629762239760005782e-01
1.207000000000006246e+01 9.806617115597882073e-01
1.209000000000006203e+01 9.500364424677041342e-01
1.211000000000006160e+01 9.627784960383195534e-01
1.213000000000006118e+01 9.353646869197820291e-01
1.215000000000006075e+01 9.602550440129902221e-01
1.217000000000006033e+01 9.479365309585702226e-01
1.219000000000005990e+01 9.431882145760553948e-01
1.221000000000005947e+01 9.107430406336470829e-01
1.223000000000005905e+01 9.129815421075112569e-01
1.225000000000005862e+01 9.484196467065514335e-01
1.227000000000005819e+01 9.127942779194704315e-01
1.229000000000005777e+01 8.944496120445079024e-01
1.231000000000005734e+01 9.149622417980092237e-01
1.233000000000005691e+01 9.005370294681648291e-01
1.235000000000005649e+01 8.946002648650643874e-01
1.237000000000005606e+01 8.942325119605871730e-01
1.239000000000005564e+01 8.765295339813772291e-01
1.241000000000005521e+01 8.792127007560067709e-01
1.243000000000005478e+01 9.070632269936240721e-01
1.245000000000005436e+01 8.431834478563153823e-01
1.247000000000005393e+01 8.643538375490635861e-01
1.249000000000005350e+01 8.544901673697526956e-01
1.251000000000005308e+01 8.728269203534294585e-01
1.253000000000005265e+01 8.275410695264876493e-01
1.255000000000005222e+01 8.455292158291226601e-01
1.257000000000005180e+01 8.049523240733909013e-01
1.259000000000005137e+01 8.153281403660456172e-01
1.261000000000005095e+01 8.204871231947203913e-01
1.263000000000005052e+01 8.134577574816311829e-01
1.265000000000005009e+01 7.922484450400508749e-01
1.267000000000004967e+01 7.829148560076243379e-01
1.269000000000004924e+01 7.949886538474033593e-01
1.271000000000004881e+01 7.641745844333849291e-01
1.273000000000004839e+01 7.705931054900858612e-01
1.275000000000004796e+01 7.559618280193561857e-01
1.277000000000004754e+01 7.789541621672345650e-01
1.279000000000004711e+01 7.867393140577657595e-01
1.281000000000004668e+01 7.198419224587589982e-01
1.283000000000004626e+01 7.332674976402233646e-01
1.285000000000004583e+01 7.215171284033061738e-01
1.287000000000004540e+01 7.604474092559541099e-01
1.289000000000004498e+01 7.152494151393805621e-01
1.291000000000004455e+01 6.952132240711343947e-01
1.293000000000004412e+01 7.059221914395256148e-01
1.295000000000004370e+01 7.220888136337166863e-01
1.297000000000004327e+01 6.959576615908135144e-01
1.299000000000004285e+01 6.747214163541845888e-01
1.301000000000004242e+01 6.856364784909554366e-01
1.303000000000004199e+01 6.602832051519708090e-01
1.305000000000004157e+01 6.747294324976920166e-01
1.307000000000004114e+01 6.894165691175222488e-01
1.309000000000004071e+01 6.594061086356962642e-01
1.311000000000004029e+01 6.459173010811060101e-01
1.313000000000003986e+01 6.437444332428509108e-01
1.315000000000003944e+01 6.243111843843720532e-01
1.317000000000003901e+01 6.153232400454610174e-01
1.319000000000003858e+01 6.075959738527344500e-01
1.321000000000003816e+01 6.202962527550023308e-01
1.323000000000003773e+01 5.959150510705164550e-01
1.325000000000003730e+01 5.899991914096386347e-01
1.327000000000003688e+01 5.903178884067932231e-01
1.329000000000003645e+01 5.538620972884702454e-01
1.331000000000003602e+01 5.789270301963606036e-01
1.333000000000003560e+01 5.363713732881926211e-01
1.335000000000003517e+01 5.629637484554547155e-01
1.337000000000003475e+01 5.290800902079937362e-01
1.339000000000003432e+01 5.412887346724986060e-01
1.341000000000003389e+01 5.119514951605954600e-01
1.343000000000003347e+01 4.973749877009454035e-01
1.345000000000003304e+01 4.859800533976638137e-01
1.347000000000003261e+01 5.055604555811525902e-01
1.349000000000003219e+01 4.883864760260169802e-01
1.351000000000003176e+01 4.660585361342769462e-01
1.353000000000003133e+01 4.551881293534364437e-01
1.355000000000003091e+01 4.453772993194106133e-01
1.357000000000003048e+01 4.398815264753992982e-01
1.359000000000003006e+01 4.327877580726313123e-01
1.361000000000002963e+01 4.360167600644759278e-01
1.363000000000002920e+01 4.130596360246150400e-01
1.365000000000002878e+01 3.924065127957345744e-01
1.367000000000002835e+01 3.897430420313423571e-01
1.369000000000002792e+01 3.663379435648807525e-01
1.371000000000002750e+01 3.824308800092279803e-01
1.373000000000002707e+01 3.835146461234025805e-01
1.375000000000002665e+01 3.610836904167132322e-01
1.377000000000002622e+01 3.638199083546445611e-01
1.379000000000002579e+01 3.676758922467597834e-01
1.381000000000002537e+01 3.588616039524583634e-01
1.383000000000002494e+01 3.425662365698009526e-01
1.385000000000002451e+01 3.492826880152441471e-01
1.387000000000002409e+01 3.246677291285758327e-01
1.389000000000002366e+01 3.080419750654707634e-01
1.391000000000002323e+01 2.954024150067084409e-01
1.393000000000002281e+01 2.799450071586330191e-01
1.395000000000002238e+01 2.799839865865682564e-01
1.397000000000002196e+01 2.711763627356120754e-01
1.399000000000002153e+01 2.680569770367650650e-01
1.401000000000002110e+01 2.418041947024494875e-01
1.403000000000002068e+01 2.413005981226344632e-01
1.405000000000002025e+01 2.194533859474382398e-01
1.407000000000001982e+01 2.199697162669409511e-01
1.409000000000001940e+01 2.054531579659912288e-01
1.411000000000001897e+01 1.758006892691909850e-01
1.413000000000001855e+01 1.889209265538242255e-01
1.415000000000001812e+01 1.669886618969723124e-01
1.417000000000001769e+01 1.591235600042670284e-01
1.419000000000001727e+01 1.475832016719944850e-01
1.421000000000001684e+01 1.602436354367844651e-01
1.423000000000001641e+01 1.467622703650304228e-01
1.425000000000001599e+01 1.229656140036992640e-01
1.427000000000001556e+01 1.225346216988577180e-01
1.429000000000001513e+01 1.115468419262598265e-01
1.431000000000001471e+01 9.766019631843939064e-02
1.433000000000001428e+01 9.528515729925317312e-02
1.435000000000001386e+01 8.966035090542630315e-02
1.437000000000001343e+01 9.447018582631244721e-02
1.439000000000001300e+01 8.044704127488831735e-02
1.441000000000001258e+01 7.233110516801885548e-02
1.443000000000001215e+01 7.195882597469065167e-02
1.445000000000001172e+01 6.611424375024214928e-02
1.447000000000001130e+01 5.795188654386222715e-02
1.449000000000001087e+01 5.237178997049898171e-02
1.451000000000001044e+01 5.240942536687587250e-02
1.453000000000001002e+01 3.864704691248924129e-02
1.455000000000000959e+01 3.575930849112685106e-02
1.457000000000000917e+01 1.952756859507987983e-02
1.459000000000000874e+01 1.933036233886709782e-02
1.461000000000000831e+01 1.112238696336058548e-02
1.463000000000000789e+01 1.112843440421741950e-02
1.465000000000000746e+01 5.488122494394246688e-03
1.467000000000000703e+01 2.713859120956137790e-03
1.469000000000000661e+01 2.827553870250129517e-13
1.471000000000000618e+01 3.399871296758206803e-15
1.473000000000000576e+01 3.132330231264705022e-18
1.475000000000000533e+01 2.494718841463544348e-18
1.477000000000000490e+01 0.000000000000000000e+00
1.479000000000000448e+01 0.000000000000000000e+00
1.481000000000000405e+01 0.000000000000000000e+00
1.483000000000000362e+01 0.000000000000000000e+00
1.485000000000000320e+01 0.000000000000000000e+00
1.487000000000000277e+01 0.000000000000000000e+00
1.489000000000000234e+01 0.000000000000000000e+00
1.491000000000000192e+01 0.000000000000000000e+00
1.493000000000000149e+01 0.000000000000000000e+00
1.495000000000000107e+01 0.000000000000000000e+00
1.497000000000000064e+01 0.000000000000000000e+00
1.499000000000000021e+01 0.000000000000000000e+00
