# Redshift		Merger Rate Density [Gpc^-3yr^-1]
1.000000000031931770e-02 1.115158286018115241e+01
3.000000000031888964e-02 1.190144541082747232e+01
5.000000000031846331e-02 1.178401323985469062e+01
7.000000000031804392e-02 1.215754002974670733e+01
9.000000000031761760e-02 1.176218110964507879e+01
1.100000000003171913e-01 1.189191028946533280e+01
1.300000000003167511e-01 1.244713070541542521e+01
1.500000000003163247e-01 1.220699848981593050e+01
1.700000000003158984e-01 1.233773510169309517e+01
1.900000000003154721e-01 1.334295638458405264e+01
2.100000000003150458e-01 1.366410839973680957e+01
2.300000000003146194e-01 1.392155286534635295e+01
2.500000000003141931e-01 1.403705657854251854e+01
2.700000000003137668e-01 1.448179762729031950e+01
2.900000000003133405e-01 1.454581659990703990e+01
3.100000000003129141e-01 1.432094915095697552e+01
3.300000000003124878e-01 1.406625981035292483e+01
3.500000000003120615e-01 1.435293296055026957e+01
3.700000000003116352e-01 1.476893447442437335e+01
3.900000000003112088e-01 1.459306028763042917e+01
4.100000000003107825e-01 1.479750402211473492e+01
4.300000000003103562e-01 1.456288714448792021e+01
4.500000000003099299e-01 1.572107879413353082e+01
4.700000000003095035e-01 1.551350907168352045e+01
4.900000000003090772e-01 1.628273202289161148e+01
5.100000000003086509e-01 1.671903750870049521e+01
5.300000000003082246e-01 1.763098006103254534e+01
5.500000000003077982e-01 1.777818857099872574e+01
5.700000000003073719e-01 1.804754768659365638e+01
5.900000000003069456e-01 1.916805898109059214e+01
6.100000000003065193e-01 1.984304212162020065e+01
6.300000000003060929e-01 2.013121772747275529e+01
6.500000000003056666e-01 2.063015306628724943e+01
6.700000000003052403e-01 2.044436921327129397e+01
6.900000000003048140e-01 2.038203549765884404e+01
7.100000000003043876e-01 2.010763354525542823e+01
7.300000000003039613e-01 2.148721905139209909e+01
7.500000000003035350e-01 2.119545308197861289e+01
7.700000000003031086e-01 2.151147729179447410e+01
7.900000000003026823e-01 2.111152264268060463e+01
8.100000000003022560e-01 2.133238571404083217e+01
8.300000000003018297e-01 2.200066973973421725e+01
8.500000000003014033e-01 2.255512133567255262e+01
8.700000000003009770e-01 2.298909084714388484e+01
8.900000000003005507e-01 2.372350858186680256e+01
9.100000000003001244e-01 2.382520798234488169e+01
9.300000000002996980e-01 2.372923205682603864e+01
9.500000000002992717e-01 2.451747476996481012e+01
9.700000000002988454e-01 2.454346924277579589e+01
9.900000000002984191e-01 2.382676604055127356e+01
1.010000000000297993e+00 2.469999966543210590e+01
1.030000000000297566e+00 2.453611076250038892e+01
1.050000000000297140e+00 2.596314413089142903e+01
1.070000000000296714e+00 2.542055464523437180e+01
1.090000000000296287e+00 2.536029737454929389e+01
1.110000000000295861e+00 2.496652501101395671e+01
1.130000000000295435e+00 2.630604721865083206e+01
1.150000000000295008e+00 2.599280500705680197e+01
1.170000000000294582e+00 2.645361718420968344e+01
1.190000000000294156e+00 2.633638280660192166e+01
1.210000000000293729e+00 2.678059988747990872e+01
1.230000000000293303e+00 2.601196398686476741e+01
1.250000000000292877e+00 2.691185145874780105e+01
1.270000000000292451e+00 2.667278172944122971e+01
1.290000000000292024e+00 2.794929598558669426e+01
1.310000000000291598e+00 2.763109046224001375e+01
1.330000000000291172e+00 2.660210529183979844e+01
1.350000000000290745e+00 2.765573316925010516e+01
1.370000000000290319e+00 2.739913335751777979e+01
1.390000000000289893e+00 2.802867721160567527e+01
1.410000000000289466e+00 2.768576368883083205e+01
1.430000000000289040e+00 2.780935594045173076e+01
1.450000000000288614e+00 2.929800936314405035e+01
1.470000000000288187e+00 2.867049340323016793e+01
1.490000000000287761e+00 2.869324647072125600e+01
1.510000000000287335e+00 2.883405433091249748e+01
1.530000000000286908e+00 2.929481266450920174e+01
1.550000000000286482e+00 2.826971415510478280e+01
1.570000000000286056e+00 2.946316443972694188e+01
1.590000000000285629e+00 2.964865249282040693e+01
1.610000000000285203e+00 2.918345846901731377e+01
1.630000000000284777e+00 2.985526400824782201e+01
1.650000000000284350e+00 2.856909955274790391e+01
1.670000000000283924e+00 2.996287076443971742e+01
1.690000000000283498e+00 3.010487177638090373e+01
1.710000000000283071e+00 2.944841511547884494e+01
1.730000000000282645e+00 3.025374946349085903e+01
1.750000000000282219e+00 2.968485810409963221e+01
1.770000000000281792e+00 3.014946715947306544e+01
1.790000000000281366e+00 3.015187786455313557e+01
1.810000000000280940e+00 2.981988262024053782e+01
1.830000000000280513e+00 3.015571271796631692e+01
1.850000000000280087e+00 3.018294417432009524e+01
1.870000000000279661e+00 3.013807968030682360e+01
1.890000000000279234e+00 2.994553594220727177e+01
1.910000000000278808e+00 3.049004580473778958e+01
1.930000000000278382e+00 2.956956810683609049e+01
1.950000000000277955e+00 3.024360481983062598e+01
1.970000000000277529e+00 2.967501207912630079e+01
1.990000000000277103e+00 3.102795318387586931e+01
2.010000000000276899e+00 2.938009612207610388e+01
2.030000000000276472e+00 2.997584473447562914e+01
2.050000000000276046e+00 3.089693572662926968e+01
2.070000000000275620e+00 3.025321198208952822e+01
2.090000000000275193e+00 3.008237833583172716e+01
2.110000000000274767e+00 3.091346360813546923e+01
2.130000000000274341e+00 3.031569013003623780e+01
2.150000000000273914e+00 3.020380458844957872e+01
2.170000000000273488e+00 3.048186325335614555e+01
2.190000000000273062e+00 3.008100983616097679e+01
2.210000000000272635e+00 3.016604565403044091e+01
2.230000000000272209e+00 2.976701823363472599e+01
2.250000000000271783e+00 2.977866786769062912e+01
2.270000000000271356e+00 2.998529810539408302e+01
2.290000000000270930e+00 2.954613728109937298e+01
2.310000000000270504e+00 2.983879072902105278e+01
2.330000000000270077e+00 2.974178600652194504e+01
2.350000000000269651e+00 3.055521078938186008e+01
2.370000000000269225e+00 2.985397188380375866e+01
2.390000000000268798e+00 2.879077643306085577e+01
2.410000000000268372e+00 2.923178068233604421e+01
2.430000000000267946e+00 2.913732355696388154e+01
2.450000000000267519e+00 2.885658481561974043e+01
2.470000000000267093e+00 2.867030965625349737e+01
2.490000000000266667e+00 2.926576166586506389e+01
2.510000000000266240e+00 2.990816035490164637e+01
2.530000000000265814e+00 2.923325490361733614e+01
2.550000000000265388e+00 2.909456478246251265e+01
2.570000000000264961e+00 2.867006361554428295e+01
2.590000000000264535e+00 2.920286063294474843e+01
2.610000000000264109e+00 2.987384082931429674e+01
2.630000000000263682e+00 2.850081308545312808e+01
2.650000000000263256e+00 2.812287374956299857e+01
2.670000000000262830e+00 2.925171550033384804e+01
2.690000000000262403e+00 2.829742650266965143e+01
2.710000000000261977e+00 2.847511323981364839e+01
2.730000000000261551e+00 2.747090772471417708e+01
2.750000000000261124e+00 2.798611425493533034e+01
2.770000000000260698e+00 2.750800380904387055e+01
2.790000000000260272e+00 2.817759844795634550e+01
2.810000000000259845e+00 2.685092114805945229e+01
2.830000000000259419e+00 2.750940768608044706e+01
2.850000000000258993e+00 2.731810465990309567e+01
2.870000000000258567e+00 2.739127619743041109e+01
2.890000000000258140e+00 2.678634788898678920e+01
2.910000000000257714e+00 2.666113814048066999e+01
2.930000000000257288e+00 2.629630344224702654e+01
2.950000000000256861e+00 2.639792595446949619e+01
2.970000000000256435e+00 2.607179495961887383e+01
2.990000000000256009e+00 2.641676515409018933e+01
3.010000000000255582e+00 2.597618388793690869e+01
3.030000000000255156e+00 2.567797951272421386e+01
3.050000000000254730e+00 2.575379070015224414e+01
3.070000000000254303e+00 2.535817192502279482e+01
3.090000000000253877e+00 2.482745350761838310e+01
3.110000000000253451e+00 2.529122645722286222e+01
3.130000000000253024e+00 2.481706256313555059e+01
3.150000000000252598e+00 2.503158176452711103e+01
3.170000000000252172e+00 2.450331147857289693e+01
3.190000000000251745e+00 2.508699645893794994e+01
3.210000000000251319e+00 2.379873964113966878e+01
3.230000000000250893e+00 2.431972023108784597e+01
3.250000000000250466e+00 2.440380944372891747e+01
3.270000000000250040e+00 2.396846203774408934e+01
3.290000000000249614e+00 2.376484290920167197e+01
3.310000000000249187e+00 2.345242743412084607e+01
3.330000000000248761e+00 2.302610076596812405e+01
3.350000000000248335e+00 2.399547233721693473e+01
3.370000000000247908e+00 2.312246155440004003e+01
3.390000000000247482e+00 2.290267248378987475e+01
3.410000000000247056e+00 2.296767223689335680e+01
3.430000000000246629e+00 2.268069505384575990e+01
3.450000000000246203e+00 2.259386521721416585e+01
3.470000000000245777e+00 2.259035659528701601e+01
3.490000000000245350e+00 2.254474033667029076e+01
3.510000000000244924e+00 2.236423614065623511e+01
3.530000000000244498e+00 2.221609366396085150e+01
3.550000000000244071e+00 2.192699511425476899e+01
3.570000000000243645e+00 2.219195007809447517e+01
3.590000000000243219e+00 2.171129485061580411e+01
3.610000000000242792e+00 2.187572799466630258e+01
3.630000000000242366e+00 2.175389041322248929e+01
3.650000000000241940e+00 2.146345347501193501e+01
3.670000000000241513e+00 2.151158495070911769e+01
3.690000000000241087e+00 2.145341023869896091e+01
3.710000000000240661e+00 2.090347869784513790e+01
3.730000000000240234e+00 2.093882208702705228e+01
3.750000000000239808e+00 2.096848656715042125e+01
3.770000000000239382e+00 2.090538717354682774e+01
3.790000000000238956e+00 2.092555897756238892e+01
3.810000000000238529e+00 2.065826252870586188e+01
3.830000000000238103e+00 2.073783857700902544e+01
3.850000000000237677e+00 2.048501757109790944e+01
3.870000000000237250e+00 2.013337506768849750e+01
3.890000000000236824e+00 2.019066896398812361e+01
3.910000000000236398e+00 2.015279316534349618e+01
3.930000000000235971e+00 2.009646170663886267e+01
3.950000000000235545e+00 1.963001329058408828e+01
3.970000000000235119e+00 1.986328443949058808e+01
3.990000000000234692e+00 1.952661824507820754e+01
4.010000000000234266e+00 1.939853772591977688e+01
4.030000000000233840e+00 1.970266807268974674e+01
4.050000000000233413e+00 1.898745679344353121e+01
4.070000000000232987e+00 1.872945906539733230e+01
4.090000000000232561e+00 1.903807166982173982e+01
4.110000000000232134e+00 1.874455765074771563e+01
4.130000000000231708e+00 1.887226520479957514e+01
4.150000000000231282e+00 1.839695112236876540e+01
4.170000000000230855e+00 1.842841866718096711e+01
4.190000000000230429e+00 1.792613667127653798e+01
4.210000000000230003e+00 1.802821996201828370e+01
4.230000000000229576e+00 1.767090448419149951e+01
4.250000000000229150e+00 1.857725612097191359e+01
4.270000000000228724e+00 1.748443946413414807e+01
4.290000000000228297e+00 1.751657126776417783e+01
4.310000000000227871e+00 1.732816959535953671e+01
4.330000000000227445e+00 1.757524519064581270e+01
4.350000000000227018e+00 1.733284992376569988e+01
4.370000000000226592e+00 1.716214733742317122e+01
4.390000000000226166e+00 1.728856787696220820e+01
4.410000000000225739e+00 1.681389846786527897e+01
4.430000000000225313e+00 1.670017523861264408e+01
4.450000000000224887e+00 1.667235493927811163e+01
4.470000000000224460e+00 1.637919031230470779e+01
4.490000000000224034e+00 1.628777236969710529e+01
4.510000000000223608e+00 1.643194562681984294e+01
4.530000000000223181e+00 1.629118550701347701e+01
4.550000000000222755e+00 1.619194103707583920e+01
4.570000000000222329e+00 1.608162971149084797e+01
4.590000000000221902e+00 1.581265771857906088e+01
4.610000000000221476e+00 1.569455792336551525e+01
4.630000000000221050e+00 1.554761552449521211e+01
4.650000000000220624e+00 1.580376692344112044e+01
4.670000000000220197e+00 1.530607546021498244e+01
4.690000000000219771e+00 1.557869864394510095e+01
4.710000000000219345e+00 1.535415408874431265e+01
4.730000000000218918e+00 1.516684111020481396e+01
4.750000000000218492e+00 1.508847953821624621e+01
4.770000000000218066e+00 1.475586808478507628e+01
4.790000000000217639e+00 1.520683819427321737e+01
4.810000000000217213e+00 1.494929454667764368e+01
4.830000000000216787e+00 1.467014447334706162e+01
4.850000000000216360e+00 1.449498025751473484e+01
4.870000000000215934e+00 1.468170694923487218e+01
4.890000000000215508e+00 1.449387652679855165e+01
4.910000000000215081e+00 1.427834186065119226e+01
4.930000000000214655e+00 1.411208183180229625e+01
4.950000000000214229e+00 1.417705648834245835e+01
4.970000000000213802e+00 1.422059959085226488e+01
4.990000000000213376e+00 1.391950886395389730e+01
5.010000000000212950e+00 1.404431469340831029e+01
5.030000000000212523e+00 1.347430086056811582e+01
5.050000000000212097e+00 1.367099204395065293e+01
5.070000000000211671e+00 1.349045102760368309e+01
5.090000000000211244e+00 1.327153928897121382e+01
5.110000000000210818e+00 1.312028733396344471e+01
5.130000000000210392e+00 1.324114836760876734e+01
5.150000000000209965e+00 1.314505397437613077e+01
5.170000000000209539e+00 1.306102717128576884e+01
5.190000000000209113e+00 1.315806002590466584e+01
5.210000000000208686e+00 1.287006584383997421e+01
5.230000000000208260e+00 1.263431653016050760e+01
5.250000000000207834e+00 1.262098888103791161e+01
5.270000000000207407e+00 1.278541300117661095e+01
5.290000000000206981e+00 1.215525915779113930e+01
5.310000000000206555e+00 1.225431772334516900e+01
5.330000000000206128e+00 1.233757689442798799e+01
5.350000000000205702e+00 1.212135030264881408e+01
5.370000000000205276e+00 1.221488766236357648e+01
5.390000000000204849e+00 1.192772280427126574e+01
5.410000000000204423e+00 1.201658172707788985e+01
5.430000000000203997e+00 1.177624735966714731e+01
5.450000000000203570e+00 1.164269509195557184e+01
5.470000000000203144e+00 1.165994293793268000e+01
5.490000000000202718e+00 1.141113559508533903e+01
5.510000000000202292e+00 1.112988118304591900e+01
5.530000000000201865e+00 1.122176589824514537e+01
5.550000000000201439e+00 1.124451205298975331e+01
5.570000000000201013e+00 1.129982485378229384e+01
5.590000000000200586e+00 1.115738678554026109e+01
5.610000000000200160e+00 1.083434770770155531e+01
5.630000000000199734e+00 1.078237388354464166e+01
5.650000000000199307e+00 1.073678728452692610e+01
5.670000000000198881e+00 1.059477893849323138e+01
5.690000000000198455e+00 1.083549676484605762e+01
5.710000000000198028e+00 1.040669670453711504e+01
5.730000000000197602e+00 1.045982333514113272e+01
5.750000000000197176e+00 1.032845755936978449e+01
5.770000000000196749e+00 1.028951959970996199e+01
5.790000000000196323e+00 1.008633660788145647e+01
5.810000000000195897e+00 1.017059967370343720e+01
5.830000000000195470e+00 9.872929298021876576e+00
5.850000000000195044e+00 1.019239588179955369e+01
5.870000000000194618e+00 9.863126396878435287e+00
5.890000000000194191e+00 1.005132560685319199e+01
5.910000000000193765e+00 9.728648904066863778e+00
5.930000000000193339e+00 1.001776218198731705e+01
5.950000000000192912e+00 9.781761594948905625e+00
5.970000000000192486e+00 9.773266943199498513e+00
5.990000000000192060e+00 9.664058138308467605e+00
6.010000000000191633e+00 9.601651206241371028e+00
6.030000000000191207e+00 9.755762282164848642e+00
6.050000000000190781e+00 9.544976001691010126e+00
6.070000000000190354e+00 9.590693421292268539e+00
6.090000000000189928e+00 9.515601403880310727e+00
6.110000000000189502e+00 9.642927392155742794e+00
6.130000000000189075e+00 9.544490343074720329e+00
6.150000000000188649e+00 9.316118539613217564e+00
6.170000000000188223e+00 9.656161549380595233e+00
6.190000000000187796e+00 9.668630453714531114e+00
6.210000000000187370e+00 9.428056165107371100e+00
6.230000000000186944e+00 9.548088126164914868e+00
6.250000000000186517e+00 9.365285348439492452e+00
6.270000000000186091e+00 9.560594402454441365e+00
6.290000000000185665e+00 9.475909852989149229e+00
6.310000000000185238e+00 9.299925794810102175e+00
6.330000000000184812e+00 9.608945703446513775e+00
6.350000000000184386e+00 9.507789090899319007e+00
6.370000000000183960e+00 9.521465621678329327e+00
6.390000000000183533e+00 9.694790832174916773e+00
6.410000000000183107e+00 9.428700009347284805e+00
6.430000000000182681e+00 9.519143480286402337e+00
6.450000000000182254e+00 9.525488674546888745e+00
6.470000000000181828e+00 9.618783107249710085e+00
6.490000000000181402e+00 9.577710058569644858e+00
6.510000000000180975e+00 9.530588860506476578e+00
6.530000000000180549e+00 9.406953395487519742e+00
6.550000000000180123e+00 9.664303057185723134e+00
6.570000000000179696e+00 9.611022208464090610e+00
6.590000000000179270e+00 9.665375338819430340e+00
6.610000000000178844e+00 9.611741255446279553e+00
6.630000000000178417e+00 9.494401567046892865e+00
6.650000000000177991e+00 9.542772975933955237e+00
6.670000000000177565e+00 9.674291847928083499e+00
6.690000000000177138e+00 9.514554657380736913e+00
6.710000000000176712e+00 9.559728795215002961e+00
6.730000000000176286e+00 9.499902681014091854e+00
6.750000000000175859e+00 9.800574623269783459e+00
6.770000000000175433e+00 9.571132752784588860e+00
6.790000000000175007e+00 9.688064920748567843e+00
6.810000000000174580e+00 9.428536311597650155e+00
6.830000000000174154e+00 9.356482040942623257e+00
6.850000000000173728e+00 9.543969310177871535e+00
6.870000000000173301e+00 9.549577695819021272e+00
6.890000000000172875e+00 9.224618267455685583e+00
6.910000000000172449e+00 9.257600490530004222e+00
6.930000000000172022e+00 9.465183329227320641e+00
6.950000000000171596e+00 9.378114342269846304e+00
6.970000000000171170e+00 9.244075969602443266e+00
6.990000000000170743e+00 9.264996005846514393e+00
7.010000000000170317e+00 9.247051647452870782e+00
7.030000000000169891e+00 9.350479973471918171e+00
7.050000000000169464e+00 9.023771173161312831e+00
7.070000000000169038e+00 9.042452805250581704e+00
7.090000000000168612e+00 9.149309580165828848e+00
7.110000000000168185e+00 9.028916327379471696e+00
7.130000000000167759e+00 8.918913483380753959e+00
7.150000000000167333e+00 8.724916965163348692e+00
7.170000000000166906e+00 9.076489993309511561e+00
7.190000000000166480e+00 8.853680560934163779e+00
7.210000000000166054e+00 8.672269434486025830e+00
7.230000000000165628e+00 8.660035089013238263e+00
7.250000000000165201e+00 8.755292356726743108e+00
7.270000000000164775e+00 8.467086094752549030e+00
7.290000000000164349e+00 8.521700884255150044e+00
7.310000000000163922e+00 8.490644524687406047e+00
7.330000000000163496e+00 8.412527151948481219e+00
7.350000000000163070e+00 8.316477306246339296e+00
7.370000000000162643e+00 8.346023517296048411e+00
7.390000000000162217e+00 8.315874993925685743e+00
7.410000000000161791e+00 8.259754113220406424e+00
7.430000000000161364e+00 7.983862359097295247e+00
7.450000000000160938e+00 8.024232150334739799e+00
7.470000000000160512e+00 8.075059696025089551e+00
7.490000000000160085e+00 7.940013714910723941e+00
7.510000000000159659e+00 8.060931507670414220e+00
7.530000000000159233e+00 7.962154269347419877e+00
7.550000000000158806e+00 8.054505599335731958e+00
7.570000000000158380e+00 7.900151931482520595e+00
7.590000000000157954e+00 7.947307355445602184e+00
7.610000000000157527e+00 7.848338397477990114e+00
7.630000000000157101e+00 7.674612071780152256e+00
7.650000000000156675e+00 7.738381546717689297e+00
7.670000000000156248e+00 7.762305496932964566e+00
7.690000000000155822e+00 7.627933034473495688e+00
7.710000000000155396e+00 7.870663041702831819e+00
7.730000000000154969e+00 7.673457541813665905e+00
7.750000000000154543e+00 7.606598076208845427e+00
7.770000000000154117e+00 7.642861080640346749e+00
7.790000000000153690e+00 7.806923523182744518e+00
7.810000000000153264e+00 7.759578850962391527e+00
7.830000000000152838e+00 7.723720423591952766e+00
7.850000000000152411e+00 7.698067464366411095e+00
7.870000000000151985e+00 7.703252734634446597e+00
7.890000000000151559e+00 7.698819636699798963e+00
7.910000000000151132e+00 7.719188208489523362e+00
7.930000000000150706e+00 7.735051688065468944e+00
7.950000000000150280e+00 7.801967185900403834e+00
7.970000000000149853e+00 7.738375609582040404e+00
7.990000000000149427e+00 7.674173808132544572e+00
8.010000000000149001e+00 7.742810117281656801e+00
8.030000000000148574e+00 7.781321878890678612e+00
8.050000000000148148e+00 7.956911165292794408e+00
8.070000000000147722e+00 7.860068345614513063e+00
8.090000000000147296e+00 7.897896176307271254e+00
8.110000000000146869e+00 7.998711752830621080e+00
8.130000000000146443e+00 7.933113946002737116e+00
8.150000000000146017e+00 7.979058199899634829e+00
8.170000000000145590e+00 8.025940309944742168e+00
8.190000000000145164e+00 7.968992233697691496e+00
8.210000000000144738e+00 7.979137237482677669e+00
8.230000000000144311e+00 8.249800967257421291e+00
8.250000000000143885e+00 8.119075105554653504e+00
8.270000000000143459e+00 8.083163360792227081e+00
8.290000000000143032e+00 8.127869921285320487e+00
8.310000000000142606e+00 8.042784659736133435e+00
8.330000000000142180e+00 8.236674075638919845e+00
8.350000000000141753e+00 8.122569522297485634e+00
8.370000000000141327e+00 8.163382177019451902e+00
8.390000000000140901e+00 8.178137794581708420e+00
8.410000000000140474e+00 8.274777028118558420e+00
8.430000000000140048e+00 8.266424865651540443e+00
8.450000000000139622e+00 8.204696959439800708e+00
8.470000000000139195e+00 8.318308430676406573e+00
8.490000000000138769e+00 8.378275255288594181e+00
8.510000000000138343e+00 8.385669842814966302e+00
8.530000000000137916e+00 8.356241224425591696e+00
8.550000000000137490e+00 8.353616925194240039e+00
8.570000000000137064e+00 8.414636894471605899e+00
8.590000000000136637e+00 8.360501596434326999e+00
8.610000000000136211e+00 8.256717852883047826e+00
8.630000000000135785e+00 8.250238481553143544e+00
8.650000000000135358e+00 8.285810564260568611e+00
8.670000000000134932e+00 8.333549513771250972e+00
8.690000000000134506e+00 8.303920388949400433e+00
8.710000000000134079e+00 8.345995190510627992e+00
8.730000000000133653e+00 8.389827322806349130e+00
8.750000000000133227e+00 8.253167999826880319e+00
8.770000000000132800e+00 8.300497092261966969e+00
8.790000000000132374e+00 8.465158487821261346e+00
8.810000000000131948e+00 8.365970593700787106e+00
8.830000000000131521e+00 8.219687371454337921e+00
8.850000000000131095e+00 8.248084667034834894e+00
8.870000000000130669e+00 8.207913413089285015e+00
8.890000000000130242e+00 8.330807093808298092e+00
8.910000000000129816e+00 8.300312606062730580e+00
8.930000000000129390e+00 8.189028493867152037e+00
8.950000000000128964e+00 8.228554454522567951e+00
8.970000000000128537e+00 8.138751536526855901e+00
8.990000000000128111e+00 8.113080925091539441e+00
9.010000000000127685e+00 8.200530619694156087e+00
9.030000000000127258e+00 8.116669284122874473e+00
9.050000000000126832e+00 8.190393779313851041e+00
9.070000000000126406e+00 8.137390009420029102e+00
9.090000000000125979e+00 8.147882622193403535e+00
9.110000000000125553e+00 8.036684009671242634e+00
9.130000000000125127e+00 8.194033726301967135e+00
9.150000000000124700e+00 8.147572188510988411e+00
9.170000000000124274e+00 7.999837601332310477e+00
9.190000000000123848e+00 8.035593837390427652e+00
9.210000000000123421e+00 8.045661196254108916e+00
9.230000000000122995e+00 7.994238215468034703e+00
9.250000000000122569e+00 7.905685764234926083e+00
9.270000000000122142e+00 7.972715997557770606e+00
9.290000000000121716e+00 7.914718201995761149e+00
9.310000000000121290e+00 7.862325191265346014e+00
9.330000000000120863e+00 7.930754629582167148e+00
9.350000000000120437e+00 7.969674925972225488e+00
9.370000000000120011e+00 7.867706582182480091e+00
9.390000000000119584e+00 7.898755962590160884e+00
9.410000000000119158e+00 7.759563062284570378e+00
9.430000000000118732e+00 7.805399258876781765e+00
9.450000000000118305e+00 7.884533119978285320e+00
9.470000000000117879e+00 7.793194065577773166e+00
9.490000000000117453e+00 7.801217358109505895e+00
9.510000000000117026e+00 7.773208185005815452e+00
9.530000000000116600e+00 7.742795140243231344e+00
9.550000000000116174e+00 7.723393088917926086e+00
9.570000000000115747e+00 7.586141819953260423e+00
9.590000000000115321e+00 7.637422822474045248e+00
9.610000000000114895e+00 7.757445215967829100e+00
9.630000000000114468e+00 7.638592602115748420e+00
9.650000000000114042e+00 7.614579480168682579e+00
9.670000000000113616e+00 7.586767995401967113e+00
9.690000000000113189e+00 7.507952433889331090e+00
9.710000000000112763e+00 7.590513312445273719e+00
9.730000000000112337e+00 7.524676754282611846e+00
9.750000000000111910e+00 7.506769881779643327e+00
9.770000000000111484e+00 7.544411568810066804e+00
9.790000000000111058e+00 7.487601863777370248e+00
9.810000000000110632e+00 7.505503433489219667e+00
9.830000000000110205e+00 7.394234661100413497e+00
9.850000000000109779e+00 7.380543445159670313e+00
9.870000000000109353e+00 7.365123858159181580e+00
9.890000000000108926e+00 7.389299991058955186e+00
9.910000000000108500e+00 7.403474190239442976e+00
9.930000000000108074e+00 7.326736764259144330e+00
9.950000000000107647e+00 7.292891778912921730e+00
9.970000000000107221e+00 7.213776379774357039e+00
9.990000000000106795e+00 7.254653311551381378e+00
1.001000000000010637e+01 7.278541068369293932e+00
1.003000000000010594e+01 7.249210713535664929e+00
1.005000000000010552e+01 7.089679832911810031e+00
1.007000000000010509e+01 7.219649074031804226e+00
1.009000000000010466e+01 7.134505029388667374e+00
1.011000000000010424e+01 7.152120025370041212e+00
1.013000000000010381e+01 7.057427038297869437e+00
1.015000000000010338e+01 7.148447461138617065e+00
1.017000000000010296e+01 7.056281114743262250e+00
1.019000000000010253e+01 7.059338697863168477e+00
1.021000000000010210e+01 7.001892661218906966e+00
1.023000000000010168e+01 7.041038713531548865e+00
1.025000000000010125e+01 6.938699427672633924e+00
1.027000000000010083e+01 6.955638753603762048e+00
1.029000000000010040e+01 6.866522750218567062e+00
1.031000000000009997e+01 6.853278030412477406e+00
1.033000000000009955e+01 6.762503567132434945e+00
1.035000000000009912e+01 6.832773509943581125e+00
1.037000000000009869e+01 6.924001427142807863e+00
1.039000000000009827e+01 6.716991845671421935e+00
1.041000000000009784e+01 6.738107434855036715e+00
1.043000000000009742e+01 6.693185116574946747e+00
1.045000000000009699e+01 6.701514704105779430e+00
1.047000000000009656e+01 6.725364358455279579e+00
1.049000000000009614e+01 6.682376423070672367e+00
1.051000000000009571e+01 6.588235008925273917e+00
1.053000000000009528e+01 6.589121234691143414e+00
1.055000000000009486e+01 6.523271203604192436e+00
1.057000000000009443e+01 6.537624682351788508e+00
1.059000000000009400e+01 6.505987698712936584e+00
1.061000000000009358e+01 6.457078781803486933e+00
1.063000000000009315e+01 6.357362279702335250e+00
1.065000000000009273e+01 6.294267899125144616e+00
1.067000000000009230e+01 6.342906859040520651e+00
1.069000000000009187e+01 6.225971194215460081e+00
1.071000000000009145e+01 6.250330365976150659e+00
1.073000000000009102e+01 6.239888623004824275e+00
1.075000000000009059e+01 6.219461338019750762e+00
1.077000000000009017e+01 6.156266846106954738e+00
1.079000000000008974e+01 6.164795971924573514e+00
1.081000000000008932e+01 6.062252061534969982e+00
1.083000000000008889e+01 5.978487768691776338e+00
1.085000000000008846e+01 5.920797259937935486e+00
1.087000000000008804e+01 5.987633548305100639e+00
1.089000000000008761e+01 5.876829502671612637e+00
1.091000000000008718e+01 5.828320571134454120e+00
1.093000000000008676e+01 5.801053101285843283e+00
1.095000000000008633e+01 5.818212500371224394e+00
1.097000000000008590e+01 5.655281370460304657e+00
1.099000000000008548e+01 5.654474850858006718e+00
1.101000000000008505e+01 5.585988740367950456e+00
1.103000000000008463e+01 5.582405329137475114e+00
1.105000000000008420e+01 5.571737114456303708e+00
1.107000000000008377e+01 5.446539640902575918e+00
1.109000000000008335e+01 5.448642311688975504e+00
1.111000000000008292e+01 5.377886404401659881e+00
1.113000000000008249e+01 5.370041521064606194e+00
1.115000000000008207e+01 5.302525742989188551e+00
1.117000000000008164e+01 5.259546120176860740e+00
1.119000000000008122e+01 5.228452802316795101e+00
1.121000000000008079e+01 5.262533224191436432e+00
1.123000000000008036e+01 5.123262373951424031e+00
1.125000000000007994e+01 5.164098367626004382e+00
1.127000000000007951e+01 5.053506840989836491e+00
1.129000000000007908e+01 5.002719922364921246e+00
1.131000000000007866e+01 4.937748056056191714e+00
1.133000000000007823e+01 4.959821533679218852e+00
1.135000000000007780e+01 4.952399041199560870e+00
1.137000000000007738e+01 4.902806414793071887e+00
1.139000000000007695e+01 4.819424074234698097e+00
1.141000000000007653e+01 4.773392962775640846e+00
1.143000000000007610e+01 4.788935288223370002e+00
1.145000000000007567e+01 4.723469251363511923e+00
1.147000000000007525e+01 4.672747360015608642e+00
1.149000000000007482e+01 4.734463284299545549e+00
1.151000000000007439e+01 4.677521439194268105e+00
1.153000000000007397e+01 4.638662892337766408e+00
1.155000000000007354e+01 4.558338820263862168e+00
1.157000000000007311e+01 4.558201043006089748e+00
1.159000000000007269e+01 4.508397241181022252e+00
1.161000000000007226e+01 4.509632896723906548e+00
1.163000000000007184e+01 4.467457897263956035e+00
1.165000000000007141e+01 4.424745874808145629e+00
1.167000000000007098e+01 4.421751099637602600e+00
1.169000000000007056e+01 4.376955392406930656e+00
1.171000000000007013e+01 4.329133462234222129e+00
1.173000000000006970e+01 4.314096115292473499e+00
1.175000000000006928e+01 4.309853305551808234e+00
1.177000000000006885e+01 4.281892629913761184e+00
1.179000000000006843e+01 4.217168843280256318e+00
1.181000000000006800e+01 4.267812055004132077e+00
1.183000000000006757e+01 4.224403402665592999e+00
1.185000000000006715e+01 4.161410030836427687e+00
1.187000000000006672e+01 4.236699847841413735e+00
1.189000000000006629e+01 4.180951526591503153e+00
1.191000000000006587e+01 4.083323634467077135e+00
1.193000000000006544e+01 4.113600492951299259e+00
1.195000000000006501e+01 4.029625435565128200e+00
1.197000000000006459e+01 4.023582012872727987e+00
1.199000000000006416e+01 3.984318114468406336e+00
1.201000000000006374e+01 4.016755414723002460e+00
1.203000000000006331e+01 3.950764898958232685e+00
1.205000000000006288e+01 3.958022008281524950e+00
1.207000000000006246e+01 3.943253738467026093e+00
1.209000000000006203e+01 3.931351628143162635e+00
1.211000000000006160e+01 3.897499384849834492e+00
1.213000000000006118e+01 3.891577582603980900e+00
1.215000000000006075e+01 3.888388594108276752e+00
1.217000000000006033e+01 3.843907577643656204e+00
1.219000000000005990e+01 3.810661194816467479e+00
1.221000000000005947e+01 3.775030113442879642e+00
1.223000000000005905e+01 3.802880225691843474e+00
1.225000000000005862e+01 3.766505737993739444e+00
1.227000000000005819e+01 3.727462748300061524e+00
1.229000000000005777e+01 3.684632909560200176e+00
1.231000000000005734e+01 3.701451912167814218e+00
1.233000000000005691e+01 3.666304256307948428e+00
1.235000000000005649e+01 3.619519275989116380e+00
1.237000000000005606e+01 3.661333352121714402e+00
1.239000000000005564e+01 3.624584091340424585e+00
1.241000000000005521e+01 3.621528342331836292e+00
1.243000000000005478e+01 3.628101433406605736e+00
1.245000000000005436e+01 3.608634042897522765e+00
1.247000000000005393e+01 3.609036375004959218e+00
1.249000000000005350e+01 3.558928497908201649e+00
1.251000000000005308e+01 3.536649887926508473e+00
1.253000000000005265e+01 3.547398801251385070e+00
1.255000000000005222e+01 3.525095216544003041e+00
1.257000000000005180e+01 3.506528927789128058e+00
1.259000000000005137e+01 3.477456429360106682e+00
1.261000000000005095e+01 3.484466016697040036e+00
1.263000000000005052e+01 3.440251420306152497e+00
1.265000000000005009e+01 3.467523820940364931e+00
1.267000000000004967e+01 3.394724089869310735e+00
1.269000000000004924e+01 3.401751881399982302e+00
1.271000000000004881e+01 3.376382979976078502e+00
1.273000000000004839e+01 3.388379807677896594e+00
1.275000000000004796e+01 3.410475354397738634e+00
1.277000000000004754e+01 3.383316305601792973e+00
1.279000000000004711e+01 3.372487407838520745e+00
1.281000000000004668e+01 3.351849123221645854e+00
1.283000000000004626e+01 3.343690298628279045e+00
1.285000000000004583e+01 3.364060321868166614e+00
1.287000000000004540e+01 3.351332053012021195e+00
1.289000000000004498e+01 3.265644541268424295e+00
1.291000000000004455e+01 3.244563675767368149e+00
1.293000000000004412e+01 3.275486955139720102e+00
1.295000000000004370e+01 3.275118492799193870e+00
1.297000000000004327e+01 3.243585297830118286e+00
1.299000000000004285e+01 3.199738582286106858e+00
1.301000000000004242e+01 3.202096583643176064e+00
1.303000000000004199e+01 3.195879840972640995e+00
1.305000000000004157e+01 3.188050913045814116e+00
1.307000000000004114e+01 3.197517330167623406e+00
1.309000000000004071e+01 3.152240530401153595e+00
1.311000000000004029e+01 3.164686753843946931e+00
1.313000000000003986e+01 3.128445037468510215e+00
1.315000000000003944e+01 3.130905322067164764e+00
1.317000000000003901e+01 3.117497472286177018e+00
1.319000000000003858e+01 3.115145751100174998e+00
1.321000000000003816e+01 3.074705844279866263e+00
1.323000000000003773e+01 3.050574750510874011e+00
1.325000000000003730e+01 3.069252314959892036e+00
1.327000000000003688e+01 3.013349822065804151e+00
1.329000000000003645e+01 2.978540617177838357e+00
1.331000000000003602e+01 3.002974286314841645e+00
1.333000000000003560e+01 2.941685551530971221e+00
1.335000000000003517e+01 2.983241956006543738e+00
1.337000000000003475e+01 2.936976865243067891e+00
1.339000000000003432e+01 2.939442654457472326e+00
1.341000000000003389e+01 2.987100668544305115e+00
1.343000000000003347e+01 2.889273876469744540e+00
1.345000000000003304e+01 2.861876506605539383e+00
1.347000000000003261e+01 2.865284948282051936e+00
1.349000000000003219e+01 2.907545594974942915e+00
1.351000000000003176e+01 2.816363541522125757e+00
1.353000000000003133e+01 2.820783293866302444e+00
1.355000000000003091e+01 2.805046809287940590e+00
1.357000000000003048e+01 2.770945373489036356e+00
1.359000000000003006e+01 2.783854184965964595e+00
1.361000000000002963e+01 2.735087142224319923e+00
1.363000000000002920e+01 2.778423717750608368e+00
1.365000000000002878e+01 2.732938240740160563e+00
1.367000000000002835e+01 2.752087430052313266e+00
1.369000000000002792e+01 2.687880125223062855e+00
1.371000000000002750e+01 2.694240969529557272e+00
1.373000000000002707e+01 2.653516715792163527e+00
1.375000000000002665e+01 2.651588216510505358e+00
1.377000000000002622e+01 2.631305858092785499e+00
1.379000000000002579e+01 2.635211419011039613e+00
1.381000000000002537e+01 2.638140499417179541e+00
1.383000000000002494e+01 2.600538112931540358e+00
1.385000000000002451e+01 2.602533338199986002e+00
1.387000000000002409e+01 2.534888598563661777e+00
1.389000000000002366e+01 2.562444686078182432e+00
1.391000000000002323e+01 2.525602848664776801e+00
1.393000000000002281e+01 2.536703746537092297e+00
1.395000000000002238e+01 2.518216807786343381e+00
1.397000000000002196e+01 2.492501107561209128e+00
1.399000000000002153e+01 2.456910079275060887e+00
1.401000000000002110e+01 2.455657650565602701e+00
1.403000000000002068e+01 2.420105426322279651e+00
1.405000000000002025e+01 2.412208585738897959e+00
1.407000000000001982e+01 2.374420597438624103e+00
1.409000000000001940e+01 2.417423924210282404e+00
1.411000000000001897e+01 2.355951927442289762e+00
1.413000000000001855e+01 2.339808983499330530e+00
1.415000000000001812e+01 2.309073484583201274e+00
1.417000000000001769e+01 2.341564685187378370e+00
1.419000000000001727e+01 2.298037575993888915e+00
1.421000000000001684e+01 2.271152236965902294e+00
1.423000000000001641e+01 2.248914526620164445e+00
1.425000000000001599e+01 2.197461888203042779e+00
1.427000000000001556e+01 2.182468209072251586e+00
1.429000000000001513e+01 2.152189389303097666e+00
1.431000000000001471e+01 2.151026853309845777e+00
1.433000000000001428e+01 2.144365725067189921e+00
1.435000000000001386e+01 2.095010941989808195e+00
1.437000000000001343e+01 2.091232863350565019e+00
1.439000000000001300e+01 2.064641839879373553e+00
1.441000000000001258e+01 2.022668190902900065e+00
1.443000000000001215e+01 2.009482812507671134e+00
1.445000000000001172e+01 1.945529777298729446e+00
1.447000000000001130e+01 1.817889437743786418e+00
1.449000000000001087e+01 1.599179362870726262e+00
1.451000000000001044e+01 1.310089264733022230e+00
1.453000000000001002e+01 1.013100304880946378e+00
1.455000000000000959e+01 7.356538633762953472e-01
1.457000000000000917e+01 5.369545384977043589e-01
1.459000000000000874e+01 3.088262857491423374e-01
1.461000000000000831e+01 1.739551639804597094e-01
1.463000000000000789e+01 6.910135123897261089e-02
1.465000000000000746e+01 2.215785082776887752e-02
1.467000000000000703e+01 2.794512282958528868e-03
1.469000000000000661e+01 2.782116888837325198e-03
1.471000000000000618e+01 0.000000000000000000e+00
1.473000000000000576e+01 0.000000000000000000e+00
1.475000000000000533e+01 0.000000000000000000e+00
1.477000000000000490e+01 0.000000000000000000e+00
1.479000000000000448e+01 0.000000000000000000e+00
1.481000000000000405e+01 0.000000000000000000e+00
1.483000000000000362e+01 0.000000000000000000e+00
1.485000000000000320e+01 0.000000000000000000e+00
1.487000000000000277e+01 0.000000000000000000e+00
1.489000000000000234e+01 0.000000000000000000e+00
1.491000000000000192e+01 0.000000000000000000e+00
1.493000000000000149e+01 0.000000000000000000e+00
1.495000000000000107e+01 0.000000000000000000e+00
1.497000000000000064e+01 0.000000000000000000e+00
1.499000000000000021e+01 0.000000000000000000e+00
