# Redshift		Merger Rate Density [Gpc^-3yr^-1]
1.000000000031931770e-02 2.478695515512040615e+01
3.000000000031888964e-02 2.518723017323179292e+01
5.000000000031846331e-02 2.553993153847380526e+01
7.000000000031804392e-02 2.488631114899093077e+01
9.000000000031761760e-02 2.507068946761263462e+01
1.100000000003171913e-01 2.562855948387904093e+01
1.300000000003167511e-01 2.573065069282238326e+01
1.500000000003163247e-01 2.588033867714191061e+01
1.700000000003158984e-01 2.664355937033293742e+01
1.900000000003154721e-01 2.740805679548156348e+01
2.100000000003150458e-01 2.726456696347611341e+01
2.300000000003146194e-01 2.811884305507642878e+01
2.500000000003141931e-01 2.899576843703489715e+01
2.700000000003137668e-01 2.917413643659621059e+01
2.900000000003133405e-01 2.991316536206332088e+01
3.100000000003129141e-01 3.043533712241170619e+01
3.300000000003124878e-01 3.096306441698482814e+01
3.500000000003120615e-01 3.204454221348683518e+01
3.700000000003116352e-01 3.176988764724183767e+01
3.900000000003112088e-01 3.204279678471525727e+01
4.100000000003107825e-01 3.209343013842321568e+01
4.300000000003103562e-01 3.262661896884133483e+01
4.500000000003099299e-01 3.237570969896935225e+01
4.700000000003095035e-01 3.406868685116319284e+01
4.900000000003090772e-01 3.359017071376078434e+01
5.100000000003086509e-01 3.496540648771627957e+01
5.300000000003082246e-01 3.522350869002594465e+01
5.500000000003077982e-01 3.519203469671666795e+01
5.700000000003073719e-01 3.659262691072989782e+01
5.900000000003069456e-01 3.580482914831537045e+01
6.100000000003065193e-01 3.680861496606598848e+01
6.300000000003060929e-01 3.720289397954008592e+01
6.500000000003056666e-01 3.694053137113007779e+01
6.700000000003052403e-01 3.731978301762680417e+01
6.900000000003048140e-01 3.723231322761835571e+01
7.100000000003043876e-01 3.729989581252276309e+01
7.300000000003039613e-01 3.752304492851030915e+01
7.500000000003035350e-01 3.802825914087966908e+01
7.700000000003031086e-01 3.916391883853857081e+01
7.900000000003026823e-01 3.919870547591594345e+01
8.100000000003022560e-01 4.044216404294417089e+01
8.300000000003018297e-01 4.085742268953574552e+01
8.500000000003014033e-01 4.174440962244702291e+01
8.700000000003009770e-01 4.261574144475968495e+01
8.900000000003005507e-01 4.199463002488138841e+01
9.100000000003001244e-01 4.295331781986158859e+01
9.300000000002996980e-01 4.280457925608801162e+01
9.500000000002992717e-01 4.304823496584739928e+01
9.700000000002988454e-01 4.327534349456541918e+01
9.900000000002984191e-01 4.288051904187978636e+01
1.010000000000297993e+00 4.344330665456724461e+01
1.030000000000297566e+00 4.291975869417446887e+01
1.050000000000297140e+00 4.387753627566202397e+01
1.070000000000296714e+00 4.315415874372803273e+01
1.090000000000296287e+00 4.387396570893151448e+01
1.110000000000295861e+00 4.356055790234316305e+01
1.130000000000295435e+00 4.493700491053210300e+01
1.150000000000295008e+00 4.340614967000864510e+01
1.170000000000294582e+00 4.517298074394714291e+01
1.190000000000294156e+00 4.483643403684749273e+01
1.210000000000293729e+00 4.505369057838009894e+01
1.230000000000293303e+00 4.488487661604586521e+01
1.250000000000292877e+00 4.541499136110325452e+01
1.270000000000292451e+00 4.578162703443395998e+01
1.290000000000292024e+00 4.493046089447409486e+01
1.310000000000291598e+00 4.569546622650565126e+01
1.330000000000291172e+00 4.645154632008522100e+01
1.350000000000290745e+00 4.517212410427499236e+01
1.370000000000290319e+00 4.628110275571463461e+01
1.390000000000289893e+00 4.598208764487816325e+01
1.410000000000289466e+00 4.653691793386717990e+01
1.430000000000289040e+00 4.636513181685845097e+01
1.450000000000288614e+00 4.621630142054359425e+01
1.470000000000288187e+00 4.744222996468419495e+01
1.490000000000287761e+00 4.694495384631960633e+01
1.510000000000287335e+00 4.639266675546562624e+01
1.530000000000286908e+00 4.728420451012462422e+01
1.550000000000286482e+00 4.606716186766237087e+01
1.570000000000286056e+00 4.700095927213889979e+01
1.590000000000285629e+00 4.650064647973711374e+01
1.610000000000285203e+00 4.646630044807962889e+01
1.630000000000284777e+00 4.598995773645498275e+01
1.650000000000284350e+00 4.680069012104344495e+01
1.670000000000283924e+00 4.548341845973668995e+01
1.690000000000283498e+00 4.631797779219475331e+01
1.710000000000283071e+00 4.614587334496330584e+01
1.730000000000282645e+00 4.590328693388869397e+01
1.750000000000282219e+00 4.607946427668893108e+01
1.770000000000281792e+00 4.606713325894916267e+01
1.790000000000281366e+00 4.572747263501661763e+01
1.810000000000280940e+00 4.564941740715401153e+01
1.830000000000280513e+00 4.594002150051463218e+01
1.850000000000280087e+00 4.682429879133901096e+01
1.870000000000279661e+00 4.485342764270535554e+01
1.890000000000279234e+00 4.566924739101339981e+01
1.910000000000278808e+00 4.438546427257168148e+01
1.930000000000278382e+00 4.563267306485438013e+01
1.950000000000277955e+00 4.498878679164670302e+01
1.970000000000277529e+00 4.481582224197872932e+01
1.990000000000277103e+00 4.459377462290407834e+01
2.010000000000276899e+00 4.529192363988114067e+01
2.030000000000276472e+00 4.440267308280492387e+01
2.050000000000276046e+00 4.363654871663597845e+01
2.070000000000275620e+00 4.435229955580251016e+01
2.090000000000275193e+00 4.426627756294326588e+01
2.110000000000274767e+00 4.314987976757672072e+01
2.130000000000274341e+00 4.408710054822772406e+01
2.150000000000273914e+00 4.350272731043042285e+01
2.170000000000273488e+00 4.271146635960189286e+01
2.190000000000273062e+00 4.306597981635704997e+01
2.210000000000272635e+00 4.313989720488227420e+01
2.230000000000272209e+00 4.275586092601457011e+01
2.250000000000271783e+00 4.266748711842112840e+01
2.270000000000271356e+00 4.135242493711385237e+01
2.290000000000270930e+00 4.163777178771880472e+01
2.310000000000270504e+00 4.234252851392533756e+01
2.330000000000270077e+00 4.053666413578606154e+01
2.350000000000269651e+00 4.144171029037531184e+01
2.370000000000269225e+00 4.059033491231451052e+01
2.390000000000268798e+00 4.067599131879011765e+01
2.410000000000268372e+00 3.952754605055125126e+01
2.430000000000267946e+00 4.060331490788240671e+01
2.450000000000267519e+00 4.042631083617009580e+01
2.470000000000267093e+00 3.922819700001825538e+01
2.490000000000266667e+00 4.001131750212930882e+01
2.510000000000266240e+00 3.847629878879981646e+01
2.530000000000265814e+00 3.992062737703405162e+01
2.550000000000265388e+00 3.918365754240400634e+01
2.570000000000264961e+00 3.934353569446543020e+01
2.590000000000264535e+00 3.854284392628030531e+01
2.610000000000264109e+00 3.856637884971720354e+01
2.630000000000263682e+00 3.891168697791767528e+01
2.650000000000263256e+00 3.879205401310095169e+01
2.670000000000262830e+00 3.718577714917790900e+01
2.690000000000262403e+00 3.912387377014400158e+01
2.710000000000261977e+00 3.792156033553306571e+01
2.730000000000261551e+00 3.820698984581242286e+01
2.750000000000261124e+00 3.800986448033611254e+01
2.770000000000260698e+00 3.771142397103195520e+01
2.790000000000260272e+00 3.849390501259169639e+01
2.810000000000259845e+00 3.788145387185841884e+01
2.830000000000259419e+00 3.777890393863340535e+01
2.850000000000258993e+00 3.780497924017963385e+01
2.870000000000258567e+00 3.771950631267704068e+01
2.890000000000258140e+00 3.779929531443600155e+01
2.910000000000257714e+00 3.753024726768212815e+01
2.930000000000257288e+00 3.804436047936995635e+01
2.950000000000256861e+00 3.673634224846787077e+01
2.970000000000256435e+00 3.762993991469435429e+01
2.990000000000256009e+00 3.745783867499216768e+01
3.010000000000255582e+00 3.768195189081853869e+01
3.030000000000255156e+00 3.644495804694664542e+01
3.050000000000254730e+00 3.667993925544788425e+01
3.070000000000254303e+00 3.685608564187123903e+01
3.090000000000253877e+00 3.667284423252032610e+01
3.110000000000253451e+00 3.634824771522242770e+01
3.130000000000253024e+00 3.667221160334238306e+01
3.150000000000252598e+00 3.606959658431998150e+01
3.170000000000252172e+00 3.675811247407073523e+01
3.190000000000251745e+00 3.580456367370072712e+01
3.210000000000251319e+00 3.571213657906290706e+01
3.230000000000250893e+00 3.593808768791042496e+01
3.250000000000250466e+00 3.579375773321100240e+01
3.270000000000250040e+00 3.603212777256040056e+01
3.290000000000249614e+00 3.582583927187844353e+01
3.310000000000249187e+00 3.572041546777937526e+01
3.330000000000248761e+00 3.552784209999380494e+01
3.350000000000248335e+00 3.570516302958859001e+01
3.370000000000247908e+00 3.532615421123092148e+01
3.390000000000247482e+00 3.620489416242991609e+01
3.410000000000247056e+00 3.536055603627352184e+01
3.430000000000246629e+00 3.522207131967030591e+01
3.450000000000246203e+00 3.605233791169496982e+01
3.470000000000245777e+00 3.531900477573269370e+01
3.490000000000245350e+00 3.605225550935107037e+01
3.510000000000244924e+00 3.572954823546820080e+01
3.530000000000244498e+00 3.552614627647315615e+01
3.550000000000244071e+00 3.572199669063002148e+01
3.570000000000243645e+00 3.630372828567575283e+01
3.590000000000243219e+00 3.645116805590391351e+01
3.610000000000242792e+00 3.614044164520062452e+01
3.630000000000242366e+00 3.621737153175907054e+01
3.650000000000241940e+00 3.623687977330610011e+01
3.670000000000241513e+00 3.664133514089616739e+01
3.690000000000241087e+00 3.609632890383961268e+01
3.710000000000240661e+00 3.751946374538314188e+01
3.730000000000240234e+00 3.703971024707218618e+01
3.750000000000239808e+00 3.691416315808477577e+01
3.770000000000239382e+00 3.701005093402707047e+01
3.790000000000238956e+00 3.764196795364071590e+01
3.810000000000238529e+00 3.741095829611283818e+01
3.830000000000238103e+00 3.761418175408939391e+01
3.850000000000237677e+00 3.794633331159057832e+01
3.870000000000237250e+00 3.766127246159196318e+01
3.890000000000236824e+00 3.842314101892199574e+01
3.910000000000236398e+00 3.816626730766693498e+01
3.930000000000235971e+00 3.850947194694939668e+01
3.950000000000235545e+00 3.841466109665576312e+01
3.970000000000235119e+00 3.830901860756312516e+01
3.990000000000234692e+00 3.911909591095219696e+01
4.010000000000234266e+00 3.903216289924278470e+01
4.030000000000233840e+00 3.885816294551163708e+01
4.050000000000233413e+00 3.910134307330697823e+01
4.070000000000232987e+00 3.921881520441800717e+01
4.090000000000232561e+00 3.904570479474678280e+01
4.110000000000232134e+00 4.016381814837158970e+01
4.130000000000231708e+00 3.905084742425949429e+01
4.150000000000231282e+00 3.962771755130822271e+01
4.170000000000230855e+00 3.990158443753859530e+01
4.190000000000230429e+00 4.006424739328177509e+01
4.210000000000230003e+00 3.997290935564110015e+01
4.230000000000229576e+00 3.970991824747453336e+01
4.250000000000229150e+00 4.044167693073079306e+01
4.270000000000228724e+00 3.983684724893868179e+01
4.290000000000228297e+00 4.040669320446436075e+01
4.310000000000227871e+00 4.083226019852033062e+01
4.330000000000227445e+00 3.989075954024425386e+01
4.350000000000227018e+00 4.042141863339485042e+01
4.370000000000226592e+00 4.060528426151369530e+01
4.390000000000226166e+00 4.065276604791581860e+01
4.410000000000225739e+00 3.983568740628187754e+01
4.430000000000225313e+00 4.047098678984794873e+01
4.450000000000224887e+00 4.021699890890144502e+01
4.470000000000224460e+00 4.062315128437548850e+01
4.490000000000224034e+00 4.049978161617466554e+01
4.510000000000223608e+00 3.959594316949850423e+01
4.530000000000223181e+00 3.989482345494295856e+01
4.550000000000222755e+00 3.975085555069740195e+01
4.570000000000222329e+00 3.902632813172721171e+01
4.590000000000221902e+00 3.848645610189825561e+01
4.610000000000221476e+00 3.792393393584567463e+01
4.630000000000221050e+00 3.797691353310543860e+01
4.650000000000220624e+00 3.753731499160749507e+01
4.670000000000220197e+00 3.717092068899410862e+01
4.690000000000219771e+00 3.737038465878556792e+01
4.710000000000219345e+00 3.633660157991667461e+01
4.730000000000218918e+00 3.633112226329487982e+01
4.750000000000218492e+00 3.595975758250791188e+01
4.770000000000218066e+00 3.514923373334087131e+01
4.790000000000217639e+00 3.553263765886170944e+01
4.810000000000217213e+00 3.509066193315797477e+01
4.830000000000216787e+00 3.478910088923065302e+01
4.850000000000216360e+00 3.382562805306580600e+01
4.870000000000215934e+00 3.371552294708166642e+01
4.890000000000215508e+00 3.258258740932026853e+01
4.910000000000215081e+00 3.231021584709046124e+01
4.930000000000214655e+00 3.146167672682108218e+01
4.950000000000214229e+00 3.145432143559874305e+01
4.970000000000213802e+00 3.065175147083528628e+01
4.990000000000213376e+00 3.007424967107148106e+01
5.010000000000212950e+00 2.946753747529924539e+01
5.030000000000212523e+00 2.886357601562601261e+01
5.050000000000212097e+00 2.812025840269223664e+01
5.070000000000211671e+00 2.799094358141218919e+01
5.090000000000211244e+00 2.745953589725338517e+01
5.110000000000210818e+00 2.649365083594239678e+01
5.130000000000210392e+00 2.576298278813234788e+01
5.150000000000209965e+00 2.518017589815137214e+01
5.170000000000209539e+00 2.488045172638467761e+01
5.190000000000209113e+00 2.409694756922415237e+01
5.210000000000208686e+00 2.331196109045301412e+01
5.230000000000208260e+00 2.260324575419063464e+01
5.250000000000207834e+00 2.210577275252753893e+01
5.270000000000207407e+00 2.159034027421037649e+01
5.290000000000206981e+00 2.088120355840449704e+01
5.310000000000206555e+00 2.020416606521004255e+01
5.330000000000206128e+00 1.968435083693633914e+01
5.350000000000205702e+00 1.904896893223586929e+01
5.370000000000205276e+00 1.842154993806044416e+01
5.390000000000204849e+00 1.785534443223547285e+01
5.410000000000204423e+00 1.717872660480178837e+01
5.430000000000203997e+00 1.701787150931768977e+01
5.450000000000203570e+00 1.630305890652426015e+01
5.470000000000203144e+00 1.599026017817977952e+01
5.490000000000202718e+00 1.516030726665371375e+01
5.510000000000202292e+00 1.448039342839263455e+01
5.530000000000201865e+00 1.406425851799720661e+01
5.550000000000201439e+00 1.338979647772088555e+01
5.570000000000201013e+00 1.322924705730316042e+01
5.590000000000200586e+00 1.273686698114594229e+01
5.610000000000200160e+00 1.198313360166016395e+01
5.630000000000199734e+00 1.163260315452917482e+01
5.650000000000199307e+00 1.107803514820428603e+01
5.670000000000198881e+00 1.056039609093660658e+01
5.690000000000198455e+00 1.012936058701276387e+01
5.710000000000198028e+00 9.972819851436161898e+00
5.730000000000197602e+00 9.336447403606500828e+00
5.750000000000197176e+00 8.943156034839155666e+00
5.770000000000196749e+00 8.521781913200809910e+00
5.790000000000196323e+00 8.080068145121508394e+00
5.810000000000195897e+00 7.665948954694600914e+00
5.830000000000195470e+00 7.326206119129897054e+00
5.850000000000195044e+00 6.867040742468465631e+00
5.870000000000194618e+00 6.491134787188831190e+00
5.890000000000194191e+00 6.170396860491990765e+00
5.910000000000193765e+00 5.938049847601948983e+00
5.930000000000193339e+00 5.730620955061483279e+00
5.950000000000192912e+00 5.333089396169253149e+00
5.970000000000192486e+00 5.232607672036197144e+00
5.990000000000192060e+00 4.848792864970953964e+00
6.010000000000191633e+00 4.696663630872005335e+00
6.030000000000191207e+00 4.453447462610688135e+00
6.050000000000190781e+00 4.248950496810949495e+00
6.070000000000190354e+00 4.108943234209119666e+00
6.090000000000189928e+00 3.912543049160968511e+00
6.110000000000189502e+00 3.730259519505837229e+00
6.130000000000189075e+00 3.603210137227573551e+00
6.150000000000188649e+00 3.369862772715039423e+00
6.170000000000188223e+00 3.234344739370891286e+00
6.190000000000187796e+00 3.078738972324584378e+00
6.210000000000187370e+00 3.050645912668539683e+00
6.230000000000186944e+00 2.812349611925838211e+00
6.250000000000186517e+00 2.678979398254982325e+00
6.270000000000186091e+00 2.546487255670784489e+00
6.290000000000185665e+00 2.568520184475268309e+00
6.310000000000185238e+00 2.374296593993679316e+00
6.330000000000184812e+00 2.310698532838441288e+00
6.350000000000184386e+00 2.233600823088404130e+00
6.370000000000183960e+00 2.169173593251918053e+00
6.390000000000183533e+00 2.173754673070189103e+00
6.410000000000183107e+00 2.007992497912082452e+00
6.430000000000182681e+00 1.911424972180111759e+00
6.450000000000182254e+00 1.888996629648552084e+00
6.470000000000181828e+00 1.916465224040197812e+00
6.490000000000181402e+00 1.788844211829644149e+00
6.510000000000180975e+00 1.739836598714790572e+00
6.530000000000180549e+00 1.793552426637195163e+00
6.550000000000180123e+00 1.679242911175257369e+00
6.570000000000179696e+00 1.615363764081765074e+00
6.590000000000179270e+00 1.644141325469282267e+00
6.610000000000178844e+00 1.552847028939162266e+00
6.630000000000178417e+00 1.550887895480182133e+00
6.650000000000177991e+00 1.564807411262713055e+00
6.670000000000177565e+00 1.504949412827299771e+00
6.690000000000177138e+00 1.490732731764794483e+00
6.710000000000176712e+00 1.512182735367904485e+00
6.730000000000176286e+00 1.487650900932704134e+00
6.750000000000175859e+00 1.411070276628289211e+00
6.770000000000175433e+00 1.438987511085059623e+00
6.790000000000175007e+00 1.462024566695098615e+00
6.810000000000174580e+00 1.367700022689507300e+00
6.830000000000174154e+00 1.433461036630382601e+00
6.850000000000173728e+00 1.327302139219573851e+00
6.870000000000173301e+00 1.376534804042084170e+00
6.890000000000172875e+00 1.327564526534446232e+00
6.910000000000172449e+00 1.334962514314353310e+00
6.930000000000172022e+00 1.361450481844509453e+00
6.950000000000171596e+00 1.333996712604776036e+00
6.970000000000171170e+00 1.234226395695114276e+00
6.990000000000170743e+00 1.302190255468427926e+00
7.010000000000170317e+00 1.307797287358690053e+00
7.030000000000169891e+00 1.335699433730296093e+00
7.050000000000169464e+00 1.225873754838002982e+00
7.070000000000169038e+00 1.193556492690032167e+00
7.090000000000168612e+00 1.243059449249493964e+00
7.110000000000168185e+00 1.332291475756706589e+00
7.130000000000167759e+00 1.139804550494303959e+00
7.150000000000167333e+00 1.217209371288791697e+00
7.170000000000166906e+00 1.108783709023462682e+00
7.190000000000166480e+00 1.167761484455433818e+00
7.210000000000166054e+00 1.190982198044505669e+00
7.230000000000165628e+00 1.136461012594927489e+00
7.250000000000165201e+00 1.126738485184061389e+00
7.270000000000164775e+00 1.114699756473547465e+00
7.290000000000164349e+00 1.059989590729855991e+00
7.310000000000163922e+00 1.103136850784184331e+00
7.330000000000163496e+00 1.109866999305330282e+00
7.350000000000163070e+00 1.066423542019536264e+00
7.370000000000162643e+00 1.023255875472459442e+00
7.390000000000162217e+00 1.108044368207839581e+00
7.410000000000161791e+00 1.018831048901625458e+00
7.430000000000161364e+00 1.041344394761581915e+00
7.450000000000160938e+00 1.003033062614705040e+00
7.470000000000160512e+00 1.018953463732003684e+00
7.490000000000160085e+00 1.031976059846730243e+00
7.510000000000159659e+00 9.920227037102095080e-01
7.530000000000159233e+00 9.980455963127840002e-01
7.550000000000158806e+00 9.738882397063881591e-01
7.570000000000158380e+00 9.630356871954485198e-01
7.590000000000157954e+00 1.001162122778919583e+00
7.610000000000157527e+00 1.010833681795578309e+00
7.630000000000157101e+00 9.778753212591245747e-01
7.650000000000156675e+00 1.020176176947904745e+00
7.670000000000156248e+00 9.527231651568890403e-01
7.690000000000155822e+00 9.455208115281609205e-01
7.710000000000155396e+00 9.747057241806067474e-01
7.730000000000154969e+00 9.565424170823515482e-01
7.750000000000154543e+00 9.055843344680855056e-01
7.770000000000154117e+00 9.381115177904238989e-01
7.790000000000153690e+00 9.556727277590707503e-01
7.810000000000153264e+00 9.434835441958789870e-01
7.830000000000152838e+00 9.874243414175046807e-01
7.850000000000152411e+00 9.030596935046408813e-01
7.870000000000151985e+00 9.478828683646242093e-01
7.890000000000151559e+00 9.456331467042460304e-01
7.910000000000151132e+00 9.252180763022065380e-01
7.930000000000150706e+00 9.301800536272651909e-01
7.950000000000150280e+00 9.150739799764306959e-01
7.970000000000149853e+00 9.084425067150938560e-01
7.990000000000149427e+00 9.109616231046276935e-01
8.010000000000149001e+00 9.383775037792541074e-01
8.030000000000148574e+00 9.086965675458621439e-01
8.050000000000148148e+00 8.741100388360539819e-01
8.070000000000147722e+00 9.156414454876564690e-01
8.090000000000147296e+00 8.886355676984469820e-01
8.110000000000146869e+00 8.676130188214158379e-01
8.130000000000146443e+00 8.756056180354014895e-01
8.150000000000146017e+00 8.800724635738681467e-01
8.170000000000145590e+00 8.481528293779488914e-01
8.190000000000145164e+00 8.704540890024915489e-01
8.210000000000144738e+00 8.669706053592848294e-01
8.230000000000144311e+00 8.208834971782930090e-01
8.250000000000143885e+00 8.418733838783016843e-01
8.270000000000143459e+00 8.099250026942275138e-01
8.290000000000143032e+00 8.174406085841089409e-01
8.310000000000142606e+00 8.317893493374306502e-01
8.330000000000142180e+00 7.902096212788501939e-01
8.350000000000141753e+00 7.701175390339450866e-01
8.370000000000141327e+00 7.492518677269381921e-01
8.390000000000140901e+00 8.195082797842169198e-01
8.410000000000140474e+00 7.729527043608767078e-01
8.430000000000140048e+00 7.485553637391730852e-01
8.450000000000139622e+00 7.425100362188821190e-01
8.470000000000139195e+00 7.345468975183049309e-01
8.490000000000138769e+00 7.428590942288407772e-01
8.510000000000138343e+00 6.892311540953069970e-01
8.530000000000137916e+00 7.178094280029638785e-01
8.550000000000137490e+00 7.450320652174273750e-01
8.570000000000137064e+00 6.820794268787588877e-01
8.590000000000136637e+00 6.759423959823918082e-01
8.610000000000136211e+00 6.841276529371302928e-01
8.630000000000135785e+00 6.691227260121688225e-01
8.650000000000135358e+00 6.705601587856143686e-01
8.670000000000134932e+00 6.688983432745906343e-01
8.690000000000134506e+00 6.861066617627780140e-01
8.710000000000134079e+00 6.220050572635270614e-01
8.730000000000133653e+00 6.256495070590974983e-01
8.750000000000133227e+00 6.139970811799821959e-01
8.770000000000132800e+00 6.166250677158700011e-01
8.790000000000132374e+00 6.031586047505822501e-01
8.810000000000131948e+00 5.871326556925419160e-01
8.830000000000131521e+00 5.874034293442268462e-01
8.850000000000131095e+00 5.799551355797146757e-01
8.870000000000130669e+00 5.680646801259765510e-01
8.890000000000130242e+00 5.751703929578455554e-01
8.910000000000129816e+00 5.728842200425089404e-01
8.930000000000129390e+00 5.891267263427212297e-01
8.950000000000128964e+00 5.576090478517786719e-01
8.970000000000128537e+00 5.996635418167735043e-01
8.990000000000128111e+00 5.228262514899486568e-01
9.010000000000127685e+00 5.317180875582013799e-01
9.030000000000127258e+00 5.805261598498158149e-01
9.050000000000126832e+00 5.385444584325417283e-01
9.070000000000126406e+00 5.489438018887886628e-01
9.090000000000125979e+00 5.294212627563522622e-01
9.110000000000125553e+00 5.218608129365018833e-01
9.130000000000125127e+00 5.317469400483845199e-01
9.150000000000124700e+00 5.399453415684095647e-01
9.170000000000124274e+00 5.240680411193666677e-01
9.190000000000123848e+00 5.421697437197096070e-01
9.210000000000123421e+00 5.295247927145571021e-01
9.230000000000122995e+00 5.151818398092461448e-01
9.250000000000122569e+00 5.180105180141993948e-01
9.270000000000122142e+00 5.126704439781791800e-01
9.290000000000121716e+00 5.129930504736801566e-01
9.310000000000121290e+00 4.983584928184138230e-01
9.330000000000120863e+00 5.169124919102907612e-01
9.350000000000120437e+00 5.064546164478772594e-01
9.370000000000120011e+00 5.103001980778525404e-01
9.390000000000119584e+00 4.828064371797324283e-01
9.410000000000119158e+00 4.956456425695723311e-01
9.430000000000118732e+00 5.107990506652478890e-01
9.450000000000118305e+00 4.738751041446863099e-01
9.470000000000117879e+00 5.118429576708040107e-01
9.490000000000117453e+00 4.939480051603497013e-01
9.510000000000117026e+00 4.787003017985219655e-01
9.530000000000116600e+00 4.711394851948822460e-01
9.550000000000116174e+00 4.726373060511672719e-01
9.570000000000115747e+00 4.631471696819242645e-01
9.590000000000115321e+00 4.849500313067601764e-01
9.610000000000114895e+00 4.545978266075181295e-01
9.630000000000114468e+00 4.670031694191851268e-01
9.650000000000114042e+00 4.513154250199805095e-01
9.670000000000113616e+00 4.664861879149538315e-01
9.690000000000113189e+00 4.485637858280785428e-01
9.710000000000112763e+00 4.481549485180294501e-01
9.730000000000112337e+00 4.474842332016841784e-01
9.750000000000111910e+00 4.578180600369557429e-01
9.770000000000111484e+00 4.235708460291382482e-01
9.790000000000111058e+00 4.475671609517512528e-01
9.810000000000110632e+00 4.284657558753087181e-01
9.830000000000110205e+00 4.414725840610499441e-01
9.850000000000109779e+00 4.382392624944478343e-01
9.870000000000109353e+00 4.165411711861302102e-01
9.890000000000108926e+00 4.194088137035280606e-01
9.910000000000108500e+00 4.199828649401092795e-01
9.930000000000108074e+00 4.050965714675183182e-01
9.950000000000107647e+00 4.012662054081502228e-01
9.970000000000107221e+00 4.131094583573993173e-01
9.990000000000106795e+00 4.049570601152416849e-01
1.001000000000010637e+01 4.031462134000342035e-01
1.003000000000010594e+01 3.885533954562560566e-01
1.005000000000010552e+01 4.047448513346026955e-01
1.007000000000010509e+01 3.939431349391420145e-01
1.009000000000010466e+01 3.928823652428418689e-01
1.011000000000010424e+01 3.715066063005968977e-01
1.013000000000010381e+01 3.847660188677092807e-01
1.015000000000010338e+01 3.722650511570034237e-01
1.017000000000010296e+01 3.863089484253704464e-01
1.019000000000010253e+01 3.807218879228818076e-01
1.021000000000010210e+01 3.846678552480539692e-01
1.023000000000010168e+01 3.758042797382744049e-01
1.025000000000010125e+01 3.838087224899003336e-01
1.027000000000010083e+01 3.789371081990530743e-01
1.029000000000010040e+01 3.762879206204405858e-01
1.031000000000009997e+01 3.861299091364972513e-01
1.033000000000009955e+01 3.568804753497756832e-01
1.035000000000009912e+01 3.576557458547813817e-01
1.037000000000009869e+01 3.608371877989525744e-01
1.039000000000009827e+01 3.557787640601349222e-01
1.041000000000009784e+01 3.630940596415260235e-01
1.043000000000009742e+01 3.635952812491347053e-01
1.045000000000009699e+01 3.667465796741620210e-01
1.047000000000009656e+01 3.669403397130706068e-01
1.049000000000009614e+01 3.534625343211475479e-01
1.051000000000009571e+01 3.707231929232541190e-01
1.053000000000009528e+01 3.699074599579249556e-01
1.055000000000009486e+01 3.468138383769381883e-01
1.057000000000009443e+01 3.537473217391490787e-01
1.059000000000009400e+01 3.681220220649853991e-01
1.061000000000009358e+01 3.623485736807074420e-01
1.063000000000009315e+01 3.733696279285662611e-01
1.065000000000009273e+01 3.595027809609167568e-01
1.067000000000009230e+01 3.686005799607922073e-01
1.069000000000009187e+01 3.531009331882056235e-01
1.071000000000009145e+01 3.576914008561667968e-01
1.073000000000009102e+01 3.746349482934056008e-01
1.075000000000009059e+01 3.589094779108474853e-01
1.077000000000009017e+01 3.672374033956557482e-01
1.079000000000008974e+01 3.710263153470281239e-01
1.081000000000008932e+01 3.695057564564171448e-01
1.083000000000008889e+01 3.648012906938452038e-01
1.085000000000008846e+01 3.714275473071153022e-01
1.087000000000008804e+01 3.659422785384613963e-01
1.089000000000008761e+01 3.836116473213512790e-01
1.091000000000008718e+01 3.710622527814472216e-01
1.093000000000008676e+01 3.628411587893857204e-01
1.095000000000008633e+01 3.895676667719658592e-01
1.097000000000008590e+01 3.716775525716509709e-01
1.099000000000008548e+01 3.834924602184905384e-01
1.101000000000008505e+01 3.731673175395628927e-01
1.103000000000008463e+01 3.698809149331371282e-01
1.105000000000008420e+01 3.819539807853429836e-01
1.107000000000008377e+01 3.735345087683832332e-01
1.109000000000008335e+01 3.828167259232571618e-01
1.111000000000008292e+01 3.781699530909347629e-01
1.113000000000008249e+01 3.929475924106866636e-01
1.115000000000008207e+01 3.989558602443666335e-01
1.117000000000008164e+01 3.797776924022530087e-01
1.119000000000008122e+01 3.818164233517941097e-01
1.121000000000008079e+01 3.888468814441227162e-01
1.123000000000008036e+01 4.024664457864850498e-01
1.125000000000007994e+01 3.898214055682500678e-01
1.127000000000007951e+01 3.737889687434521879e-01
1.129000000000007908e+01 4.083315275353711638e-01
1.131000000000007866e+01 3.894942753312578554e-01
1.133000000000007823e+01 4.113087200506321262e-01
1.135000000000007780e+01 3.847598904664571995e-01
1.137000000000007738e+01 3.868615389528962112e-01
1.139000000000007695e+01 3.982349805352792815e-01
1.141000000000007653e+01 3.816174461611930302e-01
1.143000000000007610e+01 4.036270518026081056e-01
1.145000000000007567e+01 3.980673417096604605e-01
1.147000000000007525e+01 3.987704833396315540e-01
1.149000000000007482e+01 3.979121201685078546e-01
1.151000000000007439e+01 4.033673917546035659e-01
1.153000000000007397e+01 3.919039874349713459e-01
1.155000000000007354e+01 4.079920120013554863e-01
1.157000000000007311e+01 3.868077812952271932e-01
1.159000000000007269e+01 4.041986632706659477e-01
1.161000000000007226e+01 3.726067841297591721e-01
1.163000000000007184e+01 3.863011668925462327e-01
1.165000000000007141e+01 3.827957784800090080e-01
1.167000000000007098e+01 3.939946096722106716e-01
1.169000000000007056e+01 3.772789054382107987e-01
1.171000000000007013e+01 4.111002618045768164e-01
1.173000000000006970e+01 4.016963804864383536e-01
1.175000000000006928e+01 3.822339287260247964e-01
1.177000000000006885e+01 3.852679607184592570e-01
1.179000000000006843e+01 3.936311256147883575e-01
1.181000000000006800e+01 3.650398941286311927e-01
1.183000000000006757e+01 3.718798189230965168e-01
1.185000000000006715e+01 3.826623677429839554e-01
1.187000000000006672e+01 3.744491841891550155e-01
1.189000000000006629e+01 3.858102169846736595e-01
1.191000000000006587e+01 3.730113411615836316e-01
1.193000000000006544e+01 3.606601966456995378e-01
1.195000000000006501e+01 3.721434128502270067e-01
1.197000000000006459e+01 3.696951069870161866e-01
1.199000000000006416e+01 3.595589013872302342e-01
1.201000000000006374e+01 3.952693060505248490e-01
1.203000000000006331e+01 3.726593921013266475e-01
1.205000000000006288e+01 3.470520455195214571e-01
1.207000000000006246e+01 3.660259435720645826e-01
1.209000000000006203e+01 3.641544357934994314e-01
1.211000000000006160e+01 3.766249338140630898e-01
1.213000000000006118e+01 3.496862924998864197e-01
1.215000000000006075e+01 3.660024669579029499e-01
1.217000000000006033e+01 3.627084297175930949e-01
1.219000000000005990e+01 3.705788541207412634e-01
1.221000000000005947e+01 3.513092898700096445e-01
1.223000000000005905e+01 3.564290156251789798e-01
1.225000000000005862e+01 3.456073335565587046e-01
1.227000000000005819e+01 3.517327491201988066e-01
1.229000000000005777e+01 3.377518727366758955e-01
1.231000000000005734e+01 3.350779470578207353e-01
1.233000000000005691e+01 3.342939160807177346e-01
1.235000000000005649e+01 3.427171637150991379e-01
1.237000000000005606e+01 3.383776292612162284e-01
1.239000000000005564e+01 3.309710941849272059e-01
1.241000000000005521e+01 3.432060268951532822e-01
1.243000000000005478e+01 3.268935334852479668e-01
1.245000000000005436e+01 3.186967182983891922e-01
1.247000000000005393e+01 3.177563928118551928e-01
1.249000000000005350e+01 3.171726814888576884e-01
1.251000000000005308e+01 3.137450544132440733e-01
1.253000000000005265e+01 3.120226408586431743e-01
1.255000000000005222e+01 3.388407482377700508e-01
1.257000000000005180e+01 3.037101573627624118e-01
1.259000000000005137e+01 2.988023672821391030e-01
1.261000000000005095e+01 3.033276857466206677e-01
1.263000000000005052e+01 2.882753237764193455e-01
1.265000000000005009e+01 3.119936555297402325e-01
1.267000000000004967e+01 3.287321097780182555e-01
1.269000000000004924e+01 2.678894697884233733e-01
1.271000000000004881e+01 3.003485947092946473e-01
1.273000000000004839e+01 2.936334946723866968e-01
1.275000000000004796e+01 2.899700972806216748e-01
1.277000000000004754e+01 2.812184986501841677e-01
1.279000000000004711e+01 2.843116508732020375e-01
1.281000000000004668e+01 2.717892278895691627e-01
1.283000000000004626e+01 2.901790817806492173e-01
1.285000000000004583e+01 2.661648875434067252e-01
1.287000000000004540e+01 2.814815704504888827e-01
1.289000000000004498e+01 2.537958548864119868e-01
1.291000000000004455e+01 2.787953466765998312e-01
1.293000000000004412e+01 2.764551417513382292e-01
1.295000000000004370e+01 2.558030681468253520e-01
1.297000000000004327e+01 2.640100347814280934e-01
1.299000000000004285e+01 2.558517170988773293e-01
1.301000000000004242e+01 2.561992236670938561e-01
1.303000000000004199e+01 2.305231825214509034e-01
1.305000000000004157e+01 2.436124877735089955e-01
1.307000000000004114e+01 2.327544567936423725e-01
1.309000000000004071e+01 2.335741726660017781e-01
1.311000000000004029e+01 2.223897544117992009e-01
1.313000000000003986e+01 2.288021371638405688e-01
1.315000000000003944e+01 2.253264897860378924e-01
1.317000000000003901e+01 2.332265655182131359e-01
1.319000000000003858e+01 2.221378573608268903e-01
1.321000000000003816e+01 2.197577329318026185e-01
1.323000000000003773e+01 2.044833850904232142e-01
1.325000000000003730e+01 2.177141476690233890e-01
1.327000000000003688e+01 1.973428370226478212e-01
1.329000000000003645e+01 2.111981292328304893e-01
1.331000000000003602e+01 2.049302304775075800e-01
1.333000000000003560e+01 2.031704305699743307e-01
1.335000000000003517e+01 1.936640817433622763e-01
1.337000000000003475e+01 1.929426427433516555e-01
1.339000000000003432e+01 1.849571374103115839e-01
1.341000000000003389e+01 1.784170692307736339e-01
1.343000000000003347e+01 1.857096951434531462e-01
1.345000000000003304e+01 1.777721218632348221e-01
1.347000000000003261e+01 1.694809101643369731e-01
1.349000000000003219e+01 1.673970082932947079e-01
1.351000000000003176e+01 1.639151368901736461e-01
1.353000000000003133e+01 1.638441168375654733e-01
1.355000000000003091e+01 1.594795843429672177e-01
1.357000000000003048e+01 1.658332845895610086e-01
1.359000000000003006e+01 1.729630621511918653e-01
1.361000000000002963e+01 1.638444730286773565e-01
1.363000000000002920e+01 1.541130462916037169e-01
1.365000000000002878e+01 1.497455676938149738e-01
1.367000000000002835e+01 1.452645043963895766e-01
1.369000000000002792e+01 1.439645245038741750e-01
1.371000000000002750e+01 1.431533004492390737e-01
1.373000000000002707e+01 1.402077398749490278e-01
1.375000000000002665e+01 1.371167182855682620e-01
1.377000000000002622e+01 1.306489880775920653e-01
1.379000000000002579e+01 1.307923820195662779e-01
1.381000000000002537e+01 1.318527856954971045e-01
1.383000000000002494e+01 1.260050110653888611e-01
1.385000000000002451e+01 1.208347149441573454e-01
1.387000000000002409e+01 1.208605354769018980e-01
1.389000000000002366e+01 1.118283328346776073e-01
1.391000000000002323e+01 1.191822961667624303e-01
1.393000000000002281e+01 1.243295361147678663e-01
1.395000000000002238e+01 1.051028160375084564e-01
1.397000000000002196e+01 1.078712116827587747e-01
1.399000000000002153e+01 1.047717812281844380e-01
1.401000000000002110e+01 1.020097299472646907e-01
1.403000000000002068e+01 9.325838433090725965e-02
1.405000000000002025e+01 9.499180300215634420e-02
1.407000000000001982e+01 8.216918601875249084e-02
1.409000000000001940e+01 7.424565094706825352e-02
1.411000000000001897e+01 8.182801959973488859e-02
1.413000000000001855e+01 8.263249946583595129e-02
1.415000000000001812e+01 7.087002924153983086e-02
1.417000000000001769e+01 6.529760022488867444e-02
1.419000000000001727e+01 6.499020606899319485e-02
1.421000000000001684e+01 6.187516180944536981e-02
1.423000000000001641e+01 6.198214941552508683e-02
1.425000000000001599e+01 5.861055361756193488e-02
1.427000000000001556e+01 6.631154364401642409e-02
1.429000000000001513e+01 6.076039161610802264e-02
1.431000000000001471e+01 5.323332936861271264e-02
1.433000000000001428e+01 4.482485619721694736e-02
1.435000000000001386e+01 3.907864006161632098e-02
1.437000000000001343e+01 3.638526203104694434e-02
1.439000000000001300e+01 3.100445564515025287e-02
1.441000000000001258e+01 2.814310062838828660e-02
1.443000000000001215e+01 2.808105320569487598e-02
1.445000000000001172e+01 2.517500314025715794e-02
1.447000000000001130e+01 1.973297857634264893e-02
1.449000000000001087e+01 1.964524822188705444e-02
1.451000000000001044e+01 2.240996033134856277e-02
1.453000000000001002e+01 1.675824396605945718e-02
1.455000000000000959e+01 1.398415265376538180e-02
1.457000000000000917e+01 1.392211454114276360e-02
1.459000000000000874e+01 1.114324992021688970e-02
1.461000000000000831e+01 8.367963956258168967e-03
1.463000000000000789e+01 8.394233371611601810e-03
1.465000000000000746e+01 5.550010064398838011e-03
1.467000000000000703e+01 2.773254926637868170e-03
1.469000000000000661e+01 0.000000000000000000e+00
1.471000000000000618e+01 0.000000000000000000e+00
1.473000000000000576e+01 0.000000000000000000e+00
1.475000000000000533e+01 0.000000000000000000e+00
1.477000000000000490e+01 0.000000000000000000e+00
1.479000000000000448e+01 0.000000000000000000e+00
1.481000000000000405e+01 0.000000000000000000e+00
1.483000000000000362e+01 0.000000000000000000e+00
1.485000000000000320e+01 0.000000000000000000e+00
1.487000000000000277e+01 0.000000000000000000e+00
1.489000000000000234e+01 0.000000000000000000e+00
1.491000000000000192e+01 0.000000000000000000e+00
1.493000000000000149e+01 0.000000000000000000e+00
1.495000000000000107e+01 0.000000000000000000e+00
1.497000000000000064e+01 0.000000000000000000e+00
1.499000000000000021e+01 0.000000000000000000e+00
