# Redshift		Merger Rate Density [Gpc^-3yr^-1]
1.000000000031931770e-02 1.434156037487843349e+01
3.000000000031888964e-02 1.430832733306323412e+01
5.000000000031846331e-02 1.425715292629829456e+01
7.000000000031804392e-02 1.475930179046875956e+01
9.000000000031761760e-02 1.491150679814660229e+01
1.100000000003171913e-01 1.545014822013240163e+01
1.300000000003167511e-01 1.578916724521663717e+01
1.500000000003163247e-01 1.634196711835571136e+01
1.700000000003158984e-01 1.677960664287307324e+01
1.900000000003154721e-01 1.698519822388427158e+01
2.100000000003150458e-01 1.710932399535171200e+01
2.300000000003146194e-01 1.820596382600120577e+01
2.500000000003141931e-01 1.844022920762569129e+01
2.700000000003137668e-01 1.883979099442270666e+01
2.900000000003133405e-01 1.881366888013932481e+01
3.100000000003129141e-01 1.973596387172433708e+01
3.300000000003124878e-01 1.996161845444891014e+01
3.500000000003120615e-01 2.023421205277769985e+01
3.700000000003116352e-01 2.046237258741372145e+01
3.900000000003112088e-01 2.013294809402202290e+01
4.100000000003107825e-01 2.082307172408245322e+01
4.300000000003103562e-01 2.098143929804034258e+01
4.500000000003099299e-01 2.119449937904895975e+01
4.700000000003095035e-01 2.122121265764129205e+01
4.900000000003090772e-01 2.155469790712768585e+01
5.100000000003086509e-01 2.155118273973925724e+01
5.300000000003082246e-01 2.123150493240431302e+01
5.500000000003077982e-01 2.184049624091666786e+01
5.700000000003073719e-01 2.230252700499089258e+01
5.900000000003069456e-01 2.189221574103137868e+01
6.100000000003065193e-01 2.323203253184339090e+01
6.300000000003060929e-01 2.324297414079077129e+01
6.500000000003056666e-01 2.370459262889045604e+01
6.700000000003052403e-01 2.319961063787645017e+01
6.900000000003048140e-01 2.379937307845194994e+01
7.100000000003043876e-01 2.355819637202556649e+01
7.300000000003039613e-01 2.354262048299841581e+01
7.500000000003035350e-01 2.374860898788552888e+01
7.700000000003031086e-01 2.415505335283888400e+01
7.900000000003026823e-01 2.490325254986226966e+01
8.100000000003022560e-01 2.447028504451043673e+01
8.300000000003018297e-01 2.550513463003425230e+01
8.500000000003014033e-01 2.529552934013596399e+01
8.700000000003009770e-01 2.586986373085328950e+01
8.900000000003005507e-01 2.490043625948052508e+01
9.100000000003001244e-01 2.609183981016055753e+01
9.300000000002996980e-01 2.641606130292948507e+01
9.500000000002992717e-01 2.704631845241822674e+01
9.700000000002988454e-01 2.734460074476258740e+01
9.900000000002984191e-01 2.786528644944066002e+01
1.010000000000297993e+00 2.952116187895266464e+01
1.030000000000297566e+00 2.851445046215257051e+01
1.050000000000297140e+00 2.911779451256368034e+01
1.070000000000296714e+00 2.949667519324880871e+01
1.090000000000296287e+00 2.868849150973613860e+01
1.110000000000295861e+00 2.880735011386905597e+01
1.130000000000295435e+00 2.860466833406715281e+01
1.150000000000295008e+00 3.016488168824203342e+01
1.170000000000294582e+00 2.968792434926752222e+01
1.190000000000294156e+00 2.958635201848741048e+01
1.210000000000293729e+00 3.079438942563170656e+01
1.230000000000293303e+00 2.980662064898444896e+01
1.250000000000292877e+00 3.050216687366879498e+01
1.270000000000292451e+00 2.972783765973762371e+01
1.290000000000292024e+00 3.084774996159602978e+01
1.310000000000291598e+00 3.033055876461538602e+01
1.330000000000291172e+00 3.126804650182283041e+01
1.350000000000290745e+00 3.109533518409140740e+01
1.370000000000290319e+00 3.173628092259962585e+01
1.390000000000289893e+00 3.058775083250221982e+01
1.410000000000289466e+00 3.197233312589237642e+01
1.430000000000289040e+00 3.219277883164939880e+01
1.450000000000288614e+00 3.231598254334029008e+01
1.470000000000288187e+00 3.219413299221150027e+01
1.490000000000287761e+00 3.248251062728621008e+01
1.510000000000287335e+00 3.296575518405498428e+01
1.530000000000286908e+00 3.199490851349899501e+01
1.550000000000286482e+00 3.266947097756424512e+01
1.570000000000286056e+00 3.330085863219583331e+01
1.590000000000285629e+00 3.227815797109641949e+01
1.610000000000285203e+00 3.315430768993212496e+01
1.630000000000284777e+00 3.306960722007276843e+01
1.650000000000284350e+00 3.317375740985743704e+01
1.670000000000283924e+00 3.369211047199905806e+01
1.690000000000283498e+00 3.348372269441600224e+01
1.710000000000283071e+00 3.359975376191602692e+01
1.730000000000282645e+00 3.437269939739626068e+01
1.750000000000282219e+00 3.328460172662325789e+01
1.770000000000281792e+00 3.512149143843496546e+01
1.790000000000281366e+00 3.455016684041903829e+01
1.810000000000280940e+00 3.408476079124347535e+01
1.830000000000280513e+00 3.422344967398151283e+01
1.850000000000280087e+00 3.377293268924204028e+01
1.870000000000279661e+00 3.486088433983873358e+01
1.890000000000279234e+00 3.434026637339307086e+01
1.910000000000278808e+00 3.431651570544584473e+01
1.930000000000278382e+00 3.495732055836066365e+01
1.950000000000277955e+00 3.449034097919262365e+01
1.970000000000277529e+00 3.413233575426253452e+01
1.990000000000277103e+00 3.495698253411273271e+01
2.010000000000276899e+00 3.467119312749398574e+01
2.030000000000276472e+00 3.547867252179295150e+01
2.050000000000276046e+00 3.453344598196840565e+01
2.070000000000275620e+00 3.549763227367799345e+01
2.090000000000275193e+00 3.521352748516474662e+01
2.110000000000274767e+00 3.513819516061946047e+01
2.130000000000274341e+00 3.581593762995838404e+01
2.150000000000273914e+00 3.480686088937980571e+01
2.170000000000273488e+00 3.563382709860985642e+01
2.190000000000273062e+00 3.642967328884548550e+01
2.210000000000272635e+00 3.410001085266537757e+01
2.230000000000272209e+00 3.581607564218168704e+01
2.250000000000271783e+00 3.493407559319958011e+01
2.270000000000271356e+00 3.548055711018322711e+01
2.290000000000270930e+00 3.435425074249499744e+01
2.310000000000270504e+00 3.529202250156385645e+01
2.330000000000270077e+00 3.503733789545725585e+01
2.350000000000269651e+00 3.465792933330384784e+01
2.370000000000269225e+00 3.487162174862300645e+01
2.390000000000268798e+00 3.550808646479796948e+01
2.410000000000268372e+00 3.504018302384314865e+01
2.430000000000267946e+00 3.544947466104149214e+01
2.450000000000267519e+00 3.510672198153343260e+01
2.470000000000267093e+00 3.491185652499986247e+01
2.490000000000266667e+00 3.516230054863541454e+01
2.510000000000266240e+00 3.449170468311751847e+01
2.530000000000265814e+00 3.629454499729540373e+01
2.550000000000265388e+00 3.504888634883138820e+01
2.570000000000264961e+00 3.487049903109307536e+01
2.590000000000264535e+00 3.537229194194163995e+01
2.610000000000264109e+00 3.543069064865194662e+01
2.630000000000263682e+00 3.556830483992089853e+01
2.650000000000263256e+00 3.503475664214670360e+01
2.670000000000262830e+00 3.522026751051537019e+01
2.690000000000262403e+00 3.544699177032022419e+01
2.710000000000261977e+00 3.521173802025951005e+01
2.730000000000261551e+00 3.510495596722926592e+01
2.750000000000261124e+00 3.629678393101858802e+01
2.770000000000260698e+00 3.523911958818890611e+01
2.790000000000260272e+00 3.541196026373882688e+01
2.810000000000259845e+00 3.580858816315181770e+01
2.830000000000259419e+00 3.657871157048071353e+01
2.850000000000258993e+00 3.544629346662109981e+01
2.870000000000258567e+00 3.559790407420467773e+01
2.890000000000258140e+00 3.655505609662033351e+01
2.910000000000257714e+00 3.561498565200759714e+01
2.930000000000257288e+00 3.624361678239883844e+01
2.950000000000256861e+00 3.517596625687753686e+01
2.970000000000256435e+00 3.594686111761251368e+01
2.990000000000256009e+00 3.599960275661388209e+01
3.010000000000255582e+00 3.590688362418090662e+01
3.030000000000255156e+00 3.561326202638677074e+01
3.050000000000254730e+00 3.574483313355993630e+01
3.070000000000254303e+00 3.561854176522975024e+01
3.090000000000253877e+00 3.568238213312115903e+01
3.110000000000253451e+00 3.532431757997009925e+01
3.130000000000253024e+00 3.544899522183087015e+01
3.150000000000252598e+00 3.587433135641976634e+01
3.170000000000252172e+00 3.520239018640695150e+01
3.190000000000251745e+00 3.509620909570720215e+01
3.210000000000251319e+00 3.528177487331933548e+01
3.230000000000250893e+00 3.546904301447534635e+01
3.250000000000250466e+00 3.430289102688686853e+01
3.270000000000250040e+00 3.468760206988601169e+01
3.290000000000249614e+00 3.439497867637840756e+01
3.310000000000249187e+00 3.444506201502485254e+01
3.330000000000248761e+00 3.446630213102769602e+01
3.350000000000248335e+00 3.445927411557894260e+01
3.370000000000247908e+00 3.321265816692756800e+01
3.390000000000247482e+00 3.438884494860774765e+01
3.410000000000247056e+00 3.397073664080865285e+01
3.430000000000246629e+00 3.270223530036670212e+01
3.450000000000246203e+00 3.359028244260827734e+01
3.470000000000245777e+00 3.263092817098547016e+01
3.490000000000245350e+00 3.308101930459286422e+01
3.510000000000244924e+00 3.227389176081539546e+01
3.530000000000244498e+00 3.198495777952442864e+01
3.550000000000244071e+00 3.170354824780208247e+01
3.570000000000243645e+00 3.229722744638478105e+01
3.590000000000243219e+00 3.177508846672646214e+01
3.610000000000242792e+00 3.174985931057896948e+01
3.630000000000242366e+00 3.136977082184124299e+01
3.650000000000241940e+00 3.117182608340955241e+01
3.670000000000241513e+00 3.099577771850660923e+01
3.690000000000241087e+00 3.055412191243220121e+01
3.710000000000240661e+00 3.070662913938963712e+01
3.730000000000240234e+00 3.029142823124489325e+01
3.750000000000239808e+00 3.028394537020178490e+01
3.770000000000239382e+00 3.058043552383416142e+01
3.790000000000238956e+00 3.006000474973246739e+01
3.810000000000238529e+00 2.916904368782481427e+01
3.830000000000238103e+00 3.021757286215576954e+01
3.850000000000237677e+00 2.985482081076035143e+01
3.870000000000237250e+00 2.976926702391606128e+01
3.890000000000236824e+00 2.906385647319400434e+01
3.910000000000236398e+00 2.997845342757324616e+01
3.930000000000235971e+00 2.900627614380188746e+01
3.950000000000235545e+00 2.965729666231446515e+01
3.970000000000235119e+00 2.916165349262209361e+01
3.990000000000234692e+00 2.899364362189953681e+01
4.010000000000234266e+00 2.940365537341507363e+01
4.030000000000233840e+00 2.887712217296657613e+01
4.050000000000233413e+00 2.901148766889176400e+01
4.070000000000232987e+00 2.904410585955241686e+01
4.090000000000232561e+00 2.926747828538706031e+01
4.110000000000232134e+00 2.896411239634340973e+01
4.130000000000231708e+00 2.880506491464495156e+01
4.150000000000231282e+00 2.929101656088014138e+01
4.170000000000230855e+00 2.871819757744159674e+01
4.190000000000230429e+00 2.922630688830648538e+01
4.210000000000230003e+00 2.915513309715747425e+01
4.230000000000229576e+00 2.869900999393138008e+01
4.250000000000229150e+00 2.923626183037355375e+01
4.270000000000228724e+00 2.891964505971481358e+01
4.290000000000228297e+00 2.856340445076894241e+01
4.310000000000227871e+00 2.985514950380822441e+01
4.330000000000227445e+00 2.900896688227113174e+01
4.350000000000227018e+00 2.922051153581339378e+01
4.370000000000226592e+00 2.923988956620518920e+01
4.390000000000226166e+00 2.882810909478545014e+01
4.410000000000225739e+00 2.954121331625789892e+01
4.430000000000225313e+00 3.018628834350247558e+01
4.450000000000224887e+00 2.952758488916703783e+01
4.470000000000224460e+00 2.956320035001508728e+01
4.490000000000224034e+00 3.036493715992395437e+01
4.510000000000223608e+00 2.988308302364287883e+01
4.530000000000223181e+00 3.037149353510535832e+01
4.550000000000222755e+00 3.041758597257181762e+01
4.570000000000222329e+00 3.139664905960214014e+01
4.590000000000221902e+00 3.078203365573306982e+01
4.610000000000221476e+00 3.195236683054901405e+01
4.630000000000221050e+00 3.184474294250900783e+01
4.650000000000220624e+00 3.188922802786032662e+01
4.670000000000220197e+00 3.164896143248342852e+01
4.690000000000219771e+00 3.277270025822391375e+01
4.710000000000219345e+00 3.239341181360362754e+01
4.730000000000218918e+00 3.287084224220996731e+01
4.750000000000218492e+00 3.319583579045406196e+01
4.770000000000218066e+00 3.345755031531381718e+01
4.790000000000217639e+00 3.379544486804219616e+01
4.810000000000217213e+00 3.445852752283892073e+01
4.830000000000216787e+00 3.468881373172303739e+01
4.850000000000216360e+00 3.467284950379144703e+01
4.870000000000215934e+00 3.559962513073680412e+01
4.890000000000215508e+00 3.562593655417567362e+01
4.910000000000215081e+00 3.591948904972515777e+01
4.930000000000214655e+00 3.670125349131472348e+01
4.950000000000214229e+00 3.720247616835928994e+01
4.970000000000213802e+00 3.750731719394718766e+01
4.990000000000213376e+00 3.811206520766297956e+01
5.010000000000212950e+00 3.826673980968260480e+01
5.030000000000212523e+00 3.877442861565130983e+01
5.050000000000212097e+00 3.951009496715509783e+01
5.070000000000211671e+00 4.018859913262940609e+01
5.090000000000211244e+00 4.006266248774456074e+01
5.110000000000210818e+00 4.092667238819874598e+01
5.130000000000210392e+00 4.174430251694887772e+01
5.150000000000209965e+00 4.165040603780948913e+01
5.170000000000209539e+00 4.272941785800821179e+01
5.190000000000209113e+00 4.259777102222853529e+01
5.210000000000208686e+00 4.360162840208165846e+01
5.230000000000208260e+00 4.407936331416316023e+01
5.250000000000207834e+00 4.436520422215126302e+01
5.270000000000207407e+00 4.522959415191870391e+01
5.290000000000206981e+00 4.557086320736480900e+01
5.310000000000206555e+00 4.602846583401527880e+01
5.330000000000206128e+00 4.662723347813588504e+01
5.350000000000205702e+00 4.715743591823203218e+01
5.370000000000205276e+00 4.761677144548988139e+01
5.390000000000204849e+00 4.775123196638953971e+01
5.410000000000204423e+00 4.902202785977735999e+01
5.430000000000203997e+00 4.892348503954791994e+01
5.450000000000203570e+00 4.953082820274092768e+01
5.470000000000203144e+00 4.993845709643650821e+01
5.490000000000202718e+00 5.039757553039384419e+01
5.510000000000202292e+00 5.092743590331859593e+01
5.530000000000201865e+00 5.155169645639301734e+01
5.550000000000201439e+00 5.131421365760292730e+01
5.570000000000201013e+00 5.237694076999952131e+01
5.590000000000200586e+00 5.237513828104613367e+01
5.610000000000200160e+00 5.298770207773913654e+01
5.630000000000199734e+00 5.304610946708607599e+01
5.650000000000199307e+00 5.380571290917070826e+01
5.670000000000198881e+00 5.393715694744498279e+01
5.690000000000198455e+00 5.402883747015524563e+01
5.710000000000198028e+00 5.444566333154420334e+01
5.730000000000197602e+00 5.494562702901709628e+01
5.750000000000197176e+00 5.523932146698975032e+01
5.770000000000196749e+00 5.546195937878302828e+01
5.790000000000196323e+00 5.574109335986628366e+01
5.810000000000195897e+00 5.588692531636104377e+01
5.830000000000195470e+00 5.616448945333753073e+01
5.850000000000195044e+00 5.642351706906158171e+01
5.870000000000194618e+00 5.637803304801344950e+01
5.890000000000194191e+00 5.706053394648542820e+01
5.910000000000193765e+00 5.614371658056114711e+01
5.930000000000193339e+00 5.656725321313562915e+01
5.950000000000192912e+00 5.628884104397703680e+01
5.970000000000192486e+00 5.560325042433188258e+01
5.990000000000192060e+00 5.605922131977651190e+01
6.010000000000191633e+00 5.616246935797614270e+01
6.030000000000191207e+00 5.531635310852112042e+01
6.050000000000190781e+00 5.511104239831960427e+01
6.070000000000190354e+00 5.515550883275633254e+01
6.090000000000189928e+00 5.516080538049320836e+01
6.110000000000189502e+00 5.488958359249985364e+01
6.130000000000189075e+00 5.478267551834353100e+01
6.150000000000188649e+00 5.416208712897272903e+01
6.170000000000188223e+00 5.398779367216630476e+01
6.190000000000187796e+00 5.379130639954984616e+01
6.210000000000187370e+00 5.341189929595599750e+01
6.230000000000186944e+00 5.289648154058069451e+01
6.250000000000186517e+00 5.239740112178701281e+01
6.270000000000186091e+00 5.268877380062288296e+01
6.290000000000185665e+00 5.212927954322427837e+01
6.310000000000185238e+00 5.157071719468609672e+01
6.330000000000184812e+00 5.080296692568062156e+01
6.350000000000184386e+00 5.065198448087808458e+01
6.370000000000183960e+00 5.069060128773182328e+01
6.390000000000183533e+00 5.001479115862861136e+01
6.410000000000183107e+00 4.973297083839912602e+01
6.430000000000182681e+00 4.902187694783760463e+01
6.450000000000182254e+00 4.871521065872083511e+01
6.470000000000181828e+00 4.823600382201293257e+01
6.490000000000181402e+00 4.773039748508202251e+01
6.510000000000180975e+00 4.717782381491694110e+01
6.530000000000180549e+00 4.645553735762962333e+01
6.550000000000180123e+00 4.633301738350276366e+01
6.570000000000179696e+00 4.584052918360836060e+01
6.590000000000179270e+00 4.483234442703053446e+01
6.610000000000178844e+00 4.489354219104501453e+01
6.630000000000178417e+00 4.395821077210710826e+01
6.650000000000177991e+00 4.379931833883048142e+01
6.670000000000177565e+00 4.340494646292449232e+01
6.690000000000177138e+00 4.185795190252259346e+01
6.710000000000176712e+00 4.201933598045322071e+01
6.730000000000176286e+00 4.147494664889161697e+01
6.750000000000175859e+00 4.098413435622313017e+01
6.770000000000175433e+00 4.039039853587752305e+01
6.790000000000175007e+00 3.973377703378044856e+01
6.810000000000174580e+00 3.867426682425625728e+01
6.830000000000174154e+00 3.818917634819309370e+01
6.850000000000173728e+00 3.789085594162209247e+01
6.870000000000173301e+00 3.734973274094292606e+01
6.890000000000172875e+00 3.643476188354108558e+01
6.910000000000172449e+00 3.609357417794732470e+01
6.930000000000172022e+00 3.567644960174705204e+01
6.950000000000171596e+00 3.492487888999320944e+01
6.970000000000171170e+00 3.436749402381223462e+01
6.990000000000170743e+00 3.319812499391952798e+01
7.010000000000170317e+00 3.308783823326321283e+01
7.030000000000169891e+00 3.279997489777697695e+01
7.050000000000169464e+00 3.214985116835707402e+01
7.070000000000169038e+00 3.122989673202884475e+01
7.090000000000168612e+00 3.095031709316476309e+01
7.110000000000168185e+00 3.063528728991365568e+01
7.130000000000167759e+00 2.967108551559247331e+01
7.150000000000167333e+00 2.927375274200303679e+01
7.170000000000166906e+00 2.892932722580420446e+01
7.190000000000166480e+00 2.820357095764290278e+01
7.210000000000166054e+00 2.775814747132185545e+01
7.230000000000165628e+00 2.769375523533547323e+01
7.250000000000165201e+00 2.674142445989548378e+01
7.270000000000164775e+00 2.653231269965248629e+01
7.290000000000164349e+00 2.567464051105330824e+01
7.310000000000163922e+00 2.583857339835326528e+01
7.330000000000163496e+00 2.524772768857989291e+01
7.350000000000163070e+00 2.459676064569396914e+01
7.370000000000162643e+00 2.427438500650061926e+01
7.390000000000162217e+00 2.369848397753133540e+01
7.410000000000161791e+00 2.363636206308795806e+01
7.430000000000161364e+00 2.280903158192746361e+01
7.450000000000160938e+00 2.276867194408010420e+01
7.470000000000160512e+00 2.245708109717315892e+01
7.490000000000160085e+00 2.232650496712714983e+01
7.510000000000159659e+00 2.165756430709799574e+01
7.530000000000159233e+00 2.117245523634147730e+01
7.550000000000158806e+00 2.111571251378176939e+01
7.570000000000158380e+00 2.061157908082307699e+01
7.590000000000157954e+00 2.053735177860017203e+01
7.610000000000157527e+00 2.015325032767128732e+01
7.630000000000157101e+00 1.968495703096470706e+01
7.650000000000156675e+00 1.934556843680933014e+01
7.670000000000156248e+00 1.923101831033351417e+01
7.690000000000155822e+00 1.870716157703181182e+01
7.710000000000155396e+00 1.871019581763485462e+01
7.730000000000154969e+00 1.819583957485805925e+01
7.750000000000154543e+00 1.812489392164471980e+01
7.770000000000154117e+00 1.766756631163508828e+01
7.790000000000153690e+00 1.751655455559246732e+01
7.810000000000153264e+00 1.728318089047634842e+01
7.830000000000152838e+00 1.720792261855403282e+01
7.850000000000152411e+00 1.678571614622748598e+01
7.870000000000151985e+00 1.644754657083543137e+01
7.890000000000151559e+00 1.632469306843429635e+01
7.910000000000151132e+00 1.611875050184097802e+01
7.930000000000150706e+00 1.606186937148998695e+01
7.950000000000150280e+00 1.568058041127540747e+01
7.970000000000149853e+00 1.546927983969039921e+01
7.990000000000149427e+00 1.528132259116947900e+01
8.010000000000149001e+00 1.513496638322939880e+01
8.030000000000148574e+00 1.491695653288260814e+01
8.050000000000148148e+00 1.462430098151915381e+01
8.070000000000147722e+00 1.437633600861869887e+01
8.090000000000147296e+00 1.443369269623479489e+01
8.110000000000146869e+00 1.428718548606478578e+01
8.130000000000146443e+00 1.381307999970773004e+01
8.150000000000146017e+00 1.394215552911969880e+01
8.170000000000145590e+00 1.373809492257164955e+01
8.190000000000145164e+00 1.345810380112251714e+01
8.210000000000144738e+00 1.332006875895657316e+01
8.230000000000144311e+00 1.307894267294896906e+01
8.250000000000143885e+00 1.295126286642349811e+01
8.270000000000143459e+00 1.287969786322769927e+01
8.290000000000143032e+00 1.257547199475920863e+01
8.310000000000142606e+00 1.252109374938216035e+01
8.330000000000142180e+00 1.247775417667287101e+01
8.350000000000141753e+00 1.234307057459479751e+01
8.370000000000141327e+00 1.195228866733583573e+01
8.390000000000140901e+00 1.208490281305181568e+01
8.410000000000140474e+00 1.180170089127351396e+01
8.430000000000140048e+00 1.160163969112859839e+01
8.450000000000139622e+00 1.140509234074874634e+01
8.470000000000139195e+00 1.120488606358244255e+01
8.490000000000138769e+00 1.110173536407431882e+01
8.510000000000138343e+00 1.100444465546403450e+01
8.530000000000137916e+00 1.096578147103540601e+01
8.550000000000137490e+00 1.073173854888190881e+01
8.570000000000137064e+00 1.051547891221245123e+01
8.590000000000136637e+00 1.045880486459038394e+01
8.610000000000136211e+00 1.028056971406715903e+01
8.630000000000135785e+00 9.997801171871110171e+00
8.650000000000135358e+00 9.934332236198413213e+00
8.670000000000134932e+00 9.863104333415407154e+00
8.690000000000134506e+00 9.653618678954142496e+00
8.710000000000134079e+00 9.664935597502893216e+00
8.730000000000133653e+00 9.381017600388190658e+00
8.750000000000133227e+00 9.255106959586802517e+00
8.770000000000132800e+00 9.212161605932006836e+00
8.790000000000132374e+00 9.025024752692662133e+00
8.810000000000131948e+00 9.107457661533178594e+00
8.830000000000131521e+00 8.803362650947802237e+00
8.850000000000131095e+00 8.729464000456387041e+00
8.870000000000130669e+00 8.517665099702368181e+00
8.890000000000130242e+00 8.447884803876132054e+00
8.910000000000129816e+00 8.344802902323603888e+00
8.930000000000129390e+00 8.174616172698538463e+00
8.950000000000128964e+00 8.169619108066383362e+00
8.970000000000128537e+00 8.052256759156071197e+00
8.990000000000128111e+00 7.844444946830900101e+00
9.010000000000127685e+00 7.718343451682213363e+00
9.030000000000127258e+00 7.602623820659539788e+00
9.050000000000126832e+00 7.641643930331194490e+00
9.070000000000126406e+00 7.425383783715728825e+00
9.090000000000125979e+00 7.288349468008686216e+00
9.110000000000125553e+00 7.282985834972839356e+00
9.130000000000125127e+00 7.167164974938159183e+00
9.150000000000124700e+00 6.963061208215786557e+00
9.170000000000124274e+00 6.911546106406010637e+00
9.190000000000123848e+00 6.887690507599267598e+00
9.210000000000123421e+00 6.728566688808164109e+00
9.230000000000122995e+00 6.669432458939049901e+00
9.250000000000122569e+00 6.636964695612560305e+00
9.270000000000122142e+00 6.503473685582458863e+00
9.290000000000121716e+00 6.398471542032300619e+00
9.310000000000121290e+00 6.286098805434396475e+00
9.330000000000120863e+00 6.243580498828158021e+00
9.350000000000120437e+00 6.123107938068688583e+00
9.370000000000120011e+00 6.107227179515649418e+00
9.390000000000119584e+00 5.962470218769237995e+00
9.410000000000119158e+00 5.979863749920591331e+00
9.430000000000118732e+00 5.868712909750328777e+00
9.450000000000118305e+00 5.833152866957065363e+00
9.470000000000117879e+00 5.679066073378309376e+00
9.490000000000117453e+00 5.702413148517324615e+00
9.510000000000117026e+00 5.606102494299118888e+00
9.530000000000116600e+00 5.478992759858751782e+00
9.550000000000116174e+00 5.426298812529175564e+00
9.570000000000115747e+00 5.440091770636386492e+00
9.590000000000115321e+00 5.314413429779515141e+00
9.610000000000114895e+00 5.324623003530463805e+00
9.630000000000114468e+00 5.207294879911610330e+00
9.650000000000114042e+00 5.204687631276135207e+00
9.670000000000113616e+00 5.108734015738424894e+00
9.690000000000113189e+00 5.080408922955116147e+00
9.710000000000112763e+00 4.951985751513160672e+00
9.730000000000112337e+00 4.949314678700184267e+00
9.750000000000111910e+00 4.796718280699171721e+00
9.770000000000111484e+00 4.874315519013750375e+00
9.790000000000111058e+00 4.752568296703096884e+00
9.810000000000110632e+00 4.767609400770021821e+00
9.830000000000110205e+00 4.717535372703138385e+00
9.850000000000109779e+00 4.677630116082432288e+00
9.870000000000109353e+00 4.577461079172259417e+00
9.890000000000108926e+00 4.566407509691007505e+00
9.910000000000108500e+00 4.557440610139149584e+00
9.930000000000108074e+00 4.493413553656722570e+00
9.950000000000107647e+00 4.524240112289919402e+00
9.970000000000107221e+00 4.439212017915582287e+00
9.990000000000106795e+00 4.420736948798642985e+00
1.001000000000010637e+01 4.384946440022400971e+00
1.003000000000010594e+01 4.420316001315592658e+00
1.005000000000010552e+01 4.300951323959894879e+00
1.007000000000010509e+01 4.319322644037988823e+00
1.009000000000010466e+01 4.335680818183810459e+00
1.011000000000010424e+01 4.288309200860447312e+00
1.013000000000010381e+01 4.249909234358271171e+00
1.015000000000010338e+01 4.261415346760029088e+00
1.017000000000010296e+01 4.232875068561416043e+00
1.019000000000010253e+01 4.146715948213333114e+00
1.021000000000010210e+01 4.182909572843146684e+00
1.023000000000010168e+01 4.202369314879608631e+00
1.025000000000010125e+01 4.149651604028440133e+00
1.027000000000010083e+01 4.201882707246751281e+00
1.029000000000010040e+01 4.128251354776391935e+00
1.031000000000009997e+01 4.152411040994701708e+00
1.033000000000009955e+01 4.062250797802333224e+00
1.035000000000009912e+01 4.131349393442649287e+00
1.037000000000009869e+01 4.096377654549341329e+00
1.039000000000009827e+01 4.069080626427558300e+00
1.041000000000009784e+01 4.075794412583412907e+00
1.043000000000009742e+01 4.051943694865435042e+00
1.045000000000009699e+01 4.012511876685162626e+00
1.047000000000009656e+01 4.022214856225239998e+00
1.049000000000009614e+01 4.156470891370903864e+00
1.051000000000009571e+01 4.036594803771159867e+00
1.053000000000009528e+01 3.984182193952941375e+00
1.055000000000009486e+01 3.980988026523586409e+00
1.057000000000009443e+01 3.908740750140808018e+00
1.059000000000009400e+01 4.006664695654310826e+00
1.061000000000009358e+01 3.962506405980241286e+00
1.063000000000009315e+01 3.899560166109725223e+00
1.065000000000009273e+01 3.895551916861262676e+00
1.067000000000009230e+01 3.890239110680204337e+00
1.069000000000009187e+01 3.873157382445675534e+00
1.071000000000009145e+01 3.838077199969506914e+00
1.073000000000009102e+01 3.820577242266426143e+00
1.075000000000009059e+01 3.737491796411754663e+00
1.077000000000009017e+01 3.827076903810088027e+00
1.079000000000008974e+01 3.737742358440429236e+00
1.081000000000008932e+01 3.684087627216249494e+00
1.083000000000008889e+01 3.714568850633402697e+00
1.085000000000008846e+01 3.617078470587010042e+00
1.087000000000008804e+01 3.706109212731762526e+00
1.089000000000008761e+01 3.577452180321338826e+00
1.091000000000008718e+01 3.569689310757575118e+00
1.093000000000008676e+01 3.570105100179919333e+00
1.095000000000008633e+01 3.512857668319440130e+00
1.097000000000008590e+01 3.502060135944807584e+00
1.099000000000008548e+01 3.432880764507609150e+00
1.101000000000008505e+01 3.422472328976149392e+00
1.103000000000008463e+01 3.438610019044047839e+00
1.105000000000008420e+01 3.314176195356004939e+00
1.107000000000008377e+01 3.302207030524448417e+00
1.109000000000008335e+01 3.286806721481926985e+00
1.111000000000008292e+01 3.197705793716006717e+00
1.113000000000008249e+01 3.168548676837945166e+00
1.115000000000008207e+01 3.148361040922336596e+00
1.117000000000008164e+01 3.145560461050923351e+00
1.119000000000008122e+01 3.074190513309274397e+00
1.121000000000008079e+01 2.979871420775222379e+00
1.123000000000008036e+01 2.971188652273459851e+00
1.125000000000007994e+01 2.941129680552570846e+00
1.127000000000007951e+01 2.880471576653533372e+00
1.129000000000007908e+01 2.858964218275829250e+00
1.131000000000007866e+01 2.806156831657629969e+00
1.133000000000007823e+01 2.799772564624420035e+00
1.135000000000007780e+01 2.751423596827681006e+00
1.137000000000007738e+01 2.659619749197654759e+00
1.139000000000007695e+01 2.667161247085151565e+00
1.141000000000007653e+01 2.654284581789499331e+00
1.143000000000007610e+01 2.552921346633088007e+00
1.145000000000007567e+01 2.513931648643589423e+00
1.147000000000007525e+01 2.502890691179746607e+00
1.149000000000007482e+01 2.414487043063440197e+00
1.151000000000007439e+01 2.430871992998353548e+00
1.153000000000007397e+01 2.390063196090284059e+00
1.155000000000007354e+01 2.325923814832042691e+00
1.157000000000007311e+01 2.310628160509573537e+00
1.159000000000007269e+01 2.221862789824406548e+00
1.161000000000007226e+01 2.233599454009853158e+00
1.163000000000007184e+01 2.196995824499939687e+00
1.165000000000007141e+01 2.138008873576963342e+00
1.167000000000007098e+01 2.109804708731113365e+00
1.169000000000007056e+01 2.123807935193694707e+00
1.171000000000007013e+01 2.073171197050061032e+00
1.173000000000006970e+01 2.028703379705424581e+00
1.175000000000006928e+01 2.002272204336708050e+00
1.177000000000006885e+01 1.992637674216104049e+00
1.179000000000006843e+01 1.956189187262050710e+00
1.181000000000006800e+01 1.894938841076855951e+00
1.183000000000006757e+01 1.891451430743484430e+00
1.185000000000006715e+01 1.890334826959416681e+00
1.187000000000006672e+01 1.861570021302368927e+00
1.189000000000006629e+01 1.818416669572148647e+00
1.191000000000006587e+01 1.793658114112215651e+00
1.193000000000006544e+01 1.770356887609448426e+00
1.195000000000006501e+01 1.720695533600058225e+00
1.197000000000006459e+01 1.734319712090333754e+00
1.199000000000006416e+01 1.724740651147257164e+00
1.201000000000006374e+01 1.693261366494116071e+00
1.203000000000006331e+01 1.716467694136774691e+00
1.205000000000006288e+01 1.662338868554029458e+00
1.207000000000006246e+01 1.637192688063780599e+00
1.209000000000006203e+01 1.624723156802382329e+00
1.211000000000006160e+01 1.617760379829409567e+00
1.213000000000006118e+01 1.590039492094101004e+00
1.215000000000006075e+01 1.571186553211229020e+00
1.217000000000006033e+01 1.599232223920427742e+00
1.219000000000005990e+01 1.574257519869165955e+00
1.221000000000005947e+01 1.515223284502498657e+00
1.223000000000005905e+01 1.519134305309252531e+00
1.225000000000005862e+01 1.498396975292978661e+00
1.227000000000005819e+01 1.453975256862661158e+00
1.229000000000005777e+01 1.451751974850928661e+00
1.231000000000005734e+01 1.457371440216652880e+00
1.233000000000005691e+01 1.440626907546178170e+00
1.235000000000005649e+01 1.412839249393800900e+00
1.237000000000005606e+01 1.422729502801561408e+00
1.239000000000005564e+01 1.370529094982520402e+00
1.241000000000005521e+01 1.389103536841222564e+00
1.243000000000005478e+01 1.388166339783688530e+00
1.245000000000005436e+01 1.376902493372347269e+00
1.247000000000005393e+01 1.325224713642036978e+00
1.249000000000005350e+01 1.341772544729699312e+00
1.251000000000005308e+01 1.314987851566706611e+00
1.253000000000005265e+01 1.327679330593024787e+00
1.255000000000005222e+01 1.253871074577804112e+00
1.257000000000005180e+01 1.292595741442963853e+00
1.259000000000005137e+01 1.270434880298346725e+00
1.261000000000005095e+01 1.235116033415380565e+00
1.263000000000005052e+01 1.233821440780982659e+00
1.265000000000005009e+01 1.210443708620161374e+00
1.267000000000004967e+01 1.234605452894417477e+00
1.269000000000004924e+01 1.218341177983508716e+00
1.271000000000004881e+01 1.174618631303040006e+00
1.273000000000004839e+01 1.167516335981238162e+00
1.275000000000004796e+01 1.191480604334122395e+00
1.277000000000004754e+01 1.160922519301869071e+00
1.279000000000004711e+01 1.141210662018570687e+00
1.281000000000004668e+01 1.152325540384210756e+00
1.283000000000004626e+01 1.124193171505291522e+00
1.285000000000004583e+01 1.107714923714907096e+00
1.287000000000004540e+01 1.096921783745130163e+00
1.289000000000004498e+01 1.090883340371802124e+00
1.291000000000004455e+01 1.080594301410658931e+00
1.293000000000004412e+01 1.087944441865556389e+00
1.295000000000004370e+01 1.052634790709469970e+00
1.297000000000004327e+01 1.079590687159625917e+00
1.299000000000004285e+01 1.033455109558163887e+00
1.301000000000004242e+01 1.034605014644174314e+00
1.303000000000004199e+01 1.054556604044532220e+00
1.305000000000004157e+01 1.040492492411157377e+00
1.307000000000004114e+01 1.013280715916890395e+00
1.309000000000004071e+01 1.004234303660567873e+00
1.311000000000004029e+01 9.646424458166676930e-01
1.313000000000003986e+01 1.016659097198838069e+00
1.315000000000003944e+01 9.992218105688320806e-01
1.317000000000003901e+01 9.672343823335662893e-01
1.319000000000003858e+01 9.615921680818332318e-01
1.321000000000003816e+01 9.690834382881422515e-01
1.323000000000003773e+01 9.357785039328698762e-01
1.325000000000003730e+01 9.150376406186401246e-01
1.327000000000003688e+01 8.912220606054562788e-01
1.329000000000003645e+01 9.127652199910089026e-01
1.331000000000003602e+01 9.003666550811050273e-01
1.333000000000003560e+01 9.065371847314419584e-01
1.335000000000003517e+01 8.980911716896581298e-01
1.337000000000003475e+01 8.713560519666595505e-01
1.339000000000003432e+01 8.563374164153875201e-01
1.341000000000003389e+01 8.530229191929229460e-01
1.343000000000003347e+01 8.291763444778149639e-01
1.345000000000003304e+01 8.444859503457839978e-01
1.347000000000003261e+01 8.332345138842049970e-01
1.349000000000003219e+01 8.521630889609562720e-01
1.351000000000003176e+01 7.850062720748828271e-01
1.353000000000003133e+01 7.854089177593587268e-01
1.355000000000003091e+01 7.485034595789146206e-01
1.357000000000003048e+01 7.484215457915427416e-01
1.359000000000003006e+01 7.481547472547498412e-01
1.361000000000002963e+01 7.599824073761799470e-01
1.363000000000002920e+01 7.309779203035184914e-01
1.365000000000002878e+01 7.152127241742508579e-01
1.367000000000002835e+01 7.194822796765709683e-01
1.369000000000002792e+01 7.172877819752015993e-01
1.371000000000002750e+01 7.043683230225614711e-01
1.373000000000002707e+01 7.033011686405633567e-01
1.375000000000002665e+01 6.981460486352401018e-01
1.377000000000002622e+01 6.854394863983197528e-01
1.379000000000002579e+01 6.814527611703926624e-01
1.381000000000002537e+01 6.480078039942296364e-01
1.383000000000002494e+01 6.293617939144028339e-01
1.385000000000002451e+01 6.384479654015289274e-01
1.387000000000002409e+01 6.495826115233485076e-01
1.389000000000002366e+01 6.241075800157445119e-01
1.391000000000002323e+01 6.267795725608581447e-01
1.393000000000002281e+01 6.186913731759281498e-01
1.395000000000002238e+01 5.856581515082326383e-01
1.397000000000002196e+01 5.771084382510192068e-01
1.399000000000002153e+01 5.812552593023267988e-01
1.401000000000002110e+01 5.525476034598235664e-01
1.403000000000002068e+01 5.807556594864131672e-01
1.405000000000002025e+01 5.761933998845023552e-01
1.407000000000001982e+01 5.685651950770723717e-01
1.409000000000001940e+01 5.569491833953080784e-01
1.411000000000001897e+01 5.358643176476362013e-01
1.413000000000001855e+01 5.452961219117137270e-01
1.415000000000001812e+01 5.253900038130516759e-01
1.417000000000001769e+01 5.127393361658522108e-01
1.419000000000001727e+01 4.996761318283177156e-01
1.421000000000001684e+01 4.922310942686530244e-01
1.423000000000001641e+01 4.852758412502448104e-01
1.425000000000001599e+01 4.641302057479073651e-01
1.427000000000001556e+01 4.708050412516029404e-01
1.429000000000001513e+01 4.517414748618598930e-01
1.431000000000001471e+01 4.396615624043064274e-01
1.433000000000001428e+01 4.550680695796867070e-01
1.435000000000001386e+01 4.247744296998109959e-01
1.437000000000001343e+01 4.183924588394578592e-01
1.439000000000001300e+01 3.937296878488849572e-01
1.441000000000001258e+01 3.787984757253023971e-01
1.443000000000001215e+01 3.554497305872525437e-01
1.445000000000001172e+01 3.297563399707230669e-01
1.447000000000001130e+01 3.231106220205521296e-01
1.449000000000001087e+01 3.195910546698778054e-01
1.451000000000001044e+01 2.828399449051907655e-01
1.453000000000001002e+01 2.543332003981056411e-01
1.455000000000000959e+01 1.773661751997356317e-01
1.457000000000000917e+01 1.306627174216258569e-01
1.459000000000000874e+01 9.724628266742946225e-02
1.461000000000000831e+01 8.320700054297718029e-02
1.463000000000000789e+01 6.367524569334236106e-02
1.465000000000000746e+01 2.498582980772835055e-02
1.467000000000000703e+01 1.111427695091078520e-02
1.469000000000000661e+01 2.782116529383957086e-03
1.471000000000000618e+01 0.000000000000000000e+00
1.473000000000000576e+01 0.000000000000000000e+00
1.475000000000000533e+01 0.000000000000000000e+00
1.477000000000000490e+01 0.000000000000000000e+00
1.479000000000000448e+01 0.000000000000000000e+00
1.481000000000000405e+01 0.000000000000000000e+00
1.483000000000000362e+01 0.000000000000000000e+00
1.485000000000000320e+01 0.000000000000000000e+00
1.487000000000000277e+01 0.000000000000000000e+00
1.489000000000000234e+01 0.000000000000000000e+00
1.491000000000000192e+01 0.000000000000000000e+00
1.493000000000000149e+01 0.000000000000000000e+00
1.495000000000000107e+01 0.000000000000000000e+00
1.497000000000000064e+01 0.000000000000000000e+00
1.499000000000000021e+01 0.000000000000000000e+00
