# Redshift		Merger Rate Density [Gpc^-3yr^-1]
1.000000000031931770e-02 4.005956652296934095e+00
3.000000000031888964e-02 4.107346891422742452e+00
5.000000000031846331e-02 4.275805378522393951e+00
7.000000000031804392e-02 4.300284676763839187e+00
9.000000000031761760e-02 4.430759103501394236e+00
1.100000000003171913e-01 4.564984106386175355e+00
1.300000000003167511e-01 4.743943888207702742e+00
1.500000000003163247e-01 4.843360034211377396e+00
1.700000000003158984e-01 4.997497024316339242e+00
1.900000000003154721e-01 5.253075944809598496e+00
2.100000000003150458e-01 5.270084660952394806e+00
2.300000000003146194e-01 5.451537114017646068e+00
2.500000000003141931e-01 5.629048690062877114e+00
2.700000000003137668e-01 5.790986601990271154e+00
2.900000000003133405e-01 5.871463794871891295e+00
3.100000000003129141e-01 6.060107822799299271e+00
3.300000000003124878e-01 6.291505888414081760e+00
3.500000000003120615e-01 6.361809536445627522e+00
3.700000000003116352e-01 6.718708043583587752e+00
3.900000000003112088e-01 6.864598793291821544e+00
4.100000000003107825e-01 7.083346388803412275e+00
4.300000000003103562e-01 7.320530019408943545e+00
4.500000000003099299e-01 7.450588836094812706e+00
4.700000000003095035e-01 7.641914763359645590e+00
4.900000000003090772e-01 7.884012921873374324e+00
5.100000000003086509e-01 8.235459710813875844e+00
5.300000000003082246e-01 8.334202470159224774e+00
5.500000000003077982e-01 8.531803500987026112e+00
5.700000000003073719e-01 8.843008545223661088e+00
5.900000000003069456e-01 8.984518346904092567e+00
6.100000000003065193e-01 9.182852424320174123e+00
6.300000000003060929e-01 9.319809182090613930e+00
6.500000000003056666e-01 9.739858596687263059e+00
6.700000000003052403e-01 9.671472970891123566e+00
6.900000000003048140e-01 9.962963471834536122e+00
7.100000000003043876e-01 1.020555407077748100e+01
7.300000000003039613e-01 1.053201449146831514e+01
7.500000000003035350e-01 1.069587626330773311e+01
7.700000000003031086e-01 1.092544406498914178e+01
7.900000000003026823e-01 1.121299346645904649e+01
8.100000000003022560e-01 1.159084646125569762e+01
8.300000000003018297e-01 1.151451579244644741e+01
8.500000000003014033e-01 1.222133604943394047e+01
8.700000000003009770e-01 1.228109002174534403e+01
8.900000000003005507e-01 1.287903915908885288e+01
9.100000000003001244e-01 1.280148201753668680e+01
9.300000000002996980e-01 1.318515906437332319e+01
9.500000000002992717e-01 1.337370051321126141e+01
9.700000000002988454e-01 1.386209186940940086e+01
9.900000000002984191e-01 1.367546271554459203e+01
1.010000000000297993e+00 1.447827113430574997e+01
1.030000000000297566e+00 1.426435332314224702e+01
1.050000000000297140e+00 1.489739771547294112e+01
1.070000000000296714e+00 1.491435807236598698e+01
1.090000000000296287e+00 1.493874531600754452e+01
1.110000000000295861e+00 1.571248270661234869e+01
1.130000000000295435e+00 1.561932345468401984e+01
1.150000000000295008e+00 1.584029256362077120e+01
1.170000000000294582e+00 1.621658003367153000e+01
1.190000000000294156e+00 1.643588945572900784e+01
1.210000000000293729e+00 1.664037388312796040e+01
1.230000000000293303e+00 1.690938373129682759e+01
1.250000000000292877e+00 1.740818592823530153e+01
1.270000000000292451e+00 1.724468123516518148e+01
1.290000000000292024e+00 1.784978820825801549e+01
1.310000000000291598e+00 1.786823184568805800e+01
1.330000000000291172e+00 1.832340028581970870e+01
1.350000000000290745e+00 1.825356155322366192e+01
1.370000000000290319e+00 1.851621204073222060e+01
1.390000000000289893e+00 1.906699132983963807e+01
1.410000000000289466e+00 1.884022504428929423e+01
1.430000000000289040e+00 1.971304699039328057e+01
1.450000000000288614e+00 1.964572159821763009e+01
1.470000000000288187e+00 1.969397873126221654e+01
1.490000000000287761e+00 1.987782242214748862e+01
1.510000000000287335e+00 2.055999730357672561e+01
1.530000000000286908e+00 2.037517108603878313e+01
1.550000000000286482e+00 2.108160192937635813e+01
1.570000000000286056e+00 2.115375472653006383e+01
1.590000000000285629e+00 2.101164504218881390e+01
1.610000000000285203e+00 2.151650376124663921e+01
1.630000000000284777e+00 2.138012481442128276e+01
1.650000000000284350e+00 2.160824254825383761e+01
1.670000000000283924e+00 2.239655505177265837e+01
1.690000000000283498e+00 2.206288430261745503e+01
1.710000000000283071e+00 2.222367470741568596e+01
1.730000000000282645e+00 2.276363464880720144e+01
1.750000000000282219e+00 2.264028465541681712e+01
1.770000000000281792e+00 2.286358083350233272e+01
1.790000000000281366e+00 2.297841782210001682e+01
1.810000000000280940e+00 2.329255615854360428e+01
1.830000000000280513e+00 2.374198669967609021e+01
1.850000000000280087e+00 2.344276881095587584e+01
1.870000000000279661e+00 2.395256847832442659e+01
1.890000000000279234e+00 2.378835397521092787e+01
1.910000000000278808e+00 2.370201682777964436e+01
1.930000000000278382e+00 2.416450430210690214e+01
1.950000000000277955e+00 2.440398689776076324e+01
1.970000000000277529e+00 2.412854064103474983e+01
1.990000000000277103e+00 2.467914166209713756e+01
2.010000000000276899e+00 2.441905985890925024e+01
2.030000000000276472e+00 2.448006822363435830e+01
2.050000000000276046e+00 2.453567824644281359e+01
2.070000000000275620e+00 2.515928851700465074e+01
2.090000000000275193e+00 2.474836990407484905e+01
2.110000000000274767e+00 2.504654468746527129e+01
2.130000000000274341e+00 2.539957999539443989e+01
2.150000000000273914e+00 2.523256805075084586e+01
2.170000000000273488e+00 2.478278077260369372e+01
2.190000000000273062e+00 2.579602411156042052e+01
2.210000000000272635e+00 2.472834229531817485e+01
2.230000000000272209e+00 2.518972251928663653e+01
2.250000000000271783e+00 2.557676414752209482e+01
2.270000000000271356e+00 2.499361346873805445e+01
2.290000000000270930e+00 2.553087760858220534e+01
2.310000000000270504e+00 2.531223040964144033e+01
2.330000000000270077e+00 2.537545025363032991e+01
2.350000000000269651e+00 2.533718433568542849e+01
2.370000000000269225e+00 2.573872966324749711e+01
2.390000000000268798e+00 2.558757482418282336e+01
2.410000000000268372e+00 2.540152740936127884e+01
2.430000000000267946e+00 2.580740983356365703e+01
2.450000000000267519e+00 2.523012994528810182e+01
2.470000000000267093e+00 2.567007242040216752e+01
2.490000000000266667e+00 2.565596221782378450e+01
2.510000000000266240e+00 2.540373084613018051e+01
2.530000000000265814e+00 2.554310759506804374e+01
2.550000000000265388e+00 2.569193653073950045e+01
2.570000000000264961e+00 2.557085455100707350e+01
2.590000000000264535e+00 2.526202248507436821e+01
2.610000000000264109e+00 2.530095931448307667e+01
2.630000000000263682e+00 2.571421327872490892e+01
2.650000000000263256e+00 2.506403132737331774e+01
2.670000000000262830e+00 2.516887506204449920e+01
2.690000000000262403e+00 2.506685857596525224e+01
2.710000000000261977e+00 2.502370993310210778e+01
2.730000000000261551e+00 2.511579442750828406e+01
2.750000000000261124e+00 2.465788672767320477e+01
2.770000000000260698e+00 2.468580793763778658e+01
2.790000000000260272e+00 2.442607558881327279e+01
2.810000000000259845e+00 2.469767467712749465e+01
2.830000000000259419e+00 2.454801600734258571e+01
2.850000000000258993e+00 2.410148709520209209e+01
2.870000000000258567e+00 2.429275904004191489e+01
2.890000000000258140e+00 2.443271761874285986e+01
2.910000000000257714e+00 2.398425066323560273e+01
2.930000000000257288e+00 2.412685597030977647e+01
2.950000000000256861e+00 2.435798479481933043e+01
2.970000000000256435e+00 2.374824267822657120e+01
2.990000000000256009e+00 2.365046839087885999e+01
3.010000000000255582e+00 2.376370575423437614e+01
3.030000000000255156e+00 2.350475065672020847e+01
3.050000000000254730e+00 2.345025429863155253e+01
3.070000000000254303e+00 2.359129367603206973e+01
3.090000000000253877e+00 2.263551085919869976e+01
3.110000000000253451e+00 2.323348286788512951e+01
3.130000000000253024e+00 2.321234095673926134e+01
3.150000000000252598e+00 2.250947845448464690e+01
3.170000000000252172e+00 2.264314393601882003e+01
3.190000000000251745e+00 2.260925468548459349e+01
3.210000000000251319e+00 2.277432199122343448e+01
3.230000000000250893e+00 2.250863534106444419e+01
3.250000000000250466e+00 2.211136481229616280e+01
3.270000000000250040e+00 2.223558199220417819e+01
3.290000000000249614e+00 2.215533802382143946e+01
3.310000000000249187e+00 2.191383855574968109e+01
3.330000000000248761e+00 2.164245612886959691e+01
3.350000000000248335e+00 2.186076795546598461e+01
3.370000000000247908e+00 2.193219129763200925e+01
3.390000000000247482e+00 2.172988729398832319e+01
3.410000000000247056e+00 2.157878189553616011e+01
3.430000000000246629e+00 2.124303169621370202e+01
3.450000000000246203e+00 2.133553958680696283e+01
3.470000000000245777e+00 2.107090406688091377e+01
3.490000000000245350e+00 2.097555864297605766e+01
3.510000000000244924e+00 2.099453980451542279e+01
3.530000000000244498e+00 2.107978433159982146e+01
3.550000000000244071e+00 2.038220985863736345e+01
3.570000000000243645e+00 2.074300514777105420e+01
3.590000000000243219e+00 2.050535073796580576e+01
3.610000000000242792e+00 2.023442199436663458e+01
3.630000000000242366e+00 2.049913511492935569e+01
3.650000000000241940e+00 1.996217362701948517e+01
3.670000000000241513e+00 2.007397231666486448e+01
3.690000000000241087e+00 1.992305284970318624e+01
3.710000000000240661e+00 1.957280729959524734e+01
3.730000000000240234e+00 1.977822360592832496e+01
3.750000000000239808e+00 1.918014156479939558e+01
3.770000000000239382e+00 1.961333477947711401e+01
3.790000000000238956e+00 1.942879361084677114e+01
3.810000000000238529e+00 1.922338642305856737e+01
3.830000000000238103e+00 1.912070693084490003e+01
3.850000000000237677e+00 1.910434043819697791e+01
3.870000000000237250e+00 1.896615931886187312e+01
3.890000000000236824e+00 1.883756582481789721e+01
3.910000000000236398e+00 1.866079690128382751e+01
3.930000000000235971e+00 1.866705372011072583e+01
3.950000000000235545e+00 1.850272531566263012e+01
3.970000000000235119e+00 1.842880526944687603e+01
3.990000000000234692e+00 1.830437740158261661e+01
4.010000000000234266e+00 1.828302581143945815e+01
4.030000000000233840e+00 1.814486736951433699e+01
4.050000000000233413e+00 1.776132792163684115e+01
4.070000000000232987e+00 1.812794392368339658e+01
4.090000000000232561e+00 1.762073673054546674e+01
4.110000000000232134e+00 1.759309379363836001e+01
4.130000000000231708e+00 1.753392011908954373e+01
4.150000000000231282e+00 1.758336443459250376e+01
4.170000000000230855e+00 1.745452610671302551e+01
4.190000000000230429e+00 1.719601406862271631e+01
4.210000000000230003e+00 1.716935446079851957e+01
4.230000000000229576e+00 1.701435113900712892e+01
4.250000000000229150e+00 1.696256192678746544e+01
4.270000000000228724e+00 1.689421425173584623e+01
4.290000000000228297e+00 1.673802226067630627e+01
4.310000000000227871e+00 1.660082058085006551e+01
4.330000000000227445e+00 1.679690969724557448e+01
4.350000000000227018e+00 1.646204800812166269e+01
4.370000000000226592e+00 1.664636258724508977e+01
4.390000000000226166e+00 1.626101891272355005e+01
4.410000000000225739e+00 1.606366462634034420e+01
4.430000000000225313e+00 1.618609770507672607e+01
4.450000000000224887e+00 1.608776397747337938e+01
4.470000000000224460e+00 1.608556564723447835e+01
4.490000000000224034e+00 1.572517758399642496e+01
4.510000000000223608e+00 1.578931525949421832e+01
4.530000000000223181e+00 1.581232009900214308e+01
4.550000000000222755e+00 1.573515551491352404e+01
4.570000000000222329e+00 1.555497838153531909e+01
4.590000000000221902e+00 1.517103334129095060e+01
4.610000000000221476e+00 1.545540099455178584e+01
4.630000000000221050e+00 1.526304122733268365e+01
4.650000000000220624e+00 1.489438313287606341e+01
4.670000000000220197e+00 1.516765285860005719e+01
4.690000000000219771e+00 1.483531610520232036e+01
4.710000000000219345e+00 1.498582350384859474e+01
4.730000000000218918e+00 1.475692223309461504e+01
4.750000000000218492e+00 1.466516786086582691e+01
4.770000000000218066e+00 1.442627491031661435e+01
4.790000000000217639e+00 1.443588566111067628e+01
4.810000000000217213e+00 1.419117503774138278e+01
4.830000000000216787e+00 1.425492703592859378e+01
4.850000000000216360e+00 1.412966810852015165e+01
4.870000000000215934e+00 1.420593296572979902e+01
4.890000000000215508e+00 1.401190856913162719e+01
4.910000000000215081e+00 1.378493567683492849e+01
4.930000000000214655e+00 1.380277806205464231e+01
4.950000000000214229e+00 1.386604700582825345e+01
4.970000000000213802e+00 1.343726707948546029e+01
4.990000000000213376e+00 1.365131894370066945e+01
5.010000000000212950e+00 1.352378444738075558e+01
5.030000000000212523e+00 1.347817208591485283e+01
5.050000000000212097e+00 1.331282867848180196e+01
5.070000000000211671e+00 1.346736868178363622e+01
5.090000000000211244e+00 1.308608397698960779e+01
5.110000000000210818e+00 1.318239125722795002e+01
5.130000000000210392e+00 1.292051293915018029e+01
5.150000000000209965e+00 1.280422624004715715e+01
5.170000000000209539e+00 1.301159418284941083e+01
5.190000000000209113e+00 1.288577397535486035e+01
5.210000000000208686e+00 1.266341946466871526e+01
5.230000000000208260e+00 1.254717163908083144e+01
5.250000000000207834e+00 1.245923796590536625e+01
5.270000000000207407e+00 1.234714752094385837e+01
5.290000000000206981e+00 1.246611855230133870e+01
5.310000000000206555e+00 1.219388519917951896e+01
5.330000000000206128e+00 1.235594328816241472e+01
5.350000000000205702e+00 1.211190638668000474e+01
5.370000000000205276e+00 1.195410452463901052e+01
5.390000000000204849e+00 1.206295112826047422e+01
5.410000000000204423e+00 1.184857706247715470e+01
5.430000000000203997e+00 1.183697068999077473e+01
5.450000000000203570e+00 1.153199149975911730e+01
5.470000000000203144e+00 1.187978850918020335e+01
5.490000000000202718e+00 1.146394840933717241e+01
5.510000000000202292e+00 1.159384919722612928e+01
5.530000000000201865e+00 1.150191504216857474e+01
5.550000000000201439e+00 1.134065735469135028e+01
5.570000000000201013e+00 1.121266421015822878e+01
5.590000000000200586e+00 1.114315123804541052e+01
5.610000000000200160e+00 1.114995938298635458e+01
5.630000000000199734e+00 1.111762013879235411e+01
5.650000000000199307e+00 1.100423536486706944e+01
5.670000000000198881e+00 1.120446340623214709e+01
5.690000000000198455e+00 1.068368610318035650e+01
5.710000000000198028e+00 1.083566550356400882e+01
5.730000000000197602e+00 1.062126370647192353e+01
5.750000000000197176e+00 1.059245402755302301e+01
5.770000000000196749e+00 1.054650340827663335e+01
5.790000000000196323e+00 1.057109028813165708e+01
5.810000000000195897e+00 1.043437581908344924e+01
5.830000000000195470e+00 1.044727618274485614e+01
5.850000000000195044e+00 1.033139881634643942e+01
5.870000000000194618e+00 1.020585456723576279e+01
5.890000000000194191e+00 1.001852999061684635e+01
5.910000000000193765e+00 1.027907096520264751e+01
5.930000000000193339e+00 9.988238449164603239e+00
5.950000000000192912e+00 9.881177247545215536e+00
5.970000000000192486e+00 9.970106632414319492e+00
5.990000000000192060e+00 9.852592144732842172e+00
6.010000000000191633e+00 9.789739868520477728e+00
6.030000000000191207e+00 9.710764143769166523e+00
6.050000000000190781e+00 9.523842737022764737e+00
6.070000000000190354e+00 9.530684643901492947e+00
6.090000000000189928e+00 9.502669317806013538e+00
6.110000000000189502e+00 9.279108418886266918e+00
6.130000000000189075e+00 9.272319977890756348e+00
6.150000000000188649e+00 9.252812613273237119e+00
6.170000000000188223e+00 9.155942343483834733e+00
6.190000000000187796e+00 9.117420084913582912e+00
6.210000000000187370e+00 9.110067186807146555e+00
6.230000000000186944e+00 8.912662743304132107e+00
6.250000000000186517e+00 8.987323716747335212e+00
6.270000000000186091e+00 8.899610222877335275e+00
6.290000000000185665e+00 8.846056205300126152e+00
6.310000000000185238e+00 8.613092095430433304e+00
6.330000000000184812e+00 8.706512147096798770e+00
6.350000000000184386e+00 8.598936510023017732e+00
6.370000000000183960e+00 8.508684633738893055e+00
6.390000000000183533e+00 8.508471183716428854e+00
6.410000000000183107e+00 8.372611450884161144e+00
6.430000000000182681e+00 8.630158523385974334e+00
6.450000000000182254e+00 8.245188965039661255e+00
6.470000000000181828e+00 8.214626616899586509e+00
6.490000000000181402e+00 8.174805193954444604e+00
6.510000000000180975e+00 8.192488635107284978e+00
6.530000000000180549e+00 8.149334360671462107e+00
6.550000000000180123e+00 7.955079474433734532e+00
6.570000000000179696e+00 7.957106587425430533e+00
6.590000000000179270e+00 7.969362364122016373e+00
6.610000000000178844e+00 7.910422740102579731e+00
6.630000000000178417e+00 7.751263581900283306e+00
6.650000000000177991e+00 7.623650107814999188e+00
6.670000000000177565e+00 7.684212079992810196e+00
6.690000000000177138e+00 7.602215616446546420e+00
6.710000000000176712e+00 7.549657857904204405e+00
6.730000000000176286e+00 7.509007384684491804e+00
6.750000000000175859e+00 7.434123747377056723e+00
6.770000000000175433e+00 7.487284263451418731e+00
6.790000000000175007e+00 7.369391313577063229e+00
6.810000000000174580e+00 7.154303844708982396e+00
6.830000000000174154e+00 7.353469050918155503e+00
6.850000000000173728e+00 7.171563962032520223e+00
6.870000000000173301e+00 7.013731997208651592e+00
6.890000000000172875e+00 7.014046823540150299e+00
6.910000000000172449e+00 7.021731461825928555e+00
6.930000000000172022e+00 6.939957056668164981e+00
6.950000000000171596e+00 6.906759479946130043e+00
6.970000000000171170e+00 6.792733753393735086e+00
6.990000000000170743e+00 6.823210900753277741e+00
7.010000000000170317e+00 6.745510141466038334e+00
7.030000000000169891e+00 6.619020590374517177e+00
7.050000000000169464e+00 6.609816109941885287e+00
7.070000000000169038e+00 6.580345290898546473e+00
7.090000000000168612e+00 6.471931984095257384e+00
7.110000000000168185e+00 6.490784609983450970e+00
7.130000000000167759e+00 6.462012191054126831e+00
7.150000000000167333e+00 6.327032456502202251e+00
7.170000000000166906e+00 6.293344613917617458e+00
7.190000000000166480e+00 6.283294216086319217e+00
7.210000000000166054e+00 6.220865752116586656e+00
7.230000000000165628e+00 6.246733278442732740e+00
7.250000000000165201e+00 6.083998326083855268e+00
7.270000000000164775e+00 5.995451575721408410e+00
7.290000000000164349e+00 6.062976999324570571e+00
7.310000000000163922e+00 5.992120803363161663e+00
7.330000000000163496e+00 5.898562660336984287e+00
7.350000000000163070e+00 5.852852015882771930e+00
7.370000000000162643e+00 5.816439931802831254e+00
7.390000000000162217e+00 5.784136291654177420e+00
7.410000000000161791e+00 5.702536875885243717e+00
7.430000000000161364e+00 5.762106890023761530e+00
7.450000000000160938e+00 5.574335410880224551e+00
7.470000000000160512e+00 5.648523509378832408e+00
7.490000000000160085e+00 5.562411983228550127e+00
7.510000000000159659e+00 5.523671328989835594e+00
7.530000000000159233e+00 5.363123801714138494e+00
7.550000000000158806e+00 5.401325554753575453e+00
7.570000000000158380e+00 5.340085914203779538e+00
7.590000000000157954e+00 5.365034808025621160e+00
7.610000000000157527e+00 5.304507843231549558e+00
7.630000000000157101e+00 5.279414508595209554e+00
7.650000000000156675e+00 5.245514015995095924e+00
7.670000000000156248e+00 5.099949838601976815e+00
7.690000000000155822e+00 5.100609512972511972e+00
7.710000000000155396e+00 5.114718732419876623e+00
7.730000000000154969e+00 4.946439809991273862e+00
7.750000000000154543e+00 5.025961630357066667e+00
7.770000000000154117e+00 4.998331539973714044e+00
7.790000000000153690e+00 4.936575527204044356e+00
7.810000000000153264e+00 4.829487425373859111e+00
7.830000000000152838e+00 4.870260318956847634e+00
7.850000000000152411e+00 4.862354084435540180e+00
7.870000000000151985e+00 4.765634821833268475e+00
7.890000000000151559e+00 4.766621689244171733e+00
7.910000000000151132e+00 4.675176980511152713e+00
7.930000000000150706e+00 4.606891983813837577e+00
7.950000000000150280e+00 4.608749774496414098e+00
7.970000000000149853e+00 4.514080277374262096e+00
7.990000000000149427e+00 4.503446822932009042e+00
8.010000000000149001e+00 4.526905560755257518e+00
8.030000000000148574e+00 4.445551494022491390e+00
8.050000000000148148e+00 4.450201910568176267e+00
8.070000000000147722e+00 4.429642029542140591e+00
8.090000000000147296e+00 4.363442896221657819e+00
8.110000000000146869e+00 4.320264564656024042e+00
8.130000000000146443e+00 4.332674932444264826e+00
8.150000000000146017e+00 4.236653837777758724e+00
8.170000000000145590e+00 4.212321900236983829e+00
8.190000000000145164e+00 4.135020507626714803e+00
8.210000000000144738e+00 4.165540694825494938e+00
8.230000000000144311e+00 4.087184196160748684e+00
8.250000000000143885e+00 4.017190495898636193e+00
8.270000000000143459e+00 4.072865849165290264e+00
8.290000000000143032e+00 4.011645102511494976e+00
8.310000000000142606e+00 3.995603733403702229e+00
8.330000000000142180e+00 3.960326394914229109e+00
8.350000000000141753e+00 3.895134390710527139e+00
8.370000000000141327e+00 3.908250679280726114e+00
8.390000000000140901e+00 3.862711077812596816e+00
8.410000000000140474e+00 3.815470668581836478e+00
8.430000000000140048e+00 3.776534944664154292e+00
8.450000000000139622e+00 3.775664402751448101e+00
8.470000000000139195e+00 3.758982856151545704e+00
8.490000000000138769e+00 3.720225696904643886e+00
8.510000000000138343e+00 3.676623699566888170e+00
8.530000000000137916e+00 3.657439935972914835e+00
8.550000000000137490e+00 3.624352722759927037e+00
8.570000000000137064e+00 3.556056975554012123e+00
8.590000000000136637e+00 3.580802251840523365e+00
8.610000000000136211e+00 3.521929741167656669e+00
8.630000000000135785e+00 3.499402976926515141e+00
8.650000000000135358e+00 3.447913805727953473e+00
8.670000000000134932e+00 3.451050080428141431e+00
8.690000000000134506e+00 3.415848697658268929e+00
8.710000000000134079e+00 3.376823091590334780e+00
8.730000000000133653e+00 3.338698226534939195e+00
8.750000000000133227e+00 3.320885651005418548e+00
8.770000000000132800e+00 3.297300781449288731e+00
8.790000000000132374e+00 3.270188675259634081e+00
8.810000000000131948e+00 3.205935602861774925e+00
8.830000000000131521e+00 3.215786860467880981e+00
8.850000000000131095e+00 3.199194253840910385e+00
8.870000000000130669e+00 3.176200003178065501e+00
8.890000000000130242e+00 3.097780831123851719e+00
8.910000000000129816e+00 3.094290456920776311e+00
8.930000000000129390e+00 3.075593573303300854e+00
8.950000000000128964e+00 3.059921526828136784e+00
8.970000000000128537e+00 3.030647611297752508e+00
8.990000000000128111e+00 3.022343608285208205e+00
9.010000000000127685e+00 2.976216173234599083e+00
9.030000000000127258e+00 2.959169584545199960e+00
9.050000000000126832e+00 2.931890704772861511e+00
9.070000000000126406e+00 2.872308197271543850e+00
9.090000000000125979e+00 2.896793443493288045e+00
9.110000000000125553e+00 2.877609739966811464e+00
9.130000000000125127e+00 2.848674842605737112e+00
9.150000000000124700e+00 2.837072856476892113e+00
9.170000000000124274e+00 2.824587321043467991e+00
9.190000000000123848e+00 2.780896725919296042e+00
9.210000000000123421e+00 2.714640219950253286e+00
9.230000000000122995e+00 2.728709300560685946e+00
9.250000000000122569e+00 2.690443842860118728e+00
9.270000000000122142e+00 2.678710342948321443e+00
9.290000000000121716e+00 2.671008830067058692e+00
9.310000000000121290e+00 2.636761629437917254e+00
9.330000000000120863e+00 2.618605485485032691e+00
9.350000000000120437e+00 2.586560567402649724e+00
9.370000000000120011e+00 2.555717757542274260e+00
9.390000000000119584e+00 2.528047720631400708e+00
9.410000000000119158e+00 2.506418928551222614e+00
9.430000000000118732e+00 2.488464484660819487e+00
9.450000000000118305e+00 2.482571045980043412e+00
9.470000000000117879e+00 2.454483177137777083e+00
9.490000000000117453e+00 2.468084503955156883e+00
9.510000000000117026e+00 2.419080240663669557e+00
9.530000000000116600e+00 2.419392507306281637e+00
9.550000000000116174e+00 2.386825377517288960e+00
9.570000000000115747e+00 2.355176328612116787e+00
9.590000000000115321e+00 2.354516374905100573e+00
9.610000000000114895e+00 2.324973982317946053e+00
9.630000000000114468e+00 2.321063370654234514e+00
9.650000000000114042e+00 2.283858815584733915e+00
9.670000000000113616e+00 2.278415202732749556e+00
9.690000000000113189e+00 2.218524661315770974e+00
9.710000000000112763e+00 2.242098497470641938e+00
9.730000000000112337e+00 2.225173494917005890e+00
9.750000000000111910e+00 2.199556916691643771e+00
9.770000000000111484e+00 2.172714630016104209e+00
9.790000000000111058e+00 2.149116161200193442e+00
9.810000000000110632e+00 2.154087377418998361e+00
9.830000000000110205e+00 2.138527863301710408e+00
9.850000000000109779e+00 2.111913426118009696e+00
9.870000000000109353e+00 2.098093602120608914e+00
9.890000000000108926e+00 2.086632333178508159e+00
9.910000000000108500e+00 2.033185495363443174e+00
9.930000000000108074e+00 2.034109526470581297e+00
9.950000000000107647e+00 2.026729480674545059e+00
9.970000000000107221e+00 1.985224615873633747e+00
9.990000000000106795e+00 1.998660246278942676e+00
1.001000000000010637e+01 1.965648134017915050e+00
1.003000000000010594e+01 1.944855224301321961e+00
1.005000000000010552e+01 1.932099768440689758e+00
1.007000000000010509e+01 1.892941419584286411e+00
1.009000000000010466e+01 1.902872432574370887e+00
1.011000000000010424e+01 1.918338730125140223e+00
1.013000000000010381e+01 1.863877556116432688e+00
1.015000000000010338e+01 1.874191468369179825e+00
1.017000000000010296e+01 1.835476140636709275e+00
1.019000000000010253e+01 1.802457965064257150e+00
1.021000000000010210e+01 1.813111285381383553e+00
1.023000000000010168e+01 1.795224724482890499e+00
1.025000000000010125e+01 1.793599019088240265e+00
1.027000000000010083e+01 1.779464806107562413e+00
1.029000000000010040e+01 1.777294835364247483e+00
1.031000000000009997e+01 1.735901977224829196e+00
1.033000000000009955e+01 1.737142069812926737e+00
1.035000000000009912e+01 1.704597178887260922e+00
1.037000000000009869e+01 1.690194389199918712e+00
1.039000000000009827e+01 1.695874271102937758e+00
1.041000000000009784e+01 1.651793840829931082e+00
1.043000000000009742e+01 1.682449547718414706e+00
1.045000000000009699e+01 1.642057672572589277e+00
1.047000000000009656e+01 1.647890898537992976e+00
1.049000000000009614e+01 1.600148448461087280e+00
1.051000000000009571e+01 1.590247747572482329e+00
1.053000000000009528e+01 1.598186857754924084e+00
1.055000000000009486e+01 1.582719014583074735e+00
1.057000000000009443e+01 1.551771025758583722e+00
1.059000000000009400e+01 1.527198591720236864e+00
1.061000000000009358e+01 1.518267938136779183e+00
1.063000000000009315e+01 1.517469452507306693e+00
1.065000000000009273e+01 1.511939741285253325e+00
1.067000000000009230e+01 1.516935417680175924e+00
1.069000000000009187e+01 1.471744132560737661e+00
1.071000000000009145e+01 1.466378406864989659e+00
1.073000000000009102e+01 1.459571238983214947e+00
1.075000000000009059e+01 1.433586603638843382e+00
1.077000000000009017e+01 1.440763534986267302e+00
1.079000000000008974e+01 1.410008496020938473e+00
1.081000000000008932e+01 1.399342662744597510e+00
1.083000000000008889e+01 1.453706563715724265e+00
1.085000000000008846e+01 1.385189292754472001e+00
1.087000000000008804e+01 1.376442668657545498e+00
1.089000000000008761e+01 1.358206666052021339e+00
1.091000000000008718e+01 1.341608276007062450e+00
1.093000000000008676e+01 1.333080354987807414e+00
1.095000000000008633e+01 1.324267327299117225e+00
1.097000000000008590e+01 1.305284153225309884e+00
1.099000000000008548e+01 1.330446398835140265e+00
1.101000000000008505e+01 1.297468769000760913e+00
1.103000000000008463e+01 1.286986202279227554e+00
1.105000000000008420e+01 1.267822537069994926e+00
1.107000000000008377e+01 1.266111551967887161e+00
1.109000000000008335e+01 1.264511388376169165e+00
1.111000000000008292e+01 1.240091477647957907e+00
1.113000000000008249e+01 1.235607319183279040e+00
1.115000000000008207e+01 1.232685256260703133e+00
1.117000000000008164e+01 1.211835448655488978e+00
1.119000000000008122e+01 1.207957168637698198e+00
1.121000000000008079e+01 1.201733281523020169e+00
1.123000000000008036e+01 1.153346087506581963e+00
1.125000000000007994e+01 1.183020486572747831e+00
1.127000000000007951e+01 1.162983933812544723e+00
1.129000000000007908e+01 1.167687463812589366e+00
1.131000000000007866e+01 1.124040555028125832e+00
1.133000000000007823e+01 1.133609854261070415e+00
1.135000000000007780e+01 1.112011565810965941e+00
1.137000000000007738e+01 1.119255236680237298e+00
1.139000000000007695e+01 1.099543907639747298e+00
1.141000000000007653e+01 1.085917933792447387e+00
1.143000000000007610e+01 1.111967307692058649e+00
1.145000000000007567e+01 1.094928143544855015e+00
1.147000000000007525e+01 1.041702279030309430e+00
1.149000000000007482e+01 1.078598491910565338e+00
1.151000000000007439e+01 1.057106717174840504e+00
1.153000000000007397e+01 1.031899722385034801e+00
1.155000000000007354e+01 1.030472515846520443e+00
1.157000000000007311e+01 1.029659588953175442e+00
1.159000000000007269e+01 1.012895877926366373e+00
1.161000000000007226e+01 1.003537648452222042e+00
1.163000000000007184e+01 9.950251820745037445e-01
1.165000000000007141e+01 9.694750526119477740e-01
1.167000000000007098e+01 9.929535822091239972e-01
1.169000000000007056e+01 9.678771607811930133e-01
1.171000000000007013e+01 9.538584784212826850e-01
1.173000000000006970e+01 9.392738591148853677e-01
1.175000000000006928e+01 9.588964880532566681e-01
1.177000000000006885e+01 9.365335692290389646e-01
1.179000000000006843e+01 9.509465717586860212e-01
1.181000000000006800e+01 8.918564775438596604e-01
1.183000000000006757e+01 9.186231101812537547e-01
1.185000000000006715e+01 8.920806994811434354e-01
1.187000000000006672e+01 8.926337541394885333e-01
1.189000000000006629e+01 8.974176485885988486e-01
1.191000000000006587e+01 8.690685241751583412e-01
1.193000000000006544e+01 8.806554716040199127e-01
1.195000000000006501e+01 8.592913517825396807e-01
1.197000000000006459e+01 8.546562778270176963e-01
1.199000000000006416e+01 8.488053820684454687e-01
1.201000000000006374e+01 8.479867279823847248e-01
1.203000000000006331e+01 8.108098779604948625e-01
1.205000000000006288e+01 8.438351042074241359e-01
1.207000000000006246e+01 8.310172392760973858e-01
1.209000000000006203e+01 8.152707519237950562e-01
1.211000000000006160e+01 8.125977302727618312e-01
1.213000000000006118e+01 8.008143127193552147e-01
1.215000000000006075e+01 8.018469071249872959e-01
1.217000000000006033e+01 7.893204098583924688e-01
1.219000000000005990e+01 7.876425396557809044e-01
1.221000000000005947e+01 7.557504420797531708e-01
1.223000000000005905e+01 7.527758615174606760e-01
1.225000000000005862e+01 7.965972390616431476e-01
1.227000000000005819e+01 7.431554639894807357e-01
1.229000000000005777e+01 7.467334498674538246e-01
1.231000000000005734e+01 7.349656545614712266e-01
1.233000000000005691e+01 7.402051957591361253e-01
1.235000000000005649e+01 7.510229527678549122e-01
1.237000000000005606e+01 7.318994045986810804e-01
1.239000000000005564e+01 7.119321485905856228e-01
1.241000000000005521e+01 7.190553401558833491e-01
1.243000000000005478e+01 7.121399661383536195e-01
1.245000000000005436e+01 7.281188661879411939e-01
1.247000000000005393e+01 6.767045463608507561e-01
1.249000000000005350e+01 6.950069589108951451e-01
1.251000000000005308e+01 6.735606278910352129e-01
1.253000000000005265e+01 6.855413720526091215e-01
1.255000000000005222e+01 6.749268475316392291e-01
1.257000000000005180e+01 6.730107539390579596e-01
1.259000000000005137e+01 6.715487869121143927e-01
1.261000000000005095e+01 6.618586305392832880e-01
1.263000000000005052e+01 6.605859262170319379e-01
1.265000000000005009e+01 6.663362878981227144e-01
1.267000000000004967e+01 6.289683438250162073e-01
1.269000000000004924e+01 6.374415149953033266e-01
1.271000000000004881e+01 6.571391952151857119e-01
1.273000000000004839e+01 6.414430786008945562e-01
1.275000000000004796e+01 6.145057536411041577e-01
1.277000000000004754e+01 6.091652540532795923e-01
1.279000000000004711e+01 6.054168873185098443e-01
1.281000000000004668e+01 5.981328778106915767e-01
1.283000000000004626e+01 5.970762833268811187e-01
1.285000000000004583e+01 5.906304443761152267e-01
1.287000000000004540e+01 5.874790546269672564e-01
1.289000000000004498e+01 5.940843883498718725e-01
1.291000000000004455e+01 5.517551872583995598e-01
1.293000000000004412e+01 5.817935011495041220e-01
1.295000000000004370e+01 5.616499093271969389e-01
1.297000000000004327e+01 5.633520226320195556e-01
1.299000000000004285e+01 5.768540194475193505e-01
1.301000000000004242e+01 5.479063783337998483e-01
1.303000000000004199e+01 5.366603514279660869e-01
1.305000000000004157e+01 5.284983747271226884e-01
1.307000000000004114e+01 5.256870351755191795e-01
1.309000000000004071e+01 5.178571940733778245e-01
1.311000000000004029e+01 5.324550932815644844e-01
1.313000000000003986e+01 5.232544114067190222e-01
1.315000000000003944e+01 4.922185315832023345e-01
1.317000000000003901e+01 5.234205505076348075e-01
1.319000000000003858e+01 5.148729416595123620e-01
1.321000000000003816e+01 4.883846702477089852e-01
1.323000000000003773e+01 4.791852666381962167e-01
1.325000000000003730e+01 4.772268223596968229e-01
1.327000000000003688e+01 4.811575213607348078e-01
1.329000000000003645e+01 4.764861517772655541e-01
1.331000000000003602e+01 4.606783394200648085e-01
1.333000000000003560e+01 4.626173816150841445e-01
1.335000000000003517e+01 4.490777323664557064e-01
1.337000000000003475e+01 4.390647942549154026e-01
1.339000000000003432e+01 4.512356842020663339e-01
1.341000000000003389e+01 4.407452423879717474e-01
1.343000000000003347e+01 4.247143068520028431e-01
1.345000000000003304e+01 4.437545720432530261e-01
1.347000000000003261e+01 4.309281223137181871e-01
1.349000000000003219e+01 4.126538872113583722e-01
1.351000000000003176e+01 4.297581425642948427e-01
1.353000000000003133e+01 4.230299152293811593e-01
1.355000000000003091e+01 3.900903118877022124e-01
1.357000000000003048e+01 4.210520239258476183e-01
1.359000000000003006e+01 4.085062348975340707e-01
1.361000000000002963e+01 3.835932741323085926e-01
1.363000000000002920e+01 3.768930601525800062e-01
1.365000000000002878e+01 3.692578693547982072e-01
1.367000000000002835e+01 3.707821488231542451e-01
1.369000000000002792e+01 3.659929285916280750e-01
1.371000000000002750e+01 3.720791218697320213e-01
1.373000000000002707e+01 3.549619605456938443e-01
1.375000000000002665e+01 3.622885342193925551e-01
1.377000000000002622e+01 3.562052468336746047e-01
1.379000000000002579e+01 3.656489769491786945e-01
1.381000000000002537e+01 3.459840325193509480e-01
1.383000000000002494e+01 3.316422590682859273e-01
1.385000000000002451e+01 3.345926229064665747e-01
1.387000000000002409e+01 3.185970552773912945e-01
1.389000000000002366e+01 3.134566764187816101e-01
1.391000000000002323e+01 3.066859944305776464e-01
1.393000000000002281e+01 3.118494316450372561e-01
1.395000000000002238e+01 2.873546058798453484e-01
1.397000000000002196e+01 2.781528788218400883e-01
1.399000000000002153e+01 2.926983918763868542e-01
1.401000000000002110e+01 2.773603677104710674e-01
1.403000000000002068e+01 2.781665210548199818e-01
1.405000000000002025e+01 2.710078631737834476e-01
1.407000000000001982e+01 2.596539658806715778e-01
1.409000000000001940e+01 2.510574982864408611e-01
1.411000000000001897e+01 2.577794080935260079e-01
1.413000000000001855e+01 2.353178912148599922e-01
1.415000000000001812e+01 2.423189205148142955e-01
1.417000000000001769e+01 2.356371985275895753e-01
1.419000000000001727e+01 2.432700399908503397e-01
1.421000000000001684e+01 2.253580505275093182e-01
1.423000000000001641e+01 2.346042885159444480e-01
1.425000000000001599e+01 2.203166154251622599e-01
1.427000000000001556e+01 2.113100801205188006e-01
1.429000000000001513e+01 2.155744914839765602e-01
1.431000000000001471e+01 2.009327452843502060e-01
1.433000000000001428e+01 2.029052008587041989e-01
1.435000000000001386e+01 1.933783437313393305e-01
1.437000000000001343e+01 1.931558285233600791e-01
1.439000000000001300e+01 1.842207482829632814e-01
1.441000000000001258e+01 1.618243348085340039e-01
1.443000000000001215e+01 1.553808067573382579e-01
1.445000000000001172e+01 1.603458999204416813e-01
1.447000000000001130e+01 1.509586808910474143e-01
1.449000000000001087e+01 1.320324798061922600e-01
1.451000000000001044e+01 1.096256114528485481e-01
1.453000000000001002e+01 1.060405841557385265e-01
1.455000000000000959e+01 8.669226744992825084e-02
1.457000000000000917e+01 6.176698646530725395e-02
1.459000000000000874e+01 5.295245151347380969e-02
1.461000000000000831e+01 4.716240165273175716e-02
1.463000000000000789e+01 2.767979829904302844e-02
1.465000000000000746e+01 1.391583109479161383e-02
1.467000000000000703e+01 2.948204743932022164e-03
1.469000000000000661e+01 2.763698574283571414e-03
1.471000000000000618e+01 2.749801974330664395e-03
1.473000000000000576e+01 2.739791519216258631e-03
1.475000000000000533e+01 2.134861851264251328e-08
1.477000000000000490e+01 0.000000000000000000e+00
1.479000000000000448e+01 0.000000000000000000e+00
1.481000000000000405e+01 0.000000000000000000e+00
1.483000000000000362e+01 0.000000000000000000e+00
1.485000000000000320e+01 0.000000000000000000e+00
1.487000000000000277e+01 0.000000000000000000e+00
1.489000000000000234e+01 0.000000000000000000e+00
1.491000000000000192e+01 0.000000000000000000e+00
1.493000000000000149e+01 0.000000000000000000e+00
1.495000000000000107e+01 0.000000000000000000e+00
1.497000000000000064e+01 0.000000000000000000e+00
1.499000000000000021e+01 0.000000000000000000e+00
