# Redshift		Merger Rate Density [Gpc^-3yr^-1]
1.000000000031931770e-02 5.234336502995510898e+00
3.000000000031888964e-02 5.376646285644596013e+00
5.000000000031846331e-02 5.695171468917083146e+00
7.000000000031804392e-02 5.641979162225446487e+00
9.000000000031761760e-02 5.849009858015667085e+00
1.100000000003171913e-01 6.080599266020001004e+00
1.300000000003167511e-01 6.184297729728580606e+00
1.500000000003163247e-01 6.410253331743073879e+00
1.700000000003158984e-01 6.571391508065487663e+00
1.900000000003154721e-01 6.717955387625709207e+00
2.100000000003150458e-01 7.105581184377096626e+00
2.300000000003146194e-01 7.255800080513493455e+00
2.500000000003141931e-01 7.295648421776278703e+00
2.700000000003137668e-01 7.574656426680164145e+00
2.900000000003133405e-01 7.738665563544034676e+00
3.100000000003129141e-01 7.932630066645624645e+00
3.300000000003124878e-01 8.185111838033138909e+00
3.500000000003120615e-01 8.181635655004583896e+00
3.700000000003116352e-01 8.676967285996088464e+00
3.900000000003112088e-01 8.867088753418615354e+00
4.100000000003107825e-01 9.098304052915979767e+00
4.300000000003103562e-01 9.310848077672165601e+00
4.500000000003099299e-01 9.493115031201158516e+00
4.700000000003095035e-01 9.701957670281030843e+00
4.900000000003090772e-01 1.014161074492081482e+01
5.100000000003086509e-01 1.019560623206751337e+01
5.300000000003082246e-01 1.031514222953450677e+01
5.500000000003077982e-01 1.043235451603370656e+01
5.700000000003073719e-01 1.076906300268309025e+01
5.900000000003069456e-01 1.098426512878713979e+01
6.100000000003065193e-01 1.112142294487661687e+01
6.300000000003060929e-01 1.130738079199190516e+01
6.500000000003056666e-01 1.123025683550754827e+01
6.700000000003052403e-01 1.181696829477495214e+01
6.900000000003048140e-01 1.160020556640642830e+01
7.100000000003043876e-01 1.167075390654475875e+01
7.300000000003039613e-01 1.220230679488986070e+01
7.500000000003035350e-01 1.228430380121083232e+01
7.700000000003031086e-01 1.234697056077499688e+01
7.900000000003026823e-01 1.304474949620836099e+01
8.100000000003022560e-01 1.298622935397626321e+01
8.300000000003018297e-01 1.319925640077265427e+01
8.500000000003014033e-01 1.350451090846537738e+01
8.700000000003009770e-01 1.386524052915954108e+01
8.900000000003005507e-01 1.397414964097666790e+01
9.100000000003001244e-01 1.418609573126851053e+01
9.300000000002996980e-01 1.441887762151467456e+01
9.500000000002992717e-01 1.504818221933737732e+01
9.700000000002988454e-01 1.486502248729768461e+01
9.900000000002984191e-01 1.538608704049645404e+01
1.010000000000297993e+00 1.565231196354660348e+01
1.030000000000297566e+00 1.583613318081702559e+01
1.050000000000297140e+00 1.614375228658625971e+01
1.070000000000296714e+00 1.629348070478075527e+01
1.090000000000296287e+00 1.655792989926679226e+01
1.110000000000295861e+00 1.685416237449649657e+01
1.130000000000295435e+00 1.724190056909329272e+01
1.150000000000295008e+00 1.730943457471519054e+01
1.170000000000294582e+00 1.770872635410827556e+01
1.190000000000294156e+00 1.811176607338652644e+01
1.210000000000293729e+00 1.844958725509950170e+01
1.230000000000293303e+00 1.843921470020492137e+01
1.250000000000292877e+00 1.896317686713710415e+01
1.270000000000292451e+00 1.884096709864888552e+01
1.290000000000292024e+00 1.926620056952253179e+01
1.310000000000291598e+00 1.978242687249140275e+01
1.330000000000291172e+00 1.960222110503618964e+01
1.350000000000290745e+00 2.024834642880314561e+01
1.370000000000290319e+00 2.021598827949621580e+01
1.390000000000289893e+00 2.065537687025783242e+01
1.410000000000289466e+00 2.058379960880059656e+01
1.430000000000289040e+00 2.094463766731616516e+01
1.450000000000288614e+00 2.137004913781799331e+01
1.470000000000288187e+00 2.150835599073708693e+01
1.490000000000287761e+00 2.150747975761285602e+01
1.510000000000287335e+00 2.203366159932267365e+01
1.530000000000286908e+00 2.226106916251921675e+01
1.550000000000286482e+00 2.204018774225687594e+01
1.570000000000286056e+00 2.273182773493883246e+01
1.590000000000285629e+00 2.267566329967981176e+01
1.610000000000285203e+00 2.253894244448256501e+01
1.630000000000284777e+00 2.315751714804763495e+01
1.650000000000284350e+00 2.300315444314539803e+01
1.670000000000283924e+00 2.356293676597511322e+01
1.690000000000283498e+00 2.314543093147018027e+01
1.710000000000283071e+00 2.347924695906050019e+01
1.730000000000282645e+00 2.405688332620948700e+01
1.750000000000282219e+00 2.396551724647411419e+01
1.770000000000281792e+00 2.386712108260706700e+01
1.790000000000281366e+00 2.415705720392905675e+01
1.810000000000280940e+00 2.384261253156066118e+01
1.830000000000280513e+00 2.469073127794063893e+01
1.850000000000280087e+00 2.368237253554163146e+01
1.870000000000279661e+00 2.485943478586466426e+01
1.890000000000279234e+00 2.432942442454117682e+01
1.910000000000278808e+00 2.452745332981722370e+01
1.930000000000278382e+00 2.449529256662908949e+01
1.950000000000277955e+00 2.446141557366302877e+01
1.970000000000277529e+00 2.449182671681552392e+01
1.990000000000277103e+00 2.511370024653309230e+01
2.010000000000276899e+00 2.434730160485264250e+01
2.030000000000276472e+00 2.483157651816763334e+01
2.050000000000276046e+00 2.505830054630737180e+01
2.070000000000275620e+00 2.489465190033961051e+01
2.090000000000275193e+00 2.448147504905342231e+01
2.110000000000274767e+00 2.512725209344140609e+01
2.130000000000274341e+00 2.452261757456349045e+01
2.150000000000273914e+00 2.483962896652174379e+01
2.170000000000273488e+00 2.499544826525837493e+01
2.190000000000273062e+00 2.462587436569078747e+01
2.210000000000272635e+00 2.478764695692821718e+01
2.230000000000272209e+00 2.450748039991741578e+01
2.250000000000271783e+00 2.474951586704013451e+01
2.270000000000271356e+00 2.453991115789761679e+01
2.290000000000270930e+00 2.430652075678109370e+01
2.310000000000270504e+00 2.444389639428757022e+01
2.330000000000270077e+00 2.437598961168509604e+01
2.350000000000269651e+00 2.455441184669727051e+01
2.370000000000269225e+00 2.410885240267240093e+01
2.390000000000268798e+00 2.400348213368668482e+01
2.410000000000268372e+00 2.423099165239764829e+01
2.430000000000267946e+00 2.434279839206140039e+01
2.450000000000267519e+00 2.382856463356842980e+01
2.470000000000267093e+00 2.375261233301573327e+01
2.490000000000266667e+00 2.369861068226078160e+01
2.510000000000266240e+00 2.386184817091011467e+01
2.530000000000265814e+00 2.350495861128058550e+01
2.550000000000265388e+00 2.380544983397957282e+01
2.570000000000264961e+00 2.307131224500314559e+01
2.590000000000264535e+00 2.321783694783800556e+01
2.610000000000264109e+00 2.294174506740782604e+01
2.630000000000263682e+00 2.310634835348770366e+01
2.650000000000263256e+00 2.291442056013380579e+01
2.670000000000262830e+00 2.243624654459012291e+01
2.690000000000262403e+00 2.318416136005961903e+01
2.710000000000261977e+00 2.248446444583645132e+01
2.730000000000261551e+00 2.243338927178211506e+01
2.750000000000261124e+00 2.216270633509925148e+01
2.770000000000260698e+00 2.206928164221153565e+01
2.790000000000260272e+00 2.181055651375411841e+01
2.810000000000259845e+00 2.167444926453552867e+01
2.830000000000259419e+00 2.174243433230050115e+01
2.850000000000258993e+00 2.129319083345164287e+01
2.870000000000258567e+00 2.157805732544436239e+01
2.890000000000258140e+00 2.125175029213876954e+01
2.910000000000257714e+00 2.077206477911830618e+01
2.930000000000257288e+00 2.097140810632777175e+01
2.950000000000256861e+00 2.078176688778268399e+01
2.970000000000256435e+00 2.092489734706057192e+01
2.990000000000256009e+00 2.055486801948292452e+01
3.010000000000255582e+00 2.020561674210024705e+01
3.030000000000255156e+00 2.026155906040202836e+01
3.050000000000254730e+00 1.980290178385860145e+01
3.070000000000254303e+00 1.989333111757980532e+01
3.090000000000253877e+00 1.942266339733646063e+01
3.110000000000253451e+00 1.971169607792337430e+01
3.130000000000253024e+00 1.964191852216410794e+01
3.150000000000252598e+00 1.900970225540886460e+01
3.170000000000252172e+00 1.888452854492892286e+01
3.190000000000251745e+00 1.876730998189998090e+01
3.210000000000251319e+00 1.873307584468501474e+01
3.230000000000250893e+00 1.896746056783935330e+01
3.250000000000250466e+00 1.855861988570454102e+01
3.270000000000250040e+00 1.811348392609063751e+01
3.290000000000249614e+00 1.831082617449016681e+01
3.310000000000249187e+00 1.801285186547397643e+01
3.330000000000248761e+00 1.775066603105156204e+01
3.350000000000248335e+00 1.802957477032426681e+01
3.370000000000247908e+00 1.766718842261372657e+01
3.390000000000247482e+00 1.751780090210229446e+01
3.410000000000247056e+00 1.726994072138652214e+01
3.430000000000246629e+00 1.732125497889830612e+01
3.450000000000246203e+00 1.701628987047894981e+01
3.470000000000245777e+00 1.680638031548735256e+01
3.490000000000245350e+00 1.663867534583118868e+01
3.510000000000244924e+00 1.646109101998623814e+01
3.530000000000244498e+00 1.669107874356665633e+01
3.550000000000244071e+00 1.615107894329826266e+01
3.570000000000243645e+00 1.654335688302824892e+01
3.590000000000243219e+00 1.583794367142021819e+01
3.610000000000242792e+00 1.604009725623135552e+01
3.630000000000242366e+00 1.570885912274166252e+01
3.650000000000241940e+00 1.546961441792516823e+01
3.670000000000241513e+00 1.585503770726862705e+01
3.690000000000241087e+00 1.525140152250474834e+01
3.710000000000240661e+00 1.532417503724073882e+01
3.730000000000240234e+00 1.507321002136493959e+01
3.750000000000239808e+00 1.479518695076323809e+01
3.770000000000239382e+00 1.494258539766994254e+01
3.790000000000238956e+00 1.483542280760075194e+01
3.810000000000238529e+00 1.446682699970751251e+01
3.830000000000238103e+00 1.460007875833450441e+01
3.850000000000237677e+00 1.408347503286558755e+01
3.870000000000237250e+00 1.440994166697061374e+01
3.890000000000236824e+00 1.401520413464918491e+01
3.910000000000236398e+00 1.409052671254146638e+01
3.930000000000235971e+00 1.393802783954913238e+01
3.950000000000235545e+00 1.359481945048305462e+01
3.970000000000235119e+00 1.353941947098041965e+01
3.990000000000234692e+00 1.350789096388746202e+01
4.010000000000234266e+00 1.344135047827161245e+01
4.030000000000233840e+00 1.308180321781040867e+01
4.050000000000233413e+00 1.319712179316331557e+01
4.070000000000232987e+00 1.300207943791999377e+01
4.090000000000232561e+00 1.272176027179232705e+01
4.110000000000232134e+00 1.267421512299651454e+01
4.130000000000231708e+00 1.268411933291368321e+01
4.150000000000231282e+00 1.280153880571987557e+01
4.170000000000230855e+00 1.247541711145893650e+01
4.190000000000230429e+00 1.223340894610625185e+01
4.210000000000230003e+00 1.226258398218266876e+01
4.230000000000229576e+00 1.190688851267934822e+01
4.250000000000229150e+00 1.210585195711953865e+01
4.270000000000228724e+00 1.187218648777094998e+01
4.290000000000228297e+00 1.171785981750159067e+01
4.310000000000227871e+00 1.164676913976361661e+01
4.330000000000227445e+00 1.160319071545983682e+01
4.350000000000227018e+00 1.129424699161946499e+01
4.370000000000226592e+00 1.155871641238688419e+01
4.390000000000226166e+00 1.132241264827611005e+01
4.410000000000225739e+00 1.136597481308121793e+01
4.430000000000225313e+00 1.095075652506870334e+01
4.450000000000224887e+00 1.098082883301635171e+01
4.470000000000224460e+00 1.097038248662108195e+01
4.490000000000224034e+00 1.086243096538981412e+01
4.510000000000223608e+00 1.056327002497079093e+01
4.530000000000223181e+00 1.064606326561426108e+01
4.550000000000222755e+00 1.051318930018128661e+01
4.570000000000222329e+00 1.056485311849352193e+01
4.590000000000221902e+00 1.017317229646153720e+01
4.610000000000221476e+00 1.024996763878022676e+01
4.630000000000221050e+00 1.017958257204873895e+01
4.650000000000220624e+00 9.895334160968214832e+00
4.670000000000220197e+00 9.991906199656748200e+00
4.690000000000219771e+00 9.872797166568476612e+00
4.710000000000219345e+00 9.675386410844490470e+00
4.730000000000218918e+00 9.707801247819119794e+00
4.750000000000218492e+00 9.522067236751237118e+00
4.770000000000218066e+00 9.553410139836033821e+00
4.790000000000217639e+00 9.423548575063154686e+00
4.810000000000217213e+00 9.268693644797863840e+00
4.830000000000216787e+00 9.363025895673306565e+00
4.850000000000216360e+00 9.152070676758066625e+00
4.870000000000215934e+00 9.082076600501860497e+00
4.890000000000215508e+00 9.110989690385672191e+00
4.910000000000215081e+00 8.764244529618112622e+00
4.930000000000214655e+00 8.798242073994893886e+00
4.950000000000214229e+00 8.663251416415391759e+00
4.970000000000213802e+00 8.790458574145375792e+00
4.990000000000213376e+00 8.493213586845969942e+00
5.010000000000212950e+00 8.681037952372271604e+00
5.030000000000212523e+00 8.469162063373776306e+00
5.050000000000212097e+00 8.459241527127417726e+00
5.070000000000211671e+00 8.241346220930319433e+00
5.090000000000211244e+00 8.211587494100065499e+00
5.110000000000210818e+00 8.217595052379683906e+00
5.130000000000210392e+00 8.083037063703674363e+00
5.150000000000209965e+00 7.935532127863228702e+00
5.170000000000209539e+00 7.958385084558242895e+00
5.190000000000209113e+00 7.855149650250488946e+00
5.210000000000208686e+00 7.816710282510048735e+00
5.230000000000208260e+00 7.850749033272705901e+00
5.250000000000207834e+00 7.561568572180796366e+00
5.270000000000207407e+00 7.526308508158264132e+00
5.290000000000206981e+00 7.544728216902227835e+00
5.310000000000206555e+00 7.488688077536034271e+00
5.330000000000206128e+00 7.443153971644154154e+00
5.350000000000205702e+00 7.389432818543294701e+00
5.370000000000205276e+00 7.219777150799751020e+00
5.390000000000204849e+00 7.295670151133102799e+00
5.410000000000204423e+00 7.084486789533124274e+00
5.430000000000203997e+00 6.966856213471474213e+00
5.450000000000203570e+00 7.008453151778565982e+00
5.470000000000203144e+00 6.933854199303967292e+00
5.490000000000202718e+00 6.711138953978615262e+00
5.510000000000202292e+00 6.866881856256637384e+00
5.530000000000201865e+00 6.686416505372962504e+00
5.550000000000201439e+00 6.721411631184837532e+00
5.570000000000201013e+00 6.651755661293988986e+00
5.590000000000200586e+00 6.580051035136464499e+00
5.610000000000200160e+00 6.473023287784934077e+00
5.630000000000199734e+00 6.423356439961293241e+00
5.650000000000199307e+00 6.425313490952768269e+00
5.670000000000198881e+00 6.418076883984485725e+00
5.690000000000198455e+00 6.274052730336840078e+00
5.710000000000198028e+00 6.282794049115576485e+00
5.730000000000197602e+00 6.173677039899517993e+00
5.750000000000197176e+00 6.277172533691794065e+00
5.770000000000196749e+00 5.999404074794737696e+00
5.790000000000196323e+00 6.044058104039423895e+00
5.810000000000195897e+00 5.911030508637650449e+00
5.830000000000195470e+00 5.895011715306282873e+00
5.850000000000195044e+00 5.898200242513748748e+00
5.870000000000194618e+00 5.818025927066559078e+00
5.890000000000194191e+00 5.775430298706566212e+00
5.910000000000193765e+00 5.749995939441070902e+00
5.930000000000193339e+00 5.662791202277431601e+00
5.950000000000192912e+00 5.622331249145913645e+00
5.970000000000192486e+00 5.535129822731309268e+00
5.990000000000192060e+00 5.513236958165111723e+00
6.010000000000191633e+00 5.412712854466922074e+00
6.030000000000191207e+00 5.407772126235514065e+00
6.050000000000190781e+00 5.444142210804589155e+00
6.070000000000190354e+00 5.347622510525562589e+00
6.090000000000189928e+00 5.233492591488695389e+00
6.110000000000189502e+00 5.270305842493384851e+00
6.130000000000189075e+00 5.219259040142755879e+00
6.150000000000188649e+00 5.117488767272556416e+00
6.170000000000188223e+00 5.139792207852318384e+00
6.190000000000187796e+00 5.115795783196006141e+00
6.210000000000187370e+00 5.005802546085986293e+00
6.230000000000186944e+00 4.846097051904313169e+00
6.250000000000186517e+00 5.052307047032712717e+00
6.270000000000186091e+00 4.936920657295410741e+00
6.290000000000185665e+00 4.877527937329142915e+00
6.310000000000185238e+00 4.828662678742717596e+00
6.330000000000184812e+00 4.703419181231959456e+00
6.350000000000184386e+00 4.781815348580882308e+00
6.370000000000183960e+00 4.594693877810246185e+00
6.390000000000183533e+00 4.705894943825620125e+00
6.410000000000183107e+00 4.622224875041376357e+00
6.430000000000182681e+00 4.573090474157277541e+00
6.450000000000182254e+00 4.581587878859086693e+00
6.470000000000181828e+00 4.517036669132122206e+00
6.490000000000181402e+00 4.491198217696511286e+00
6.510000000000180975e+00 4.456899884829716996e+00
6.530000000000180549e+00 4.474291198099393796e+00
6.550000000000180123e+00 4.318474859341625560e+00
6.570000000000179696e+00 4.348055514469550964e+00
6.590000000000179270e+00 4.333182849853635332e+00
6.610000000000178844e+00 4.267909005385387644e+00
6.630000000000178417e+00 4.295845084598336250e+00
6.650000000000177991e+00 4.226258344286666357e+00
6.670000000000177565e+00 4.140955008348369937e+00
6.690000000000177138e+00 4.112840974926310622e+00
6.710000000000176712e+00 4.072479779633155772e+00
6.730000000000176286e+00 4.112130520296368275e+00
6.750000000000175859e+00 4.039065072498225994e+00
6.770000000000175433e+00 4.072102284718665643e+00
6.790000000000175007e+00 3.972889996438105698e+00
6.810000000000174580e+00 3.910861106949210519e+00
6.830000000000174154e+00 3.968265761132170777e+00
6.850000000000173728e+00 3.939340074186951757e+00
6.870000000000173301e+00 3.876055260933325641e+00
6.890000000000172875e+00 3.802151140646667926e+00
6.910000000000172449e+00 3.793333780845793424e+00
6.930000000000172022e+00 3.854758331560850682e+00
6.950000000000171596e+00 3.749387578610822835e+00
6.970000000000171170e+00 3.715458520523905239e+00
6.990000000000170743e+00 3.776967916732459241e+00
7.010000000000170317e+00 3.682957418471901168e+00
7.030000000000169891e+00 3.638701218391206194e+00
7.050000000000169464e+00 3.632045666658962890e+00
7.070000000000169038e+00 3.613006785397773424e+00
7.090000000000168612e+00 3.534072202698181897e+00
7.110000000000168185e+00 3.581765761423950867e+00
7.130000000000167759e+00 3.552574766413408636e+00
7.150000000000167333e+00 3.540997988064987556e+00
7.170000000000166906e+00 3.531437084121093140e+00
7.190000000000166480e+00 3.498080523223858318e+00
7.210000000000166054e+00 3.409070919337222616e+00
7.230000000000165628e+00 3.439925276904230778e+00
7.250000000000165201e+00 3.384826051227838750e+00
7.270000000000164775e+00 3.396572784720331750e+00
7.290000000000164349e+00 3.386774663192752666e+00
7.310000000000163922e+00 3.353560284188627616e+00
7.330000000000163496e+00 3.383550216971153102e+00
7.350000000000163070e+00 3.277268632060911902e+00
7.370000000000162643e+00 3.329980738532134943e+00
7.390000000000162217e+00 3.246838574587237680e+00
7.410000000000161791e+00 3.203547775223725136e+00
7.430000000000161364e+00 3.226640865120375068e+00
7.450000000000160938e+00 3.234910814874181639e+00
7.470000000000160512e+00 3.280493503484028128e+00
7.490000000000160085e+00 3.177727768318620249e+00
7.510000000000159659e+00 3.179776425860299849e+00
7.530000000000159233e+00 3.141471923609787442e+00
7.550000000000158806e+00 3.085467230360925406e+00
7.570000000000158380e+00 3.062643176370668296e+00
7.590000000000157954e+00 3.106632373324081708e+00
7.610000000000157527e+00 3.071066975660365461e+00
7.630000000000157101e+00 3.105287075526848017e+00
7.650000000000156675e+00 3.014258335634436570e+00
7.670000000000156248e+00 3.022376528903359727e+00
7.690000000000155822e+00 2.997734467847406936e+00
7.710000000000155396e+00 3.027237839913543560e+00
7.730000000000154969e+00 2.960345210351171819e+00
7.750000000000154543e+00 2.971517941111972760e+00
7.770000000000154117e+00 2.915543563871946908e+00
7.790000000000153690e+00 2.908810621577671451e+00
7.810000000000153264e+00 2.927764947352269331e+00
7.830000000000152838e+00 2.875399201590535636e+00
7.850000000000152411e+00 2.943389859930922725e+00
7.870000000000151985e+00 2.825995518755505476e+00
7.890000000000151559e+00 2.846657533383540439e+00
7.910000000000151132e+00 2.816591140388632564e+00
7.930000000000150706e+00 2.822660121963977975e+00
7.950000000000150280e+00 2.797954063796666890e+00
7.970000000000149853e+00 2.724462477527954452e+00
7.990000000000149427e+00 2.732639198255108148e+00
8.010000000000149001e+00 2.815749977797247894e+00
8.030000000000148574e+00 2.742175512360260914e+00
8.050000000000148148e+00 2.731521318415123467e+00
8.070000000000147722e+00 2.700745934005337023e+00
8.090000000000147296e+00 2.704563622251085153e+00
8.110000000000146869e+00 2.692086236098369501e+00
8.130000000000146443e+00 2.658489896436652344e+00
8.150000000000146017e+00 2.650360492121508482e+00
8.170000000000145590e+00 2.657207365014886857e+00
8.190000000000145164e+00 2.545516159058377248e+00
8.210000000000144738e+00 2.672330590427661523e+00
8.230000000000144311e+00 2.560822584951386816e+00
8.250000000000143885e+00 2.553045001264135028e+00
8.270000000000143459e+00 2.536787039188483917e+00
8.290000000000143032e+00 2.544293122702092180e+00
8.310000000000142606e+00 2.540081547305238274e+00
8.330000000000142180e+00 2.515241812515358166e+00
8.350000000000141753e+00 2.495639511680646905e+00
8.370000000000141327e+00 2.472577872078546957e+00
8.390000000000140901e+00 2.477683107217373948e+00
8.410000000000140474e+00 2.468743621790103315e+00
8.430000000000140048e+00 2.443941297317104411e+00
8.450000000000139622e+00 2.425358708231193816e+00
8.470000000000139195e+00 2.451965471105166827e+00
8.490000000000138769e+00 2.414623837526124195e+00
8.510000000000138343e+00 2.380884825177985054e+00
8.530000000000137916e+00 2.360793194410503393e+00
8.550000000000137490e+00 2.389070446280090465e+00
8.570000000000137064e+00 2.327201417368522041e+00
8.590000000000136637e+00 2.344684466462671146e+00
8.610000000000136211e+00 2.324420530385586936e+00
8.630000000000135785e+00 2.335779473849143972e+00
8.650000000000135358e+00 2.276385070115111819e+00
8.670000000000134932e+00 2.292131079803257254e+00
8.690000000000134506e+00 2.260742579889735371e+00
8.710000000000134079e+00 2.259665208502986022e+00
8.730000000000133653e+00 2.282029186066440118e+00
8.750000000000133227e+00 2.225390715286592602e+00
8.770000000000132800e+00 2.216838112473666023e+00
8.790000000000132374e+00 2.200234330331991117e+00
8.810000000000131948e+00 2.189273506386244961e+00
8.830000000000131521e+00 2.194320038584831600e+00
8.850000000000131095e+00 2.198168303402552759e+00
8.870000000000130669e+00 2.166711008056104504e+00
8.890000000000130242e+00 2.141367552470039737e+00
8.910000000000129816e+00 2.156004007581304283e+00
8.930000000000129390e+00 2.122509175370006940e+00
8.950000000000128964e+00 2.108981024831749096e+00
8.970000000000128537e+00 2.086155036237079319e+00
8.990000000000128111e+00 2.132840727085415722e+00
9.010000000000127685e+00 2.073120362648398718e+00
9.030000000000127258e+00 2.108468842980411040e+00
9.050000000000126832e+00 2.084362091541983819e+00
9.070000000000126406e+00 2.039497877498083422e+00
9.090000000000125979e+00 2.038975483267486677e+00
9.110000000000125553e+00 2.052875587611525887e+00
9.130000000000125127e+00 2.062219259105485314e+00
9.150000000000124700e+00 2.028803405611281363e+00
9.170000000000124274e+00 1.981747233904518346e+00
9.190000000000123848e+00 2.005074026636751494e+00
9.210000000000123421e+00 1.954932138257802876e+00
9.230000000000122995e+00 1.963699151442623858e+00
9.250000000000122569e+00 1.949008360344932855e+00
9.270000000000122142e+00 1.940975646768383189e+00
9.290000000000121716e+00 1.957406609906360728e+00
9.310000000000121290e+00 1.945977404500307983e+00
9.330000000000120863e+00 1.922033749749429088e+00
9.350000000000120437e+00 1.938139827233178902e+00
9.370000000000120011e+00 1.897345450291112234e+00
9.390000000000119584e+00 1.871917761531447733e+00
9.410000000000119158e+00 1.868993583868600927e+00
9.430000000000118732e+00 1.862846419825467947e+00
9.450000000000118305e+00 1.873203370531647538e+00
9.470000000000117879e+00 1.843653951216397191e+00
9.490000000000117453e+00 1.850523221100872862e+00
9.510000000000117026e+00 1.831411895486664942e+00
9.530000000000116600e+00 1.823177618847940495e+00
9.550000000000116174e+00 1.829401425557331207e+00
9.570000000000115747e+00 1.799642598290258411e+00
9.590000000000115321e+00 1.824701960246449151e+00
9.610000000000114895e+00 1.776020628356723252e+00
9.630000000000114468e+00 1.765589096066763286e+00
9.650000000000114042e+00 1.777448943127620362e+00
9.670000000000113616e+00 1.786916990023965424e+00
9.690000000000113189e+00 1.751643633314942772e+00
9.710000000000112763e+00 1.722470502731742403e+00
9.730000000000112337e+00 1.758802738737436755e+00
9.750000000000111910e+00 1.701522115953301828e+00
9.770000000000111484e+00 1.729513290145416660e+00
9.790000000000111058e+00 1.704160055466122037e+00
9.810000000000110632e+00 1.712912251312412870e+00
9.830000000000110205e+00 1.680381993074409497e+00
9.850000000000109779e+00 1.693061919397809145e+00
9.870000000000109353e+00 1.707526180809249450e+00
9.890000000000108926e+00 1.640815916342905911e+00
9.910000000000108500e+00 1.653642384376951435e+00
9.930000000000108074e+00 1.656925425766415660e+00
9.950000000000107647e+00 1.641708636778091979e+00
9.970000000000107221e+00 1.630177922283263525e+00
9.990000000000106795e+00 1.639923697300263328e+00
1.001000000000010637e+01 1.616582694499238526e+00
1.003000000000010594e+01 1.587784616992795383e+00
1.005000000000010552e+01 1.597371169536861535e+00
1.007000000000010509e+01 1.566802923094449351e+00
1.009000000000010466e+01 1.602508906296580049e+00
1.011000000000010424e+01 1.583921568937601609e+00
1.013000000000010381e+01 1.559885601793669530e+00
1.015000000000010338e+01 1.557345962743793999e+00
1.017000000000010296e+01 1.526354751186134173e+00
1.019000000000010253e+01 1.541934819602384987e+00
1.021000000000010210e+01 1.534591563756923183e+00
1.023000000000010168e+01 1.508907921674201624e+00
1.025000000000010125e+01 1.498283217531573897e+00
1.027000000000010083e+01 1.520464767008479212e+00
1.029000000000010040e+01 1.523774875862150324e+00
1.031000000000009997e+01 1.488253997271448803e+00
1.033000000000009955e+01 1.482998885325428784e+00
1.035000000000009912e+01 1.482845384209800610e+00
1.037000000000009869e+01 1.453274167377639481e+00
1.039000000000009827e+01 1.463770465120317610e+00
1.041000000000009784e+01 1.415990955187524936e+00
1.043000000000009742e+01 1.457782010797462169e+00
1.045000000000009699e+01 1.413659644135848215e+00
1.047000000000009656e+01 1.449170500344655999e+00
1.049000000000009614e+01 1.417726451796839982e+00
1.051000000000009571e+01 1.428336882728074464e+00
1.053000000000009528e+01 1.421556472919390801e+00
1.055000000000009486e+01 1.410362717379785247e+00
1.057000000000009443e+01 1.379667861986816346e+00
1.059000000000009400e+01 1.361677426874450259e+00
1.061000000000009358e+01 1.382865290298937344e+00
1.063000000000009315e+01 1.386694365911096183e+00
1.065000000000009273e+01 1.341181850077682203e+00
1.067000000000009230e+01 1.368134098771861540e+00
1.069000000000009187e+01 1.379759855817894065e+00
1.071000000000009145e+01 1.354915400547381799e+00
1.073000000000009102e+01 1.324608113586295710e+00
1.075000000000009059e+01 1.333070958364641623e+00
1.077000000000009017e+01 1.340600083214617877e+00
1.079000000000008974e+01 1.315685925870637041e+00
1.081000000000008932e+01 1.289654079876907389e+00
1.083000000000008889e+01 1.344668006898103618e+00
1.085000000000008846e+01 1.288310213333464960e+00
1.087000000000008804e+01 1.284372651536037191e+00
1.089000000000008761e+01 1.277765746480412190e+00
1.091000000000008718e+01 1.278166086930796252e+00
1.093000000000008676e+01 1.251033578884419573e+00
1.095000000000008633e+01 1.274235245030546082e+00
1.097000000000008590e+01 1.255224206213974014e+00
1.099000000000008548e+01 1.244154760328408216e+00
1.101000000000008505e+01 1.263400029133643354e+00
1.103000000000008463e+01 1.227899131855963111e+00
1.105000000000008420e+01 1.233392551793246472e+00
1.107000000000008377e+01 1.210700134668325267e+00
1.109000000000008335e+01 1.226431149643594676e+00
1.111000000000008292e+01 1.222066064231796867e+00
1.113000000000008249e+01 1.189572602978860472e+00
1.115000000000008207e+01 1.190542784140159016e+00
1.117000000000008164e+01 1.194663954299628239e+00
1.119000000000008122e+01 1.175781041452453879e+00
1.121000000000008079e+01 1.172408064958351259e+00
1.123000000000008036e+01 1.178842556179973577e+00
1.125000000000007994e+01 1.155826459837926645e+00
1.127000000000007951e+01 1.149255715970200376e+00
1.129000000000007908e+01 1.165280601313805287e+00
1.131000000000007866e+01 1.156457230183384643e+00
1.133000000000007823e+01 1.114527470056489111e+00
1.135000000000007780e+01 1.122630490408461412e+00
1.137000000000007738e+01 1.151501744127774396e+00
1.139000000000007695e+01 1.146266890385857717e+00
1.141000000000007653e+01 1.097414417128216302e+00
1.143000000000007610e+01 1.118696629938880083e+00
1.145000000000007567e+01 1.126681810086468172e+00
1.147000000000007525e+01 1.066794230038581759e+00
1.149000000000007482e+01 1.124731455850117134e+00
1.151000000000007439e+01 1.079412837809847314e+00
1.153000000000007397e+01 1.055569560878300228e+00
1.155000000000007354e+01 1.073952301910532592e+00
1.157000000000007311e+01 1.052852042053610937e+00
1.159000000000007269e+01 1.089059731679311360e+00
1.161000000000007226e+01 1.039473327939361091e+00
1.163000000000007184e+01 1.039596622270287929e+00
1.165000000000007141e+01 1.049513291805429738e+00
1.167000000000007098e+01 1.044400312074231785e+00
1.169000000000007056e+01 1.036428015949964365e+00
1.171000000000007013e+01 1.026974652179710068e+00
1.173000000000006970e+01 1.018791099860000493e+00
1.175000000000006928e+01 1.032420616866362328e+00
1.177000000000006885e+01 1.000806756620782334e+00
1.179000000000006843e+01 9.969641797071737699e-01
1.181000000000006800e+01 1.014254069011756076e+00
1.183000000000006757e+01 1.002838607641774571e+00
1.185000000000006715e+01 9.624657220749732733e-01
1.187000000000006672e+01 9.707139118324673577e-01
1.189000000000006629e+01 9.807038356314740080e-01
1.191000000000006587e+01 9.455103591674598462e-01
1.193000000000006544e+01 9.850066731288623645e-01
1.195000000000006501e+01 9.658884652093432388e-01
1.197000000000006459e+01 9.435560295684503052e-01
1.199000000000006416e+01 9.223312670343860598e-01
1.201000000000006374e+01 9.563891505400161641e-01
1.203000000000006331e+01 8.990660828816408046e-01
1.205000000000006288e+01 9.465583788528894038e-01
1.207000000000006246e+01 9.363328030182208606e-01
1.209000000000006203e+01 9.163654307223414452e-01
1.211000000000006160e+01 9.141538186463904481e-01
1.213000000000006118e+01 8.954509391168800070e-01
1.215000000000006075e+01 8.864113660374889347e-01
1.217000000000006033e+01 8.857049108919429203e-01
1.219000000000005990e+01 8.940328437485879354e-01
1.221000000000005947e+01 8.483080971215901656e-01
1.223000000000005905e+01 8.528279621939198751e-01
1.225000000000005862e+01 8.782705944270728926e-01
1.227000000000005819e+01 8.330504888134206976e-01
1.229000000000005777e+01 8.680260783852580264e-01
1.231000000000005734e+01 8.347217268764168807e-01
1.233000000000005691e+01 8.310914940394061867e-01
1.235000000000005649e+01 8.135304201365494148e-01
1.237000000000005606e+01 8.357195622006526881e-01
1.239000000000005564e+01 8.298367434043744106e-01
1.241000000000005521e+01 8.080039028647226784e-01
1.243000000000005478e+01 8.029628922803695446e-01
1.245000000000005436e+01 8.259526066128407562e-01
1.247000000000005393e+01 7.869130478595238731e-01
1.249000000000005350e+01 7.813108374045165672e-01
1.251000000000005308e+01 7.871465778489072918e-01
1.253000000000005265e+01 7.506019625874852386e-01
1.255000000000005222e+01 7.766831754415438605e-01
1.257000000000005180e+01 7.758592145387712691e-01
1.259000000000005137e+01 7.480166972087097799e-01
1.261000000000005095e+01 7.406760454369314406e-01
1.263000000000005052e+01 7.520863078083491748e-01
1.265000000000005009e+01 7.285670414221302460e-01
1.267000000000004967e+01 7.346690665118350561e-01
1.269000000000004924e+01 7.175017828837622069e-01
1.271000000000004881e+01 7.138470921995071494e-01
1.273000000000004839e+01 6.992769411007863090e-01
1.275000000000004796e+01 7.146404155128921465e-01
1.277000000000004754e+01 7.039190406379799425e-01
1.279000000000004711e+01 7.014007018170977936e-01
1.281000000000004668e+01 6.783328257251038940e-01
1.283000000000004626e+01 6.914765893270320429e-01
1.285000000000004583e+01 6.895416035052459591e-01
1.287000000000004540e+01 6.820712137290533272e-01
1.289000000000004498e+01 6.535716098379743544e-01
1.291000000000004455e+01 6.591100881348582741e-01
1.293000000000004412e+01 6.620577202648547654e-01
1.295000000000004370e+01 6.237577120770231298e-01
1.297000000000004327e+01 6.394696346349655336e-01
1.299000000000004285e+01 6.350943662545118773e-01
1.301000000000004242e+01 6.451587129733906689e-01
1.303000000000004199e+01 6.351764957641493625e-01
1.305000000000004157e+01 6.081015207843919468e-01
1.307000000000004114e+01 5.948052368745487817e-01
1.309000000000004071e+01 5.761213633514387089e-01
1.311000000000004029e+01 5.789225394537904634e-01
1.313000000000003986e+01 5.748226435407923773e-01
1.315000000000003944e+01 5.726155051965938769e-01
1.317000000000003901e+01 5.485451823682070405e-01
1.319000000000003858e+01 5.774179510692067918e-01
1.321000000000003816e+01 5.585848718174184491e-01
1.323000000000003773e+01 5.323420725201304382e-01
1.325000000000003730e+01 5.362359326329569909e-01
1.327000000000003688e+01 5.354751614742270238e-01
1.329000000000003645e+01 5.274380245606027362e-01
1.331000000000003602e+01 5.094245382116864285e-01
1.333000000000003560e+01 5.108373045968517268e-01
1.335000000000003517e+01 5.102522988860648256e-01
1.337000000000003475e+01 5.091684257663910973e-01
1.339000000000003432e+01 4.878085168235653524e-01
1.341000000000003389e+01 4.763988550659659094e-01
1.343000000000003347e+01 4.685762016681083164e-01
1.345000000000003304e+01 4.733286461301191017e-01
1.347000000000003261e+01 4.525071941825974942e-01
1.349000000000003219e+01 4.519872516199357482e-01
1.351000000000003176e+01 4.487899753147147064e-01
1.353000000000003133e+01 4.544387524550186908e-01
1.355000000000003091e+01 4.188190760175139471e-01
1.357000000000003048e+01 4.419332725689409935e-01
1.359000000000003006e+01 4.241943935301964452e-01
1.361000000000002963e+01 4.380440325044150929e-01
1.363000000000002920e+01 4.095112055856003908e-01
1.365000000000002878e+01 4.113651036411680728e-01
1.367000000000002835e+01 3.963494719930764076e-01
1.369000000000002792e+01 3.814212631103289786e-01
1.371000000000002750e+01 3.820929718722085866e-01
1.373000000000002707e+01 3.929839500218432757e-01
1.375000000000002665e+01 3.818645114572165045e-01
1.377000000000002622e+01 3.556732688646357388e-01
1.379000000000002579e+01 3.706344062670329786e-01
1.381000000000002537e+01 3.542637126365724698e-01
1.383000000000002494e+01 3.482681948305316189e-01
1.385000000000002451e+01 3.667376809876757848e-01
1.387000000000002409e+01 3.401605786461136538e-01
1.389000000000002366e+01 3.270437800595532019e-01
1.391000000000002323e+01 3.159655980949002130e-01
1.393000000000002281e+01 3.156554503055463146e-01
1.395000000000002238e+01 3.093994506701596703e-01
1.397000000000002196e+01 3.020579018552347894e-01
1.399000000000002153e+01 2.914895776854527498e-01
1.401000000000002110e+01 2.741094639000770106e-01
1.403000000000002068e+01 2.778356832721490810e-01
1.405000000000002025e+01 2.740870500000007759e-01
1.407000000000001982e+01 2.613658150328474483e-01
1.409000000000001940e+01 2.768000387552111974e-01
1.411000000000001897e+01 2.619243605578721601e-01
1.413000000000001855e+01 2.372876554793552639e-01
1.415000000000001812e+01 2.313767968364026373e-01
1.417000000000001769e+01 2.334115041040023542e-01
1.419000000000001727e+01 2.405289527889014900e-01
1.421000000000001684e+01 2.123614078933729055e-01
1.423000000000001641e+01 2.029339583727166885e-01
1.425000000000001599e+01 2.080872008450866395e-01
1.427000000000001556e+01 1.943245499793394837e-01
1.429000000000001513e+01 1.822975527431269505e-01
1.431000000000001471e+01 1.863191369742412673e-01
1.433000000000001428e+01 1.775492756455451793e-01
1.435000000000001386e+01 1.765344857809780510e-01
1.437000000000001343e+01 1.684177992062336482e-01
1.439000000000001300e+01 1.489712452972729584e-01
1.441000000000001258e+01 1.400927471460232665e-01
1.443000000000001215e+01 1.072382576334207360e-01
1.445000000000001172e+01 1.069763860998537569e-01
1.447000000000001130e+01 9.314525336156372071e-02
1.449000000000001087e+01 7.638882625684345618e-02
1.451000000000001044e+01 7.588884048252547698e-02
1.453000000000001002e+01 6.728715846723046234e-02
1.455000000000000959e+01 5.630158653813292779e-02
1.457000000000000917e+01 5.309035238552767960e-02
1.459000000000000874e+01 5.006362608061446645e-02
1.461000000000000831e+01 3.880964300711361309e-02
1.463000000000000789e+01 2.223330069472304396e-02
1.465000000000000746e+01 1.671842886055455168e-02
1.467000000000000703e+01 1.670748788087364142e-02
1.469000000000000661e+01 1.106393072981996795e-02
1.471000000000000618e+01 1.096203648156677049e-02
1.473000000000000576e+01 5.479778634054149715e-03
1.475000000000000533e+01 2.382790074845844105e-07
1.477000000000000490e+01 1.821115812687970899e-07
1.479000000000000448e+01 0.000000000000000000e+00
1.481000000000000405e+01 0.000000000000000000e+00
1.483000000000000362e+01 0.000000000000000000e+00
1.485000000000000320e+01 0.000000000000000000e+00
1.487000000000000277e+01 0.000000000000000000e+00
1.489000000000000234e+01 0.000000000000000000e+00
1.491000000000000192e+01 0.000000000000000000e+00
1.493000000000000149e+01 0.000000000000000000e+00
1.495000000000000107e+01 0.000000000000000000e+00
1.497000000000000064e+01 0.000000000000000000e+00
1.499000000000000021e+01 0.000000000000000000e+00
