# Redshift		Merger Rate Density [Gpc^-3yr^-1]
1.000000000031931770e-02 3.659031054252604775e+00
3.000000000031888964e-02 3.683079903449542947e+00
5.000000000031846331e-02 3.882980007319216220e+00
7.000000000031804392e-02 3.807996764697444192e+00
9.000000000031761760e-02 3.994219769937342068e+00
1.100000000003171913e-01 4.095552820750785195e+00
1.300000000003167511e-01 4.171393154380993451e+00
1.500000000003163247e-01 4.276990786254154742e+00
1.700000000003158984e-01 4.378234191621367621e+00
1.900000000003154721e-01 4.415171715873483116e+00
2.100000000003150458e-01 4.584456772213110654e+00
2.300000000003146194e-01 4.540808772176987418e+00
2.500000000003141931e-01 4.761494405373872141e+00
2.700000000003137668e-01 4.755438113269452316e+00
2.900000000003133405e-01 4.849656165244707218e+00
3.100000000003129141e-01 5.014694784198707289e+00
3.300000000003124878e-01 5.100310576946548657e+00
3.500000000003120615e-01 5.154629060409775754e+00
3.700000000003116352e-01 5.549629669981886337e+00
3.900000000003112088e-01 5.430615095687346461e+00
4.100000000003107825e-01 5.431911844946864854e+00
4.300000000003103562e-01 5.626899874543044966e+00
4.500000000003099299e-01 5.795486142147872499e+00
4.700000000003095035e-01 5.822566692537498589e+00
4.900000000003090772e-01 6.106108935060864162e+00
5.100000000003086509e-01 6.057924482394798638e+00
5.300000000003082246e-01 6.269187256679297882e+00
5.500000000003077982e-01 6.221327134658245939e+00
5.700000000003073719e-01 6.704732286343714875e+00
5.900000000003069456e-01 6.713049601861063032e+00
6.100000000003065193e-01 6.702290987227621955e+00
6.300000000003060929e-01 6.796563183845155010e+00
6.500000000003056666e-01 6.890150622222549259e+00
6.700000000003052403e-01 7.178999080567454172e+00
6.900000000003048140e-01 7.096864184100529549e+00
7.100000000003043876e-01 7.302909994169284325e+00
7.300000000003039613e-01 7.338029574044655057e+00
7.500000000003035350e-01 7.611446697333843936e+00
7.700000000003031086e-01 7.893921137971821267e+00
7.900000000003026823e-01 7.936952980585960660e+00
8.100000000003022560e-01 7.937807469462437204e+00
8.300000000003018297e-01 8.288216193462609738e+00
8.500000000003014033e-01 8.478720553704320650e+00
8.700000000003009770e-01 8.920101691886959117e+00
8.900000000003005507e-01 8.761839198045628052e+00
9.100000000003001244e-01 9.041694585190485967e+00
9.300000000002996980e-01 9.204005219765093671e+00
9.500000000002992717e-01 9.209783582168533655e+00
9.700000000002988454e-01 9.462148644477544224e+00
9.900000000002984191e-01 9.835332796680194889e+00
1.010000000000297993e+00 9.734551890957382270e+00
1.030000000000297566e+00 9.857169397704547364e+00
1.050000000000297140e+00 1.015507933802814478e+01
1.070000000000296714e+00 1.032916316641756005e+01
1.090000000000296287e+00 1.032072454435906117e+01
1.110000000000295861e+00 1.075268802101139975e+01
1.130000000000295435e+00 1.096080737470168742e+01
1.150000000000295008e+00 1.076682257456233849e+01
1.170000000000294582e+00 1.107238975652347612e+01
1.190000000000294156e+00 1.132314716031177326e+01
1.210000000000293729e+00 1.139329840496997548e+01
1.230000000000293303e+00 1.145201645552791803e+01
1.250000000000292877e+00 1.194688527993256244e+01
1.270000000000292451e+00 1.176822434827569985e+01
1.290000000000292024e+00 1.197846280186411860e+01
1.310000000000291598e+00 1.200559932387860052e+01
1.330000000000291172e+00 1.243337006566143366e+01
1.350000000000290745e+00 1.253399936686018812e+01
1.370000000000290319e+00 1.246324769494454721e+01
1.390000000000289893e+00 1.259862548626742651e+01
1.410000000000289466e+00 1.260492141895243634e+01
1.430000000000289040e+00 1.309515079574457630e+01
1.450000000000288614e+00 1.290134125056000869e+01
1.470000000000288187e+00 1.312180131318478615e+01
1.490000000000287761e+00 1.298103683683210541e+01
1.510000000000287335e+00 1.346317055129933493e+01
1.530000000000286908e+00 1.355321852383433701e+01
1.550000000000286482e+00 1.347532982331932061e+01
1.570000000000286056e+00 1.375708460852204595e+01
1.590000000000285629e+00 1.364364127948835304e+01
1.610000000000285203e+00 1.421988270264719034e+01
1.630000000000284777e+00 1.372134708256976232e+01
1.650000000000284350e+00 1.393617403352541118e+01
1.670000000000283924e+00 1.429546002276862282e+01
1.690000000000283498e+00 1.399727771639684271e+01
1.710000000000283071e+00 1.394632988285567343e+01
1.730000000000282645e+00 1.437567024902794266e+01
1.750000000000282219e+00 1.436996418616797833e+01
1.770000000000281792e+00 1.437249295490198620e+01
1.790000000000281366e+00 1.437501021180848682e+01
1.810000000000280940e+00 1.469281718202017473e+01
1.830000000000280513e+00 1.478347878424329309e+01
1.850000000000280087e+00 1.420400038083222327e+01
1.870000000000279661e+00 1.491598081679523347e+01
1.890000000000279234e+00 1.451822258178648184e+01
1.910000000000278808e+00 1.480229818034550071e+01
1.930000000000278382e+00 1.478083594471440954e+01
1.950000000000277955e+00 1.452644226176256481e+01
1.970000000000277529e+00 1.457580435998491808e+01
1.990000000000277103e+00 1.522064204056813885e+01
2.010000000000276899e+00 1.481123484089174269e+01
2.030000000000276472e+00 1.504240706399441585e+01
2.050000000000276046e+00 1.498281725964740829e+01
2.070000000000275620e+00 1.494295189954915060e+01
2.090000000000275193e+00 1.500882059269510904e+01
2.110000000000274767e+00 1.479632656210665154e+01
2.130000000000274341e+00 1.505701545635603900e+01
2.150000000000273914e+00 1.525657546094963379e+01
2.170000000000273488e+00 1.508689458300923469e+01
2.190000000000273062e+00 1.486108984667098021e+01
2.210000000000272635e+00 1.513421791407844275e+01
2.230000000000272209e+00 1.461152832258963130e+01
2.250000000000271783e+00 1.515055716668071106e+01
2.270000000000271356e+00 1.482993774286883770e+01
2.290000000000270930e+00 1.475186656650262762e+01
2.310000000000270504e+00 1.490119922510222494e+01
2.330000000000270077e+00 1.492869307930633305e+01
2.350000000000269651e+00 1.482152370266528330e+01
2.370000000000269225e+00 1.491613176704838217e+01
2.390000000000268798e+00 1.496875321395096670e+01
2.410000000000268372e+00 1.446620788967529769e+01
2.430000000000267946e+00 1.496249056412459311e+01
2.450000000000267519e+00 1.461898272638939567e+01
2.470000000000267093e+00 1.470952552274400560e+01
2.490000000000266667e+00 1.479123819529922024e+01
2.510000000000266240e+00 1.458876941031373420e+01
2.530000000000265814e+00 1.420480832226982137e+01
2.550000000000265388e+00 1.456262639873491160e+01
2.570000000000264961e+00 1.442161136908000252e+01
2.590000000000264535e+00 1.434677689004598555e+01
2.610000000000264109e+00 1.463535879214587077e+01
2.630000000000263682e+00 1.430219037436774876e+01
2.650000000000263256e+00 1.420540596033925773e+01
2.670000000000262830e+00 1.412764626972569459e+01
2.690000000000262403e+00 1.423177127960072674e+01
2.710000000000261977e+00 1.396765438252864477e+01
2.730000000000261551e+00 1.427723424082574866e+01
2.750000000000261124e+00 1.422877430469611149e+01
2.770000000000260698e+00 1.379959835660740453e+01
2.790000000000260272e+00 1.363852350125685575e+01
2.810000000000259845e+00 1.370544358519112293e+01
2.830000000000259419e+00 1.384277386090705342e+01
2.850000000000258993e+00 1.344398908593784370e+01
2.870000000000258567e+00 1.354904164852563042e+01
2.890000000000258140e+00 1.340960076175535320e+01
2.910000000000257714e+00 1.335741541389439924e+01
2.930000000000257288e+00 1.346574257006938069e+01
2.950000000000256861e+00 1.343925629375569919e+01
2.970000000000256435e+00 1.320117212023741793e+01
2.990000000000256009e+00 1.311670193333224965e+01
3.010000000000255582e+00 1.299555689068296793e+01
3.030000000000255156e+00 1.291733606643077614e+01
3.050000000000254730e+00 1.300685933150826479e+01
3.070000000000254303e+00 1.300116656547784189e+01
3.090000000000253877e+00 1.263790648771190561e+01
3.110000000000253451e+00 1.261444017893801472e+01
3.130000000000253024e+00 1.266843345198072868e+01
3.150000000000252598e+00 1.248406496879090710e+01
3.170000000000252172e+00 1.249085179117454736e+01
3.190000000000251745e+00 1.248036983753804208e+01
3.210000000000251319e+00 1.239109636033850670e+01
3.230000000000250893e+00 1.224786887349851483e+01
3.250000000000250466e+00 1.201926378314664134e+01
3.270000000000250040e+00 1.214801775010633733e+01
3.290000000000249614e+00 1.218927154978286076e+01
3.310000000000249187e+00 1.201738343233405537e+01
3.330000000000248761e+00 1.176655451999642032e+01
3.350000000000248335e+00 1.190637348642658822e+01
3.370000000000247908e+00 1.182146538411347514e+01
3.390000000000247482e+00 1.174259796077376450e+01
3.410000000000247056e+00 1.169893445261929976e+01
3.430000000000246629e+00 1.145865741490048073e+01
3.450000000000246203e+00 1.149161535247199062e+01
3.470000000000245777e+00 1.127133565171244634e+01
3.490000000000245350e+00 1.131857638475184125e+01
3.510000000000244924e+00 1.144613871973873742e+01
3.530000000000244498e+00 1.130259245510125332e+01
3.550000000000244071e+00 1.081002228162180501e+01
3.570000000000243645e+00 1.116446029673668505e+01
3.590000000000243219e+00 1.076608436066259777e+01
3.610000000000242792e+00 1.099239938907181902e+01
3.630000000000242366e+00 1.084370022963396885e+01
3.650000000000241940e+00 1.085740676952872974e+01
3.670000000000241513e+00 1.073521371218928344e+01
3.690000000000241087e+00 1.076180521787235378e+01
3.710000000000240661e+00 1.039804124006214003e+01
3.730000000000240234e+00 1.065241191163907253e+01
3.750000000000239808e+00 1.044838963593636727e+01
3.770000000000239382e+00 1.064631673666578493e+01
3.790000000000238956e+00 1.039198297795087633e+01
3.810000000000238529e+00 1.029376571775847360e+01
3.830000000000238103e+00 1.020318181571565930e+01
3.850000000000237677e+00 1.029689961348813831e+01
3.870000000000237250e+00 1.017608230254867152e+01
3.890000000000236824e+00 1.013111491355076055e+01
3.910000000000236398e+00 9.815842642541753094e+00
3.930000000000235971e+00 1.003249489687957841e+01
3.950000000000235545e+00 1.000843365801670615e+01
3.970000000000235119e+00 9.925272660255131996e+00
3.990000000000234692e+00 9.877851419453133275e+00
4.010000000000234266e+00 9.928134283395857906e+00
4.030000000000233840e+00 9.508699728857656908e+00
4.050000000000233413e+00 9.683264641333316547e+00
4.070000000000232987e+00 9.924000952502089135e+00
4.090000000000232561e+00 9.467883687763006151e+00
4.110000000000232134e+00 9.543956473776672667e+00
4.130000000000231708e+00 9.412395174139996712e+00
4.150000000000231282e+00 9.668287853784480745e+00
4.170000000000230855e+00 9.441546150003173210e+00
4.190000000000230429e+00 9.292445601030138391e+00
4.210000000000230003e+00 9.256192548065191872e+00
4.230000000000229576e+00 9.283201192688194325e+00
4.250000000000229150e+00 9.225835422999544733e+00
4.270000000000228724e+00 9.161896650694433930e+00
4.290000000000228297e+00 9.129344187202065086e+00
4.310000000000227871e+00 9.046468651077820056e+00
4.330000000000227445e+00 9.024882671838462045e+00
4.350000000000227018e+00 9.136830901346931100e+00
4.370000000000226592e+00 9.000643058193539048e+00
4.390000000000226166e+00 8.963784144250137587e+00
4.410000000000225739e+00 8.922676586402664256e+00
4.430000000000225313e+00 8.873493560779051492e+00
4.450000000000224887e+00 8.780398750217951687e+00
4.470000000000224460e+00 8.852501751571749011e+00
4.490000000000224034e+00 8.476058809606763944e+00
4.510000000000223608e+00 8.822300594972743326e+00
4.530000000000223181e+00 8.390100281724633291e+00
4.550000000000222755e+00 8.634391508972848683e+00
4.570000000000222329e+00 8.689498509676608862e+00
4.590000000000221902e+00 8.555225866695174375e+00
4.610000000000221476e+00 8.325403196229014924e+00
4.630000000000221050e+00 8.521601901294079795e+00
4.650000000000220624e+00 8.355148568350765359e+00
4.670000000000220197e+00 8.294678518926946964e+00
4.690000000000219771e+00 8.326585457328658180e+00
4.710000000000219345e+00 8.204847377054523605e+00
4.730000000000218918e+00 8.216499375502293034e+00
4.750000000000218492e+00 8.199506331444993634e+00
4.770000000000218066e+00 8.404908885837407695e+00
4.790000000000217639e+00 8.147845006200165940e+00
4.810000000000217213e+00 7.962841774302832576e+00
4.830000000000216787e+00 8.203814408628012700e+00
4.850000000000216360e+00 7.980792690080607876e+00
4.870000000000215934e+00 7.969960401829742302e+00
4.890000000000215508e+00 7.986986417273071126e+00
4.910000000000215081e+00 7.938576721056399776e+00
4.930000000000214655e+00 7.818318741968314889e+00
4.950000000000214229e+00 7.902207966706086495e+00
4.970000000000213802e+00 8.054782745243658226e+00
4.990000000000213376e+00 7.858731532817794907e+00
5.010000000000212950e+00 7.695990512437635545e+00
5.030000000000212523e+00 7.744989018830687577e+00
5.050000000000212097e+00 7.680359533336775790e+00
5.070000000000211671e+00 7.670017269775949664e+00
5.090000000000211244e+00 7.707657597528474014e+00
5.110000000000210818e+00 7.636662938275952328e+00
5.130000000000210392e+00 7.558583434559388969e+00
5.150000000000209965e+00 7.698428641777018022e+00
5.170000000000209539e+00 7.490634829307867726e+00
5.190000000000209113e+00 7.457274562204918134e+00
5.210000000000208686e+00 7.425624724364287665e+00
5.230000000000208260e+00 7.355912303339257718e+00
5.250000000000207834e+00 7.401853335526854316e+00
5.270000000000207407e+00 7.340319220459498695e+00
5.290000000000206981e+00 7.522811613048971502e+00
5.310000000000206555e+00 7.276379056511673049e+00
5.330000000000206128e+00 7.289177455876938438e+00
5.350000000000205702e+00 7.098333833062583587e+00
5.370000000000205276e+00 7.309888015445629605e+00
5.390000000000204849e+00 7.173517696375365738e+00
5.410000000000204423e+00 7.167482490092829117e+00
5.430000000000203997e+00 7.042908352546526807e+00
5.450000000000203570e+00 7.073411312276480345e+00
5.470000000000203144e+00 7.109098324131043256e+00
5.490000000000202718e+00 7.018506473770117715e+00
5.510000000000202292e+00 7.058946042735672499e+00
5.530000000000201865e+00 6.900520872716516152e+00
5.550000000000201439e+00 7.022432629626948142e+00
5.570000000000201013e+00 7.045200872855140517e+00
5.590000000000200586e+00 6.950137268678233227e+00
5.610000000000200160e+00 6.843761176582716210e+00
5.630000000000199734e+00 6.892170182462747263e+00
5.650000000000199307e+00 6.858080729181958546e+00
5.670000000000198881e+00 6.851929231346180593e+00
5.690000000000198455e+00 6.842205481517101617e+00
5.710000000000198028e+00 6.693393026245248123e+00
5.730000000000197602e+00 6.661377193872667135e+00
5.750000000000197176e+00 6.673777250219409929e+00
5.770000000000196749e+00 6.673689658106382261e+00
5.790000000000196323e+00 6.750403710772260091e+00
5.810000000000195897e+00 6.525219943510797371e+00
5.830000000000195470e+00 6.605505608502964421e+00
5.850000000000195044e+00 6.640029742723213779e+00
5.870000000000194618e+00 6.493370600291243910e+00
5.890000000000194191e+00 6.537649558886837298e+00
5.910000000000193765e+00 6.574883423595012211e+00
5.930000000000193339e+00 6.438244166261334556e+00
5.950000000000192912e+00 6.593134135753373037e+00
5.970000000000192486e+00 6.399615299693254045e+00
5.990000000000192060e+00 6.383582362859007375e+00
6.010000000000191633e+00 6.240023255006403424e+00
6.030000000000191207e+00 6.418222676062533161e+00
6.050000000000190781e+00 6.364000251950082010e+00
6.070000000000190354e+00 6.256800030725521822e+00
6.090000000000189928e+00 6.279029085313038827e+00
6.110000000000189502e+00 6.312636479626203112e+00
6.130000000000189075e+00 6.210301064066455545e+00
6.150000000000188649e+00 6.112301050783572443e+00
6.170000000000188223e+00 6.143919272304198209e+00
6.190000000000187796e+00 6.172532915777728668e+00
6.210000000000187370e+00 6.152804376159730637e+00
6.230000000000186944e+00 6.052221648750619742e+00
6.250000000000186517e+00 6.099034539996653237e+00
6.270000000000186091e+00 6.089685922000565022e+00
6.290000000000185665e+00 6.032293101614653708e+00
6.310000000000185238e+00 6.035774167770632914e+00
6.330000000000184812e+00 5.934192347276660229e+00
6.350000000000184386e+00 5.989339752846576381e+00
6.370000000000183960e+00 5.867388159166795347e+00
6.390000000000183533e+00 6.011322059873343449e+00
6.410000000000183107e+00 5.885807169555138607e+00
6.430000000000182681e+00 5.752982873932961816e+00
6.450000000000182254e+00 5.889560377554095894e+00
6.470000000000181828e+00 5.791747560889437985e+00
6.490000000000181402e+00 5.761483780156805068e+00
6.510000000000180975e+00 5.718081141325107808e+00
6.530000000000180549e+00 5.814489006065369558e+00
6.550000000000180123e+00 5.682381756813772000e+00
6.570000000000179696e+00 5.673249581132494335e+00
6.590000000000179270e+00 5.607813827932653261e+00
6.610000000000178844e+00 5.688027036137428105e+00
6.630000000000178417e+00 5.663592708753804494e+00
6.650000000000177991e+00 5.588224869661971184e+00
6.670000000000177565e+00 5.518142127002148456e+00
6.690000000000177138e+00 5.448342799266011838e+00
6.710000000000176712e+00 5.497708147990500116e+00
6.730000000000176286e+00 5.528285981121013215e+00
6.750000000000175859e+00 5.389688483275289599e+00
6.770000000000175433e+00 5.498477676226077193e+00
6.790000000000175007e+00 5.355535894491024962e+00
6.810000000000174580e+00 5.295234144858632419e+00
6.830000000000174154e+00 5.318887703512388931e+00
6.850000000000173728e+00 5.457154458816224185e+00
6.870000000000173301e+00 5.347337199685491704e+00
6.890000000000172875e+00 5.191870008523713942e+00
6.910000000000172449e+00 5.271776779651526468e+00
6.930000000000172022e+00 5.175978634106475518e+00
6.950000000000171596e+00 5.236199823311072699e+00
6.970000000000171170e+00 5.177308938310219766e+00
6.990000000000170743e+00 5.110029697227009393e+00
7.010000000000170317e+00 5.096359160819665668e+00
7.030000000000169891e+00 5.087218505037987448e+00
7.050000000000169464e+00 5.098610076652983381e+00
7.070000000000169038e+00 5.048836919511463961e+00
7.090000000000168612e+00 5.056816500737920883e+00
7.110000000000168185e+00 5.014666539389316391e+00
7.130000000000167759e+00 5.021107765843716209e+00
7.150000000000167333e+00 4.970945815495226405e+00
7.170000000000166906e+00 4.942264972768820819e+00
7.190000000000166480e+00 4.899711973444659030e+00
7.210000000000166054e+00 4.817870531450002325e+00
7.230000000000165628e+00 4.892858806942640193e+00
7.250000000000165201e+00 4.798345304271371070e+00
7.270000000000164775e+00 4.853232631185714574e+00
7.290000000000164349e+00 4.803010155735604414e+00
7.310000000000163922e+00 4.797767647995788032e+00
7.330000000000163496e+00 4.772749201516723438e+00
7.350000000000163070e+00 4.710376203666022832e+00
7.370000000000162643e+00 4.753378095222931421e+00
7.390000000000162217e+00 4.736698814878354646e+00
7.410000000000161791e+00 4.643176379789955455e+00
7.430000000000161364e+00 4.691468210336276812e+00
7.450000000000160938e+00 4.580814794876324925e+00
7.470000000000160512e+00 4.701495911774403957e+00
7.490000000000160085e+00 4.564083686236090287e+00
7.510000000000159659e+00 4.652678238434976521e+00
7.530000000000159233e+00 4.553784517414168675e+00
7.550000000000158806e+00 4.516002571866836846e+00
7.570000000000158380e+00 4.401296942838541781e+00
7.590000000000157954e+00 4.485082675676859587e+00
7.610000000000157527e+00 4.480655920382493385e+00
7.630000000000157101e+00 4.556454854045763447e+00
7.650000000000156675e+00 4.395173473185670865e+00
7.670000000000156248e+00 4.399620099143272789e+00
7.690000000000155822e+00 4.400435895710948841e+00
7.710000000000155396e+00 4.397128615403213203e+00
7.730000000000154969e+00 4.325413889246783050e+00
7.750000000000154543e+00 4.332578859256357440e+00
7.770000000000154117e+00 4.265039993743950042e+00
7.790000000000153690e+00 4.271295480003088230e+00
7.810000000000153264e+00 4.248047129823186552e+00
7.830000000000152838e+00 4.233322242918126754e+00
7.850000000000152411e+00 4.238601012143091928e+00
7.870000000000151985e+00 4.138186668852085859e+00
7.890000000000151559e+00 4.201175718252445179e+00
7.910000000000151132e+00 4.214143241180276611e+00
7.930000000000150706e+00 4.154201976986479750e+00
7.950000000000150280e+00 4.123725063405483837e+00
7.970000000000149853e+00 4.123160148610497622e+00
7.990000000000149427e+00 4.123552255344459461e+00
8.010000000000149001e+00 4.091421986548882117e+00
8.030000000000148574e+00 4.049238005598116530e+00
8.050000000000148148e+00 4.012021349618693833e+00
8.070000000000147722e+00 3.992471879975646676e+00
8.090000000000147296e+00 4.002125032531922422e+00
8.110000000000146869e+00 3.978812140061419367e+00
8.130000000000146443e+00 3.967013252854141303e+00
8.150000000000146017e+00 3.895489727451221018e+00
8.170000000000145590e+00 3.938624046713571580e+00
8.190000000000145164e+00 3.856470356145317524e+00
8.210000000000144738e+00 3.950984943280393402e+00
8.230000000000144311e+00 3.843176240938882327e+00
8.250000000000143885e+00 3.861217698501956619e+00
8.270000000000143459e+00 3.824091593253444721e+00
8.290000000000143032e+00 3.762887103921004783e+00
8.310000000000142606e+00 3.786525660831242313e+00
8.330000000000142180e+00 3.740476874715691569e+00
8.350000000000141753e+00 3.764883991664786045e+00
8.370000000000141327e+00 3.764814869108073836e+00
8.390000000000140901e+00 3.699952384721267862e+00
8.410000000000140474e+00 3.649133830918654731e+00
8.430000000000140048e+00 3.707570033409428589e+00
8.450000000000139622e+00 3.651076508685312305e+00
8.470000000000139195e+00 3.652251657613209357e+00
8.490000000000138769e+00 3.631907198445898821e+00
8.510000000000138343e+00 3.592928956884045455e+00
8.530000000000137916e+00 3.620452983668476232e+00
8.550000000000137490e+00 3.557407254432729982e+00
8.570000000000137064e+00 3.512943602953804589e+00
8.590000000000136637e+00 3.541473922265821805e+00
8.610000000000136211e+00 3.512135589195762631e+00
8.630000000000135785e+00 3.489894987424122075e+00
8.650000000000135358e+00 3.443500256706912399e+00
8.670000000000134932e+00 3.470891358765715751e+00
8.690000000000134506e+00 3.417466441259542798e+00
8.710000000000134079e+00 3.424110342789126626e+00
8.730000000000133653e+00 3.412930241272800647e+00
8.750000000000133227e+00 3.390382689799203764e+00
8.770000000000132800e+00 3.330472253978553177e+00
8.790000000000132374e+00 3.357286647682431902e+00
8.810000000000131948e+00 3.311118365764759375e+00
8.830000000000131521e+00 3.364075330453468293e+00
8.850000000000131095e+00 3.314102426815727309e+00
8.870000000000130669e+00 3.335777767015316364e+00
8.890000000000130242e+00 3.278425273975356991e+00
8.910000000000129816e+00 3.252914437346354326e+00
8.930000000000129390e+00 3.241942423365800519e+00
8.950000000000128964e+00 3.233976343561236533e+00
8.970000000000128537e+00 3.188328624206574258e+00
8.990000000000128111e+00 3.203321488288280783e+00
9.010000000000127685e+00 3.153885054706658142e+00
9.030000000000127258e+00 3.164311809791541474e+00
9.050000000000126832e+00 3.162034958613978652e+00
9.070000000000126406e+00 3.083566430953453175e+00
9.090000000000125979e+00 3.137519777918370334e+00
9.110000000000125553e+00 3.093794979409596912e+00
9.130000000000125127e+00 3.046781667957671136e+00
9.150000000000124700e+00 3.090718452039506126e+00
9.170000000000124274e+00 3.077890029105048164e+00
9.190000000000123848e+00 3.021294466783254418e+00
9.210000000000123421e+00 2.989146000860113617e+00
9.230000000000122995e+00 2.967448876419736870e+00
9.250000000000122569e+00 2.970131405102530930e+00
9.270000000000122142e+00 2.962319963836862247e+00
9.290000000000121716e+00 2.939735509678420122e+00
9.310000000000121290e+00 2.952625247556090127e+00
9.330000000000120863e+00 2.931297722307894205e+00
9.350000000000120437e+00 2.909744181205106806e+00
9.370000000000120011e+00 2.868338080370703924e+00
9.390000000000119584e+00 2.904199639908678687e+00
9.410000000000119158e+00 2.851292897341482835e+00
9.430000000000118732e+00 2.821377006798369003e+00
9.450000000000118305e+00 2.836481861448668429e+00
9.470000000000117879e+00 2.814855752548581780e+00
9.490000000000117453e+00 2.801855616063989807e+00
9.510000000000117026e+00 2.786805741709169393e+00
9.530000000000116600e+00 2.783734812398082070e+00
9.550000000000116174e+00 2.803160059849227892e+00
9.570000000000115747e+00 2.695791891873001500e+00
9.590000000000115321e+00 2.771938233966908527e+00
9.610000000000114895e+00 2.716136222557119062e+00
9.630000000000114468e+00 2.700250635111603348e+00
9.650000000000114042e+00 2.672245302915988940e+00
9.670000000000113616e+00 2.698749584943412216e+00
9.690000000000113189e+00 2.619990320489153035e+00
9.710000000000112763e+00 2.658818875616405286e+00
9.730000000000112337e+00 2.639190233495180671e+00
9.750000000000111910e+00 2.602106844128659002e+00
9.770000000000111484e+00 2.591954481699990875e+00
9.790000000000111058e+00 2.589615148618158891e+00
9.810000000000110632e+00 2.575504392055878000e+00
9.830000000000110205e+00 2.537917047563002626e+00
9.850000000000109779e+00 2.559204333947104892e+00
9.870000000000109353e+00 2.522892692630472222e+00
9.890000000000108926e+00 2.512219920239584070e+00
9.910000000000108500e+00 2.521929906866053006e+00
9.930000000000108074e+00 2.495377975303867846e+00
9.950000000000107647e+00 2.490022921821277713e+00
9.970000000000107221e+00 2.457117538293228876e+00
9.990000000000106795e+00 2.468445071397958213e+00
1.001000000000010637e+01 2.453852145549794805e+00
1.003000000000010594e+01 2.384168891274944801e+00
1.005000000000010552e+01 2.450133476658474141e+00
1.007000000000010509e+01 2.390029610682087746e+00
1.009000000000010466e+01 2.404205180401681741e+00
1.011000000000010424e+01 2.414265539573082542e+00
1.013000000000010381e+01 2.323076477837326959e+00
1.015000000000010338e+01 2.347234620566144514e+00
1.017000000000010296e+01 2.316183856406049735e+00
1.019000000000010253e+01 2.323141923266704545e+00
1.021000000000010210e+01 2.295959742374944046e+00
1.023000000000010168e+01 2.300332940299548046e+00
1.025000000000010125e+01 2.269296597203132482e+00
1.027000000000010083e+01 2.248988387800450184e+00
1.029000000000010040e+01 2.270316750817982232e+00
1.031000000000009997e+01 2.226445143499537149e+00
1.033000000000009955e+01 2.257625107490818905e+00
1.035000000000009912e+01 2.232588693592619578e+00
1.037000000000009869e+01 2.185756078621923670e+00
1.039000000000009827e+01 2.223907339548481854e+00
1.041000000000009784e+01 2.148290770381771964e+00
1.043000000000009742e+01 2.181159078084275560e+00
1.045000000000009699e+01 2.156517329568723440e+00
1.047000000000009656e+01 2.182971531079835437e+00
1.049000000000009614e+01 2.116668890166282679e+00
1.051000000000009571e+01 2.122083018647237029e+00
1.053000000000009528e+01 2.132211210713996330e+00
1.055000000000009486e+01 2.147841908258159460e+00
1.057000000000009443e+01 2.059049486179762578e+00
1.059000000000009400e+01 2.090570514574468408e+00
1.061000000000009358e+01 2.055879472534161589e+00
1.063000000000009315e+01 2.048413111974162870e+00
1.065000000000009273e+01 2.025178111561381833e+00
1.067000000000009230e+01 2.040051485911237084e+00
1.069000000000009187e+01 2.032858619034355829e+00
1.071000000000009145e+01 2.009963044485632455e+00
1.073000000000009102e+01 1.988794737535240165e+00
1.075000000000009059e+01 1.983543915089701626e+00
1.077000000000009017e+01 1.998940094429885406e+00
1.079000000000008974e+01 1.961994929315803438e+00
1.081000000000008932e+01 1.945417024159745045e+00
1.083000000000008889e+01 1.952354319187223020e+00
1.085000000000008846e+01 1.934428237724520327e+00
1.087000000000008804e+01 1.924905042852202763e+00
1.089000000000008761e+01 1.928938451098100915e+00
1.091000000000008718e+01 1.903211382983249322e+00
1.093000000000008676e+01 1.931417520973548685e+00
1.095000000000008633e+01 1.889603189562802044e+00
1.097000000000008590e+01 1.887684857473453270e+00
1.099000000000008548e+01 1.881092408786730674e+00
1.101000000000008505e+01 1.900570242866208570e+00
1.103000000000008463e+01 1.837807804981416382e+00
1.105000000000008420e+01 1.855131060296054235e+00
1.107000000000008377e+01 1.780100894885019214e+00
1.109000000000008335e+01 1.820657726573833290e+00
1.111000000000008292e+01 1.793587741903630350e+00
1.113000000000008249e+01 1.758090944525090737e+00
1.115000000000008207e+01 1.801845220528806246e+00
1.117000000000008164e+01 1.801486849249670286e+00
1.119000000000008122e+01 1.758971597790169872e+00
1.121000000000008079e+01 1.772986918403462120e+00
1.123000000000008036e+01 1.715616564609163897e+00
1.125000000000007994e+01 1.725096946768482908e+00
1.127000000000007951e+01 1.726341023370886463e+00
1.129000000000007908e+01 1.728240031505469787e+00
1.131000000000007866e+01 1.729424879952768279e+00
1.133000000000007823e+01 1.703136490238866596e+00
1.135000000000007780e+01 1.698286184512845853e+00
1.137000000000007738e+01 1.695785640092814406e+00
1.139000000000007695e+01 1.691417164225512915e+00
1.141000000000007653e+01 1.649463105520314166e+00
1.143000000000007610e+01 1.624844532081793913e+00
1.145000000000007567e+01 1.655588359152952549e+00
1.147000000000007525e+01 1.634354281479374338e+00
1.149000000000007482e+01 1.622447230346544256e+00
1.151000000000007439e+01 1.627189711939707628e+00
1.153000000000007397e+01 1.590651739614517002e+00
1.155000000000007354e+01 1.587915576905500226e+00
1.157000000000007311e+01 1.587886898039990058e+00
1.159000000000007269e+01 1.605217368814988221e+00
1.161000000000007226e+01 1.565370419629783294e+00
1.163000000000007184e+01 1.562022240661101069e+00
1.165000000000007141e+01 1.544560953909437595e+00
1.167000000000007098e+01 1.533658400812443867e+00
1.169000000000007056e+01 1.544408913695971552e+00
1.171000000000007013e+01 1.552285854967567547e+00
1.173000000000006970e+01 1.494860414328740728e+00
1.175000000000006928e+01 1.491361063649495167e+00
1.177000000000006885e+01 1.492813389618032671e+00
1.179000000000006843e+01 1.500342283018079703e+00
1.181000000000006800e+01 1.501482836732999093e+00
1.183000000000006757e+01 1.471789653089589534e+00
1.185000000000006715e+01 1.440615071185413543e+00
1.187000000000006672e+01 1.448862178430653458e+00
1.189000000000006629e+01 1.470276425800066011e+00
1.191000000000006587e+01 1.408836507857796461e+00
1.193000000000006544e+01 1.410821996086586871e+00
1.195000000000006501e+01 1.420479685055967334e+00
1.197000000000006459e+01 1.409254203203991196e+00
1.199000000000006416e+01 1.372155511047146392e+00
1.201000000000006374e+01 1.409931603195611949e+00
1.203000000000006331e+01 1.337916104621649449e+00
1.205000000000006288e+01 1.384591778391480954e+00
1.207000000000006246e+01 1.354773870476231767e+00
1.209000000000006203e+01 1.341107714222725011e+00
1.211000000000006160e+01 1.352396258127567696e+00
1.213000000000006118e+01 1.356793489090041938e+00
1.215000000000006075e+01 1.327899146311531720e+00
1.217000000000006033e+01 1.319531979534581012e+00
1.219000000000005990e+01 1.312768428508012786e+00
1.221000000000005947e+01 1.291357125096365577e+00
1.223000000000005905e+01 1.283333020994954055e+00
1.225000000000005862e+01 1.307639899187846622e+00
1.227000000000005819e+01 1.293055684142589312e+00
1.229000000000005777e+01 1.247921717790192231e+00
1.231000000000005734e+01 1.265077966926350772e+00
1.233000000000005691e+01 1.267671510088678843e+00
1.235000000000005649e+01 1.234319438969194715e+00
1.237000000000005606e+01 1.229387558399994029e+00
1.239000000000005564e+01 1.226309319331355008e+00
1.241000000000005521e+01 1.208178222229390864e+00
1.243000000000005478e+01 1.220228679643856173e+00
1.245000000000005436e+01 1.219985161948426100e+00
1.247000000000005393e+01 1.168732617957046749e+00
1.249000000000005350e+01 1.194723643928518264e+00
1.251000000000005308e+01 1.203119476626902218e+00
1.253000000000005265e+01 1.182456352927680365e+00
1.255000000000005222e+01 1.164284222841175831e+00
1.257000000000005180e+01 1.154602474338094931e+00
1.259000000000005137e+01 1.121687285897303710e+00
1.261000000000005095e+01 1.114016387668238961e+00
1.263000000000005052e+01 1.126463528167452210e+00
1.265000000000005009e+01 1.126601847932667599e+00
1.267000000000004967e+01 1.121860270541571891e+00
1.269000000000004924e+01 1.084042270308793743e+00
1.271000000000004881e+01 1.131024948814143949e+00
1.273000000000004839e+01 1.077817894622593364e+00
1.275000000000004796e+01 1.093774228114275937e+00
1.277000000000004754e+01 1.085134211676831439e+00
1.279000000000004711e+01 1.095567313653415642e+00
1.281000000000004668e+01 1.049047566871178061e+00
1.283000000000004626e+01 1.070355580893431746e+00
1.285000000000004583e+01 1.047630913765043470e+00
1.287000000000004540e+01 1.039916804976513953e+00
1.289000000000004498e+01 1.025479441965824412e+00
1.291000000000004455e+01 1.038307855130317314e+00
1.293000000000004412e+01 1.044631714186072369e+00
1.295000000000004370e+01 9.810753802458744843e-01
1.297000000000004327e+01 1.005437949415274979e+00
1.299000000000004285e+01 1.016546963600488906e+00
1.301000000000004242e+01 1.019532885507372644e+00
1.303000000000004199e+01 9.820598849908962480e-01
1.305000000000004157e+01 1.010761171866257246e+00
1.307000000000004114e+01 9.933647078823055754e-01
1.309000000000004071e+01 9.515157245107286332e-01
1.311000000000004029e+01 9.725236443027037714e-01
1.313000000000003986e+01 9.731883557837646137e-01
1.315000000000003944e+01 9.243743054337226761e-01
1.317000000000003901e+01 9.379928152521032070e-01
1.319000000000003858e+01 9.418461137232564395e-01
1.321000000000003816e+01 9.301887859891649901e-01
1.323000000000003773e+01 9.087475814309364797e-01
1.325000000000003730e+01 9.046167486849754358e-01
1.327000000000003688e+01 8.928546764506593014e-01
1.329000000000003645e+01 8.996723920144006348e-01
1.331000000000003602e+01 8.557724806249484839e-01
1.333000000000003560e+01 8.903023982930620139e-01
1.335000000000003517e+01 8.714396153169993164e-01
1.337000000000003475e+01 8.611620088932299133e-01
1.339000000000003432e+01 8.824085594673155564e-01
1.341000000000003389e+01 8.269961765180912083e-01
1.343000000000003347e+01 8.382308083016107858e-01
1.345000000000003304e+01 8.394002671964003737e-01
1.347000000000003261e+01 8.417315401891954929e-01
1.349000000000003219e+01 7.978144705417798965e-01
1.351000000000003176e+01 8.227758602853302294e-01
1.353000000000003133e+01 8.046622936130021220e-01
1.355000000000003091e+01 7.857291547109476193e-01
1.357000000000003048e+01 7.978944070582958403e-01
1.359000000000003006e+01 7.935387464563512516e-01
1.361000000000002963e+01 7.721815503247285717e-01
1.363000000000002920e+01 7.549941763931162786e-01
1.365000000000002878e+01 7.609546557527894217e-01
1.367000000000002835e+01 7.285924058231748601e-01
1.369000000000002792e+01 7.327877207105192303e-01
1.371000000000002750e+01 6.992351676323895759e-01
1.373000000000002707e+01 7.077063395426610448e-01
1.375000000000002665e+01 7.230915987775430320e-01
1.377000000000002622e+01 7.124542358215316673e-01
1.379000000000002579e+01 7.120626186543098646e-01
1.381000000000002537e+01 6.696642788623224929e-01
1.383000000000002494e+01 6.737105409587023086e-01
1.385000000000002451e+01 6.699159838631033592e-01
1.387000000000002409e+01 6.518959340011812875e-01
1.389000000000002366e+01 6.508384493018257722e-01
1.391000000000002323e+01 6.515368362114012379e-01
1.393000000000002281e+01 6.402849011889069075e-01
1.395000000000002238e+01 6.248791419807474545e-01
1.397000000000002196e+01 6.083350395513000830e-01
1.399000000000002153e+01 6.230152144356263522e-01
1.401000000000002110e+01 6.040737104463337337e-01
1.403000000000002068e+01 5.987461505747133650e-01
1.405000000000002025e+01 5.737787523007646939e-01
1.407000000000001982e+01 5.763392506267857041e-01
1.409000000000001940e+01 5.645017396847912261e-01
1.411000000000001897e+01 5.814168269840205294e-01
1.413000000000001855e+01 5.530387908159746235e-01
1.415000000000001812e+01 5.335401853033979735e-01
1.417000000000001769e+01 5.504871462694270745e-01
1.419000000000001727e+01 5.156582330597290209e-01
1.421000000000001684e+01 5.117951501654910418e-01
1.423000000000001641e+01 5.040349220453917978e-01
1.425000000000001599e+01 4.886483982930458492e-01
1.427000000000001556e+01 4.730619206417065459e-01
1.429000000000001513e+01 4.550849590134086742e-01
1.431000000000001471e+01 4.581764369713584584e-01
1.433000000000001428e+01 4.453843574743855394e-01
1.435000000000001386e+01 4.502954991912036520e-01
1.437000000000001343e+01 4.326559844739050753e-01
1.439000000000001300e+01 4.117977263068306470e-01
1.441000000000001258e+01 3.943343531919968892e-01
1.443000000000001215e+01 3.901037777077393520e-01
1.445000000000001172e+01 3.639036344809673529e-01
1.447000000000001130e+01 3.839027776082715726e-01
1.449000000000001087e+01 3.446071113579901590e-01
1.451000000000001044e+01 3.400553926378773739e-01
1.453000000000001002e+01 3.195062141492157615e-01
1.455000000000000959e+01 2.991625469589125341e-01
1.457000000000000917e+01 2.677323330729669548e-01
1.459000000000000874e+01 2.010493403650098765e-01
1.461000000000000831e+01 1.291045929991279095e-01
1.463000000000000789e+01 6.350218943879860911e-02
1.465000000000000746e+01 4.414885496446711161e-02
1.467000000000000703e+01 2.236583819282377678e-02
1.469000000000000661e+01 1.133902302214858521e-02
1.471000000000000618e+01 8.397399779994698873e-03
1.473000000000000576e+01 5.577023843284183331e-03
1.475000000000000533e+01 2.814318339437424030e-03
1.477000000000000490e+01 5.990878264871539758e-05
1.479000000000000448e+01 5.722146873511867171e-05
1.481000000000000405e+01 0.000000000000000000e+00
1.483000000000000362e+01 0.000000000000000000e+00
1.485000000000000320e+01 0.000000000000000000e+00
1.487000000000000277e+01 0.000000000000000000e+00
1.489000000000000234e+01 0.000000000000000000e+00
1.491000000000000192e+01 0.000000000000000000e+00
1.493000000000000149e+01 0.000000000000000000e+00
1.495000000000000107e+01 0.000000000000000000e+00
1.497000000000000064e+01 0.000000000000000000e+00
1.499000000000000021e+01 0.000000000000000000e+00
