# Redshift		Merger Rate Density [Gpc^-3yr^-1]
1.000000000031931770e-02 1.052160740298329067e+01
3.000000000031888964e-02 1.049625680007035555e+01
5.000000000031846331e-02 1.040779256022765864e+01
7.000000000031804392e-02 1.100545962500550168e+01
9.000000000031761760e-02 1.115817893860939591e+01
1.100000000003171913e-01 1.123561366010155993e+01
1.300000000003167511e-01 1.108155198019026066e+01
1.500000000003163247e-01 1.136196074173792425e+01
1.700000000003158984e-01 1.205448731984704125e+01
1.900000000003154721e-01 1.212408126550245235e+01
2.100000000003150458e-01 1.171832338899440984e+01
2.300000000003146194e-01 1.222423946162140318e+01
2.500000000003141931e-01 1.293611981998082250e+01
2.700000000003137668e-01 1.268656975947318166e+01
2.900000000003133405e-01 1.297146321178465733e+01
3.100000000003129141e-01 1.313128441879092811e+01
3.300000000003124878e-01 1.294249113268486084e+01
3.500000000003120615e-01 1.367254991239607520e+01
3.700000000003116352e-01 1.436307744825055366e+01
3.900000000003112088e-01 1.379938371267526342e+01
4.100000000003107825e-01 1.434450838430641006e+01
4.300000000003103562e-01 1.484928036246826188e+01
4.500000000003099299e-01 1.519876551500994211e+01
4.700000000003095035e-01 1.539048377961546343e+01
4.900000000003090772e-01 1.535598364142674654e+01
5.100000000003086509e-01 1.654598947596255698e+01
5.300000000003082246e-01 1.606539798268081398e+01
5.500000000003077982e-01 1.648760799053554393e+01
5.700000000003073719e-01 1.732662272166982476e+01
5.900000000003069456e-01 1.686768544425465777e+01
6.100000000003065193e-01 1.765699520252739418e+01
6.300000000003060929e-01 1.777629342654388012e+01
6.500000000003056666e-01 1.837463861290540024e+01
6.700000000003052403e-01 1.756006556004548358e+01
6.900000000003048140e-01 1.800257734317640868e+01
7.100000000003043876e-01 1.818853984751811481e+01
7.300000000003039613e-01 1.867188844793931679e+01
7.500000000003035350e-01 1.935223904670725048e+01
7.700000000003031086e-01 1.929985132517905200e+01
7.900000000003026823e-01 2.027542714560080839e+01
8.100000000003022560e-01 2.012582261636354275e+01
8.300000000003018297e-01 2.049592141374735732e+01
8.500000000003014033e-01 2.119447273306566970e+01
8.700000000003009770e-01 2.092378594641253642e+01
8.900000000003005507e-01 2.121540566973172659e+01
9.100000000003001244e-01 2.174197435143694790e+01
9.300000000002996980e-01 2.166011837143769370e+01
9.500000000002992717e-01 2.141791924366737021e+01
9.700000000002988454e-01 2.228658908591765808e+01
9.900000000002984191e-01 2.188404021664825549e+01
1.010000000000297993e+00 2.232028970412757474e+01
1.030000000000297566e+00 2.329158184066951520e+01
1.050000000000297140e+00 2.211437308909460597e+01
1.070000000000296714e+00 2.246448956410885245e+01
1.090000000000296287e+00 2.243947337473888126e+01
1.110000000000295861e+00 2.286219299784542258e+01
1.130000000000295435e+00 2.277029653508800777e+01
1.150000000000295008e+00 2.336730098376779807e+01
1.170000000000294582e+00 2.289170592887258593e+01
1.190000000000294156e+00 2.324815929531720116e+01
1.210000000000293729e+00 2.256445974867771653e+01
1.230000000000293303e+00 2.306115021043332902e+01
1.250000000000292877e+00 2.295391924538729000e+01
1.270000000000292451e+00 2.281483561361044821e+01
1.290000000000292024e+00 2.240476528668528644e+01
1.310000000000291598e+00 2.316120380273352808e+01
1.330000000000291172e+00 2.253354143143896238e+01
1.350000000000290745e+00 2.258319490410675812e+01
1.370000000000290319e+00 2.302665881658137081e+01
1.390000000000289893e+00 2.314033842913142536e+01
1.410000000000289466e+00 2.307747973034958733e+01
1.430000000000289040e+00 2.277073753900569386e+01
1.450000000000288614e+00 2.243605304280535151e+01
1.470000000000288187e+00 2.295877595783721148e+01
1.490000000000287761e+00 2.339098441001952366e+01
1.510000000000287335e+00 2.223210132809392192e+01
1.530000000000286908e+00 2.244388957056277789e+01
1.550000000000286482e+00 2.163645914432856543e+01
1.570000000000286056e+00 2.264390592913481370e+01
1.590000000000285629e+00 2.203620360643927256e+01
1.610000000000285203e+00 2.223828371356423617e+01
1.630000000000284777e+00 2.250174699891218211e+01
1.650000000000284350e+00 2.192950157948061118e+01
1.670000000000283924e+00 2.303269328279044714e+01
1.690000000000283498e+00 2.224967613627596208e+01
1.710000000000283071e+00 2.248892356764809364e+01
1.730000000000282645e+00 2.236891357947919801e+01
1.750000000000282219e+00 2.286215745127146803e+01
1.770000000000281792e+00 2.238110109057699049e+01
1.790000000000281366e+00 2.167982836988130657e+01
1.810000000000280940e+00 2.277257339615183440e+01
1.830000000000280513e+00 2.198270618011578392e+01
1.850000000000280087e+00 2.176845321600674765e+01
1.870000000000279661e+00 2.213137281575194493e+01
1.890000000000279234e+00 2.173888512351444291e+01
1.910000000000278808e+00 2.185697423411867746e+01
1.930000000000278382e+00 2.162848076466121228e+01
1.950000000000277955e+00 2.194719412495473421e+01
1.970000000000277529e+00 2.180657519294658897e+01
1.990000000000277103e+00 2.246731147866814027e+01
2.010000000000276899e+00 2.165926936294815874e+01
2.030000000000276472e+00 2.159615208183148738e+01
2.050000000000276046e+00 2.206541189915090584e+01
2.070000000000275620e+00 2.201526630019649389e+01
2.090000000000275193e+00 2.181366087546611254e+01
2.110000000000274767e+00 2.152284796825004420e+01
2.130000000000274341e+00 2.159374389674557193e+01
2.150000000000273914e+00 2.173782226718991950e+01
2.170000000000273488e+00 2.176982051024383225e+01
2.190000000000273062e+00 2.138473233410652696e+01
2.210000000000272635e+00 2.146438641398107450e+01
2.230000000000272209e+00 2.129227221702303652e+01
2.250000000000271783e+00 2.148561393060070657e+01
2.270000000000271356e+00 2.116624126807537110e+01
2.290000000000270930e+00 2.102959171599042421e+01
2.310000000000270504e+00 2.127577550689775876e+01
2.330000000000270077e+00 2.095173822713688949e+01
2.350000000000269651e+00 2.072066698045198763e+01
2.370000000000269225e+00 2.107756223867000500e+01
2.390000000000268798e+00 2.093065719913941081e+01
2.410000000000268372e+00 2.072741427980720630e+01
2.430000000000267946e+00 2.094761308986388570e+01
2.450000000000267519e+00 2.071301155952954076e+01
2.470000000000267093e+00 2.088197987591448523e+01
2.490000000000266667e+00 2.051252067182542760e+01
2.510000000000266240e+00 2.086211717255818598e+01
2.530000000000265814e+00 2.089074671084602031e+01
2.550000000000265388e+00 2.056983233187168736e+01
2.570000000000264961e+00 2.048621927856690661e+01
2.590000000000264535e+00 2.088634549824787356e+01
2.610000000000264109e+00 2.034755350178712874e+01
2.630000000000263682e+00 2.032562025796659810e+01
2.650000000000263256e+00 2.114946000038612439e+01
2.670000000000262830e+00 2.003812047563561549e+01
2.690000000000262403e+00 2.054907115236528270e+01
2.710000000000261977e+00 2.028150373133225415e+01
2.730000000000261551e+00 2.006001865811792229e+01
2.750000000000261124e+00 2.074038946520172289e+01
2.770000000000260698e+00 2.018220301478201506e+01
2.790000000000260272e+00 2.015745044784086915e+01
2.810000000000259845e+00 1.997223291847819127e+01
2.830000000000259419e+00 2.031098292281166096e+01
2.850000000000258993e+00 2.012880847045224897e+01
2.870000000000258567e+00 2.043898766523125232e+01
2.890000000000258140e+00 1.983196384054789263e+01
2.910000000000257714e+00 1.964179324147678329e+01
2.930000000000257288e+00 2.013282790499154373e+01
2.950000000000256861e+00 1.980658349412244235e+01
2.970000000000256435e+00 1.975038355482526953e+01
2.990000000000256009e+00 1.990957774595426244e+01
3.010000000000255582e+00 1.931714402741013714e+01
3.030000000000255156e+00 1.968213339336403678e+01
3.050000000000254730e+00 1.921036579701729607e+01
3.070000000000254303e+00 1.964443781053223859e+01
3.090000000000253877e+00 1.955424991271166135e+01
3.110000000000253451e+00 1.935268270955885228e+01
3.130000000000253024e+00 1.932096504611259391e+01
3.150000000000252598e+00 1.966183289273287116e+01
3.170000000000252172e+00 1.931185849659793874e+01
3.190000000000251745e+00 1.946319999745147911e+01
3.210000000000251319e+00 1.899556064235546771e+01
3.230000000000250893e+00 1.942299263179158686e+01
3.250000000000250466e+00 1.910194047077040480e+01
3.270000000000250040e+00 1.911231315280769749e+01
3.290000000000249614e+00 1.916603136192507861e+01
3.310000000000249187e+00 1.892469129971013331e+01
3.330000000000248761e+00 1.892598625673685575e+01
3.350000000000248335e+00 1.944807356734856896e+01
3.370000000000247908e+00 1.884266027511203490e+01
3.390000000000247482e+00 1.879323658424011612e+01
3.410000000000247056e+00 1.890906515619496631e+01
3.430000000000246629e+00 1.827351670988104360e+01
3.450000000000246203e+00 1.925542483458776033e+01
3.470000000000245777e+00 1.853503142711776874e+01
3.490000000000245350e+00 1.910054181907526427e+01
3.510000000000244924e+00 1.852573640351010553e+01
3.530000000000244498e+00 1.846664687566085661e+01
3.550000000000244071e+00 1.842273949589946724e+01
3.570000000000243645e+00 1.842335146689783798e+01
3.590000000000243219e+00 1.797250692681236117e+01
3.610000000000242792e+00 1.823749120771706700e+01
3.630000000000242366e+00 1.787406563988908204e+01
3.650000000000241940e+00 1.794525117957539351e+01
3.670000000000241513e+00 1.772513999176109678e+01
3.690000000000241087e+00 1.756798238987828142e+01
3.710000000000240661e+00 1.793928474744687307e+01
3.730000000000240234e+00 1.777512288983632871e+01
3.750000000000239808e+00 1.767469934460594061e+01
3.770000000000239382e+00 1.738999098039108304e+01
3.790000000000238956e+00 1.734713838946445463e+01
3.810000000000238529e+00 1.736847652026370170e+01
3.830000000000238103e+00 1.720764733956613313e+01
3.850000000000237677e+00 1.710073965369378968e+01
3.870000000000237250e+00 1.716386744294849009e+01
3.890000000000236824e+00 1.694812082506639683e+01
3.910000000000236398e+00 1.696648380562406189e+01
3.930000000000235971e+00 1.681204297340038423e+01
3.950000000000235545e+00 1.724506882733976454e+01
3.970000000000235119e+00 1.649939580160971886e+01
3.990000000000234692e+00 1.655170817892282642e+01
4.010000000000234266e+00 1.612819589762912997e+01
4.030000000000233840e+00 1.687184584787289410e+01
4.050000000000233413e+00 1.607190661269844156e+01
4.070000000000232987e+00 1.607718366271104671e+01
4.090000000000232561e+00 1.670835140240090411e+01
4.110000000000232134e+00 1.570500978630981059e+01
4.130000000000231708e+00 1.598937155204278149e+01
4.150000000000231282e+00 1.604869202311648024e+01
4.170000000000230855e+00 1.588920775686894160e+01
4.190000000000230429e+00 1.581378383450247327e+01
4.210000000000230003e+00 1.559460481465314174e+01
4.230000000000229576e+00 1.530806523319699330e+01
4.250000000000229150e+00 1.551292983442227325e+01
4.270000000000228724e+00 1.534639622610386844e+01
4.290000000000228297e+00 1.518299908825241396e+01
4.310000000000227871e+00 1.550794698934236138e+01
4.330000000000227445e+00 1.520465030480535518e+01
4.350000000000227018e+00 1.511646631702490851e+01
4.370000000000226592e+00 1.496414101580590916e+01
4.390000000000226166e+00 1.496352438567599208e+01
4.410000000000225739e+00 1.487657134097077183e+01
4.430000000000225313e+00 1.505287561281900999e+01
4.450000000000224887e+00 1.495525199006200268e+01
4.470000000000224460e+00 1.468941392738829954e+01
4.490000000000224034e+00 1.471536288977490337e+01
4.510000000000223608e+00 1.455087893588442149e+01
4.530000000000223181e+00 1.432382179685546575e+01
4.550000000000222755e+00 1.455457612498535624e+01
4.570000000000222329e+00 1.471503145246289179e+01
4.590000000000221902e+00 1.414795719118892947e+01
4.610000000000221476e+00 1.421402207026574693e+01
4.630000000000221050e+00 1.425678244522253024e+01
4.650000000000220624e+00 1.430740119329913540e+01
4.670000000000220197e+00 1.457885214684483799e+01
4.690000000000219771e+00 1.421174254141959636e+01
4.710000000000219345e+00 1.409192917402726941e+01
4.730000000000218918e+00 1.417721064150120647e+01
4.750000000000218492e+00 1.397946111906214561e+01
4.770000000000218066e+00 1.415920810713842037e+01
4.790000000000217639e+00 1.421867099471408480e+01
4.810000000000217213e+00 1.426193757237076554e+01
4.830000000000216787e+00 1.391573260830817915e+01
4.850000000000216360e+00 1.376436204762555349e+01
4.870000000000215934e+00 1.430002551248073139e+01
4.890000000000215508e+00 1.381949239869508084e+01
4.910000000000215081e+00 1.369980895934651777e+01
4.930000000000214655e+00 1.430425157197686303e+01
4.950000000000214229e+00 1.370111960586436695e+01
4.970000000000213802e+00 1.404133927909250978e+01
4.990000000000213376e+00 1.382591280268198730e+01
5.010000000000212950e+00 1.380164634044635719e+01
5.030000000000212523e+00 1.368904437715971589e+01
5.050000000000212097e+00 1.363227592872718041e+01
5.070000000000211671e+00 1.369687570928612530e+01
5.090000000000211244e+00 1.350499210022992180e+01
5.110000000000210818e+00 1.365758208184805333e+01
5.130000000000210392e+00 1.352801131875227725e+01
5.150000000000209965e+00 1.328258878231790874e+01
5.170000000000209539e+00 1.360370888583805282e+01
5.190000000000209113e+00 1.327313429727680472e+01
5.210000000000208686e+00 1.320197534952604634e+01
5.230000000000208260e+00 1.316952036290666683e+01
5.250000000000207834e+00 1.303856026132758750e+01
5.270000000000207407e+00 1.285809835006004320e+01
5.290000000000206981e+00 1.320574624031139344e+01
5.310000000000206555e+00 1.280676965822460112e+01
5.330000000000206128e+00 1.263937856911899793e+01
5.350000000000205702e+00 1.282857010721281199e+01
5.370000000000205276e+00 1.249611367548902585e+01
5.390000000000204849e+00 1.287105859377299488e+01
5.410000000000204423e+00 1.226500868743239181e+01
5.430000000000203997e+00 1.273436552414642797e+01
5.450000000000203570e+00 1.233288207389712277e+01
5.470000000000203144e+00 1.181076997578683851e+01
5.490000000000202718e+00 1.240073363673585405e+01
5.510000000000202292e+00 1.235656356892546981e+01
5.530000000000201865e+00 1.236586314423577093e+01
5.550000000000201439e+00 1.171465928600606610e+01
5.570000000000201013e+00 1.209862459547094282e+01
5.590000000000200586e+00 1.210908245039475339e+01
5.610000000000200160e+00 1.156911990219986386e+01
5.630000000000199734e+00 1.162493552322717605e+01
5.650000000000199307e+00 1.154281243100989940e+01
5.670000000000198881e+00 1.182786979827204021e+01
5.690000000000198455e+00 1.152410021204794610e+01
5.710000000000198028e+00 1.140367496988055152e+01
5.730000000000197602e+00 1.157971697538896905e+01
5.750000000000197176e+00 1.117815338828834548e+01
5.770000000000196749e+00 1.123598082278462940e+01
5.790000000000196323e+00 1.111211978070989836e+01
5.810000000000195897e+00 1.109853734380460111e+01
5.830000000000195470e+00 1.108720352507271478e+01
5.850000000000195044e+00 1.107933611700031840e+01
5.870000000000194618e+00 1.100217571906621572e+01
5.890000000000194191e+00 1.115365751530148231e+01
5.910000000000193765e+00 1.068005411335150789e+01
5.930000000000193339e+00 1.092893958860270054e+01
5.950000000000192912e+00 1.064509900215303162e+01
5.970000000000192486e+00 1.081763659524729881e+01
5.990000000000192060e+00 1.083977778745457776e+01
6.010000000000191633e+00 1.076239998011461552e+01
6.030000000000191207e+00 1.094222306634216402e+01
6.050000000000190781e+00 1.064608579485567219e+01
6.070000000000190354e+00 1.063463250187717257e+01
6.090000000000189928e+00 1.054316353091151015e+01
6.110000000000189502e+00 1.091439252584813957e+01
6.130000000000189075e+00 1.059900376234987540e+01
6.150000000000188649e+00 1.067841486733762935e+01
6.170000000000188223e+00 1.090517558178728308e+01
6.190000000000187796e+00 1.064434100390169746e+01
6.210000000000187370e+00 1.079468760381747039e+01
6.230000000000186944e+00 1.083117006538849836e+01
6.250000000000186517e+00 1.079335560904590885e+01
6.270000000000186091e+00 1.095911346122297836e+01
6.290000000000185665e+00 1.067437248196553234e+01
6.310000000000185238e+00 1.066181257590154097e+01
6.330000000000184812e+00 1.095884783542825680e+01
6.350000000000184386e+00 1.100925040708111702e+01
6.370000000000183960e+00 1.083937352167483326e+01
6.390000000000183533e+00 1.097870999708393924e+01
6.410000000000183107e+00 1.115828162103280796e+01
6.430000000000182681e+00 1.082646426585427690e+01
6.450000000000182254e+00 1.116636015725099540e+01
6.470000000000181828e+00 1.124229025145579541e+01
6.490000000000181402e+00 1.122254365100182305e+01
6.510000000000180975e+00 1.109461271044438568e+01
6.530000000000180549e+00 1.142720220101000095e+01
6.550000000000180123e+00 1.086494365942527018e+01
6.570000000000179696e+00 1.131411364390352858e+01
6.590000000000179270e+00 1.144422684274449686e+01
6.610000000000178844e+00 1.138247115155013844e+01
6.630000000000178417e+00 1.110341451529088275e+01
6.650000000000177991e+00 1.140052456469268449e+01
6.670000000000177565e+00 1.134181877208366451e+01
6.690000000000177138e+00 1.148734571871132815e+01
6.710000000000176712e+00 1.142587117586249867e+01
6.730000000000176286e+00 1.136543047400448536e+01
6.750000000000175859e+00 1.158877028279093402e+01
6.770000000000175433e+00 1.124888736217675067e+01
6.790000000000175007e+00 1.168427652389592808e+01
6.810000000000174580e+00 1.142251143894943688e+01
6.830000000000174154e+00 1.104143795675851258e+01
6.850000000000173728e+00 1.136943651405382383e+01
6.870000000000173301e+00 1.128647035570518575e+01
6.890000000000172875e+00 1.121654841866437557e+01
6.910000000000172449e+00 1.136187358995161567e+01
6.930000000000172022e+00 1.104021188051186719e+01
6.950000000000171596e+00 1.117640216162962652e+01
6.970000000000171170e+00 1.117647976283241462e+01
6.990000000000170743e+00 1.089330476912915735e+01
7.010000000000170317e+00 1.089651606220651026e+01
7.030000000000169891e+00 1.117156497213420785e+01
7.050000000000169464e+00 1.074304685536543680e+01
7.070000000000169038e+00 1.081361326846181115e+01
7.090000000000168612e+00 1.075645974801809146e+01
7.110000000000168185e+00 1.078178769248738256e+01
7.130000000000167759e+00 1.076884935968987023e+01
7.150000000000167333e+00 1.028575856430156676e+01
7.170000000000166906e+00 1.063040599329289293e+01
7.190000000000166480e+00 1.031513233930345841e+01
7.210000000000166054e+00 1.020389501449929881e+01
7.230000000000165628e+00 1.025445880192121351e+01
7.250000000000165201e+00 1.016459840580940899e+01
7.270000000000164775e+00 1.003503664150526653e+01
7.290000000000164349e+00 9.855280992729356981e+00
7.310000000000163922e+00 1.001338707314153531e+01
7.330000000000163496e+00 1.004283807358366687e+01
7.350000000000163070e+00 9.824792854801000175e+00
7.370000000000162643e+00 9.703395100667124851e+00
7.390000000000162217e+00 9.535478996562165577e+00
7.410000000000161791e+00 9.499703768487615108e+00
7.430000000000161364e+00 9.638707757741197923e+00
7.450000000000160938e+00 9.654163063303016656e+00
7.470000000000160512e+00 9.391026859673631932e+00
7.490000000000160085e+00 9.319130786645025921e+00
7.510000000000159659e+00 9.406310971015418687e+00
7.530000000000159233e+00 9.425842465369541401e+00
7.550000000000158806e+00 9.204567637968613880e+00
7.570000000000158380e+00 9.112719549938443464e+00
7.590000000000157954e+00 9.151439880889919110e+00
7.610000000000157527e+00 9.068947544162103469e+00
7.630000000000157101e+00 9.028751670100277238e+00
7.650000000000156675e+00 9.097727556972465379e+00
7.670000000000156248e+00 9.025107606428932172e+00
7.690000000000155822e+00 8.800875145886811524e+00
7.710000000000155396e+00 9.194944926685465703e+00
7.730000000000154969e+00 8.861681204647416266e+00
7.750000000000154543e+00 9.013742134652874327e+00
7.770000000000154117e+00 9.065498775067608150e+00
7.790000000000153690e+00 8.934463214845351331e+00
7.810000000000153264e+00 9.002625549052478249e+00
7.830000000000152838e+00 8.888806425804055777e+00
7.850000000000152411e+00 8.924152560223395980e+00
7.870000000000151985e+00 8.917669414875829759e+00
7.890000000000151559e+00 8.954733051277496969e+00
7.910000000000151132e+00 8.805319261078659920e+00
7.930000000000150706e+00 9.013186340652596940e+00
7.950000000000150280e+00 8.863606764923156689e+00
7.970000000000149853e+00 8.846649076879151252e+00
7.990000000000149427e+00 9.040976734848555907e+00
8.010000000000149001e+00 8.888479416619812667e+00
8.030000000000148574e+00 9.064480725580256859e+00
8.050000000000148148e+00 8.840161735505141394e+00
8.070000000000147722e+00 8.925185462125059033e+00
8.090000000000147296e+00 8.875926705879805922e+00
8.110000000000146869e+00 8.890716959345335013e+00
8.130000000000146443e+00 8.912178420760819009e+00
8.150000000000146017e+00 8.944982731138157561e+00
8.170000000000145590e+00 9.022336932254480857e+00
8.190000000000145164e+00 9.015186907073708511e+00
8.210000000000144738e+00 8.876391597519962318e+00
8.230000000000144311e+00 8.956524164841676239e+00
8.250000000000143885e+00 8.856041730268024992e+00
8.270000000000143459e+00 8.954618059067293245e+00
8.290000000000143032e+00 8.979399259123709953e+00
8.310000000000142606e+00 8.934820657787259535e+00
8.330000000000142180e+00 8.940466943870037042e+00
8.350000000000141753e+00 8.897064741680754452e+00
8.370000000000141327e+00 8.977380841298353786e+00
8.390000000000140901e+00 8.738194855762198898e+00
8.410000000000140474e+00 8.829547797848638524e+00
8.430000000000140048e+00 8.828711525594346909e+00
8.450000000000139622e+00 8.830353721545701973e+00
8.470000000000139195e+00 8.818269722197356941e+00
8.490000000000138769e+00 8.838767108663224903e+00
8.510000000000138343e+00 8.828220951819133688e+00
8.530000000000137916e+00 8.633734636377770499e+00
8.550000000000137490e+00 8.700455639628927429e+00
8.570000000000137064e+00 8.620739590941287389e+00
8.590000000000136637e+00 8.782816262609911107e+00
8.610000000000136211e+00 8.629427579770428736e+00
8.630000000000135785e+00 8.562824907431995314e+00
8.650000000000135358e+00 8.605988102789821070e+00
8.670000000000134932e+00 8.504694506358456252e+00
8.690000000000134506e+00 8.515260110976221597e+00
8.710000000000134079e+00 8.455855453045295178e+00
8.730000000000133653e+00 8.460462102150403396e+00
8.750000000000133227e+00 8.466993144950109240e+00
8.770000000000132800e+00 8.331762611723632972e+00
8.790000000000132374e+00 8.288131557289226237e+00
8.810000000000131948e+00 8.322315127324612760e+00
8.830000000000131521e+00 8.306917578227025700e+00
8.850000000000131095e+00 8.279315745621888212e+00
8.870000000000130669e+00 8.172575701692640138e+00
8.890000000000130242e+00 8.200936201593918895e+00
8.910000000000129816e+00 8.230542679508365822e+00
8.930000000000129390e+00 8.138310086865409687e+00
8.950000000000128964e+00 8.079769190536522316e+00
8.970000000000128537e+00 8.048901535056177892e+00
8.990000000000128111e+00 8.041813295314952370e+00
9.010000000000127685e+00 7.925119054221802628e+00
9.030000000000127258e+00 8.076016284685829660e+00
9.050000000000126832e+00 7.846790288749740050e+00
9.070000000000126406e+00 7.953859172972603808e+00
9.090000000000125979e+00 7.834437529917734011e+00
9.110000000000125553e+00 7.862138380295238704e+00
9.130000000000125127e+00 7.741873591377919084e+00
9.150000000000124700e+00 7.724830750729063666e+00
9.170000000000124274e+00 7.823048751357206676e+00
9.190000000000123848e+00 7.689191546873924921e+00
9.210000000000123421e+00 7.695915605225899903e+00
9.230000000000122995e+00 7.765741307506483615e+00
9.250000000000122569e+00 7.578529043168464874e+00
9.270000000000122142e+00 7.650474146202217440e+00
9.290000000000121716e+00 7.556324044606007817e+00
9.310000000000121290e+00 7.506294695057174948e+00
9.330000000000120863e+00 7.526733320996862986e+00
9.350000000000120437e+00 7.547141577617368036e+00
9.370000000000120011e+00 7.393670282319317444e+00
9.390000000000119584e+00 7.426548100424104071e+00
9.410000000000119158e+00 7.437698611643520863e+00
9.430000000000118732e+00 7.398677657753256476e+00
9.450000000000118305e+00 7.258594032886396263e+00
9.470000000000117879e+00 7.350367765872790393e+00
9.490000000000117453e+00 7.221842531003354715e+00
9.510000000000117026e+00 7.359087399984537647e+00
9.530000000000116600e+00 7.139267400356644089e+00
9.550000000000116174e+00 7.185361192810077569e+00
9.570000000000115747e+00 7.183888495674885633e+00
9.590000000000115321e+00 7.214412030723987179e+00
9.610000000000114895e+00 7.156445463774767646e+00
9.630000000000114468e+00 6.949263007925604363e+00
9.650000000000114042e+00 7.076220856441016061e+00
9.670000000000113616e+00 6.976914623657439307e+00
9.690000000000113189e+00 6.972199100630534829e+00
9.710000000000112763e+00 6.869686288296638743e+00
9.730000000000112337e+00 6.928945860774215149e+00
9.750000000000111910e+00 6.844173214623792134e+00
9.770000000000111484e+00 6.900714308481611603e+00
9.790000000000111058e+00 6.721715043581252047e+00
9.810000000000110632e+00 6.670859630126232176e+00
9.830000000000110205e+00 6.677670037436610251e+00
9.850000000000109779e+00 6.773331949391234730e+00
9.870000000000109353e+00 6.625765244919821662e+00
9.890000000000108926e+00 6.561095689227706806e+00
9.910000000000108500e+00 6.589063533599410327e+00
9.930000000000108074e+00 6.596206743707244691e+00
9.950000000000107647e+00 6.517129078115702967e+00
9.970000000000107221e+00 6.461950785638216566e+00
9.990000000000106795e+00 6.414298856272545812e+00
1.001000000000010637e+01 6.415874480062884189e+00
1.003000000000010594e+01 6.459146463722922782e+00
1.005000000000010552e+01 6.289569801364364388e+00
1.007000000000010509e+01 6.314391716457646631e+00
1.009000000000010466e+01 6.220247112889643049e+00
1.011000000000010424e+01 6.275132417131074725e+00
1.013000000000010381e+01 6.210971460206057060e+00
1.015000000000010338e+01 6.126445874593448693e+00
1.017000000000010296e+01 6.124631866899191479e+00
1.019000000000010253e+01 6.124466507593366416e+00
1.021000000000010210e+01 5.945629129535264568e+00
1.023000000000010168e+01 6.113877683808110142e+00
1.025000000000010125e+01 5.964599986678860155e+00
1.027000000000010083e+01 5.976324928758742772e+00
1.029000000000010040e+01 5.973089948460832410e+00
1.031000000000009997e+01 5.876626354220455539e+00
1.033000000000009955e+01 5.867502732426811640e+00
1.035000000000009912e+01 5.861198481024660900e+00
1.037000000000009869e+01 5.827093756404404523e+00
1.039000000000009827e+01 5.809464397430269322e+00
1.041000000000009784e+01 5.819344163690776561e+00
1.043000000000009742e+01 5.790375457983896190e+00
1.045000000000009699e+01 5.715008868798795660e+00
1.047000000000009656e+01 5.752396345558849156e+00
1.049000000000009614e+01 5.722022932748588531e+00
1.051000000000009571e+01 5.667819754191595116e+00
1.053000000000009528e+01 5.576042328284184890e+00
1.055000000000009486e+01 5.609946395309800771e+00
1.057000000000009443e+01 5.507810322631379485e+00
1.059000000000009400e+01 5.529345632362860030e+00
1.061000000000009358e+01 5.533516762347584717e+00
1.063000000000009315e+01 5.528921253731533980e+00
1.065000000000009273e+01 5.434362464980251772e+00
1.067000000000009230e+01 5.455071398374813363e+00
1.069000000000009187e+01 5.423884701115239793e+00
1.071000000000009145e+01 5.314849606157522111e+00
1.073000000000009102e+01 5.350504505585422343e+00
1.075000000000009059e+01 5.326052598433014929e+00
1.077000000000009017e+01 5.241391090721443824e+00
1.079000000000008974e+01 5.266086334154947757e+00
1.081000000000008932e+01 5.306726130544647368e+00
1.083000000000008889e+01 5.248576872777168667e+00
1.085000000000008846e+01 5.181454756993557176e+00
1.087000000000008804e+01 5.277737054122816573e+00
1.089000000000008761e+01 5.140377056769458441e+00
1.091000000000008718e+01 5.155646697785095434e+00
1.093000000000008676e+01 5.090338236357130342e+00
1.095000000000008633e+01 5.042369433789262168e+00
1.097000000000008590e+01 5.148503519521013594e+00
1.099000000000008548e+01 4.980258418251373165e+00
1.101000000000008505e+01 5.009679376590753463e+00
1.103000000000008463e+01 5.014351692941457550e+00
1.105000000000008420e+01 4.906836814697718374e+00
1.107000000000008377e+01 4.886244913689656855e+00
1.109000000000008335e+01 4.907761385311380842e+00
1.111000000000008292e+01 4.851215940011891270e+00
1.113000000000008249e+01 4.775234988254924318e+00
1.115000000000008207e+01 4.831209242349983946e+00
1.117000000000008164e+01 4.768992289335734824e+00
1.119000000000008122e+01 4.801878065891210134e+00
1.121000000000008079e+01 4.753245611352562072e+00
1.123000000000008036e+01 4.700822473890061914e+00
1.125000000000007994e+01 4.673981572441675780e+00
1.127000000000007951e+01 4.698197055908350350e+00
1.129000000000007908e+01 4.650143238999868700e+00
1.131000000000007866e+01 4.610584741846536438e+00
1.133000000000007823e+01 4.621254798509287554e+00
1.135000000000007780e+01 4.597838878376650840e+00
1.137000000000007738e+01 4.536818537215699720e+00
1.139000000000007695e+01 4.524772393551104166e+00
1.141000000000007653e+01 4.496110501733060261e+00
1.143000000000007610e+01 4.463414868001061464e+00
1.145000000000007567e+01 4.478819602626423091e+00
1.147000000000007525e+01 4.430179487255516690e+00
1.149000000000007482e+01 4.386830140565348479e+00
1.151000000000007439e+01 4.361623815961102046e+00
1.153000000000007397e+01 4.344195436776738362e+00
1.155000000000007354e+01 4.332120075463680386e+00
1.157000000000007311e+01 4.310391287964748130e+00
1.159000000000007269e+01 4.269424495152378540e+00
1.161000000000007226e+01 4.305490638980854712e+00
1.163000000000007184e+01 4.177670399470656548e+00
1.165000000000007141e+01 4.242092449478113814e+00
1.167000000000007098e+01 4.155636065667126289e+00
1.169000000000007056e+01 4.222744018562268664e+00
1.171000000000007013e+01 4.084157130743190756e+00
1.173000000000006970e+01 4.147836330846019770e+00
1.175000000000006928e+01 4.118955833354068119e+00
1.177000000000006885e+01 4.133647515147902851e+00
1.179000000000006843e+01 4.045014489199647123e+00
1.181000000000006800e+01 4.031845630496889044e+00
1.183000000000006757e+01 4.015397156282281443e+00
1.185000000000006715e+01 3.978492696813668683e+00
1.187000000000006672e+01 3.980675566641989072e+00
1.189000000000006629e+01 3.945308692706816167e+00
1.191000000000006587e+01 3.890902692355364234e+00
1.193000000000006544e+01 3.876767315665361480e+00
1.195000000000006501e+01 3.820329479448483223e+00
1.197000000000006459e+01 3.842404060353960649e+00
1.199000000000006416e+01 3.832827731274032868e+00
1.201000000000006374e+01 3.783829168240427254e+00
1.203000000000006331e+01 3.701009742829966420e+00
1.205000000000006288e+01 3.671016863184447310e+00
1.207000000000006246e+01 3.770691226333995782e+00
1.209000000000006203e+01 3.647904002662935685e+00
1.211000000000006160e+01 3.673448704427079381e+00
1.213000000000006118e+01 3.656180961044752209e+00
1.215000000000006075e+01 3.625116355955801950e+00
1.217000000000006033e+01 3.645469974240822975e+00
1.219000000000005990e+01 3.628434704187319504e+00
1.221000000000005947e+01 3.521663128787282826e+00
1.223000000000005905e+01 3.530289671099217763e+00
1.225000000000005862e+01 3.521195591964515259e+00
1.227000000000005819e+01 3.453230567657138650e+00
1.229000000000005777e+01 3.463295729958219660e+00
1.231000000000005734e+01 3.441440934609358404e+00
1.233000000000005691e+01 3.400013086414219732e+00
1.235000000000005649e+01 3.379133864242443330e+00
1.237000000000005606e+01 3.360622043754683652e+00
1.239000000000005564e+01 3.259621452132225095e+00
1.241000000000005521e+01 3.345079183680766288e+00
1.243000000000005478e+01 3.238341102750279976e+00
1.245000000000005436e+01 3.323892672805590642e+00
1.247000000000005393e+01 3.247762966650586502e+00
1.249000000000005350e+01 3.173940881673571468e+00
1.251000000000005308e+01 3.195739953309185921e+00
1.253000000000005265e+01 3.220718161293205206e+00
1.255000000000005222e+01 3.212082319317298928e+00
1.257000000000005180e+01 3.094963817386850113e+00
1.259000000000005137e+01 3.095557714872010813e+00
1.261000000000005095e+01 3.127555273839499606e+00
1.263000000000005052e+01 3.116170249153789484e+00
1.265000000000005009e+01 3.015521404566225083e+00
1.267000000000004967e+01 3.023435782068123689e+00
1.269000000000004924e+01 3.056403784215147912e+00
1.271000000000004881e+01 2.963627289823587141e+00
1.273000000000004839e+01 2.891379643818199785e+00
1.275000000000004796e+01 2.949142166753575989e+00
1.277000000000004754e+01 2.881966147245830889e+00
1.279000000000004711e+01 2.829939966266547202e+00
1.281000000000004668e+01 2.885550943109763011e+00
1.283000000000004626e+01 2.812544500478232568e+00
1.285000000000004583e+01 2.728141227439072392e+00
1.287000000000004540e+01 2.743108692745334309e+00
1.289000000000004498e+01 2.789431032369047880e+00
1.291000000000004455e+01 2.715027372633638691e+00
1.293000000000004412e+01 2.716299908457180390e+00
1.295000000000004370e+01 2.620476741975746204e+00
1.297000000000004327e+01 2.669729436715313486e+00
1.299000000000004285e+01 2.645692410043355647e+00
1.301000000000004242e+01 2.593256864201999967e+00
1.303000000000004199e+01 2.575744533432080097e+00
1.305000000000004157e+01 2.579093805157246511e+00
1.307000000000004114e+01 2.552993872619200300e+00
1.309000000000004071e+01 2.541383748932848352e+00
1.311000000000004029e+01 2.466587762829535180e+00
1.313000000000003986e+01 2.447695125358877899e+00
1.315000000000003944e+01 2.392485334297932198e+00
1.317000000000003901e+01 2.426339477628896013e+00
1.319000000000003858e+01 2.366820248763772394e+00
1.321000000000003816e+01 2.386181941408076046e+00
1.323000000000003773e+01 2.326184137161287246e+00
1.325000000000003730e+01 2.325465038050313016e+00
1.327000000000003688e+01 2.283269689639623845e+00
1.329000000000003645e+01 2.236371280107439574e+00
1.331000000000003602e+01 2.234402282186548128e+00
1.333000000000003560e+01 2.200989480201356763e+00
1.335000000000003517e+01 2.127343752712905545e+00
1.337000000000003475e+01 2.136367351598456921e+00
1.339000000000003432e+01 2.112705776101673649e+00
1.341000000000003389e+01 2.084931848829236767e+00
1.343000000000003347e+01 2.008347506736734900e+00
1.345000000000003304e+01 2.018944171920127317e+00
1.347000000000003261e+01 1.986221592932107205e+00
1.349000000000003219e+01 2.006123185948143206e+00
1.351000000000003176e+01 1.965650906399618147e+00
1.353000000000003133e+01 1.913633142129270936e+00
1.355000000000003091e+01 1.892479202571330843e+00
1.357000000000003048e+01 1.859468001074934262e+00
1.359000000000003006e+01 1.805754312734676015e+00
1.361000000000002963e+01 1.796424383199020314e+00
1.363000000000002920e+01 1.787528104619734881e+00
1.365000000000002878e+01 1.754461825453004886e+00
1.367000000000002835e+01 1.740911270756787976e+00
1.369000000000002792e+01 1.667656320373602341e+00
1.371000000000002750e+01 1.654790554572931560e+00
1.373000000000002707e+01 1.645713796013285490e+00
1.375000000000002665e+01 1.631883277243296515e+00
1.377000000000002622e+01 1.590678454128623409e+00
1.379000000000002579e+01 1.533644113818949162e+00
1.381000000000002537e+01 1.530015633048247725e+00
1.383000000000002494e+01 1.466946593319483183e+00
1.385000000000002451e+01 1.455554145129982713e+00
1.387000000000002409e+01 1.435622179216096805e+00
1.389000000000002366e+01 1.387371455993237745e+00
1.391000000000002323e+01 1.339207870145835866e+00
1.393000000000002281e+01 1.325428538652257959e+00
1.395000000000002238e+01 1.262991270579943315e+00
1.397000000000002196e+01 1.226554123174459887e+00
1.399000000000002153e+01 1.209981432678377544e+00
1.401000000000002110e+01 1.163930150389588247e+00
1.403000000000002068e+01 1.144829753395179450e+00
1.405000000000002025e+01 1.158237178571970949e+00
1.407000000000001982e+01 1.119714255309697482e+00
1.409000000000001940e+01 1.118481864242174550e+00
1.411000000000001897e+01 1.087939862788769529e+00
1.413000000000001855e+01 1.029352124050609163e+00
1.415000000000001812e+01 1.027003066992339120e+00
1.417000000000001769e+01 9.660791319854905579e-01
1.419000000000001727e+01 9.600671109076505116e-01
1.421000000000001684e+01 9.287101625511883229e-01
1.423000000000001641e+01 9.375016911700774225e-01
1.425000000000001599e+01 8.924616808355967379e-01
1.427000000000001556e+01 8.687931269033005721e-01
1.429000000000001513e+01 8.684587350476146161e-01
1.431000000000001471e+01 8.566127343368846736e-01
1.433000000000001428e+01 8.158432520161965629e-01
1.435000000000001386e+01 8.125994687945201633e-01
1.437000000000001343e+01 7.738445238301995266e-01
1.439000000000001300e+01 7.771439107046475003e-01
1.441000000000001258e+01 7.263987661590279865e-01
1.443000000000001215e+01 7.041557293982712018e-01
1.445000000000001172e+01 6.883540206193096145e-01
1.447000000000001130e+01 6.631961499333552945e-01
1.449000000000001087e+01 6.469565684364991798e-01
1.451000000000001044e+01 6.132652191520386875e-01
1.453000000000001002e+01 5.999325809931518316e-01
1.455000000000000959e+01 5.916179189424145557e-01
1.457000000000000917e+01 5.019329307406300567e-01
1.459000000000000874e+01 3.800752080935670962e-01
1.461000000000000831e+01 1.902247064345657657e-01
1.463000000000000789e+01 6.075068637393361837e-02
1.465000000000000746e+01 5.613956124326932237e-03
1.467000000000000703e+01 5.589023625377467948e-03
1.469000000000000661e+01 5.564233058767914172e-03
1.471000000000000618e+01 0.000000000000000000e+00
1.473000000000000576e+01 0.000000000000000000e+00
1.475000000000000533e+01 0.000000000000000000e+00
1.477000000000000490e+01 0.000000000000000000e+00
1.479000000000000448e+01 0.000000000000000000e+00
1.481000000000000405e+01 0.000000000000000000e+00
1.483000000000000362e+01 0.000000000000000000e+00
1.485000000000000320e+01 0.000000000000000000e+00
1.487000000000000277e+01 0.000000000000000000e+00
1.489000000000000234e+01 0.000000000000000000e+00
1.491000000000000192e+01 0.000000000000000000e+00
1.493000000000000149e+01 0.000000000000000000e+00
1.495000000000000107e+01 0.000000000000000000e+00
1.497000000000000064e+01 0.000000000000000000e+00
1.499000000000000021e+01 0.000000000000000000e+00
