# Redshift		Merger Rate Density [Gpc^-3yr^-1]
1.000000000031931770e-02 2.403986543457663938e+00
3.000000000031888964e-02 2.420453792684989391e+00
5.000000000031846331e-02 2.508624897390312025e+00
7.000000000031804392e-02 2.379791590620135899e+00
9.000000000031761760e-02 2.480466737382077458e+00
1.100000000003171913e-01 2.524688650844770788e+00
1.300000000003167511e-01 2.548544116866648945e+00
1.500000000003163247e-01 2.657352805735316181e+00
1.700000000003158984e-01 2.794466145450530181e+00
1.900000000003154721e-01 2.813406882540925746e+00
2.100000000003150458e-01 3.042378577372361725e+00
2.300000000003146194e-01 2.939757632459420567e+00
2.500000000003141931e-01 3.116266801207562054e+00
2.700000000003137668e-01 3.113116453505300196e+00
2.900000000003133405e-01 3.144168841073109011e+00
3.100000000003129141e-01 3.332488591907434738e+00
3.300000000003124878e-01 3.411326303621499356e+00
3.500000000003120615e-01 3.480215941435858884e+00
3.700000000003116352e-01 3.810870477994139804e+00
3.900000000003112088e-01 3.707002206199818684e+00
4.100000000003107825e-01 3.642315076156039666e+00
4.300000000003103562e-01 3.732763633156997329e+00
4.500000000003099299e-01 3.887773628440748919e+00
4.700000000003095035e-01 3.757619134263963101e+00
4.900000000003090772e-01 4.053998994712305404e+00
5.100000000003086509e-01 3.978051715092865592e+00
5.300000000003082246e-01 4.119627992253468207e+00
5.500000000003077982e-01 4.006914219031204816e+00
5.700000000003073719e-01 4.463930222827285021e+00
5.900000000003069456e-01 4.347148891973875884e+00
6.100000000003065193e-01 4.339331359858538129e+00
6.300000000003060929e-01 4.310835059250735846e+00
6.500000000003056666e-01 4.299994309457975561e+00
6.700000000003052403e-01 4.523836386388646602e+00
6.900000000003048140e-01 4.309128656775321531e+00
7.100000000003043876e-01 4.518367830818831088e+00
7.300000000003039613e-01 4.435440504730564726e+00
7.500000000003035350e-01 4.662519517556582116e+00
7.700000000003031086e-01 4.754215431448336915e+00
7.900000000003026823e-01 4.761528762765698808e+00
8.100000000003022560e-01 4.733511072648063589e+00
8.300000000003018297e-01 4.985723494969560576e+00
8.500000000003014033e-01 5.126289837384094383e+00
8.700000000003009770e-01 5.531312027017283306e+00
8.900000000003005507e-01 5.261278279046756268e+00
9.100000000003001244e-01 5.486568521893537387e+00
9.300000000002996980e-01 5.592448826700158193e+00
9.500000000002992717e-01 5.547906810360762719e+00
9.700000000002988454e-01 5.652729851631068669e+00
9.900000000002984191e-01 5.969586196300531000e+00
1.010000000000297993e+00 5.856839813998507616e+00
1.030000000000297566e+00 5.852350144221954764e+00
1.050000000000297140e+00 6.054632637168900544e+00
1.070000000000296714e+00 6.223533926380588888e+00
1.090000000000296287e+00 6.121499808254236008e+00
1.110000000000295861e+00 6.507178242878461027e+00
1.130000000000295435e+00 6.569549253912683184e+00
1.150000000000295008e+00 6.326315932484495974e+00
1.170000000000294582e+00 6.565361786194850779e+00
1.190000000000294156e+00 6.764536455638866741e+00
1.210000000000293729e+00 6.827042780718858950e+00
1.230000000000293303e+00 6.778814206033536571e+00
1.250000000000292877e+00 7.244277371957023703e+00
1.270000000000292451e+00 7.024547267561284336e+00
1.290000000000292024e+00 7.288839753204499061e+00
1.310000000000291598e+00 7.152792950028279861e+00
1.330000000000291172e+00 7.513999799483583431e+00
1.350000000000290745e+00 7.702518164862466321e+00
1.370000000000290319e+00 7.470865547969144593e+00
1.390000000000289893e+00 7.660563983765208640e+00
1.410000000000289466e+00 7.586998638772679548e+00
1.430000000000289040e+00 7.820375587047432298e+00
1.450000000000288614e+00 7.836940701555344724e+00
1.470000000000288187e+00 7.942480008786495738e+00
1.490000000000287761e+00 7.801784032559115900e+00
1.510000000000287335e+00 8.058290685184703150e+00
1.530000000000286908e+00 8.248595858471047038e+00
1.550000000000286482e+00 8.082545597156162387e+00
1.570000000000286056e+00 8.483360367639225075e+00
1.590000000000285629e+00 8.135662924925203043e+00
1.610000000000285203e+00 8.732980774748668296e+00
1.630000000000284777e+00 8.214162444442237643e+00
1.650000000000284350e+00 8.341072075920576978e+00
1.670000000000283924e+00 8.679008897468769135e+00
1.690000000000283498e+00 8.371202930747591253e+00
1.710000000000283071e+00 8.349509806524350708e+00
1.730000000000282645e+00 8.592683835467987308e+00
1.750000000000282219e+00 8.686515239360414142e+00
1.770000000000281792e+00 8.619507501347273504e+00
1.790000000000281366e+00 8.335315880607634398e+00
1.810000000000280940e+00 8.789325638629239990e+00
1.830000000000280513e+00 8.969760516646557491e+00
1.850000000000280087e+00 8.295397501865817702e+00
1.870000000000279661e+00 8.943242453720328555e+00
1.890000000000279234e+00 8.527124829905414316e+00
1.910000000000278808e+00 8.906460429148337354e+00
1.930000000000278382e+00 8.801371144129799262e+00
1.950000000000277955e+00 8.647765501177078207e+00
1.970000000000277529e+00 8.644178336882873737e+00
1.990000000000277103e+00 9.219703743275086794e+00
2.010000000000276899e+00 8.676725330279298376e+00
2.030000000000276472e+00 9.057883944236664320e+00
2.050000000000276046e+00 8.922369717126084510e+00
2.070000000000275620e+00 8.895015691970391103e+00
2.090000000000275193e+00 9.038029447995684862e+00
2.110000000000274767e+00 8.786234657275356241e+00
2.130000000000274341e+00 8.955128810188218935e+00
2.150000000000273914e+00 9.206760821950943807e+00
2.170000000000273488e+00 9.019424455505749449e+00
2.190000000000273062e+00 8.808056987852186381e+00
2.210000000000272635e+00 9.117915810386461928e+00
2.230000000000272209e+00 8.580962792377746950e+00
2.250000000000271783e+00 9.052642038443126538e+00
2.270000000000271356e+00 8.896145595088952973e+00
2.290000000000270930e+00 8.792983540734329750e+00
2.310000000000270504e+00 8.932353590106689722e+00
2.330000000000270077e+00 8.963294422225871472e+00
2.350000000000269651e+00 8.875410861111966199e+00
2.370000000000269225e+00 9.064819835947957927e+00
2.390000000000268798e+00 9.261182532893867503e+00
2.410000000000268372e+00 8.773454953881191898e+00
2.430000000000267946e+00 9.067446390691483060e+00
2.450000000000267519e+00 8.887878664737035805e+00
2.470000000000267093e+00 9.066501756942097145e+00
2.490000000000266667e+00 9.122248749610989194e+00
2.510000000000266240e+00 9.013700695697147935e+00
2.530000000000265814e+00 8.776057109875450735e+00
2.550000000000265388e+00 8.902200595525000537e+00
2.570000000000264961e+00 9.025793874075956680e+00
2.590000000000264535e+00 8.921096255989485968e+00
2.610000000000264109e+00 9.141723541451881374e+00
2.630000000000263682e+00 8.978643321324037530e+00
2.650000000000263256e+00 8.963485841287756273e+00
2.670000000000262830e+00 8.942445670418695869e+00
2.690000000000262403e+00 9.011746363340458643e+00
2.710000000000261977e+00 8.784095755825536145e+00
2.730000000000261551e+00 9.229300739685152521e+00
2.750000000000261124e+00 9.052637423606347156e+00
2.770000000000260698e+00 8.868019639147773248e+00
2.790000000000260272e+00 8.658568799457471599e+00
2.810000000000259845e+00 8.857858785546092406e+00
2.830000000000259419e+00 8.785248803595699485e+00
2.850000000000258993e+00 8.685224278896845007e+00
2.870000000000258567e+00 8.771339206682542411e+00
2.890000000000258140e+00 8.723381581266531626e+00
2.910000000000257714e+00 8.654724757408638780e+00
2.930000000000257288e+00 8.771862552470429009e+00
2.950000000000256861e+00 8.759631918492425839e+00
2.970000000000256435e+00 8.651866404869672067e+00
2.990000000000256009e+00 8.594476010195117865e+00
3.010000000000255582e+00 8.462314490457362837e+00
3.030000000000255156e+00 8.571199733489400785e+00
3.050000000000254730e+00 8.585382645834519266e+00
3.070000000000254303e+00 8.719498123573689696e+00
3.090000000000253877e+00 8.284618478042329315e+00
3.110000000000253451e+00 8.385250327000381532e+00
3.130000000000253024e+00 8.385943780812290527e+00
3.150000000000252598e+00 8.325500674511557619e+00
3.170000000000252172e+00 8.469556182757612461e+00
3.190000000000251745e+00 8.391773134942159373e+00
3.210000000000251319e+00 8.482793846290688222e+00
3.230000000000250893e+00 8.216999178750667099e+00
3.250000000000250466e+00 8.079768754161927191e+00
3.270000000000250040e+00 8.272045279166515996e+00
3.290000000000249614e+00 8.299104800013628491e+00
3.310000000000249187e+00 8.129108124700856308e+00
3.330000000000248761e+00 8.016088504678217319e+00
3.350000000000248335e+00 8.102310500278425920e+00
3.370000000000247908e+00 8.163758508399746816e+00
3.390000000000247482e+00 8.160907322149613563e+00
3.410000000000247056e+00 8.057787594786594454e+00
3.430000000000246629e+00 7.832159527936064514e+00
3.450000000000246203e+00 7.850262177621399218e+00
3.470000000000245777e+00 7.812973173478535038e+00
3.490000000000245350e+00 7.813196222469853680e+00
3.510000000000244924e+00 7.856669476472530889e+00
3.530000000000244498e+00 7.917073831507400072e+00
3.550000000000244071e+00 7.474086922747442685e+00
3.570000000000243645e+00 7.721498867404195998e+00
3.590000000000243219e+00 7.538782244520413123e+00
3.610000000000242792e+00 7.703998934818306665e+00
3.630000000000242366e+00 7.546022991455802575e+00
3.650000000000241940e+00 7.654992447087359153e+00
3.670000000000241513e+00 7.548887275100661931e+00
3.690000000000241087e+00 7.567222636124290247e+00
3.710000000000240661e+00 7.266802508292946605e+00
3.730000000000240234e+00 7.521258419560836295e+00
3.750000000000239808e+00 7.367518287342460503e+00
3.770000000000239382e+00 7.590286360975549762e+00
3.790000000000238956e+00 7.427218920904305577e+00
3.810000000000238529e+00 7.291625677657761706e+00
3.830000000000238103e+00 7.289390541861641815e+00
3.850000000000237677e+00 7.337997348736755576e+00
3.870000000000237250e+00 7.320203036547354714e+00
3.890000000000236824e+00 7.185103174541485060e+00
3.910000000000236398e+00 7.092399656942638408e+00
3.930000000000235971e+00 7.184865760295083170e+00
3.950000000000235545e+00 7.341350294264587184e+00
3.970000000000235119e+00 7.177625266881469734e+00
3.990000000000234692e+00 7.156814752157656834e+00
4.010000000000234266e+00 7.274698038788127263e+00
4.030000000000233840e+00 6.899299569598886350e+00
4.050000000000233413e+00 7.044459919243639234e+00
4.070000000000232987e+00 7.331408976349777618e+00
4.090000000000232561e+00 6.878982669220687463e+00
4.110000000000232134e+00 7.049218522131202924e+00
4.130000000000231708e+00 6.869216472571943122e+00
4.150000000000231282e+00 7.071820799022777493e+00
4.170000000000230855e+00 7.021445720960156400e+00
4.190000000000230429e+00 6.783273755102630531e+00
4.210000000000230003e+00 6.895077006754004145e+00
4.230000000000229576e+00 6.820374862218143264e+00
4.250000000000229150e+00 6.923652037216846189e+00
4.270000000000228724e+00 6.834309059330574421e+00
4.290000000000228297e+00 6.792822367644860471e+00
4.310000000000227871e+00 6.657248367563249225e+00
4.330000000000227445e+00 6.795154686278018552e+00
4.350000000000227018e+00 6.900123710982441594e+00
4.370000000000226592e+00 6.763897277485972026e+00
4.390000000000226166e+00 6.747412838769087706e+00
4.410000000000225739e+00 6.681128951196125598e+00
4.430000000000225313e+00 6.680838415670712571e+00
4.450000000000224887e+00 6.582533556848518153e+00
4.470000000000224460e+00 6.723667271806649026e+00
4.490000000000224034e+00 6.341113540933074333e+00
4.510000000000223608e+00 6.829700012381927365e+00
4.530000000000223181e+00 6.291533559880129189e+00
4.550000000000222755e+00 6.557742744860268758e+00
4.570000000000222329e+00 6.626782464044667087e+00
4.590000000000221902e+00 6.505850364243214834e+00
4.610000000000221476e+00 6.349360985120770628e+00
4.630000000000221050e+00 6.516352424655130093e+00
4.650000000000220624e+00 6.385023917324227583e+00
4.670000000000220197e+00 6.300352615423299163e+00
4.690000000000219771e+00 6.385059490185445163e+00
4.710000000000219345e+00 6.310410708377148126e+00
4.730000000000218918e+00 6.271544200423492477e+00
4.750000000000218492e+00 6.362010855280700206e+00
4.770000000000218066e+00 6.457972859835651391e+00
4.790000000000217639e+00 6.311973823578322040e+00
4.810000000000217213e+00 6.121443187997244628e+00
4.830000000000216787e+00 6.441427770020982102e+00
4.850000000000216360e+00 6.138339876274152118e+00
4.870000000000215934e+00 6.178462583257370078e+00
4.890000000000215508e+00 6.206693537816389217e+00
4.910000000000215081e+00 6.186258521742358241e+00
4.930000000000214655e+00 6.097161851299579993e+00
4.950000000000214229e+00 6.110076330977840975e+00
4.970000000000213802e+00 6.291988469641932369e+00
4.990000000000213376e+00 6.099466818589539763e+00
5.010000000000212950e+00 6.020830037541425206e+00
5.030000000000212523e+00 6.143896819083474625e+00
5.050000000000212097e+00 6.079906860011089265e+00
5.070000000000211671e+00 5.954225680247483332e+00
5.090000000000211244e+00 6.080322498708455647e+00
5.110000000000210818e+00 6.139185141539531543e+00
5.130000000000210392e+00 6.005377084391240849e+00
5.150000000000209965e+00 6.128421259683477729e+00
5.170000000000209539e+00 5.969070169196018405e+00
5.190000000000209113e+00 5.930193759691750444e+00
5.210000000000208686e+00 5.959864957896543913e+00
5.230000000000208260e+00 5.873419257805702287e+00
5.250000000000207834e+00 5.912852479373960080e+00
5.270000000000207407e+00 5.852511051477635284e+00
5.290000000000206981e+00 6.137316162735706015e+00
5.310000000000206555e+00 5.882767254853218830e+00
5.330000000000206128e+00 5.935695743794084045e+00
5.350000000000205702e+00 5.710680100328068498e+00
5.370000000000205276e+00 5.911040099193697550e+00
5.390000000000204849e+00 5.856869041863120628e+00
5.410000000000204423e+00 5.841227515597638309e+00
5.430000000000203997e+00 5.737597503619924488e+00
5.450000000000203570e+00 5.756411900928016578e+00
5.470000000000203144e+00 5.845842293678363610e+00
5.490000000000202718e+00 5.743879362772780439e+00
5.510000000000202292e+00 5.792182229122843751e+00
5.530000000000201865e+00 5.661556216097110017e+00
5.550000000000201439e+00 5.743589119470693838e+00
5.570000000000201013e+00 5.826619019512793152e+00
5.590000000000200586e+00 5.790318486391398345e+00
5.610000000000200160e+00 5.706323940393348337e+00
5.630000000000199734e+00 5.710426611087421556e+00
5.650000000000199307e+00 5.695362835506363908e+00
5.670000000000198881e+00 5.719001261671466274e+00
5.690000000000198455e+00 5.770421648002552750e+00
5.710000000000198028e+00 5.596857321896751891e+00
5.730000000000197602e+00 5.577260599639088490e+00
5.750000000000197176e+00 5.571303517430875374e+00
5.770000000000196749e+00 5.605974634887072483e+00
5.790000000000196323e+00 5.688359217422314096e+00
5.810000000000195897e+00 5.492330984967115803e+00
5.830000000000195470e+00 5.599594794191909308e+00
5.850000000000195044e+00 5.632139815012769724e+00
5.870000000000194618e+00 5.468067752677526983e+00
5.890000000000194191e+00 5.539207217830294461e+00
5.910000000000193765e+00 5.618097915756216310e+00
5.930000000000193339e+00 5.506048085947441884e+00
5.950000000000192912e+00 5.638904458925479091e+00
5.970000000000192486e+00 5.517067361101864797e+00
5.990000000000192060e+00 5.442699283661479370e+00
6.010000000000191633e+00 5.342565040948572985e+00
6.030000000000191207e+00 5.532167604916151227e+00
6.050000000000190781e+00 5.473944013774487694e+00
6.070000000000190354e+00 5.424421503617775642e+00
6.090000000000189928e+00 5.461475087234795467e+00
6.110000000000189502e+00 5.450983802678472045e+00
6.130000000000189075e+00 5.392149470412015866e+00
6.150000000000188649e+00 5.329773297708647384e+00
6.170000000000188223e+00 5.343186111222141044e+00
6.190000000000187796e+00 5.391269435077993499e+00
6.210000000000187370e+00 5.433977712260319670e+00
6.230000000000186944e+00 5.292584936086768721e+00
6.250000000000186517e+00 5.354762603549073852e+00
6.270000000000186091e+00 5.352885018661628358e+00
6.290000000000185665e+00 5.299018515195248469e+00
6.310000000000185238e+00 5.379138074122272961e+00
6.330000000000184812e+00 5.229506149929196823e+00
6.350000000000184386e+00 5.317275965186397002e+00
6.370000000000183960e+00 5.218039457826590066e+00
6.390000000000183533e+00 5.355368499882668054e+00
6.410000000000183107e+00 5.267422414460900981e+00
6.430000000000182681e+00 5.078364083735237955e+00
6.450000000000182254e+00 5.290822736625777623e+00
6.470000000000181828e+00 5.207313612314453444e+00
6.490000000000181402e+00 5.148588179341127891e+00
6.510000000000180975e+00 5.124665940352127969e+00
6.530000000000180549e+00 5.260876684162409944e+00
6.550000000000180123e+00 5.115314179064457178e+00
6.570000000000179696e+00 5.110349510848510413e+00
6.590000000000179270e+00 5.068324006441161877e+00
6.610000000000178844e+00 5.169126135958745039e+00
6.630000000000178417e+00 5.138071915211912533e+00
6.650000000000177991e+00 5.072937735906032586e+00
6.670000000000177565e+00 5.028588418184014586e+00
6.690000000000177138e+00 4.920861063601742025e+00
6.710000000000176712e+00 5.037174313727209807e+00
6.730000000000176286e+00 5.043632893990549704e+00
6.750000000000175859e+00 4.874515787357067254e+00
6.770000000000175433e+00 5.056503446966293502e+00
6.790000000000175007e+00 4.881894755916632356e+00
6.810000000000174580e+00 4.793392953083684738e+00
6.830000000000174154e+00 4.833672881136918065e+00
6.850000000000173728e+00 5.017765205657691574e+00
6.870000000000173301e+00 4.921242720466699971e+00
6.890000000000172875e+00 4.742229336355899605e+00
6.910000000000172449e+00 4.862773838038820351e+00
6.930000000000172022e+00 4.724960301914260086e+00
6.950000000000171596e+00 4.800656733003537902e+00
6.970000000000171170e+00 4.754373615057458480e+00
6.990000000000170743e+00 4.707116339669859428e+00
7.010000000000170317e+00 4.686662678495930656e+00
7.030000000000169891e+00 4.683011792431871712e+00
7.050000000000169464e+00 4.704118481055593826e+00
7.070000000000169038e+00 4.647439292141758216e+00
7.090000000000168612e+00 4.678226875776022808e+00
7.110000000000168185e+00 4.630601164554785321e+00
7.130000000000167759e+00 4.641672369462486181e+00
7.150000000000167333e+00 4.594294536845336729e+00
7.170000000000166906e+00 4.568983389430424147e+00
7.190000000000166480e+00 4.519988538638696873e+00
7.210000000000166054e+00 4.427249007771719036e+00
7.230000000000165628e+00 4.516165447786821829e+00
7.250000000000165201e+00 4.445401502879758660e+00
7.270000000000164775e+00 4.495228654022923820e+00
7.290000000000164349e+00 4.458907309241754824e+00
7.310000000000163922e+00 4.446949696409192576e+00
7.330000000000163496e+00 4.445389755619525651e+00
7.350000000000163070e+00 4.372001376331700051e+00
7.370000000000162643e+00 4.420096749338513931e+00
7.390000000000162217e+00 4.422093077144769069e+00
7.410000000000161791e+00 4.321568245235860140e+00
7.430000000000161364e+00 4.374767524239874028e+00
7.450000000000160938e+00 4.259993987469699483e+00
7.470000000000160512e+00 4.406023894728346768e+00
7.490000000000160085e+00 4.258301177877437560e+00
7.510000000000159659e+00 4.390745400152417766e+00
7.530000000000159233e+00 4.248888223046538570e+00
7.550000000000158806e+00 4.202870944447089308e+00
7.570000000000158380e+00 4.103901203683015808e+00
7.590000000000157954e+00 4.221105167688305571e+00
7.610000000000157527e+00 4.208413196889893904e+00
7.630000000000157101e+00 4.303001157447353897e+00
7.650000000000156675e+00 4.129608506433392279e+00
7.670000000000156248e+00 4.144459468268045121e+00
7.690000000000155822e+00 4.149775621266049264e+00
7.710000000000155396e+00 4.156268063670518487e+00
7.730000000000154969e+00 4.079711319573694261e+00
7.750000000000154543e+00 4.111251956926787798e+00
7.770000000000154117e+00 4.021898631438800109e+00
7.790000000000153690e+00 4.025117237111822455e+00
7.810000000000153264e+00 4.041538452855830243e+00
7.830000000000152838e+00 4.001005080511450096e+00
7.850000000000152411e+00 4.018440664276496932e+00
7.870000000000151985e+00 3.901983834660816441e+00
7.890000000000151559e+00 3.989914116337668570e+00
7.910000000000151132e+00 4.009184057167430204e+00
7.930000000000150706e+00 3.964616327034643284e+00
7.950000000000150280e+00 3.948138517653562385e+00
7.970000000000149853e+00 3.956977615341357168e+00
7.990000000000149427e+00 3.941883923193617356e+00
8.010000000000149001e+00 3.906873107470881124e+00
8.030000000000148574e+00 3.860967905641986775e+00
8.050000000000148148e+00 3.847673409752873752e+00
8.070000000000147722e+00 3.822619761607492173e+00
8.090000000000147296e+00 3.822386277548829536e+00
8.110000000000146869e+00 3.821074083788492004e+00
8.130000000000146443e+00 3.823783780203475757e+00
8.150000000000146017e+00 3.742717044148118788e+00
8.170000000000145590e+00 3.807335476284406717e+00
8.190000000000145164e+00 3.700751543656790155e+00
8.210000000000144738e+00 3.826188236158422296e+00
8.230000000000144311e+00 3.715473093700455198e+00
8.250000000000143885e+00 3.733053733254251938e+00
8.270000000000143459e+00 3.690647758423937663e+00
8.290000000000143032e+00 3.625465055440679318e+00
8.310000000000142606e+00 3.684669077983894869e+00
8.330000000000142180e+00 3.634092656205504035e+00
8.350000000000141753e+00 3.658328786123129728e+00
8.370000000000141327e+00 3.637043883105421926e+00
8.390000000000140901e+00 3.601713704506460889e+00
8.410000000000140474e+00 3.552794284151461479e+00
8.430000000000140048e+00 3.618541243323428080e+00
8.450000000000139622e+00 3.551418822554658572e+00
8.470000000000139195e+00 3.560339775396551332e+00
8.490000000000138769e+00 3.526194648779354512e+00
8.510000000000138343e+00 3.511681881695018159e+00
8.530000000000137916e+00 3.543300965592095508e+00
8.550000000000137490e+00 3.485947521100820179e+00
8.570000000000137064e+00 3.419129331705940800e+00
8.590000000000136637e+00 3.462657223894047398e+00
8.610000000000136211e+00 3.449518478893781825e+00
8.630000000000135785e+00 3.414004561862528320e+00
8.650000000000135358e+00 3.384422440691325029e+00
8.670000000000134932e+00 3.406810601910053915e+00
8.690000000000134506e+00 3.357130176891772066e+00
8.710000000000134079e+00 3.355278775749950704e+00
8.730000000000133653e+00 3.365182673341675201e+00
8.750000000000133227e+00 3.330568778967039290e+00
8.770000000000132800e+00 3.255367355073441882e+00
8.790000000000132374e+00 3.298312063140158568e+00
8.810000000000131948e+00 3.269175792862918151e+00
8.830000000000131521e+00 3.313306394069405414e+00
8.850000000000131095e+00 3.259915461395008762e+00
8.870000000000130669e+00 3.289554674950978086e+00
8.890000000000130242e+00 3.223892100244887704e+00
8.910000000000129816e+00 3.206644388832644132e+00
8.930000000000129390e+00 3.197363370962301943e+00
8.950000000000128964e+00 3.193667158040727649e+00
8.970000000000128537e+00 3.130063453274158025e+00
8.990000000000128111e+00 3.170404166677460278e+00
9.010000000000127685e+00 3.107142544545560714e+00
9.030000000000127258e+00 3.153951601410424743e+00
9.050000000000126832e+00 3.134121749613973495e+00
9.070000000000126406e+00 3.031671588502514503e+00
9.090000000000125979e+00 3.099324779270553609e+00
9.110000000000125553e+00 3.049879624896918440e+00
9.130000000000125127e+00 3.018665866984921564e+00
9.150000000000124700e+00 3.042151619127549722e+00
9.170000000000124274e+00 3.052563405153712939e+00
9.190000000000123848e+00 2.993847845960718956e+00
9.210000000000123421e+00 2.961401804048014785e+00
9.230000000000122995e+00 2.941204819308463669e+00
9.250000000000122569e+00 2.926982280741860620e+00
9.270000000000122142e+00 2.935692979520388768e+00
9.290000000000121716e+00 2.898698706976045258e+00
9.310000000000121290e+00 2.917172475520706243e+00
9.330000000000120863e+00 2.907456968070263770e+00
9.350000000000120437e+00 2.887873872590856816e+00
9.370000000000120011e+00 2.837874877238493188e+00
9.390000000000119584e+00 2.882482917355964069e+00
9.410000000000119158e+00 2.814534664807493147e+00
9.430000000000118732e+00 2.802431756546252650e+00
9.450000000000118305e+00 2.806854770201766325e+00
9.470000000000117879e+00 2.770703750398825882e+00
9.490000000000117453e+00 2.775371893763012299e+00
9.510000000000117026e+00 2.739797714288481512e+00
9.530000000000116600e+00 2.763016413858541132e+00
9.550000000000116174e+00 2.779457545984606259e+00
9.570000000000115747e+00 2.663993824233896301e+00
9.590000000000115321e+00 2.745078116570701887e+00
9.610000000000114895e+00 2.694001383116539916e+00
9.630000000000114468e+00 2.665308957316209870e+00
9.650000000000114042e+00 2.635334861903533277e+00
9.670000000000113616e+00 2.684344008143388915e+00
9.690000000000113189e+00 2.581463915240158169e+00
9.710000000000112763e+00 2.635001712984744948e+00
9.730000000000112337e+00 2.607287029770506859e+00
9.750000000000111910e+00 2.571325988221525360e+00
9.770000000000111484e+00 2.550910647894775174e+00
9.790000000000111058e+00 2.565924405974492561e+00
9.810000000000110632e+00 2.554967351679912735e+00
9.830000000000110205e+00 2.510063425495750788e+00
9.850000000000109779e+00 2.519443252343135153e+00
9.870000000000109353e+00 2.489934434268252339e+00
9.890000000000108926e+00 2.479310033538971947e+00
9.910000000000108500e+00 2.485223922173991795e+00
9.930000000000108074e+00 2.456125865596993751e+00
9.950000000000107647e+00 2.459931479709774216e+00
9.970000000000107221e+00 2.410484746573136938e+00
9.990000000000106795e+00 2.439950163686596785e+00
1.001000000000010637e+01 2.421232019555138670e+00
1.003000000000010594e+01 2.355561852468240236e+00
1.005000000000010552e+01 2.410066096262509117e+00
1.007000000000010509e+01 2.355728027908965849e+00
1.009000000000010466e+01 2.360777508537830194e+00
1.011000000000010424e+01 2.379780917299864296e+00
1.013000000000010381e+01 2.284557715550790569e+00
1.015000000000010338e+01 2.325507671636446450e+00
1.017000000000010296e+01 2.269020917478344668e+00
1.019000000000010253e+01 2.282386817105840571e+00
1.021000000000010210e+01 2.246254450419709947e+00
1.023000000000010168e+01 2.282196993113515759e+00
1.025000000000010125e+01 2.229691917801071011e+00
1.027000000000010083e+01 2.209006641193084874e+00
1.029000000000010040e+01 2.229929435553096972e+00
1.031000000000009997e+01 2.187824963774655185e+00
1.033000000000009955e+01 2.233988580351858655e+00
1.035000000000009912e+01 2.198260864336624820e+00
1.037000000000009869e+01 2.152804637681029920e+00
1.039000000000009827e+01 2.184841082115546396e+00
1.041000000000009784e+01 2.109721210696022364e+00
1.043000000000009742e+01 2.146590331013479513e+00
1.045000000000009699e+01 2.110800016255343525e+00
1.047000000000009656e+01 2.155319952864445554e+00
1.049000000000009614e+01 2.083687806832595246e+00
1.051000000000009571e+01 2.072838170967033378e+00
1.053000000000009528e+01 2.090323452143179495e+00
1.055000000000009486e+01 2.119320382403463654e+00
1.057000000000009443e+01 2.022293560592076211e+00
1.059000000000009400e+01 2.065791914171957622e+00
1.061000000000009358e+01 2.025958118040594780e+00
1.063000000000009315e+01 2.012499827917356487e+00
1.065000000000009273e+01 1.983104072523269812e+00
1.067000000000009230e+01 1.996751770223862854e+00
1.069000000000009187e+01 2.001890739253611162e+00
1.071000000000009145e+01 1.982142284830202605e+00
1.073000000000009102e+01 1.951968303351471201e+00
1.075000000000009059e+01 1.946911343377677461e+00
1.077000000000009017e+01 1.985107997688247972e+00
1.079000000000008974e+01 1.927849761414572205e+00
1.081000000000008932e+01 1.911713732786239683e+00
1.083000000000008889e+01 1.926975898403610721e+00
1.085000000000008846e+01 1.910886403725952754e+00
1.087000000000008804e+01 1.893073871726757007e+00
1.089000000000008761e+01 1.901047204165246196e+00
1.091000000000008718e+01 1.877380453754067036e+00
1.093000000000008676e+01 1.908270106544906586e+00
1.095000000000008633e+01 1.852256059023216217e+00
1.097000000000008590e+01 1.866080147819331403e+00
1.099000000000008548e+01 1.864550577508356843e+00
1.101000000000008505e+01 1.873542089683384315e+00
1.103000000000008463e+01 1.818516366184462774e+00
1.105000000000008420e+01 1.831414963188974010e+00
1.107000000000008377e+01 1.756113028204947968e+00
1.109000000000008335e+01 1.794885243289036092e+00
1.111000000000008292e+01 1.769944334001186892e+00
1.113000000000008249e+01 1.741343272756863625e+00
1.115000000000008207e+01 1.789588263926477740e+00
1.117000000000008164e+01 1.787204113384860404e+00
1.119000000000008122e+01 1.736933839686610748e+00
1.121000000000008079e+01 1.755549047183738720e+00
1.123000000000008036e+01 1.706221485593260256e+00
1.125000000000007994e+01 1.712705916476558121e+00
1.127000000000007951e+01 1.707384263148884473e+00
1.129000000000007908e+01 1.711965940658068952e+00
1.131000000000007866e+01 1.715502057005882763e+00
1.133000000000007823e+01 1.688569646666342905e+00
1.135000000000007780e+01 1.684900472377530489e+00
1.137000000000007738e+01 1.675829842262966718e+00
1.139000000000007695e+01 1.687303663535635989e+00
1.141000000000007653e+01 1.637236084832911942e+00
1.143000000000007610e+01 1.612477783768788919e+00
1.145000000000007567e+01 1.647093757844773965e+00
1.147000000000007525e+01 1.634679195494659787e+00
1.149000000000007482e+01 1.614203248786775902e+00
1.151000000000007439e+01 1.613796574968796804e+00
1.153000000000007397e+01 1.583132722912111268e+00
1.155000000000007354e+01 1.581825549013134102e+00
1.157000000000007311e+01 1.586043423087721616e+00
1.159000000000007269e+01 1.600563630521264269e+00
1.161000000000007226e+01 1.567786545602426473e+00
1.163000000000007184e+01 1.563322720380238895e+00
1.165000000000007141e+01 1.540282889885913109e+00
1.167000000000007098e+01 1.524384775197985098e+00
1.169000000000007056e+01 1.541768725542484120e+00
1.171000000000007013e+01 1.547086498596251580e+00
1.173000000000006970e+01 1.491169229984983247e+00
1.175000000000006928e+01 1.499240058750821003e+00
1.177000000000006885e+01 1.486686563100576786e+00
1.179000000000006843e+01 1.499610742145284448e+00
1.181000000000006800e+01 1.503612466896241617e+00
1.183000000000006757e+01 1.467535745037349404e+00
1.185000000000006715e+01 1.441796756427652593e+00
1.187000000000006672e+01 1.450287821513076114e+00
1.189000000000006629e+01 1.467530295880515423e+00
1.191000000000006587e+01 1.413000863442912092e+00
1.193000000000006544e+01 1.420170391797499043e+00
1.195000000000006501e+01 1.415266018154799355e+00
1.197000000000006459e+01 1.413978905329022595e+00
1.199000000000006416e+01 1.376211790524488610e+00
1.201000000000006374e+01 1.412608909916672539e+00
1.203000000000006331e+01 1.342003440673642745e+00
1.205000000000006288e+01 1.392909029400065446e+00
1.207000000000006246e+01 1.355434228014612108e+00
1.209000000000006203e+01 1.349929528431796033e+00
1.211000000000006160e+01 1.359958356893196552e+00
1.213000000000006118e+01 1.359106419703439927e+00
1.215000000000006075e+01 1.334479545712998094e+00
1.217000000000006033e+01 1.323754071902587537e+00
1.219000000000005990e+01 1.318721985476524416e+00
1.221000000000005947e+01 1.294266063058817418e+00
1.223000000000005905e+01 1.290305167232455918e+00
1.225000000000005862e+01 1.311717023789490399e+00
1.227000000000005819e+01 1.296360526328650398e+00
1.229000000000005777e+01 1.253939655312489299e+00
1.231000000000005734e+01 1.269155404451135949e+00
1.233000000000005691e+01 1.275636791930351732e+00
1.235000000000005649e+01 1.240966165889723083e+00
1.237000000000005606e+01 1.238328723711036305e+00
1.239000000000005564e+01 1.235787421967867505e+00
1.241000000000005521e+01 1.215429840038645404e+00
1.243000000000005478e+01 1.228863098172637613e+00
1.245000000000005436e+01 1.228001319796866220e+00
1.247000000000005393e+01 1.173550181125620373e+00
1.249000000000005350e+01 1.201127534936283103e+00
1.251000000000005308e+01 1.207881780469450828e+00
1.253000000000005265e+01 1.188943076916904706e+00
1.255000000000005222e+01 1.170631245049062352e+00
1.257000000000005180e+01 1.160707440234981735e+00
1.259000000000005137e+01 1.128432347943839398e+00
1.261000000000005095e+01 1.122107657164664873e+00
1.263000000000005052e+01 1.133388701219160355e+00
1.265000000000005009e+01 1.134047905199969675e+00
1.267000000000004967e+01 1.128247485309128217e+00
1.269000000000004924e+01 1.090885101172979876e+00
1.271000000000004881e+01 1.138942438429248805e+00
1.273000000000004839e+01 1.082882358016384883e+00
1.275000000000004796e+01 1.101569841097692182e+00
1.277000000000004754e+01 1.090210028243590923e+00
1.279000000000004711e+01 1.100538623833377860e+00
1.281000000000004668e+01 1.055429364833531114e+00
1.283000000000004626e+01 1.077160786175761276e+00
1.285000000000004583e+01 1.054709315185442087e+00
1.287000000000004540e+01 1.044877345896677578e+00
1.289000000000004498e+01 1.030808924076783484e+00
1.291000000000004455e+01 1.044225511754159008e+00
1.293000000000004412e+01 1.052420204816983063e+00
1.295000000000004370e+01 9.854924633889784458e-01
1.297000000000004327e+01 1.012288806433223387e+00
1.299000000000004285e+01 1.022207475837537682e+00
1.301000000000004242e+01 1.025303878411914615e+00
1.303000000000004199e+01 9.873838443454546754e-01
1.305000000000004157e+01 1.017655516766893253e+00
1.307000000000004114e+01 1.000069431205513393e+00
1.309000000000004071e+01 9.563463641462707221e-01
1.311000000000004029e+01 9.769966384821981986e-01
1.313000000000003986e+01 9.787868255636634762e-01
1.315000000000003944e+01 9.290803213891283274e-01
1.317000000000003901e+01 9.418673245011411899e-01
1.319000000000003858e+01 9.475172355063137264e-01
1.321000000000003816e+01 9.351736656383717872e-01
1.323000000000003773e+01 9.138981425071490694e-01
1.325000000000003730e+01 9.090755628295392743e-01
1.327000000000003688e+01 8.977024731357240439e-01
1.329000000000003645e+01 9.045213838186382249e-01
1.331000000000003602e+01 8.587477909035862167e-01
1.333000000000003560e+01 8.944618281082854505e-01
1.335000000000003517e+01 8.750283614144235278e-01
1.337000000000003475e+01 8.648466604749343034e-01
1.339000000000003432e+01 8.890179750112081614e-01
1.341000000000003389e+01 8.293711885853602972e-01
1.343000000000003347e+01 8.416099152924790827e-01
1.345000000000003304e+01 8.439338828643551116e-01
1.347000000000003261e+01 8.464279400383998286e-01
1.349000000000003219e+01 8.004100220808355592e-01
1.351000000000003176e+01 8.269987195978589778e-01
1.353000000000003133e+01 8.075203679720635019e-01
1.355000000000003091e+01 7.883852876697688972e-01
1.357000000000003048e+01 8.010977180684143439e-01
1.359000000000003006e+01 7.973090825978383922e-01
1.361000000000002963e+01 7.756944374634271444e-01
1.363000000000002920e+01 7.581155438465536633e-01
1.365000000000002878e+01 7.643414666303000038e-01
1.367000000000002835e+01 7.303624898935162646e-01
1.369000000000002792e+01 7.346366223439617649e-01
1.371000000000002750e+01 7.014809706505886755e-01
1.373000000000002707e+01 7.096894958879916837e-01
1.375000000000002665e+01 7.259939789053506676e-01
1.377000000000002622e+01 7.150081106790507901e-01
1.379000000000002579e+01 7.141713121204626979e-01
1.381000000000002537e+01 6.717271147343285564e-01
1.383000000000002494e+01 6.764784700587794797e-01
1.385000000000002451e+01 6.719672860623323585e-01
1.387000000000002409e+01 6.540641221395528948e-01
1.389000000000002366e+01 6.527387736490055659e-01
1.391000000000002323e+01 6.540046205838655480e-01
1.393000000000002281e+01 6.420534867463948414e-01
1.395000000000002238e+01 6.270866107844118575e-01
1.397000000000002196e+01 6.099158352027761465e-01
1.399000000000002153e+01 6.245717863604712816e-01
1.401000000000002110e+01 6.053347790607368495e-01
1.403000000000002068e+01 6.004857575325820429e-01
1.405000000000002025e+01 5.750383947033355092e-01
1.407000000000001982e+01 5.785779941175924757e-01
1.409000000000001940e+01 5.659767608853343290e-01
1.411000000000001897e+01 5.838834008749003157e-01
1.413000000000001855e+01 5.544734692838284573e-01
1.415000000000001812e+01 5.348426473900577127e-01
1.417000000000001769e+01 5.526399037991578389e-01
1.419000000000001727e+01 5.166497576504465172e-01
1.421000000000001684e+01 5.128377829471992833e-01
1.423000000000001641e+01 5.052070223679835381e-01
1.425000000000001599e+01 4.891911457837017085e-01
1.427000000000001556e+01 4.735471339617232656e-01
1.429000000000001513e+01 4.555956904661212503e-01
1.431000000000001471e+01 4.588062870580184582e-01
1.433000000000001428e+01 4.461499447649424077e-01
1.435000000000001386e+01 4.515818618508324334e-01
1.437000000000001343e+01 4.339351587891741580e-01
1.439000000000001300e+01 4.128883602018553756e-01
1.441000000000001258e+01 3.952053376549286012e-01
1.443000000000001215e+01 3.910118935287477115e-01
1.445000000000001172e+01 3.645202340915911221e-01
1.447000000000001130e+01 3.854595071211973645e-01
1.449000000000001087e+01 3.452075763407197462e-01
1.451000000000001044e+01 3.409931112347763249e-01
1.453000000000001002e+01 3.204542039198873260e-01
1.455000000000000959e+01 2.998478084916549880e-01
1.457000000000000917e+01 2.684220817044757346e-01
1.459000000000000874e+01 2.019898908922300729e-01
1.461000000000000831e+01 1.302278024317053140e-01
1.463000000000000789e+01 6.401557718347447579e-02
1.465000000000000746e+01 4.463678025140242062e-02
1.467000000000000703e+01 2.239425052728285376e-02
1.469000000000000661e+01 1.126609665596807128e-02
1.471000000000000618e+01 8.430176030430332895e-03
1.473000000000000576e+01 5.614575627977977032e-03
1.475000000000000533e+01 2.810313823611277750e-03
1.477000000000000490e+01 9.135319348024200476e-06
1.479000000000000448e+01 8.433111682817816677e-06
1.481000000000000405e+01 0.000000000000000000e+00
1.483000000000000362e+01 0.000000000000000000e+00
1.485000000000000320e+01 0.000000000000000000e+00
1.487000000000000277e+01 0.000000000000000000e+00
1.489000000000000234e+01 0.000000000000000000e+00
1.491000000000000192e+01 0.000000000000000000e+00
1.493000000000000149e+01 0.000000000000000000e+00
1.495000000000000107e+01 0.000000000000000000e+00
1.497000000000000064e+01 0.000000000000000000e+00
1.499000000000000021e+01 0.000000000000000000e+00
