# Redshift		Merger Rate Density [Gpc^-3yr^-1]
1.000000000031931770e-02 2.569364994355760246e+02
3.000000000031888964e-02 2.586624946205908486e+02
5.000000000031846331e-02 2.609997657290752500e+02
7.000000000031804392e-02 2.646371198802864910e+02
9.000000000031761760e-02 2.679671565039146230e+02
1.100000000003171913e-01 2.697190745850572284e+02
1.300000000003167511e-01 2.743227420688578491e+02
1.500000000003163247e-01 2.760868216854972843e+02
1.700000000003158984e-01 2.793549893739982508e+02
1.900000000003154721e-01 2.824567499067758263e+02
2.100000000003150458e-01 2.849725541438801883e+02
2.300000000003146194e-01 2.882784120264142871e+02
2.500000000003141931e-01 2.905728529995376448e+02
2.700000000003137668e-01 2.936124431799631793e+02
2.900000000003133405e-01 2.966692142973308819e+02
3.100000000003129141e-01 2.987579273240254452e+02
3.300000000003124878e-01 3.030608317606377113e+02
3.500000000003120615e-01 3.028752355938084975e+02
3.700000000003116352e-01 3.070236981755547276e+02
3.900000000003112088e-01 3.103102176716964777e+02
4.100000000003107825e-01 3.105144727930819499e+02
4.300000000003103562e-01 3.136594138903328144e+02
4.500000000003099299e-01 3.163637816471804172e+02
4.700000000003095035e-01 3.181199061670828883e+02
4.900000000003090772e-01 3.198019711235555746e+02
5.100000000003086509e-01 3.206770166082677065e+02
5.300000000003082246e-01 3.232443222527126636e+02
5.500000000003077982e-01 3.237138698914540669e+02
5.700000000003073719e-01 3.258477236265795227e+02
5.900000000003069456e-01 3.260785585778825180e+02
6.100000000003065193e-01 3.267692453321726589e+02
6.300000000003060929e-01 3.258711338624260065e+02
6.500000000003056666e-01 3.266000422628061415e+02
6.700000000003052403e-01 3.286628265627572318e+02
6.900000000003048140e-01 3.276224259508464343e+02
7.100000000003043876e-01 3.282277583380027863e+02
7.300000000003039613e-01 3.285887644405091805e+02
7.500000000003035350e-01 3.278263478248859428e+02
7.700000000003031086e-01 3.285171045880799738e+02
7.900000000003026823e-01 3.263638000803698560e+02
8.100000000003022560e-01 3.299425659167762319e+02
8.300000000003018297e-01 3.266283830418022376e+02
8.500000000003014033e-01 3.290561705718041026e+02
8.700000000003009770e-01 3.257485486807120196e+02
8.900000000003005507e-01 3.264227157557498913e+02
9.100000000003001244e-01 3.250712637158239318e+02
9.300000000002996980e-01 3.247510501704622925e+02
9.500000000002992717e-01 3.246598240038302947e+02
9.700000000002988454e-01 3.249591627330231063e+02
9.900000000002984191e-01 3.235451344206798012e+02
1.010000000000297993e+00 3.208538194956229290e+02
1.030000000000297566e+00 3.229614240632992050e+02
1.050000000000297140e+00 3.209395049742576020e+02
1.070000000000296714e+00 3.204502300857767523e+02
1.090000000000296287e+00 3.177263155072715790e+02
1.110000000000295861e+00 3.160274983051600657e+02
1.130000000000295435e+00 3.185830507586130125e+02
1.150000000000295008e+00 3.151221776844020610e+02
1.170000000000294582e+00 3.147505319151056256e+02
1.190000000000294156e+00 3.132188998311171417e+02
1.210000000000293729e+00 3.132019117921661859e+02
1.230000000000293303e+00 3.086972115746355598e+02
1.250000000000292877e+00 3.084361468589608535e+02
1.270000000000292451e+00 3.076636850254158162e+02
1.290000000000292024e+00 3.081165324994419166e+02
1.310000000000291598e+00 3.035528504699139489e+02
1.330000000000291172e+00 3.029036646444172334e+02
1.350000000000290745e+00 3.011226996153063169e+02
1.370000000000290319e+00 2.986557735309610280e+02
1.390000000000289893e+00 2.987618673213134457e+02
1.410000000000289466e+00 2.957524529930668109e+02
1.430000000000289040e+00 2.946621092776494493e+02
1.450000000000288614e+00 2.922187167712301061e+02
1.470000000000288187e+00 2.880509855659322511e+02
1.490000000000287761e+00 2.897035662471539013e+02
1.510000000000287335e+00 2.856559878101514869e+02
1.530000000000286908e+00 2.828451403582331523e+02
1.550000000000286482e+00 2.828861841774865411e+02
1.570000000000286056e+00 2.803818583600744319e+02
1.590000000000285629e+00 2.776926474745408200e+02
1.610000000000285203e+00 2.749282719754190225e+02
1.630000000000284777e+00 2.726202007558019886e+02
1.650000000000284350e+00 2.706124278339226521e+02
1.670000000000283924e+00 2.679727433130446457e+02
1.690000000000283498e+00 2.662237083620271960e+02
1.710000000000283071e+00 2.633036352743966404e+02
1.730000000000282645e+00 2.612647104559408717e+02
1.750000000000282219e+00 2.582303479488566040e+02
1.770000000000281792e+00 2.561501056774430936e+02
1.790000000000281366e+00 2.529389213531610210e+02
1.810000000000280940e+00 2.502749379334014463e+02
1.830000000000280513e+00 2.493694692856172423e+02
1.850000000000280087e+00 2.446798761872807404e+02
1.870000000000279661e+00 2.437249464419586218e+02
1.890000000000279234e+00 2.382131894742994689e+02
1.910000000000278808e+00 2.377231488354055386e+02
1.930000000000278382e+00 2.356551423117772401e+02
1.950000000000277955e+00 2.325690496475007478e+02
1.970000000000277529e+00 2.307384962888699818e+02
1.990000000000277103e+00 2.261457543138822075e+02
2.010000000000276899e+00 2.242421192850973171e+02
2.030000000000276472e+00 2.219736830983037805e+02
2.050000000000276046e+00 2.164249228626766524e+02
2.070000000000275620e+00 2.164048903518777252e+02
2.090000000000275193e+00 2.141284321620173614e+02
2.110000000000274767e+00 2.091329639435200818e+02
2.130000000000274341e+00 2.090448345775107555e+02
2.150000000000273914e+00 2.037922276261629406e+02
2.170000000000273488e+00 2.025168753615392916e+02
2.190000000000273062e+00 2.000563115380965939e+02
2.210000000000272635e+00 1.956764487629938856e+02
2.230000000000272209e+00 1.955621663601321245e+02
2.250000000000271783e+00 1.909248820247592846e+02
2.270000000000271356e+00 1.891229194968892386e+02
2.290000000000270930e+00 1.854683341273305643e+02
2.310000000000270504e+00 1.845489442321258480e+02
2.330000000000270077e+00 1.806442763689947242e+02
2.350000000000269651e+00 1.784853671060934914e+02
2.370000000000269225e+00 1.738514793809241610e+02
2.390000000000268798e+00 1.748099800566783131e+02
2.410000000000268372e+00 1.698817660292876042e+02
2.430000000000267946e+00 1.690643326908459017e+02
2.450000000000267519e+00 1.659286287047386281e+02
2.470000000000267093e+00 1.630992393645387608e+02
2.490000000000266667e+00 1.606886795597243633e+02
2.510000000000266240e+00 1.580657373404188490e+02
2.530000000000265814e+00 1.571919930488162720e+02
2.550000000000265388e+00 1.531257900768576121e+02
2.570000000000264961e+00 1.522770988135154653e+02
2.590000000000264535e+00 1.492445374766317343e+02
2.610000000000264109e+00 1.477399178898351408e+02
2.630000000000263682e+00 1.434166369161992804e+02
2.650000000000263256e+00 1.444296208062123696e+02
2.670000000000262830e+00 1.408956076883097808e+02
2.690000000000262403e+00 1.381743604416645042e+02
2.710000000000261977e+00 1.350639624656639057e+02
2.730000000000261551e+00 1.345728336315909530e+02
2.750000000000261124e+00 1.327296428994670521e+02
2.770000000000260698e+00 1.305389630149804816e+02
2.790000000000260272e+00 1.282481013945994732e+02
2.810000000000259845e+00 1.259420376676030031e+02
2.830000000000259419e+00 1.253701546204922579e+02
2.850000000000258993e+00 1.227904580408170574e+02
2.870000000000258567e+00 1.198650029811083186e+02
2.890000000000258140e+00 1.190110956026888545e+02
2.910000000000257714e+00 1.173915426165584108e+02
2.930000000000257288e+00 1.162022345117035513e+02
2.950000000000256861e+00 1.126703408448798172e+02
2.970000000000256435e+00 1.129708447562678089e+02
2.990000000000256009e+00 1.105428932282119092e+02
3.010000000000255582e+00 1.081360276970550132e+02
3.030000000000255156e+00 1.076310238058105426e+02
3.050000000000254730e+00 1.053806870401979268e+02
3.070000000000254303e+00 1.046425524718865319e+02
3.090000000000253877e+00 1.031670346399358920e+02
3.110000000000253451e+00 1.004318956369773019e+02
3.130000000000253024e+00 1.001089902001073284e+02
3.150000000000252598e+00 9.789077094899776910e+01
3.170000000000252172e+00 9.689637014087750799e+01
3.190000000000251745e+00 9.507502167148318506e+01
3.210000000000251319e+00 9.394752854127978026e+01
3.230000000000250893e+00 9.267314679498294083e+01
3.250000000000250466e+00 9.124004052842863643e+01
3.270000000000250040e+00 9.095037696652909176e+01
3.290000000000249614e+00 8.862849961382175934e+01
3.310000000000249187e+00 8.749748366068217820e+01
3.330000000000248761e+00 8.673679248637985495e+01
3.350000000000248335e+00 8.417016693044811859e+01
3.370000000000247908e+00 8.462508621991807445e+01
3.390000000000247482e+00 8.325325937743234306e+01
3.410000000000247056e+00 8.238358874778556640e+01
3.430000000000246629e+00 8.046637609961220505e+01
3.450000000000246203e+00 8.006100935980715860e+01
3.470000000000245777e+00 7.861820935900297513e+01
3.490000000000245350e+00 7.741762324300029263e+01
3.510000000000244924e+00 7.591844896544709798e+01
3.530000000000244498e+00 7.613652713895858426e+01
3.550000000000244071e+00 7.451433783061578708e+01
3.570000000000243645e+00 7.349786433526901419e+01
3.590000000000243219e+00 7.201855172403621452e+01
3.610000000000242792e+00 7.154629949172459646e+01
3.630000000000242366e+00 7.092486514315996260e+01
3.650000000000241940e+00 6.954150503151842599e+01
3.670000000000241513e+00 6.900858286541041764e+01
3.690000000000241087e+00 6.844144584037672985e+01
3.710000000000240661e+00 6.736282285981263840e+01
3.730000000000240234e+00 6.704865387942348320e+01
3.750000000000239808e+00 6.559690394196248064e+01
3.770000000000239382e+00 6.459777739213802761e+01
3.790000000000238956e+00 6.436893342914996197e+01
3.810000000000238529e+00 6.299499308328938696e+01
3.830000000000238103e+00 6.250311176539345581e+01
3.850000000000237677e+00 6.230699031165443813e+01
3.870000000000237250e+00 6.129900809573382503e+01
3.890000000000236824e+00 6.064946655610498993e+01
3.910000000000236398e+00 6.006530452310791190e+01
3.930000000000235971e+00 5.858785364167687959e+01
3.950000000000235545e+00 5.880931430271606786e+01
3.970000000000235119e+00 5.728114232946955298e+01
3.990000000000234692e+00 5.719636761958592786e+01
4.010000000000234266e+00 5.643547217367203217e+01
4.030000000000233840e+00 5.586676838869863104e+01
4.050000000000233413e+00 5.525250115889833324e+01
4.070000000000232987e+00 5.455840180514260851e+01
4.090000000000232561e+00 5.378702687980477748e+01
4.110000000000232134e+00 5.319353404813871578e+01
4.130000000000231708e+00 5.274439344846675937e+01
4.150000000000231282e+00 5.225150159008926209e+01
4.170000000000230855e+00 5.224103786279186323e+01
4.190000000000230429e+00 5.113383409854081663e+01
4.210000000000230003e+00 5.063421031743219913e+01
4.230000000000229576e+00 4.977155091102852680e+01
4.250000000000229150e+00 4.948315776261620158e+01
4.270000000000228724e+00 4.932791669170694604e+01
4.290000000000228297e+00 4.863681827024943516e+01
4.310000000000227871e+00 4.768758721806177903e+01
4.330000000000227445e+00 4.762906252130569840e+01
4.350000000000227018e+00 4.712553559714757512e+01
4.370000000000226592e+00 4.685041785893051269e+01
4.390000000000226166e+00 4.604228711318796030e+01
4.410000000000225739e+00 4.567273685979576214e+01
4.430000000000225313e+00 4.491639745262171601e+01
4.450000000000224887e+00 4.503953459251999192e+01
4.470000000000224460e+00 4.428130665995709592e+01
4.490000000000224034e+00 4.400418404802567807e+01
4.510000000000223608e+00 4.344673140420206892e+01
4.530000000000223181e+00 4.337736824234430344e+01
4.550000000000222755e+00 4.258522844644679139e+01
4.570000000000222329e+00 4.228190179198140441e+01
4.590000000000221902e+00 4.199539154726598156e+01
4.610000000000221476e+00 4.167904540494858168e+01
4.630000000000221050e+00 4.121210092294408867e+01
4.650000000000220624e+00 4.091297883166407701e+01
4.670000000000220197e+00 4.019648543218283976e+01
4.690000000000219771e+00 4.058224733242792581e+01
4.710000000000219345e+00 4.005262708961623019e+01
4.730000000000218918e+00 3.950993138471364574e+01
4.750000000000218492e+00 3.916055179987041157e+01
4.770000000000218066e+00 3.887132739651472235e+01
4.790000000000217639e+00 3.840789113273642386e+01
4.810000000000217213e+00 3.814107707431294614e+01
4.830000000000216787e+00 3.785836608559522176e+01
4.850000000000216360e+00 3.740650936200802334e+01
4.870000000000215934e+00 3.763399659067950864e+01
4.890000000000215508e+00 3.704624525556441483e+01
4.910000000000215081e+00 3.641054965658899789e+01
4.930000000000214655e+00 3.671724808757478087e+01
4.950000000000214229e+00 3.588581684727360965e+01
4.970000000000213802e+00 3.575765114710919335e+01
4.990000000000213376e+00 3.574244704907068382e+01
5.010000000000212950e+00 3.508581401974908687e+01
5.030000000000212523e+00 3.503929857345768539e+01
5.050000000000212097e+00 3.487131386742263572e+01
5.070000000000211671e+00 3.449383142224062482e+01
5.090000000000211244e+00 3.446256221053367597e+01
5.110000000000210818e+00 3.395854768231358634e+01
5.130000000000210392e+00 3.388630154438457964e+01
5.150000000000209965e+00 3.353292595344381510e+01
5.170000000000209539e+00 3.305193219678791650e+01
5.190000000000209113e+00 3.282857653239116758e+01
5.210000000000208686e+00 3.273815520241758037e+01
5.230000000000208260e+00 3.277829765000653595e+01
5.250000000000207834e+00 3.213910612761682017e+01
5.270000000000207407e+00 3.207635257164859865e+01
5.290000000000206981e+00 3.194179500144098682e+01
5.310000000000206555e+00 3.133714180249414838e+01
5.330000000000206128e+00 3.155590647152748929e+01
5.350000000000205702e+00 3.142011463766636226e+01
5.370000000000205276e+00 3.091401210268949384e+01
5.390000000000204849e+00 3.074008480864149817e+01
5.410000000000204423e+00 3.033317362879460788e+01
5.430000000000203997e+00 3.030325895832401528e+01
5.450000000000203570e+00 3.021563203577974832e+01
5.470000000000203144e+00 2.974597369724564899e+01
5.490000000000202718e+00 2.968546111550903532e+01
5.510000000000202292e+00 2.988973450543937460e+01
5.530000000000201865e+00 2.953307990857109644e+01
5.550000000000201439e+00 2.944228821941053553e+01
5.570000000000201013e+00 2.888995321941417060e+01
5.590000000000200586e+00 2.894895212076226443e+01
5.610000000000200160e+00 2.866632099399141964e+01
5.630000000000199734e+00 2.879184410789402904e+01
5.650000000000199307e+00 2.857884857724054228e+01
5.670000000000198881e+00 2.824467581336715227e+01
5.690000000000198455e+00 2.786748349800112479e+01
5.710000000000198028e+00 2.789022487458596089e+01
5.730000000000197602e+00 2.787903175387372556e+01
5.750000000000197176e+00 2.770426565993013313e+01
5.770000000000196749e+00 2.732346775115605197e+01
5.790000000000196323e+00 2.728247092587690759e+01
5.810000000000195897e+00 2.695566233720958493e+01
5.830000000000195470e+00 2.683219627566241883e+01
5.850000000000195044e+00 2.693695935950740861e+01
5.870000000000194618e+00 2.675823210150120701e+01
5.890000000000194191e+00 2.655717569269923928e+01
5.910000000000193765e+00 2.632690928033969868e+01
5.930000000000193339e+00 2.631608390923603835e+01
5.950000000000192912e+00 2.625995586793130343e+01
5.970000000000192486e+00 2.597120681332291170e+01
5.990000000000192060e+00 2.605533892861855705e+01
6.010000000000191633e+00 2.561702080830102446e+01
6.030000000000191207e+00 2.566286663097345766e+01
6.050000000000190781e+00 2.535193981390379037e+01
6.070000000000190354e+00 2.528099911353904616e+01
6.090000000000189928e+00 2.520306941365514319e+01
6.110000000000189502e+00 2.498673563881712667e+01
6.130000000000189075e+00 2.504459657386563975e+01
6.150000000000188649e+00 2.475260905420393343e+01
6.170000000000188223e+00 2.490496701084559206e+01
6.190000000000187796e+00 2.463284531231378338e+01
6.210000000000187370e+00 2.451532642276877638e+01
6.230000000000186944e+00 2.447429082508467957e+01
6.250000000000186517e+00 2.438211075013534312e+01
6.270000000000186091e+00 2.424306583562073669e+01
6.290000000000185665e+00 2.422917095253261266e+01
6.310000000000185238e+00 2.416431394100597174e+01
6.330000000000184812e+00 2.381992968874222072e+01
6.350000000000184386e+00 2.371712575552583502e+01
6.370000000000183960e+00 2.357443647075909254e+01
6.390000000000183533e+00 2.360676667540819551e+01
6.410000000000183107e+00 2.339301877210623104e+01
6.430000000000182681e+00 2.326722344194232051e+01
6.450000000000182254e+00 2.311117113750087881e+01
6.470000000000181828e+00 2.346386689699822981e+01
6.490000000000181402e+00 2.301507052236815554e+01
6.510000000000180975e+00 2.282555143764142258e+01
6.530000000000180549e+00 2.302244186066087295e+01
6.550000000000180123e+00 2.272333345678869065e+01
6.570000000000179696e+00 2.249775419721940040e+01
6.590000000000179270e+00 2.246452299896637328e+01
6.610000000000178844e+00 2.249293265223400695e+01
6.630000000000178417e+00 2.239522309441644055e+01
6.650000000000177991e+00 2.231913446809629420e+01
6.670000000000177565e+00 2.220861980715837802e+01
6.690000000000177138e+00 2.198776897714843059e+01
6.710000000000176712e+00 2.209724533822300074e+01
6.730000000000176286e+00 2.194205710758521377e+01
6.750000000000175859e+00 2.180111025403293823e+01
6.770000000000175433e+00 2.182010353140299586e+01
6.790000000000175007e+00 2.179253868334462041e+01
6.810000000000174580e+00 2.147702519910279051e+01
6.830000000000174154e+00 2.140473358749646238e+01
6.850000000000173728e+00 2.147847859222807543e+01
6.870000000000173301e+00 2.128277200434412819e+01
6.890000000000172875e+00 2.114905339805616435e+01
6.910000000000172449e+00 2.130122183856046192e+01
6.930000000000172022e+00 2.110312852329228051e+01
6.950000000000171596e+00 2.110089408667562338e+01
6.970000000000171170e+00 2.090952165093168347e+01
6.990000000000170743e+00 2.098309415571242198e+01
7.010000000000170317e+00 2.065376560848604015e+01
7.030000000000169891e+00 2.089276264477544132e+01
7.050000000000169464e+00 2.060969535716001744e+01
7.070000000000169038e+00 2.047103844580812293e+01
7.090000000000168612e+00 2.057852180981251067e+01
7.110000000000168185e+00 2.051554264519782933e+01
7.130000000000167759e+00 2.027205161806941192e+01
7.150000000000167333e+00 2.029761348859767267e+01
7.170000000000166906e+00 2.001128238924547986e+01
7.190000000000166480e+00 2.020856595767053321e+01
7.210000000000166054e+00 1.984278997826369562e+01
7.230000000000165628e+00 2.007170839740055968e+01
7.250000000000165201e+00 1.983792916071478274e+01
7.270000000000164775e+00 1.970516933324437403e+01
7.290000000000164349e+00 1.972229573233235200e+01
7.310000000000163922e+00 1.977913601727648540e+01
7.330000000000163496e+00 1.956770240943760442e+01
7.350000000000163070e+00 1.957858735764078872e+01
7.370000000000162643e+00 1.947880872419464993e+01
7.390000000000162217e+00 1.941518415043738699e+01
7.410000000000161791e+00 1.935451152156044685e+01
7.430000000000161364e+00 1.918130075956162983e+01
7.450000000000160938e+00 1.929700524832404440e+01
7.470000000000160512e+00 1.917167045126724290e+01
7.490000000000160085e+00 1.902336592052364139e+01
7.510000000000159659e+00 1.902194385961920275e+01
7.530000000000159233e+00 1.896524312630687348e+01
7.550000000000158806e+00 1.878995710417203568e+01
7.570000000000158380e+00 1.878792559294888775e+01
7.590000000000157954e+00 1.874050369531810745e+01
7.610000000000157527e+00 1.870494533380652769e+01
7.630000000000157101e+00 1.858425326535136435e+01
7.650000000000156675e+00 1.848291917715207688e+01
7.670000000000156248e+00 1.852914040107347660e+01
7.690000000000155822e+00 1.822864183812961514e+01
7.710000000000155396e+00 1.824760663214395606e+01
7.730000000000154969e+00 1.821616029222358080e+01
7.750000000000154543e+00 1.812253227959489266e+01
7.770000000000154117e+00 1.803337586345754318e+01
7.790000000000153690e+00 1.802686651588121336e+01
7.810000000000153264e+00 1.800613014571930393e+01
7.830000000000152838e+00 1.783124782354310156e+01
7.850000000000152411e+00 1.783637774366354734e+01
7.870000000000151985e+00 1.772418923599389373e+01
7.890000000000151559e+00 1.772604218350688754e+01
7.910000000000151132e+00 1.749359255305285998e+01
7.930000000000150706e+00 1.749677152335714680e+01
7.950000000000150280e+00 1.752206217279004719e+01
7.970000000000149853e+00 1.737644558889702040e+01
7.990000000000149427e+00 1.722134785375079957e+01
8.010000000000149001e+00 1.726836241149787554e+01
8.030000000000148574e+00 1.723061561493497251e+01
8.050000000000148148e+00 1.719507569596485652e+01
8.070000000000147722e+00 1.700902830354194251e+01
8.090000000000147296e+00 1.696940286544523602e+01
8.110000000000146869e+00 1.691801087235066348e+01
8.130000000000146443e+00 1.682006971564335984e+01
8.150000000000146017e+00 1.678845037622323844e+01
8.170000000000145590e+00 1.665951275189127045e+01
8.190000000000145164e+00 1.659785750871166599e+01
8.210000000000144738e+00 1.663158628033632880e+01
8.230000000000144311e+00 1.656180936339845999e+01
8.250000000000143885e+00 1.644800229369300837e+01
8.270000000000143459e+00 1.632628603276306123e+01
8.290000000000143032e+00 1.634972087689348896e+01
8.310000000000142606e+00 1.629305354862299993e+01
8.330000000000142180e+00 1.614874507517453850e+01
8.350000000000141753e+00 1.624620929453863383e+01
8.370000000000141327e+00 1.606435669040999414e+01
8.390000000000140901e+00 1.590179213283087911e+01
8.410000000000140474e+00 1.597113553473645098e+01
8.430000000000140048e+00 1.578702436743778215e+01
8.450000000000139622e+00 1.579764240839260303e+01
8.470000000000139195e+00 1.564131989870874406e+01
8.490000000000138769e+00 1.563007764564631685e+01
8.510000000000138343e+00 1.556909969171072028e+01
8.530000000000137916e+00 1.545024109969187442e+01
8.550000000000137490e+00 1.548331431608522202e+01
8.570000000000137064e+00 1.532900640677848614e+01
8.590000000000136637e+00 1.526106506363257687e+01
8.610000000000136211e+00 1.523769131196785409e+01
8.630000000000135785e+00 1.511026139597248275e+01
8.650000000000135358e+00 1.499287251251967845e+01
8.670000000000134932e+00 1.503142505950509467e+01
8.690000000000134506e+00 1.489089037842208540e+01
8.710000000000134079e+00 1.484662012949598520e+01
8.730000000000133653e+00 1.478592992863255695e+01
8.750000000000133227e+00 1.466854981639041711e+01
8.770000000000132800e+00 1.464609334258886264e+01
8.790000000000132374e+00 1.462177556913873566e+01
8.810000000000131948e+00 1.450302568197460218e+01
8.830000000000131521e+00 1.446308757513828169e+01
8.850000000000131095e+00 1.440104015906099910e+01
8.870000000000130669e+00 1.427138799788485279e+01
8.890000000000130242e+00 1.429796288697337836e+01
8.910000000000129816e+00 1.414656224338329338e+01
8.930000000000129390e+00 1.410078325154387535e+01
8.950000000000128964e+00 1.407490947579775487e+01
8.970000000000128537e+00 1.399742688119557954e+01
8.990000000000128111e+00 1.379901915900532572e+01
9.010000000000127685e+00 1.384630324806282964e+01
9.030000000000127258e+00 1.375632438385791723e+01
9.050000000000126832e+00 1.364896834712373952e+01
9.070000000000126406e+00 1.365651895405219740e+01
9.090000000000125979e+00 1.341274559749075301e+01
9.110000000000125553e+00 1.340378105928400387e+01
9.130000000000125127e+00 1.334518125217858575e+01
9.150000000000124700e+00 1.329168967352427799e+01
9.170000000000124274e+00 1.320444834859484473e+01
9.190000000000123848e+00 1.311023480080543102e+01
9.210000000000123421e+00 1.308152244361264671e+01
9.230000000000122995e+00 1.311817097578450131e+01
9.250000000000122569e+00 1.297832436191143834e+01
9.270000000000122142e+00 1.290563788741025597e+01
9.290000000000121716e+00 1.280640434721944665e+01
9.310000000000121290e+00 1.270924367207748951e+01
9.330000000000120863e+00 1.269863776969838476e+01
9.350000000000120437e+00 1.257897123976779419e+01
9.370000000000120011e+00 1.257443564142416470e+01
9.390000000000119584e+00 1.240517951162494370e+01
9.410000000000119158e+00 1.238138012154356460e+01
9.430000000000118732e+00 1.238647832976009155e+01
9.450000000000118305e+00 1.223953446113853794e+01
9.470000000000117879e+00 1.209279169212493343e+01
9.490000000000117453e+00 1.207201332776258162e+01
9.510000000000117026e+00 1.200888690611976983e+01
9.530000000000116600e+00 1.197787796720310816e+01
9.550000000000116174e+00 1.186294137062815146e+01
9.570000000000115747e+00 1.186257670436521572e+01
9.590000000000115321e+00 1.170877650827099536e+01
9.610000000000114895e+00 1.161612108953595879e+01
9.630000000000114468e+00 1.160650414645836292e+01
9.650000000000114042e+00 1.153022241982120377e+01
9.670000000000113616e+00 1.141337566628261690e+01
9.690000000000113189e+00 1.138726438460253831e+01
9.710000000000112763e+00 1.130715704117059062e+01
9.730000000000112337e+00 1.126382597743885228e+01
9.750000000000111910e+00 1.114212300749598583e+01
9.770000000000111484e+00 1.108156224764607067e+01
9.790000000000111058e+00 1.097020996406603999e+01
9.810000000000110632e+00 1.096004200850829946e+01
9.830000000000110205e+00 1.087058582581950361e+01
9.850000000000109779e+00 1.079731372022456348e+01
9.870000000000109353e+00 1.080963190242819749e+01
9.890000000000108926e+00 1.064315866136972666e+01
9.910000000000108500e+00 1.068784893007862458e+01
9.930000000000108074e+00 1.058694085010908026e+01
9.950000000000107647e+00 1.053227865706750244e+01
9.970000000000107221e+00 1.039490189808030784e+01
9.990000000000106795e+00 1.029015195725800957e+01
1.001000000000010637e+01 1.024308846546361629e+01
1.003000000000010594e+01 1.016705813787070589e+01
1.005000000000010552e+01 1.010796397336338259e+01
1.007000000000010509e+01 1.005902838349176420e+01
1.009000000000010466e+01 1.000890054126957907e+01
1.011000000000010424e+01 9.887389706609686968e+00
1.013000000000010381e+01 9.855540342786390795e+00
1.015000000000010338e+01 9.795246295005105353e+00
1.017000000000010296e+01 9.770342116828242496e+00
1.019000000000010253e+01 9.649215657983624794e+00
1.021000000000010210e+01 9.549479364433658191e+00
1.023000000000010168e+01 9.529498490573514502e+00
1.025000000000010125e+01 9.434283040498323558e+00
1.027000000000010083e+01 9.413510469894575294e+00
1.029000000000010040e+01 9.346548562769353197e+00
1.031000000000009997e+01 9.294544689503462465e+00
1.033000000000009955e+01 9.175061972381623576e+00
1.035000000000009912e+01 9.093174764121073395e+00
1.037000000000009869e+01 9.080909577352523243e+00
1.039000000000009827e+01 9.002629342592772588e+00
1.041000000000009784e+01 8.945224466920729256e+00
1.043000000000009742e+01 8.894024861964894058e+00
1.045000000000009699e+01 8.828761626713651722e+00
1.047000000000009656e+01 8.749926205319072281e+00
1.049000000000009614e+01 8.682980722552244401e+00
1.051000000000009571e+01 8.629409652744564951e+00
1.053000000000009528e+01 8.567223803103837909e+00
1.055000000000009486e+01 8.464642136171091735e+00
1.057000000000009443e+01 8.456884778530191937e+00
1.059000000000009400e+01 8.353121158313976835e+00
1.061000000000009358e+01 8.325965287884896426e+00
1.063000000000009315e+01 8.313973085905816518e+00
1.065000000000009273e+01 8.289285568416454808e+00
1.067000000000009230e+01 8.128966369478041187e+00
1.069000000000009187e+01 8.056119817294092655e+00
1.071000000000009145e+01 7.976431522923399520e+00
1.073000000000009102e+01 7.951148415823978688e+00
1.075000000000009059e+01 7.882710245094621371e+00
1.077000000000009017e+01 7.829873613296528312e+00
1.079000000000008974e+01 7.788295964140838912e+00
1.081000000000008932e+01 7.721154034037859937e+00
1.083000000000008889e+01 7.718840705935452462e+00
1.085000000000008846e+01 7.586423368024531655e+00
1.087000000000008804e+01 7.580707272195266633e+00
1.089000000000008761e+01 7.493716492724468381e+00
1.091000000000008718e+01 7.431546362110133863e+00
1.093000000000008676e+01 7.383482576732801839e+00
1.095000000000008633e+01 7.391711653951330341e+00
1.097000000000008590e+01 7.274569750947423863e+00
1.099000000000008548e+01 7.222374450774792010e+00
1.101000000000008505e+01 7.183107410548834615e+00
1.103000000000008463e+01 7.133010025179904900e+00
1.105000000000008420e+01 7.056523125367376359e+00
1.107000000000008377e+01 7.046057599222062429e+00
1.109000000000008335e+01 6.991558522974838041e+00
1.111000000000008292e+01 6.863852408067417699e+00
1.113000000000008249e+01 6.847685000972492553e+00
1.115000000000008207e+01 6.852188958824465104e+00
1.117000000000008164e+01 6.792961957497213099e+00
1.119000000000008122e+01 6.708897301356594234e+00
1.121000000000008079e+01 6.662436841170407575e+00
1.123000000000008036e+01 6.597649752059306927e+00
1.125000000000007994e+01 6.590364842934660849e+00
1.127000000000007951e+01 6.562261292750720898e+00
1.129000000000007908e+01 6.520365689342459525e+00
1.131000000000007866e+01 6.428712079536564872e+00
1.133000000000007823e+01 6.380034704190921779e+00
1.135000000000007780e+01 6.327070034580961178e+00
1.137000000000007738e+01 6.234004283060733620e+00
1.139000000000007695e+01 6.294536264322760033e+00
1.141000000000007653e+01 6.214510980634734061e+00
1.143000000000007610e+01 6.158093363431149214e+00
1.145000000000007567e+01 6.120039018170298384e+00
1.147000000000007525e+01 6.035230165788941115e+00
1.149000000000007482e+01 5.980012188812244389e+00
1.151000000000007439e+01 6.001856102549944616e+00
1.153000000000007397e+01 5.927752578594607691e+00
1.155000000000007354e+01 5.876328478140311340e+00
1.157000000000007311e+01 5.842762621512510357e+00
1.159000000000007269e+01 5.827045371311158739e+00
1.161000000000007226e+01 5.730877275172878704e+00
1.163000000000007184e+01 5.759378913232462871e+00
1.165000000000007141e+01 5.648055694961589879e+00
1.167000000000007098e+01 5.676167406806176707e+00
1.169000000000007056e+01 5.632065875092505003e+00
1.171000000000007013e+01 5.567178365221244540e+00
1.173000000000006970e+01 5.504946933309273760e+00
1.175000000000006928e+01 5.465789169286742855e+00
1.177000000000006885e+01 5.467027821984552283e+00
1.179000000000006843e+01 5.398915553472419582e+00
1.181000000000006800e+01 5.343939924218191528e+00
1.183000000000006757e+01 5.322042485742216833e+00
1.185000000000006715e+01 5.264141217292642949e+00
1.187000000000006672e+01 5.237171365578664251e+00
1.189000000000006629e+01 5.189673342183373173e+00
1.191000000000006587e+01 5.193110185442455951e+00
1.193000000000006544e+01 5.164136816544021791e+00
1.195000000000006501e+01 5.150199019031940217e+00
1.197000000000006459e+01 5.049937755901418690e+00
1.199000000000006416e+01 5.062004322169339154e+00
1.201000000000006374e+01 5.035856910737624759e+00
1.203000000000006331e+01 4.965642707654485122e+00
1.205000000000006288e+01 4.919388272669135809e+00
1.207000000000006246e+01 4.896232029980876810e+00
1.209000000000006203e+01 4.852634026994510741e+00
1.211000000000006160e+01 4.822959568780881057e+00
1.213000000000006118e+01 4.792721417381354598e+00
1.215000000000006075e+01 4.760019209470531365e+00
1.217000000000006033e+01 4.817541888007684570e+00
1.219000000000005990e+01 4.739244294150477543e+00
1.221000000000005947e+01 4.646539695419689586e+00
1.223000000000005905e+01 4.643425990854547436e+00
1.225000000000005862e+01 4.655931757991277564e+00
1.227000000000005819e+01 4.547440418413127183e+00
1.229000000000005777e+01 4.569126642851752074e+00
1.231000000000005734e+01 4.575626133243217097e+00
1.233000000000005691e+01 4.508801816446779576e+00
1.235000000000005649e+01 4.448160715268440590e+00
1.237000000000005606e+01 4.461783978773008030e+00
1.239000000000005564e+01 4.400529698123205158e+00
1.241000000000005521e+01 4.381752443054514501e+00
1.243000000000005478e+01 4.370778156059899722e+00
1.245000000000005436e+01 4.324264193835552383e+00
1.247000000000005393e+01 4.280011838545448200e+00
1.249000000000005350e+01 4.268969693120193476e+00
1.251000000000005308e+01 4.180098714719467701e+00
1.253000000000005265e+01 4.217094186346858287e+00
1.255000000000005222e+01 4.192609960039809458e+00
1.257000000000005180e+01 4.197647932119023650e+00
1.259000000000005137e+01 4.143578763078767047e+00
1.261000000000005095e+01 4.100788635594926568e+00
1.263000000000005052e+01 4.101607373312500471e+00
1.265000000000005009e+01 4.040300693588652514e+00
1.267000000000004967e+01 4.051564940308503004e+00
1.269000000000004924e+01 4.027616233079991837e+00
1.271000000000004881e+01 3.942240174498953476e+00
1.273000000000004839e+01 3.952102388633865981e+00
1.275000000000004796e+01 3.960276728839083216e+00
1.277000000000004754e+01 3.897715422649010719e+00
1.279000000000004711e+01 3.886070154366714657e+00
1.281000000000004668e+01 3.868359009453197661e+00
1.283000000000004626e+01 3.805975713531102311e+00
1.285000000000004583e+01 3.798559304400987990e+00
1.287000000000004540e+01 3.789922036566832908e+00
1.289000000000004498e+01 3.789927682040575174e+00
1.291000000000004455e+01 3.728629291893109876e+00
1.293000000000004412e+01 3.730528196417950415e+00
1.295000000000004370e+01 3.717166861028003755e+00
1.297000000000004327e+01 3.701375076015337662e+00
1.299000000000004285e+01 3.633296741642994654e+00
1.301000000000004242e+01 3.640830935198760443e+00
1.303000000000004199e+01 3.582251593211536189e+00
1.305000000000004157e+01 3.559715390584877515e+00
1.307000000000004114e+01 3.562043736153165607e+00
1.309000000000004071e+01 3.537964800536268495e+00
1.311000000000004029e+01 3.520572804947090795e+00
1.313000000000003986e+01 3.511811527449827608e+00
1.315000000000003944e+01 3.499946670717369646e+00
1.317000000000003901e+01 3.435152156948206414e+00
1.319000000000003858e+01 3.465649853625697219e+00
1.321000000000003816e+01 3.426849598432289312e+00
1.323000000000003773e+01 3.356804884804382105e+00
1.325000000000003730e+01 3.374937064631965189e+00
1.327000000000003688e+01 3.320242958871535421e+00
1.329000000000003645e+01 3.297853751011546652e+00
1.331000000000003602e+01 3.257851764706595432e+00
1.333000000000003560e+01 3.284327615664795808e+00
1.335000000000003517e+01 3.270706268225829216e+00
1.337000000000003475e+01 3.169514234215693893e+00
1.339000000000003432e+01 3.177200106002147084e+00
1.341000000000003389e+01 3.213181639423293046e+00
1.343000000000003347e+01 3.170927433967765996e+00
1.345000000000003304e+01 3.102649433107619092e+00
1.347000000000003261e+01 3.158301306164865707e+00
1.349000000000003219e+01 3.169106767753327336e+00
1.351000000000003176e+01 3.088504550442110030e+00
1.353000000000003133e+01 3.063842847135741287e+00
1.355000000000003091e+01 3.021755742568117409e+00
1.357000000000003048e+01 2.973192941969190262e+00
1.359000000000003006e+01 3.008591180010913746e+00
1.361000000000002963e+01 2.970514845616229138e+00
1.363000000000002920e+01 2.941598556937512932e+00
1.365000000000002878e+01 2.887841027806583583e+00
1.367000000000002835e+01 2.885837856778619592e+00
1.369000000000002792e+01 2.871939462730700221e+00
1.371000000000002750e+01 2.846819816014207305e+00
1.373000000000002707e+01 2.836901868682804473e+00
1.375000000000002665e+01 2.813821847226581685e+00
1.377000000000002622e+01 2.801233172069911959e+00
1.379000000000002579e+01 2.843078348548671919e+00
1.381000000000002537e+01 2.787885482326857733e+00
1.383000000000002494e+01 2.746023989123964171e+00
1.385000000000002451e+01 2.701513438577785919e+00
1.387000000000002409e+01 2.698078872178527376e+00
1.389000000000002366e+01 2.690724369511891201e+00
1.391000000000002323e+01 2.657642616578807182e+00
1.393000000000002281e+01 2.628228160988855144e+00
1.395000000000002238e+01 2.607556115284829445e+00
1.397000000000002196e+01 2.545359271236086407e+00
1.399000000000002153e+01 2.521408259315462974e+00
1.401000000000002110e+01 2.530461521143144488e+00
1.403000000000002068e+01 2.507854897280999307e+00
1.405000000000002025e+01 2.499508397894268708e+00
1.407000000000001982e+01 2.482563559818669940e+00
1.409000000000001940e+01 2.481957606470819755e+00
1.411000000000001897e+01 2.436098187606645649e+00
1.413000000000001855e+01 2.433699804909559727e+00
1.415000000000001812e+01 2.361618448893490374e+00
1.417000000000001769e+01 2.360848266338528401e+00
1.419000000000001727e+01 2.318982932184391554e+00
1.421000000000001684e+01 2.299654724750318735e+00
1.423000000000001641e+01 2.270192774452639117e+00
1.425000000000001599e+01 2.297480370470453170e+00
1.427000000000001556e+01 2.213950213215639451e+00
1.429000000000001513e+01 2.257575320925663043e+00
1.431000000000001471e+01 2.179094790026641970e+00
1.433000000000001428e+01 2.187263783009511187e+00
1.435000000000001386e+01 2.133332708824833279e+00
1.437000000000001343e+01 2.094130395506403453e+00
1.439000000000001300e+01 2.088066436991083741e+00
1.441000000000001258e+01 2.035323149860343239e+00
1.443000000000001215e+01 1.999948906687402772e+00
1.445000000000001172e+01 1.947226377392057284e+00
1.447000000000001130e+01 1.907583595247845265e+00
1.449000000000001087e+01 1.793494833777175224e+00
1.451000000000001044e+01 1.615317614192750106e+00
1.453000000000001002e+01 1.383329190473655768e+00
1.455000000000000959e+01 1.169241150087001024e+00
1.457000000000000917e+01 9.155870974357755987e-01
1.459000000000000874e+01 6.466434100045439504e-01
1.461000000000000831e+01 3.878745734296796255e-01
1.463000000000000789e+01 1.686244592310559842e-01
1.465000000000000746e+01 6.926197889846681666e-02
1.467000000000000703e+01 1.685886564012712904e-02
1.469000000000000661e+01 5.449479958765645997e-03
1.471000000000000618e+01 1.664019763920714366e-07
1.473000000000000576e+01 0.000000000000000000e+00
1.475000000000000533e+01 0.000000000000000000e+00
1.477000000000000490e+01 0.000000000000000000e+00
1.479000000000000448e+01 0.000000000000000000e+00
1.481000000000000405e+01 0.000000000000000000e+00
1.483000000000000362e+01 0.000000000000000000e+00
1.485000000000000320e+01 0.000000000000000000e+00
1.487000000000000277e+01 0.000000000000000000e+00
1.489000000000000234e+01 0.000000000000000000e+00
1.491000000000000192e+01 0.000000000000000000e+00
1.493000000000000149e+01 0.000000000000000000e+00
1.495000000000000107e+01 0.000000000000000000e+00
1.497000000000000064e+01 0.000000000000000000e+00
1.499000000000000021e+01 0.000000000000000000e+00
