# Redshift		Merger Rate Density [Gpc^-3yr^-1]
1.000000000031931770e-02 2.159941423951039496e+01
3.000000000031888964e-02 2.199493783775395528e+01
5.000000000031846331e-02 2.236771017642137238e+01
7.000000000031804392e-02 2.253020448270311249e+01
9.000000000031761760e-02 2.291818329976675983e+01
1.100000000003171913e-01 2.323469138948874146e+01
1.300000000003167511e-01 2.373673465590030673e+01
1.500000000003163247e-01 2.407459029996516975e+01
1.700000000003158984e-01 2.479145350283655702e+01
1.900000000003154721e-01 2.568838896310271380e+01
2.100000000003150458e-01 2.583735610453978637e+01
2.300000000003146194e-01 2.651446786851135329e+01
2.500000000003141931e-01 2.727005797686670263e+01
2.700000000003137668e-01 2.774977332287392429e+01
2.900000000003133405e-01 2.838286092916021630e+01
3.100000000003129141e-01 2.866767926461464455e+01
3.300000000003124878e-01 2.930733640887964597e+01
3.500000000003120615e-01 2.960423513323684475e+01
3.700000000003116352e-01 3.033627035695833385e+01
3.900000000003112088e-01 3.100661057220809269e+01
4.100000000003107825e-01 3.107804381570675645e+01
4.300000000003103562e-01 3.202573720724547002e+01
4.500000000003099299e-01 3.228229494803635902e+01
4.700000000003095035e-01 3.279656698060360043e+01
4.900000000003090772e-01 3.359407919886881899e+01
5.100000000003086509e-01 3.423913071188168544e+01
5.300000000003082246e-01 3.458800426412998519e+01
5.500000000003077982e-01 3.490312186742156797e+01
5.700000000003073719e-01 3.605712666046039772e+01
5.900000000003069456e-01 3.606471791518048775e+01
6.100000000003065193e-01 3.683148067587191576e+01
6.300000000003060929e-01 3.753627771873927799e+01
6.500000000003056666e-01 3.788070793203977615e+01
6.700000000003052403e-01 3.882672227794314779e+01
6.900000000003048140e-01 3.925036694880689225e+01
7.100000000003043876e-01 3.893332602266085729e+01
7.300000000003039613e-01 4.011716043350262595e+01
7.500000000003035350e-01 4.041537373353172313e+01
7.700000000003031086e-01 4.049507353640706242e+01
7.900000000003026823e-01 4.157099428803400087e+01
8.100000000003022560e-01 4.130918387276300763e+01
8.300000000003018297e-01 4.185412883119843030e+01
8.500000000003014033e-01 4.240580853994358534e+01
8.700000000003009770e-01 4.324954222667467718e+01
8.900000000003005507e-01 4.352012156834759082e+01
9.100000000003001244e-01 4.316991268710975760e+01
9.300000000002996980e-01 4.468019263211559178e+01
9.500000000002992717e-01 4.498178369922433717e+01
9.700000000002988454e-01 4.534608150047415620e+01
9.900000000002984191e-01 4.560564974611887124e+01
1.010000000000297993e+00 4.623274810383158950e+01
1.030000000000297566e+00 4.591935843056126743e+01
1.050000000000297140e+00 4.733303717047211023e+01
1.070000000000296714e+00 4.762903935845614711e+01
1.090000000000296287e+00 4.787666336329768768e+01
1.110000000000295861e+00 4.823783368327786292e+01
1.130000000000295435e+00 4.839361628131692328e+01
1.150000000000295008e+00 4.909291276275585147e+01
1.170000000000294582e+00 4.912402117785383382e+01
1.190000000000294156e+00 4.971620033977033870e+01
1.210000000000293729e+00 4.948551028377983130e+01
1.230000000000293303e+00 5.028935449625178222e+01
1.250000000000292877e+00 5.016427903155696555e+01
1.270000000000292451e+00 5.082042477251457058e+01
1.290000000000292024e+00 5.098071642057058028e+01
1.310000000000291598e+00 5.108414864612008444e+01
1.330000000000291172e+00 5.190877225992373667e+01
1.350000000000290745e+00 5.165156799722578285e+01
1.370000000000290319e+00 5.178930400238240850e+01
1.390000000000289893e+00 5.224226955536145311e+01
1.410000000000289466e+00 5.255898616012288471e+01
1.430000000000289040e+00 5.258221202609577460e+01
1.450000000000288614e+00 5.282273508481624447e+01
1.470000000000288187e+00 5.295292873408561718e+01
1.490000000000287761e+00 5.276188061524555906e+01
1.510000000000287335e+00 5.315029489009622665e+01
1.530000000000286908e+00 5.364051577850342056e+01
1.550000000000286482e+00 5.446422513497501683e+01
1.570000000000286056e+00 5.330607143165156714e+01
1.590000000000285629e+00 5.455646572958715979e+01
1.610000000000285203e+00 5.433190799793217707e+01
1.630000000000284777e+00 5.415874760576480895e+01
1.650000000000284350e+00 5.452060885931096834e+01
1.670000000000283924e+00 5.473972126991410647e+01
1.690000000000283498e+00 5.451407753731556483e+01
1.710000000000283071e+00 5.553824602270335475e+01
1.730000000000282645e+00 5.462766193847428298e+01
1.750000000000282219e+00 5.469355511570395123e+01
1.770000000000281792e+00 5.576940120765775788e+01
1.790000000000281366e+00 5.434164915726969980e+01
1.810000000000280940e+00 5.560791265637482894e+01
1.830000000000280513e+00 5.509835029098515236e+01
1.850000000000280087e+00 5.524492198137095045e+01
1.870000000000279661e+00 5.538338400630134117e+01
1.890000000000279234e+00 5.466655120942913726e+01
1.910000000000278808e+00 5.469882718575448877e+01
1.930000000000278382e+00 5.555475967800459358e+01
1.950000000000277955e+00 5.511067846251808788e+01
1.970000000000277529e+00 5.518464833271655579e+01
1.990000000000277103e+00 5.488878463172409994e+01
2.010000000000276899e+00 5.476356388414868803e+01
2.030000000000276472e+00 5.457822819102389644e+01
2.050000000000276046e+00 5.445219819917559789e+01
2.070000000000275620e+00 5.440751965146966995e+01
2.090000000000275193e+00 5.446857524085277902e+01
2.110000000000274767e+00 5.428073198324816673e+01
2.130000000000274341e+00 5.357561568153570875e+01
2.150000000000273914e+00 5.396739274066270298e+01
2.170000000000273488e+00 5.337777176118640909e+01
2.190000000000273062e+00 5.378184961506304518e+01
2.210000000000272635e+00 5.323206852604423744e+01
2.230000000000272209e+00 5.220225096942080967e+01
2.250000000000271783e+00 5.230880355910235835e+01
2.270000000000271356e+00 5.223473969083206470e+01
2.290000000000270930e+00 5.185701611026179592e+01
2.310000000000270504e+00 5.176386418841669013e+01
2.330000000000270077e+00 5.106663312837379465e+01
2.350000000000269651e+00 5.063366930534227350e+01
2.370000000000269225e+00 5.110689351146459813e+01
2.390000000000268798e+00 4.981553708032176786e+01
2.410000000000268372e+00 5.005750941765053597e+01
2.430000000000267946e+00 4.979673703178479371e+01
2.450000000000267519e+00 4.904269938061472089e+01
2.470000000000267093e+00 4.890654034545941187e+01
2.490000000000266667e+00 4.830261587015142766e+01
2.510000000000266240e+00 4.781997978175573394e+01
2.530000000000265814e+00 4.861924967714016077e+01
2.550000000000265388e+00 4.705276159085703114e+01
2.570000000000264961e+00 4.637289469956527199e+01
2.590000000000264535e+00 4.670508933799897733e+01
2.610000000000264109e+00 4.655070111445584047e+01
2.630000000000263682e+00 4.608770085358614921e+01
2.650000000000263256e+00 4.606023893819360637e+01
2.670000000000262830e+00 4.502100733655158393e+01
2.690000000000262403e+00 4.458815455565535757e+01
2.710000000000261977e+00 4.483271747265190044e+01
2.730000000000261551e+00 4.392059574248590081e+01
2.750000000000261124e+00 4.378543780511774486e+01
2.770000000000260698e+00 4.342812775163762495e+01
2.790000000000260272e+00 4.303397320927558667e+01
2.810000000000259845e+00 4.239035235012965330e+01
2.830000000000259419e+00 4.270872937881672726e+01
2.850000000000258993e+00 4.151950073017250986e+01
2.870000000000258567e+00 4.152115150663647114e+01
2.890000000000258140e+00 4.132774765544235152e+01
2.910000000000257714e+00 4.102515697189024024e+01
2.930000000000257288e+00 4.066688254024705174e+01
2.950000000000256861e+00 3.999950569619306151e+01
2.970000000000256435e+00 3.998500414683509518e+01
2.990000000000256009e+00 3.878821837374680115e+01
3.010000000000255582e+00 3.894227382172050511e+01
3.030000000000255156e+00 3.897322455927571383e+01
3.050000000000254730e+00 3.813543193733765690e+01
3.070000000000254303e+00 3.830702306589976303e+01
3.090000000000253877e+00 3.782536395453621481e+01
3.110000000000253451e+00 3.739667817795105265e+01
3.130000000000253024e+00 3.714548852865537754e+01
3.150000000000252598e+00 3.609133305341072884e+01
3.170000000000252172e+00 3.650241367480782628e+01
3.190000000000251745e+00 3.589620862904677523e+01
3.210000000000251319e+00 3.535748386136069854e+01
3.230000000000250893e+00 3.539995848965075709e+01
3.250000000000250466e+00 3.473994244454752334e+01
3.270000000000250040e+00 3.521524805613770326e+01
3.290000000000249614e+00 3.407540674981364504e+01
3.310000000000249187e+00 3.394695132174796726e+01
3.330000000000248761e+00 3.384410975167198643e+01
3.350000000000248335e+00 3.327716241767371486e+01
3.370000000000247908e+00 3.302479791208479298e+01
3.390000000000247482e+00 3.255680484318533985e+01
3.410000000000247056e+00 3.220948577075159847e+01
3.430000000000246629e+00 3.187497540394349471e+01
3.450000000000246203e+00 3.197305624259884738e+01
3.470000000000245777e+00 3.138611502920616658e+01
3.490000000000245350e+00 3.129879596024447252e+01
3.510000000000244924e+00 3.062692607245616827e+01
3.530000000000244498e+00 3.060259470755585198e+01
3.550000000000244071e+00 3.025435324298600293e+01
3.570000000000243645e+00 2.983376352020460942e+01
3.590000000000243219e+00 2.982032598448463645e+01
3.610000000000242792e+00 2.938113524213796879e+01
3.630000000000242366e+00 2.939580945473523599e+01
3.650000000000241940e+00 2.881630768709002055e+01
3.670000000000241513e+00 2.861186610762272764e+01
3.690000000000241087e+00 2.813916115273253382e+01
3.710000000000240661e+00 2.823192460177177310e+01
3.730000000000240234e+00 2.780597385559648416e+01
3.750000000000239808e+00 2.763454517444710490e+01
3.770000000000239382e+00 2.750311290783425022e+01
3.790000000000238956e+00 2.679021062971990119e+01
3.810000000000238529e+00 2.692609731619271329e+01
3.830000000000238103e+00 2.638164612820639121e+01
3.850000000000237677e+00 2.647927007479956174e+01
3.870000000000237250e+00 2.613288347122319166e+01
3.890000000000236824e+00 2.580119311282761529e+01
3.910000000000236398e+00 2.574830520493452113e+01
3.930000000000235971e+00 2.562531206983337384e+01
3.950000000000235545e+00 2.521567823311891487e+01
3.970000000000235119e+00 2.497949121321718380e+01
3.990000000000234692e+00 2.448388053226291561e+01
4.010000000000234266e+00 2.468482029711819692e+01
4.030000000000233840e+00 2.462222526070592110e+01
4.050000000000233413e+00 2.404623136325729504e+01
4.070000000000232987e+00 2.393112663891154668e+01
4.090000000000232561e+00 2.370516748960841014e+01
4.110000000000232134e+00 2.336103631308873219e+01
4.130000000000231708e+00 2.331022617279899123e+01
4.150000000000231282e+00 2.274395324568835264e+01
4.170000000000230855e+00 2.323288289633808290e+01
4.190000000000230429e+00 2.287754893301541514e+01
4.210000000000230003e+00 2.231722557977114008e+01
4.230000000000229576e+00 2.211420561295291520e+01
4.250000000000229150e+00 2.225851776484197941e+01
4.270000000000228724e+00 2.190520796680202054e+01
4.290000000000228297e+00 2.179455774175839622e+01
4.310000000000227871e+00 2.149619951192888578e+01
4.330000000000227445e+00 2.166421029073589466e+01
4.350000000000227018e+00 2.111617880322667418e+01
4.370000000000226592e+00 2.074005580678220895e+01
4.390000000000226166e+00 2.087235430158283833e+01
4.410000000000225739e+00 2.063501184940487221e+01
4.430000000000225313e+00 2.056518425684062734e+01
4.450000000000224887e+00 2.028233452203413023e+01
4.470000000000224460e+00 2.000357654418870723e+01
4.490000000000224034e+00 1.988854447944956760e+01
4.510000000000223608e+00 1.978587065438925308e+01
4.530000000000223181e+00 1.957519375195705535e+01
4.550000000000222755e+00 1.950470467989655177e+01
4.570000000000222329e+00 1.905851315509512034e+01
4.590000000000221902e+00 1.914803847697535133e+01
4.610000000000221476e+00 1.936744462480653795e+01
4.630000000000221050e+00 1.873526480731336008e+01
4.650000000000220624e+00 1.850223208354171689e+01
4.670000000000220197e+00 1.850549769786328369e+01
4.690000000000219771e+00 1.840296083220280465e+01
4.710000000000219345e+00 1.819859273733892380e+01
4.730000000000218918e+00 1.824820079045368360e+01
4.750000000000218492e+00 1.768566470704242022e+01
4.770000000000218066e+00 1.800496965738541988e+01
4.790000000000217639e+00 1.745509596201431890e+01
4.810000000000217213e+00 1.746148755550869680e+01
4.830000000000216787e+00 1.749191738039568733e+01
4.850000000000216360e+00 1.715569537743526496e+01
4.870000000000215934e+00 1.717199581051595203e+01
4.890000000000215508e+00 1.688580584445114141e+01
4.910000000000215081e+00 1.674349102290415559e+01
4.930000000000214655e+00 1.679827540837684907e+01
4.950000000000214229e+00 1.655748064378496665e+01
4.970000000000213802e+00 1.634210909772720655e+01
4.990000000000213376e+00 1.626465410589518612e+01
5.010000000000212950e+00 1.619068410320505791e+01
5.030000000000212523e+00 1.598629919564593038e+01
5.050000000000212097e+00 1.574229080002926473e+01
5.070000000000211671e+00 1.597337275079893715e+01
5.090000000000211244e+00 1.575355832441879755e+01
5.110000000000210818e+00 1.532653120342708952e+01
5.130000000000210392e+00 1.527700543001029132e+01
5.150000000000209965e+00 1.540937016728447873e+01
5.170000000000209539e+00 1.526303620589189514e+01
5.190000000000209113e+00 1.521008267888150023e+01
5.210000000000208686e+00 1.489095511071188938e+01
5.230000000000208260e+00 1.482244687947849471e+01
5.250000000000207834e+00 1.479667048801197282e+01
5.270000000000207407e+00 1.472562053793439496e+01
5.290000000000206981e+00 1.454144964532716067e+01
5.310000000000206555e+00 1.427344719320684518e+01
5.330000000000206128e+00 1.460899932302159421e+01
5.350000000000205702e+00 1.415235928959267930e+01
5.370000000000205276e+00 1.425364639178506820e+01
5.390000000000204849e+00 1.404609775715437614e+01
5.410000000000204423e+00 1.398154101390903037e+01
5.430000000000203997e+00 1.389705678369004360e+01
5.450000000000203570e+00 1.382463671288120644e+01
5.470000000000203144e+00 1.364074293252547143e+01
5.490000000000202718e+00 1.358120702398165847e+01
5.510000000000202292e+00 1.350841616673618262e+01
5.530000000000201865e+00 1.350327505966992803e+01
5.550000000000201439e+00 1.332103265579076634e+01
5.570000000000201013e+00 1.333400926866091574e+01
5.590000000000200586e+00 1.326356992942223378e+01
5.610000000000200160e+00 1.315922377858427517e+01
5.630000000000199734e+00 1.307683259719000013e+01
5.650000000000199307e+00 1.293096640660338714e+01
5.670000000000198881e+00 1.292831357537979287e+01
5.690000000000198455e+00 1.274308055294708630e+01
5.710000000000198028e+00 1.265389421245094859e+01
5.730000000000197602e+00 1.254640584986675655e+01
5.750000000000197176e+00 1.251942220172078635e+01
5.770000000000196749e+00 1.230177436695162285e+01
5.790000000000196323e+00 1.245346570142966591e+01
5.810000000000195897e+00 1.226826933039734335e+01
5.830000000000195470e+00 1.209870724481069537e+01
5.850000000000195044e+00 1.222069306432082136e+01
5.870000000000194618e+00 1.205755803162263895e+01
5.890000000000194191e+00 1.197927667782150785e+01
5.910000000000193765e+00 1.178581116255324801e+01
5.930000000000193339e+00 1.179537896283986953e+01
5.950000000000192912e+00 1.207028704720635304e+01
5.970000000000192486e+00 1.173185526452163074e+01
5.990000000000192060e+00 1.149258623237094135e+01
6.010000000000191633e+00 1.152508549247197678e+01
6.030000000000191207e+00 1.151216574059012743e+01
6.050000000000190781e+00 1.152829704547336398e+01
6.070000000000190354e+00 1.120180093091206963e+01
6.090000000000189928e+00 1.136106245307313145e+01
6.110000000000189502e+00 1.122918057574775297e+01
6.130000000000189075e+00 1.105460934076488577e+01
6.150000000000188649e+00 1.112857832500572819e+01
6.170000000000188223e+00 1.113620213759677213e+01
6.190000000000187796e+00 1.098192122091581524e+01
6.210000000000187370e+00 1.074296556034336447e+01
6.230000000000186944e+00 1.087859180784117363e+01
6.250000000000186517e+00 1.077510880053524112e+01
6.270000000000186091e+00 1.068095450537394697e+01
6.290000000000185665e+00 1.051761707932991463e+01
6.310000000000185238e+00 1.061828567921838484e+01
6.330000000000184812e+00 1.047946921502543383e+01
6.350000000000184386e+00 1.034183463886339105e+01
6.370000000000183960e+00 1.027520297138275218e+01
6.390000000000183533e+00 1.043270211173112116e+01
6.410000000000183107e+00 1.022399680240595998e+01
6.430000000000182681e+00 1.022300542229816855e+01
6.450000000000182254e+00 1.015897914433679539e+01
6.470000000000181828e+00 1.000830188589462999e+01
6.490000000000181402e+00 1.013177076551266786e+01
6.510000000000180975e+00 9.849208536596409047e+00
6.530000000000180549e+00 9.902220489253654279e+00
6.550000000000180123e+00 9.889812243680850656e+00
6.570000000000179696e+00 9.692366557050307918e+00
6.590000000000179270e+00 9.787583133974770533e+00
6.610000000000178844e+00 9.567221180217652332e+00
6.630000000000178417e+00 9.617216539435633038e+00
6.650000000000177991e+00 9.583579908533831571e+00
6.670000000000177565e+00 9.463505764078943727e+00
6.690000000000177138e+00 9.454480260522496238e+00
6.710000000000176712e+00 9.439544698295895486e+00
6.730000000000176286e+00 9.358103470434267379e+00
6.750000000000175859e+00 9.314095145385474339e+00
6.770000000000175433e+00 9.202010835735647376e+00
6.790000000000175007e+00 9.183869642797647614e+00
6.810000000000174580e+00 9.057370983839343026e+00
6.830000000000174154e+00 9.074123047031205758e+00
6.850000000000173728e+00 9.098393477963901077e+00
6.870000000000173301e+00 8.922568921841715905e+00
6.890000000000172875e+00 8.871420876481460382e+00
6.910000000000172449e+00 8.907785290485449536e+00
6.930000000000172022e+00 8.700945002372625581e+00
6.950000000000171596e+00 8.806606423817138207e+00
6.970000000000171170e+00 8.772946057247072105e+00
6.990000000000170743e+00 8.619917141989727583e+00
7.010000000000170317e+00 8.614498103335293422e+00
7.030000000000169891e+00 8.743505284425632240e+00
7.050000000000169464e+00 8.532091005845103382e+00
7.070000000000169038e+00 8.489548696643351988e+00
7.090000000000168612e+00 8.552138836715876380e+00
7.110000000000168185e+00 8.440122560526583939e+00
7.130000000000167759e+00 8.420249434953554157e+00
7.150000000000167333e+00 8.298541824351477914e+00
7.170000000000166906e+00 8.261407406844192280e+00
7.190000000000166480e+00 8.254821608801446331e+00
7.210000000000166054e+00 8.117552186184314067e+00
7.230000000000165628e+00 8.178746755428285553e+00
7.250000000000165201e+00 8.095880012667306502e+00
7.270000000000164775e+00 7.992009374173089320e+00
7.290000000000164349e+00 7.994317389004820029e+00
7.310000000000163922e+00 8.054041113140590014e+00
7.330000000000163496e+00 7.893139625024123696e+00
7.350000000000163070e+00 7.965112324944195521e+00
7.370000000000162643e+00 7.783723602683059184e+00
7.390000000000162217e+00 7.921791014487942206e+00
7.410000000000161791e+00 7.655832267194247365e+00
7.430000000000161364e+00 7.711343983557493509e+00
7.450000000000160938e+00 7.668881402001113123e+00
7.470000000000160512e+00 7.560021083121647223e+00
7.490000000000160085e+00 7.659340716741202648e+00
7.510000000000159659e+00 7.637896937714629075e+00
7.530000000000159233e+00 7.527779317010885762e+00
7.550000000000158806e+00 7.399324080092483769e+00
7.570000000000158380e+00 7.528169915355984898e+00
7.590000000000157954e+00 7.368726772320297158e+00
7.610000000000157527e+00 7.315260069178562752e+00
7.630000000000157101e+00 7.359034197038302416e+00
7.650000000000156675e+00 7.256285808190474640e+00
7.670000000000156248e+00 7.208420639033485955e+00
7.690000000000155822e+00 7.169247459826268098e+00
7.710000000000155396e+00 7.156681502372086889e+00
7.730000000000154969e+00 7.139382516008577539e+00
7.750000000000154543e+00 7.052538329668294637e+00
7.770000000000154117e+00 7.022040303918143600e+00
7.790000000000153690e+00 6.988943398543908891e+00
7.810000000000153264e+00 7.065912046197532881e+00
7.830000000000152838e+00 6.963894095502643822e+00
7.850000000000152411e+00 6.902613494013339235e+00
7.870000000000151985e+00 6.882214095470371440e+00
7.890000000000151559e+00 6.853304850545767657e+00
7.910000000000151132e+00 6.759581032335556294e+00
7.930000000000150706e+00 6.719340490831299917e+00
7.950000000000150280e+00 6.756802179032836975e+00
7.970000000000149853e+00 6.660093665582520472e+00
7.990000000000149427e+00 6.683903808012246373e+00
8.010000000000149001e+00 6.603719466688398043e+00
8.030000000000148574e+00 6.554966685432471074e+00
8.050000000000148148e+00 6.587152285365763582e+00
8.070000000000147722e+00 6.429252956534602603e+00
8.090000000000147296e+00 6.544114132927735028e+00
8.110000000000146869e+00 6.427421008494314414e+00
8.130000000000146443e+00 6.394182956857977551e+00
8.150000000000146017e+00 6.436688448316940203e+00
8.170000000000145590e+00 6.314029474002627040e+00
8.190000000000145164e+00 6.306989904218962550e+00
8.210000000000144738e+00 6.258673631815004690e+00
8.230000000000144311e+00 6.249263592193100791e+00
8.250000000000143885e+00 6.233920461808470925e+00
8.270000000000143459e+00 6.141512741747091830e+00
8.290000000000143032e+00 6.177296220481214739e+00
8.310000000000142606e+00 6.121219601433987023e+00
8.330000000000142180e+00 6.039550472995502517e+00
8.350000000000141753e+00 6.090706291044424070e+00
8.370000000000141327e+00 6.008438970580912475e+00
8.390000000000140901e+00 5.909491783043711699e+00
8.410000000000140474e+00 5.940336184544510623e+00
8.430000000000140048e+00 5.949817340162656620e+00
8.450000000000139622e+00 5.894958393480929537e+00
8.470000000000139195e+00 5.856417786144581861e+00
8.490000000000138769e+00 5.834527175808647215e+00
8.510000000000138343e+00 5.726437308228512713e+00
8.530000000000137916e+00 5.715889541612982683e+00
8.550000000000137490e+00 5.747021804417607349e+00
8.570000000000137064e+00 5.678383654237781464e+00
8.590000000000136637e+00 5.748502061428883536e+00
8.610000000000136211e+00 5.651971269743939708e+00
8.630000000000135785e+00 5.580590665457667576e+00
8.650000000000135358e+00 5.511073376903197207e+00
8.670000000000134932e+00 5.558555826307427949e+00
8.690000000000134506e+00 5.450837045821131710e+00
8.710000000000134079e+00 5.479016706989805918e+00
8.730000000000133653e+00 5.429373912421121773e+00
8.750000000000133227e+00 5.352053312242004424e+00
8.770000000000132800e+00 5.344760035619718685e+00
8.790000000000132374e+00 5.336254935185836601e+00
8.810000000000131948e+00 5.341733986776699084e+00
8.830000000000131521e+00 5.270189979664847257e+00
8.850000000000131095e+00 5.242459747886630161e+00
8.870000000000130669e+00 5.162156167925000538e+00
8.890000000000130242e+00 5.236463127431009390e+00
8.910000000000129816e+00 5.156790227272301408e+00
8.930000000000129390e+00 5.102924942308722400e+00
8.950000000000128964e+00 5.098037087162223813e+00
8.970000000000128537e+00 5.018542444514576317e+00
8.990000000000128111e+00 4.981183105045068338e+00
9.010000000000127685e+00 5.011147518389369004e+00
9.030000000000127258e+00 4.911276013410704522e+00
9.050000000000126832e+00 4.981339363889570215e+00
9.070000000000126406e+00 4.918232078532799534e+00
9.090000000000125979e+00 4.821860795433827285e+00
9.110000000000125553e+00 4.844600076621659923e+00
9.130000000000125127e+00 4.831402218006012106e+00
9.150000000000124700e+00 4.756072063412720929e+00
9.170000000000124274e+00 4.775102813174020078e+00
9.190000000000123848e+00 4.710052034490942674e+00
9.210000000000123421e+00 4.677888504942965930e+00
9.230000000000122995e+00 4.675464951629975552e+00
9.250000000000122569e+00 4.631559207518789023e+00
9.270000000000122142e+00 4.684459670932928255e+00
9.290000000000121716e+00 4.567485381624704743e+00
9.310000000000121290e+00 4.550254938937606575e+00
9.330000000000120863e+00 4.493760834891040723e+00
9.350000000000120437e+00 4.516672473930199772e+00
9.370000000000120011e+00 4.506169440083684918e+00
9.390000000000119584e+00 4.453253626797525122e+00
9.410000000000119158e+00 4.437196507067393547e+00
9.430000000000118732e+00 4.417806590498548402e+00
9.450000000000118305e+00 4.338160491911057903e+00
9.470000000000117879e+00 4.352380543590908424e+00
9.490000000000117453e+00 4.352029166886636879e+00
9.510000000000117026e+00 4.324196408026365290e+00
9.530000000000116600e+00 4.246227951905122922e+00
9.550000000000116174e+00 4.228288611918745943e+00
9.570000000000115747e+00 4.255766239192152689e+00
9.590000000000115321e+00 4.152603719888791289e+00
9.610000000000114895e+00 4.173031479294881940e+00
9.630000000000114468e+00 4.150805867058429577e+00
9.650000000000114042e+00 4.125653054348407345e+00
9.670000000000113616e+00 4.074678208986467709e+00
9.690000000000113189e+00 4.071375384562874622e+00
9.710000000000112763e+00 4.049200447309626583e+00
9.730000000000112337e+00 3.975733748573523574e+00
9.750000000000111910e+00 3.989965326327863604e+00
9.770000000000111484e+00 3.985758685993360029e+00
9.790000000000111058e+00 3.934015487884426232e+00
9.810000000000110632e+00 3.927765023897322294e+00
9.830000000000110205e+00 3.868021317294684458e+00
9.850000000000109779e+00 3.856264752355732739e+00
9.870000000000109353e+00 3.859931071369266942e+00
9.890000000000108926e+00 3.814256748955557441e+00
9.910000000000108500e+00 3.815240004403434249e+00
9.930000000000108074e+00 3.739719343514102956e+00
9.950000000000107647e+00 3.788101940660272948e+00
9.970000000000107221e+00 3.665725899756986372e+00
9.990000000000106795e+00 3.706266273135726763e+00
1.001000000000010637e+01 3.675038245841391049e+00
1.003000000000010594e+01 3.679645190419684742e+00
1.005000000000010552e+01 3.620954550258397742e+00
1.007000000000010509e+01 3.594309757384037685e+00
1.009000000000010466e+01 3.597887110845545688e+00
1.011000000000010424e+01 3.565271001527222872e+00
1.013000000000010381e+01 3.503992860627808348e+00
1.015000000000010338e+01 3.541714808858608343e+00
1.017000000000010296e+01 3.488488291327323410e+00
1.019000000000010253e+01 3.473761548082052286e+00
1.021000000000010210e+01 3.416471886432112193e+00
1.023000000000010168e+01 3.469849710380900731e+00
1.025000000000010125e+01 3.384846092103610093e+00
1.027000000000010083e+01 3.370007472743517862e+00
1.029000000000010040e+01 3.392781457412216817e+00
1.031000000000009997e+01 3.348210273949875582e+00
1.033000000000009955e+01 3.278779009934714495e+00
1.035000000000009912e+01 3.291027608081679823e+00
1.037000000000009869e+01 3.303492432857036309e+00
1.039000000000009827e+01 3.213562505496270649e+00
1.041000000000009784e+01 3.259303746972145976e+00
1.043000000000009742e+01 3.236514721924195204e+00
1.045000000000009699e+01 3.208149165133828085e+00
1.047000000000009656e+01 3.174782442258837545e+00
1.049000000000009614e+01 3.135698163733926513e+00
1.051000000000009571e+01 3.162167188430209830e+00
1.053000000000009528e+01 3.115220367714890415e+00
1.055000000000009486e+01 3.143520668448647637e+00
1.057000000000009443e+01 3.048443529133676666e+00
1.059000000000009400e+01 3.077372686518898171e+00
1.061000000000009358e+01 3.039841809945946327e+00
1.063000000000009315e+01 3.046120305816832463e+00
1.065000000000009273e+01 3.026236796114950778e+00
1.067000000000009230e+01 2.970282642433860865e+00
1.069000000000009187e+01 2.936308639525664788e+00
1.071000000000009145e+01 2.903414178593624495e+00
1.073000000000009102e+01 2.934671088074086498e+00
1.075000000000009059e+01 2.860243465955519149e+00
1.077000000000009017e+01 2.887658673070810700e+00
1.079000000000008974e+01 2.909123919578611162e+00
1.081000000000008932e+01 2.844688891919709306e+00
1.083000000000008889e+01 2.822498547698317317e+00
1.085000000000008846e+01 2.782623564209802947e+00
1.087000000000008804e+01 2.771889175100566316e+00
1.089000000000008761e+01 2.787024832057480861e+00
1.091000000000008718e+01 2.747037932566380736e+00
1.093000000000008676e+01 2.750727236018496225e+00
1.095000000000008633e+01 2.706176241053964038e+00
1.097000000000008590e+01 2.714588575069232679e+00
1.099000000000008548e+01 2.690597247907240419e+00
1.101000000000008505e+01 2.665685909760267869e+00
1.103000000000008463e+01 2.626024708721595768e+00
1.105000000000008420e+01 2.569728603998794103e+00
1.107000000000008377e+01 2.628175256403434190e+00
1.109000000000008335e+01 2.599821951036717316e+00
1.111000000000008292e+01 2.564279634348443082e+00
1.113000000000008249e+01 2.545350438913299929e+00
1.115000000000008207e+01 2.561381646950057434e+00
1.117000000000008164e+01 2.530128847918987400e+00
1.119000000000008122e+01 2.476308050537754379e+00
1.121000000000008079e+01 2.510749108259788809e+00
1.123000000000008036e+01 2.469270265503410666e+00
1.125000000000007994e+01 2.452884606476138263e+00
1.127000000000007951e+01 2.481748002897586680e+00
1.129000000000007908e+01 2.421099556723592450e+00
1.131000000000007866e+01 2.417292601672386798e+00
1.133000000000007823e+01 2.351514919360031097e+00
1.135000000000007780e+01 2.399376995232339382e+00
1.137000000000007738e+01 2.342911148683602729e+00
1.139000000000007695e+01 2.345244465425231351e+00
1.141000000000007653e+01 2.330535349507178111e+00
1.143000000000007610e+01 2.270032119158782891e+00
1.145000000000007567e+01 2.286447563465944466e+00
1.147000000000007525e+01 2.233189655081639913e+00
1.149000000000007482e+01 2.244737126205510247e+00
1.151000000000007439e+01 2.199209234291427784e+00
1.153000000000007397e+01 2.216719201009671014e+00
1.155000000000007354e+01 2.188046102504829005e+00
1.157000000000007311e+01 2.150522510807552301e+00
1.159000000000007269e+01 2.130702402913031257e+00
1.161000000000007226e+01 2.116826896767302735e+00
1.163000000000007184e+01 2.124942396942457457e+00
1.165000000000007141e+01 2.077597475109164371e+00
1.167000000000007098e+01 2.076265130574017626e+00
1.169000000000007056e+01 2.062865827414679831e+00
1.171000000000007013e+01 2.053698995696083163e+00
1.173000000000006970e+01 2.032363799684132388e+00
1.175000000000006928e+01 1.981491427697375629e+00
1.177000000000006885e+01 1.997760686833444987e+00
1.179000000000006843e+01 1.997025699285662093e+00
1.181000000000006800e+01 1.902446148814344706e+00
1.183000000000006757e+01 1.879040786595090218e+00
1.185000000000006715e+01 1.924757032249658772e+00
1.187000000000006672e+01 1.872123061959126256e+00
1.189000000000006629e+01 1.867428449190973838e+00
1.191000000000006587e+01 1.838842673255038251e+00
1.193000000000006544e+01 1.823654282895674994e+00
1.195000000000006501e+01 1.808062388168327761e+00
1.197000000000006459e+01 1.793121837117063633e+00
1.199000000000006416e+01 1.797229336202840866e+00
1.201000000000006374e+01 1.768202561455084254e+00
1.203000000000006331e+01 1.761998226949044621e+00
1.205000000000006288e+01 1.704530286282135876e+00
1.207000000000006246e+01 1.750003398083046724e+00
1.209000000000006203e+01 1.703761501292475167e+00
1.211000000000006160e+01 1.709696598847661120e+00
1.213000000000006118e+01 1.699200801946828543e+00
1.215000000000006075e+01 1.644959899059074804e+00
1.217000000000006033e+01 1.650363947657200958e+00
1.219000000000005990e+01 1.668900178257019862e+00
1.221000000000005947e+01 1.577992299163450296e+00
1.223000000000005905e+01 1.596607675073238308e+00
1.225000000000005862e+01 1.578481097206310135e+00
1.227000000000005819e+01 1.551564785649400591e+00
1.229000000000005777e+01 1.568381136233501838e+00
1.231000000000005734e+01 1.542064437869315574e+00
1.233000000000005691e+01 1.513758656331691599e+00
1.235000000000005649e+01 1.500863288728368383e+00
1.237000000000005606e+01 1.543098682383088560e+00
1.239000000000005564e+01 1.478159368251036998e+00
1.241000000000005521e+01 1.464721490216158495e+00
1.243000000000005478e+01 1.450585673261244102e+00
1.245000000000005436e+01 1.460958185071565163e+00
1.247000000000005393e+01 1.441156162227885673e+00
1.249000000000005350e+01 1.437593860252463829e+00
1.251000000000005308e+01 1.404068880860954494e+00
1.253000000000005265e+01 1.402145154680471073e+00
1.255000000000005222e+01 1.382517089322734760e+00
1.257000000000005180e+01 1.373164837346215750e+00
1.259000000000005137e+01 1.379593761679272612e+00
1.261000000000005095e+01 1.336412914280802555e+00
1.263000000000005052e+01 1.325374431326308722e+00
1.265000000000005009e+01 1.311642572995467049e+00
1.267000000000004967e+01 1.322387138786493166e+00
1.269000000000004924e+01 1.312554672264856892e+00
1.271000000000004881e+01 1.283391242741392491e+00
1.273000000000004839e+01 1.256612886209172553e+00
1.275000000000004796e+01 1.280771563552159487e+00
1.277000000000004754e+01 1.234339761199005903e+00
1.279000000000004711e+01 1.252343482968331534e+00
1.281000000000004668e+01 1.242441490972525875e+00
1.283000000000004626e+01 1.199405106982922131e+00
1.285000000000004583e+01 1.189751862834675489e+00
1.287000000000004540e+01 1.202743461692833415e+00
1.289000000000004498e+01 1.193170747913053109e+00
1.291000000000004455e+01 1.151830869676353730e+00
1.293000000000004412e+01 1.184707442901491659e+00
1.295000000000004370e+01 1.146025518275793464e+00
1.297000000000004327e+01 1.170260934042032686e+00
1.299000000000004285e+01 1.146676783631816354e+00
1.301000000000004242e+01 1.111687711899095099e+00
1.303000000000004199e+01 1.125536459574876025e+00
1.305000000000004157e+01 1.107918616456396554e+00
1.307000000000004114e+01 1.093679384110832542e+00
1.309000000000004071e+01 1.081509756820108192e+00
1.311000000000004029e+01 1.059688588209879878e+00
1.313000000000003986e+01 1.072578337631481249e+00
1.315000000000003944e+01 1.042151395724365548e+00
1.317000000000003901e+01 1.011993536162962393e+00
1.319000000000003858e+01 1.013053447599000512e+00
1.321000000000003816e+01 1.030832721376679473e+00
1.323000000000003773e+01 1.025266472338997259e+00
1.325000000000003730e+01 9.700525753791344741e-01
1.327000000000003688e+01 9.542584663058376604e-01
1.329000000000003645e+01 9.525315939752921901e-01
1.331000000000003602e+01 9.593886071296719997e-01
1.333000000000003560e+01 9.556399685287944035e-01
1.335000000000003517e+01 9.551101604233788178e-01
1.337000000000003475e+01 8.899468628203804910e-01
1.339000000000003432e+01 9.136713739405815105e-01
1.341000000000003389e+01 8.935140557338875356e-01
1.343000000000003347e+01 8.563010831709813031e-01
1.345000000000003304e+01 8.584145960907629824e-01
1.347000000000003261e+01 8.600787766084803110e-01
1.349000000000003219e+01 8.493575258846383091e-01
1.351000000000003176e+01 8.302965228723910851e-01
1.353000000000003133e+01 8.045199044678822409e-01
1.355000000000003091e+01 7.967694065212360677e-01
1.357000000000003048e+01 7.739959934694965460e-01
1.359000000000003006e+01 7.719726041715671006e-01
1.361000000000002963e+01 7.646143193186242248e-01
1.363000000000002920e+01 7.593783624443207758e-01
1.365000000000002878e+01 7.065000845731269630e-01
1.367000000000002835e+01 7.204345449395278544e-01
1.369000000000002792e+01 7.032948910281381361e-01
1.371000000000002750e+01 7.123366173298066872e-01
1.373000000000002707e+01 7.065616584439932124e-01
1.375000000000002665e+01 6.676854799183905564e-01
1.377000000000002622e+01 6.583530361120395469e-01
1.379000000000002579e+01 6.296032094574182114e-01
1.381000000000002537e+01 6.319582032682719008e-01
1.383000000000002494e+01 6.089771188985613204e-01
1.385000000000002451e+01 6.060022610164784718e-01
1.387000000000002409e+01 5.925778152302016988e-01
1.389000000000002366e+01 6.066548729058861555e-01
1.391000000000002323e+01 5.773933835133953085e-01
1.393000000000002281e+01 5.708950579442767514e-01
1.395000000000002238e+01 5.324183429203142026e-01
1.397000000000002196e+01 5.150298989907908798e-01
1.399000000000002153e+01 5.103725602824977781e-01
1.401000000000002110e+01 5.123188054658442958e-01
1.403000000000002068e+01 5.000730449036129288e-01
1.405000000000002025e+01 5.026228887564989645e-01
1.407000000000001982e+01 4.907360830666451790e-01
1.409000000000001940e+01 4.834215259447889879e-01
1.411000000000001897e+01 4.614887038421848775e-01
1.413000000000001855e+01 4.606750383584753972e-01
1.415000000000001812e+01 4.577590484253379333e-01
1.417000000000001769e+01 4.548267410132175170e-01
1.419000000000001727e+01 4.262257569616080266e-01
1.421000000000001684e+01 4.165476796034545681e-01
1.423000000000001641e+01 3.985114173820962780e-01
1.425000000000001599e+01 4.011160053840305828e-01
1.427000000000001556e+01 3.937043707530299419e-01
1.429000000000001513e+01 3.612157726129124891e-01
1.431000000000001471e+01 3.743184676389378907e-01
1.433000000000001428e+01 3.615448974359113388e-01
1.435000000000001386e+01 3.418607169164593618e-01
1.437000000000001343e+01 3.156279735154095545e-01
1.439000000000001300e+01 3.204372006442781640e-01
1.441000000000001258e+01 2.895285639425780877e-01
1.443000000000001215e+01 2.854476858779481652e-01
1.445000000000001172e+01 2.843677385614058473e-01
1.447000000000001130e+01 2.723182356755171618e-01
1.449000000000001087e+01 2.525217324239563133e-01
1.451000000000001044e+01 2.212258343112031012e-01
1.453000000000001002e+01 2.065074751932919339e-01
1.455000000000000959e+01 1.599085332725707076e-01
1.457000000000000917e+01 1.212116212471064103e-01
1.459000000000000874e+01 7.149721310099968474e-02
1.461000000000000831e+01 2.780627548089057918e-02
1.463000000000000789e+01 1.921184836242989177e-02
1.465000000000000746e+01 2.797968382640309698e-03
1.467000000000000703e+01 2.732302623544408636e-03
1.469000000000000661e+01 2.722566323355860799e-03
1.471000000000000618e+01 1.839993700943079048e-07
1.473000000000000576e+01 0.000000000000000000e+00
1.475000000000000533e+01 0.000000000000000000e+00
1.477000000000000490e+01 0.000000000000000000e+00
1.479000000000000448e+01 0.000000000000000000e+00
1.481000000000000405e+01 0.000000000000000000e+00
1.483000000000000362e+01 0.000000000000000000e+00
1.485000000000000320e+01 0.000000000000000000e+00
1.487000000000000277e+01 0.000000000000000000e+00
1.489000000000000234e+01 0.000000000000000000e+00
1.491000000000000192e+01 0.000000000000000000e+00
1.493000000000000149e+01 0.000000000000000000e+00
1.495000000000000107e+01 0.000000000000000000e+00
1.497000000000000064e+01 0.000000000000000000e+00
1.499000000000000021e+01 0.000000000000000000e+00
