# Redshift		Merger Rate Density [Gpc^-3yr^-1]
1.000000000031931770e-02 2.627112966506335852e+02
3.000000000031888964e-02 2.656915218774819323e+02
5.000000000031846331e-02 2.691761877131384040e+02
7.000000000031804392e-02 2.743233600175007609e+02
9.000000000031761760e-02 2.789132505294896873e+02
1.100000000003171913e-01 2.830914760352176813e+02
1.300000000003167511e-01 2.894621321322975405e+02
1.500000000003163247e-01 2.944735250534928923e+02
1.700000000003158984e-01 2.973524019089775265e+02
1.900000000003154721e-01 3.024642748985186245e+02
2.100000000003150458e-01 3.072539082953890102e+02
2.300000000003146194e-01 3.111367237956717986e+02
2.500000000003141931e-01 3.159269289683675197e+02
2.700000000003137668e-01 3.165914110950962481e+02
2.900000000003133405e-01 3.216848997717992233e+02
3.100000000003129141e-01 3.241147518827273188e+02
3.300000000003124878e-01 3.260791416820891300e+02
3.500000000003120615e-01 3.324753501167879222e+02
3.700000000003116352e-01 3.325915965876231439e+02
3.900000000003112088e-01 3.353639843090184058e+02
4.100000000003107825e-01 3.368133298164228790e+02
4.300000000003103562e-01 3.404561429577187823e+02
4.500000000003099299e-01 3.413259360865764052e+02
4.700000000003095035e-01 3.449503608315581573e+02
4.900000000003090772e-01 3.430858331399924737e+02
5.100000000003086509e-01 3.450648902539432470e+02
5.300000000003082246e-01 3.496614656736493316e+02
5.500000000003077982e-01 3.491890998871280658e+02
5.700000000003073719e-01 3.506234154059453658e+02
5.900000000003069456e-01 3.493915398648353516e+02
6.100000000003065193e-01 3.544847137035615674e+02
6.300000000003060929e-01 3.506144862378748144e+02
6.500000000003056666e-01 3.552076393896350055e+02
6.700000000003052403e-01 3.550436898810025923e+02
6.900000000003048140e-01 3.549408368612594700e+02
7.100000000003043876e-01 3.578065605830611275e+02
7.300000000003039613e-01 3.564318381728651843e+02
7.500000000003035350e-01 3.585065006325047534e+02
7.700000000003031086e-01 3.575307459645520680e+02
7.900000000003026823e-01 3.600536601584443019e+02
8.100000000003022560e-01 3.566500425708694024e+02
8.300000000003018297e-01 3.567303584675691468e+02
8.500000000003014033e-01 3.578732061914729456e+02
8.700000000003009770e-01 3.548827196639593353e+02
8.900000000003005507e-01 3.541346231902568320e+02
9.100000000003001244e-01 3.540849791266824695e+02
9.300000000002996980e-01 3.525099709219815054e+02
9.500000000002992717e-01 3.528441106366202575e+02
9.700000000002988454e-01 3.473838595301385226e+02
9.900000000002984191e-01 3.484593048894022331e+02
1.010000000000297993e+00 3.433839756716343459e+02
1.030000000000297566e+00 3.429731800028500288e+02
1.050000000000297140e+00 3.399667436366753464e+02
1.070000000000296714e+00 3.386814448741120600e+02
1.090000000000296287e+00 3.334449286243740858e+02
1.110000000000295861e+00 3.313328479790149572e+02
1.130000000000295435e+00 3.292060076342393131e+02
1.150000000000295008e+00 3.230898600621577543e+02
1.170000000000294582e+00 3.235954256193319338e+02
1.190000000000294156e+00 3.160922236581242828e+02
1.210000000000293729e+00 3.175771294535130096e+02
1.230000000000293303e+00 3.113365479248564043e+02
1.250000000000292877e+00 3.085796152175421980e+02
1.270000000000292451e+00 3.028287159233066177e+02
1.290000000000292024e+00 3.020599086810012750e+02
1.310000000000291598e+00 2.933387904480367752e+02
1.330000000000291172e+00 2.957746646018388219e+02
1.350000000000290745e+00 2.908102782240886768e+02
1.370000000000290319e+00 2.843422414913659964e+02
1.390000000000289893e+00 2.852612517412017041e+02
1.410000000000289466e+00 2.800011562369863327e+02
1.430000000000289040e+00 2.776957681529816000e+02
1.450000000000288614e+00 2.728038403407664418e+02
1.470000000000288187e+00 2.704507676915445700e+02
1.490000000000287761e+00 2.679928842854675395e+02
1.510000000000287335e+00 2.661611910898658948e+02
1.530000000000286908e+00 2.610953321458396772e+02
1.550000000000286482e+00 2.613031247336728597e+02
1.570000000000286056e+00 2.567254319805786054e+02
1.590000000000285629e+00 2.534564002800737228e+02
1.610000000000285203e+00 2.510717723564297899e+02
1.630000000000284777e+00 2.496075707335827758e+02
1.650000000000284350e+00 2.467398521735526913e+02
1.670000000000283924e+00 2.413326403610714976e+02
1.690000000000283498e+00 2.418309055787895545e+02
1.710000000000283071e+00 2.361220173626665542e+02
1.730000000000282645e+00 2.352799875327158645e+02
1.750000000000282219e+00 2.307358947658011630e+02
1.770000000000281792e+00 2.289241694576854513e+02
1.790000000000281366e+00 2.275685075550036629e+02
1.810000000000280940e+00 2.230014297025608698e+02
1.830000000000280513e+00 2.211674316078660922e+02
1.850000000000280087e+00 2.176352347457160192e+02
1.870000000000279661e+00 2.166381810013557185e+02
1.890000000000279234e+00 2.137556070421007348e+02
1.910000000000278808e+00 2.098947199265737993e+02
1.930000000000278382e+00 2.097025206381466944e+02
1.950000000000277955e+00 2.052957033516367460e+02
1.970000000000277529e+00 2.052170519992946822e+02
1.990000000000277103e+00 2.030424685096009227e+02
2.010000000000276899e+00 2.004897780302942465e+02
2.030000000000276472e+00 1.979888654902085534e+02
2.050000000000276046e+00 1.967523092772125324e+02
2.070000000000275620e+00 1.931298229209099020e+02
2.090000000000275193e+00 1.930902173454142314e+02
2.110000000000274767e+00 1.899661664804675354e+02
2.130000000000274341e+00 1.897942401159772032e+02
2.150000000000273914e+00 1.859710582671491750e+02
2.170000000000273488e+00 1.837789687534080372e+02
2.190000000000273062e+00 1.834301525723746522e+02
2.210000000000272635e+00 1.798076311495739503e+02
2.230000000000272209e+00 1.801486594062205597e+02
2.250000000000271783e+00 1.772113152607800544e+02
2.270000000000271356e+00 1.757622479036704704e+02
2.290000000000270930e+00 1.744147227660194801e+02
2.310000000000270504e+00 1.735309914572480352e+02
2.330000000000270077e+00 1.705821825759729222e+02
2.350000000000269651e+00 1.695672440866605086e+02
2.370000000000269225e+00 1.698189599526067184e+02
2.390000000000268798e+00 1.661578625135853997e+02
2.410000000000268372e+00 1.691636788271690079e+02
2.430000000000267946e+00 1.655171077909605515e+02
2.450000000000267519e+00 1.653580889587729530e+02
2.470000000000267093e+00 1.653166549028154577e+02
2.490000000000266667e+00 1.631529403643648095e+02
2.510000000000266240e+00 1.639584743196255943e+02
2.530000000000265814e+00 1.586049790615891482e+02
2.550000000000265388e+00 1.591902610191484655e+02
2.570000000000264961e+00 1.590929782363940035e+02
2.590000000000264535e+00 1.570664709890850474e+02
2.610000000000264109e+00 1.536866594228108340e+02
2.630000000000263682e+00 1.532935011181048708e+02
2.650000000000263256e+00 1.532938479062383124e+02
2.670000000000262830e+00 1.525115875455462913e+02
2.690000000000262403e+00 1.499846958505424652e+02
2.710000000000261977e+00 1.489614773289267475e+02
2.730000000000261551e+00 1.493462986605867115e+02
2.750000000000261124e+00 1.488653520020963299e+02
2.770000000000260698e+00 1.473977869823248739e+02
2.790000000000260272e+00 1.449360515581826405e+02
2.810000000000259845e+00 1.444925138775866174e+02
2.830000000000259419e+00 1.437117451658326388e+02
2.850000000000258993e+00 1.430578949155354280e+02
2.870000000000258567e+00 1.426685618699379177e+02
2.890000000000258140e+00 1.395328870897006368e+02
2.910000000000257714e+00 1.404503033003839505e+02
2.930000000000257288e+00 1.385934132327123223e+02
2.950000000000256861e+00 1.375567007008895928e+02
2.970000000000256435e+00 1.382655052188684408e+02
2.990000000000256009e+00 1.363864465033500437e+02
3.010000000000255582e+00 1.347483603583465879e+02
3.030000000000255156e+00 1.342486239015711078e+02
3.050000000000254730e+00 1.350639125993455991e+02
3.070000000000254303e+00 1.323815654184868151e+02
3.090000000000253877e+00 1.326539328101949877e+02
3.110000000000253451e+00 1.311433332934299187e+02
3.130000000000253024e+00 1.302616032495924401e+02
3.150000000000252598e+00 1.308211050760242529e+02
3.170000000000252172e+00 1.296137529106435693e+02
3.190000000000251745e+00 1.280821710612436846e+02
3.210000000000251319e+00 1.276222491236765109e+02
3.230000000000250893e+00 1.277962642205137769e+02
3.250000000000250466e+00 1.260417413491139484e+02
3.270000000000250040e+00 1.251788275533042025e+02
3.290000000000249614e+00 1.240099953561454242e+02
3.310000000000249187e+00 1.243405583649989836e+02
3.330000000000248761e+00 1.229954376968518091e+02
3.350000000000248335e+00 1.231638115893045438e+02
3.370000000000247908e+00 1.218217440447327817e+02
3.390000000000247482e+00 1.217873668249523433e+02
3.410000000000247056e+00 1.211479409136611878e+02
3.430000000000246629e+00 1.198479073734506386e+02
3.450000000000246203e+00 1.190012594077853265e+02
3.470000000000245777e+00 1.189470407379087362e+02
3.490000000000245350e+00 1.177644596944193438e+02
3.510000000000244924e+00 1.166332861405201129e+02
3.530000000000244498e+00 1.161364111738270850e+02
3.550000000000244071e+00 1.155480561054254309e+02
3.570000000000243645e+00 1.161541481460110390e+02
3.590000000000243219e+00 1.145231563971401556e+02
3.610000000000242792e+00 1.133025463770497083e+02
3.630000000000242366e+00 1.136751097185796482e+02
3.650000000000241940e+00 1.128867642593244511e+02
3.670000000000241513e+00 1.109036504269482464e+02
3.690000000000241087e+00 1.115868206189982459e+02
3.710000000000240661e+00 1.108902422231033711e+02
3.730000000000240234e+00 1.103145937703885835e+02
3.750000000000239808e+00 1.096135585935959966e+02
3.770000000000239382e+00 1.092555359092611553e+02
3.790000000000238956e+00 1.080387828784620012e+02
3.810000000000238529e+00 1.079725932894664169e+02
3.830000000000238103e+00 1.071653028626779474e+02
3.850000000000237677e+00 1.066947558496714805e+02
3.870000000000237250e+00 1.067424995683649200e+02
3.890000000000236824e+00 1.055224926497799913e+02
3.910000000000236398e+00 1.053144922212820660e+02
3.930000000000235971e+00 1.042068089980673165e+02
3.950000000000235545e+00 1.049634777027043526e+02
3.970000000000235119e+00 1.029565522319929158e+02
3.990000000000234692e+00 1.032819074496516549e+02
4.010000000000234266e+00 1.020550577469821860e+02
4.030000000000233840e+00 1.016877043174631154e+02
4.050000000000233413e+00 1.014686095974419828e+02
4.070000000000232987e+00 1.004524227643141785e+02
4.090000000000232561e+00 1.010787907575276847e+02
4.110000000000232134e+00 9.973081812181089845e+01
4.130000000000231708e+00 9.972087857463100136e+01
4.150000000000231282e+00 9.891483521373224619e+01
4.170000000000230855e+00 9.834655544794489401e+01
4.190000000000230429e+00 9.859304417605265769e+01
4.210000000000230003e+00 9.785196790866149286e+01
4.230000000000229576e+00 9.667055398434816027e+01
4.250000000000229150e+00 9.608261799760366273e+01
4.270000000000228724e+00 9.536914662553942890e+01
4.290000000000228297e+00 9.539124070531431698e+01
4.310000000000227871e+00 9.454572184224274167e+01
4.330000000000227445e+00 9.459072156907396334e+01
4.350000000000227018e+00 9.295893774996270054e+01
4.370000000000226592e+00 9.349357908251134575e+01
4.390000000000226166e+00 9.309640033274438053e+01
4.410000000000225739e+00 9.220494368209698166e+01
4.430000000000225313e+00 9.120470649924629924e+01
4.450000000000224887e+00 9.093725852906551665e+01
4.470000000000224460e+00 9.032566496452531624e+01
4.490000000000224034e+00 9.044044952658283876e+01
4.510000000000223608e+00 8.867487708893662557e+01
4.530000000000223181e+00 8.917212112159712945e+01
4.550000000000222755e+00 8.859143702914836638e+01
4.570000000000222329e+00 8.656553807379043519e+01
4.590000000000221902e+00 8.645443203372985863e+01
4.610000000000221476e+00 8.595619238617604196e+01
4.630000000000221050e+00 8.557816793044386827e+01
4.650000000000220624e+00 8.412091954641510938e+01
4.670000000000220197e+00 8.382084547236125616e+01
4.690000000000219771e+00 8.334415759541869306e+01
4.710000000000219345e+00 8.235177168181662921e+01
4.730000000000218918e+00 8.188438346966394477e+01
4.750000000000218492e+00 8.052796145013971341e+01
4.770000000000218066e+00 8.024509199612147370e+01
4.790000000000217639e+00 7.936536465610603841e+01
4.810000000000217213e+00 7.816467103587370957e+01
4.830000000000216787e+00 7.793580385150433187e+01
4.850000000000216360e+00 7.693558107174550287e+01
4.870000000000215934e+00 7.631193811348870781e+01
4.890000000000215508e+00 7.539191955173305359e+01
4.910000000000215081e+00 7.456743591965062024e+01
4.930000000000214655e+00 7.446228572136796231e+01
4.950000000000214229e+00 7.363320646460118724e+01
4.970000000000213802e+00 7.271973384373545457e+01
4.990000000000213376e+00 7.259471530662946748e+01
5.010000000000212950e+00 7.209314051681917590e+01
5.030000000000212523e+00 7.086868197558577265e+01
5.050000000000212097e+00 7.059068084667077869e+01
5.070000000000211671e+00 6.971853916053512989e+01
5.090000000000211244e+00 6.900057823747837915e+01
5.110000000000210818e+00 6.824898851755477835e+01
5.130000000000210392e+00 6.828936419878445463e+01
5.150000000000209965e+00 6.671928844316470020e+01
5.170000000000209539e+00 6.670495257012139234e+01
5.190000000000209113e+00 6.645266007838402800e+01
5.210000000000208686e+00 6.536106441437517844e+01
5.230000000000208260e+00 6.551813376205402051e+01
5.250000000000207834e+00 6.410161533197299377e+01
5.270000000000207407e+00 6.410473189859605725e+01
5.290000000000206981e+00 6.302326334894523541e+01
5.310000000000206555e+00 6.227437632039261217e+01
5.330000000000206128e+00 6.229734916484354557e+01
5.350000000000205702e+00 6.105627290421826814e+01
5.370000000000205276e+00 6.077192171929953446e+01
5.390000000000204849e+00 6.060480141998888115e+01
5.410000000000204423e+00 5.977970183585910746e+01
5.430000000000203997e+00 5.887820966485486451e+01
5.450000000000203570e+00 5.829262932797915653e+01
5.470000000000203144e+00 5.737409894112894193e+01
5.490000000000202718e+00 5.724332928575355339e+01
5.510000000000202292e+00 5.680782972830598965e+01
5.530000000000201865e+00 5.610745151387470031e+01
5.550000000000201439e+00 5.543455846672555509e+01
5.570000000000201013e+00 5.517298737815806220e+01
5.590000000000200586e+00 5.457885082787123565e+01
5.610000000000200160e+00 5.369404919355899608e+01
5.630000000000199734e+00 5.332473666654564681e+01
5.650000000000199307e+00 5.281325357798024811e+01
5.670000000000198881e+00 5.185592024046615478e+01
5.690000000000198455e+00 5.130045936210709101e+01
5.710000000000198028e+00 5.059693399014037851e+01
5.730000000000197602e+00 5.074290400105062560e+01
5.750000000000197176e+00 4.947007644140996518e+01
5.770000000000196749e+00 4.885285285123080001e+01
5.790000000000196323e+00 4.760532025843689041e+01
5.810000000000195897e+00 4.769919624441165240e+01
5.830000000000195470e+00 4.663435790484508914e+01
5.850000000000195044e+00 4.627387955401328412e+01
5.870000000000194618e+00 4.567014663351594095e+01
5.890000000000194191e+00 4.499729541620562401e+01
5.910000000000193765e+00 4.442596391806740996e+01
5.930000000000193339e+00 4.400798553577919847e+01
5.950000000000192912e+00 4.336678140931393699e+01
5.970000000000192486e+00 4.261544325284794610e+01
5.990000000000192060e+00 4.252502146944430450e+01
6.010000000000191633e+00 4.219575165126657623e+01
6.030000000000191207e+00 4.157662123752778882e+01
6.050000000000190781e+00 4.078558478014314659e+01
6.070000000000190354e+00 4.019472315468103574e+01
6.090000000000189928e+00 4.009442338891093982e+01
6.110000000000189502e+00 3.919648579030665303e+01
6.130000000000189075e+00 3.891548508237552539e+01
6.150000000000188649e+00 3.831508332057098443e+01
6.170000000000188223e+00 3.775140274065526569e+01
6.190000000000187796e+00 3.717505414474727843e+01
6.210000000000187370e+00 3.727932766012143873e+01
6.230000000000186944e+00 3.647008029751425795e+01
6.250000000000186517e+00 3.628226163861646114e+01
6.270000000000186091e+00 3.560812147897402014e+01
6.290000000000185665e+00 3.497775133068040532e+01
6.310000000000185238e+00 3.473151273154850571e+01
6.330000000000184812e+00 3.446746455684557020e+01
6.350000000000184386e+00 3.371445285219169108e+01
6.370000000000183960e+00 3.306293618209283380e+01
6.390000000000183533e+00 3.281734408936163305e+01
6.410000000000183107e+00 3.202410508618056895e+01
6.430000000000182681e+00 3.144654653224232277e+01
6.450000000000182254e+00 3.086972887730905768e+01
6.470000000000181828e+00 3.044024111158276114e+01
6.490000000000181402e+00 2.996941127585856535e+01
6.510000000000180975e+00 2.962651604698401187e+01
6.530000000000180549e+00 2.889276427310448625e+01
6.550000000000180123e+00 2.798099471995270804e+01
6.570000000000179696e+00 2.803274252127705424e+01
6.590000000000179270e+00 2.733322575366684504e+01
6.610000000000178844e+00 2.677706285719329315e+01
6.630000000000178417e+00 2.652535238364809089e+01
6.650000000000177991e+00 2.617110522048578147e+01
6.670000000000177565e+00 2.523513660197228958e+01
6.690000000000177138e+00 2.517361103907498787e+01
6.710000000000176712e+00 2.472857828462840857e+01
6.730000000000176286e+00 2.427982814606395934e+01
6.750000000000175859e+00 2.377638040157710009e+01
6.770000000000175433e+00 2.347487185335055671e+01
6.790000000000175007e+00 2.294063761445111638e+01
6.810000000000174580e+00 2.251908659836878357e+01
6.830000000000174154e+00 2.241007014612757331e+01
6.850000000000173728e+00 2.210957149056216409e+01
6.870000000000173301e+00 2.134571961542805596e+01
6.890000000000172875e+00 2.115421597966607337e+01
6.910000000000172449e+00 2.077803997573750650e+01
6.930000000000172022e+00 2.065556094413490129e+01
6.950000000000171596e+00 2.030658051792784136e+01
6.970000000000171170e+00 2.027189206404117172e+01
6.990000000000170743e+00 1.977947906973988168e+01
7.010000000000170317e+00 1.956135393717375592e+01
7.030000000000169891e+00 1.933635135059909160e+01
7.050000000000169464e+00 1.891322264361388150e+01
7.070000000000169038e+00 1.883614679238499789e+01
7.090000000000168612e+00 1.862629584389081927e+01
7.110000000000168185e+00 1.843172070125546469e+01
7.130000000000167759e+00 1.789091134084888779e+01
7.150000000000167333e+00 1.758165580335761646e+01
7.170000000000166906e+00 1.744223136362550619e+01
7.190000000000166480e+00 1.700657699261052613e+01
7.210000000000166054e+00 1.661071647292769526e+01
7.230000000000165628e+00 1.645637533045375278e+01
7.250000000000165201e+00 1.616482504751381200e+01
7.270000000000164775e+00 1.596372837529705180e+01
7.290000000000164349e+00 1.582346632433704414e+01
7.310000000000163922e+00 1.548957200282572977e+01
7.330000000000163496e+00 1.538485162746859380e+01
7.350000000000163070e+00 1.514583660134488241e+01
7.370000000000162643e+00 1.509642807020324540e+01
7.390000000000162217e+00 1.482679753669393108e+01
7.410000000000161791e+00 1.462880858640937021e+01
7.430000000000161364e+00 1.469646718587622836e+01
7.450000000000160938e+00 1.444865964854265528e+01
7.470000000000160512e+00 1.431444698228777845e+01
7.490000000000160085e+00 1.402576146896266351e+01
7.510000000000159659e+00 1.397651779551316764e+01
7.530000000000159233e+00 1.382436169515170121e+01
7.550000000000158806e+00 1.373426682899736306e+01
7.570000000000158380e+00 1.346949860353683448e+01
7.590000000000157954e+00 1.335167882716482524e+01
7.610000000000157527e+00 1.318864426745068918e+01
7.630000000000157101e+00 1.316102099104149126e+01
7.650000000000156675e+00 1.298551511585731610e+01
7.670000000000156248e+00 1.290102104343735334e+01
7.690000000000155822e+00 1.263299971683854572e+01
7.710000000000155396e+00 1.273769016438202151e+01
7.730000000000154969e+00 1.250002669938226951e+01
7.750000000000154543e+00 1.267970253125875857e+01
7.770000000000154117e+00 1.241967271949277496e+01
7.790000000000153690e+00 1.234738270740155563e+01
7.810000000000153264e+00 1.237117993467935584e+01
7.830000000000152838e+00 1.220487288731882813e+01
7.850000000000152411e+00 1.208363753497217807e+01
7.870000000000151985e+00 1.195866490799227400e+01
7.890000000000151559e+00 1.187720975371214394e+01
7.910000000000151132e+00 1.173112357536560069e+01
7.930000000000150706e+00 1.173274968513405270e+01
7.950000000000150280e+00 1.162094113622102576e+01
7.970000000000149853e+00 1.152865706951967084e+01
7.990000000000149427e+00 1.147751758377259890e+01
8.010000000000149001e+00 1.111720062160814315e+01
8.030000000000148574e+00 1.116728002099769768e+01
8.050000000000148148e+00 1.097904542902676006e+01
8.070000000000147722e+00 1.090135746000916228e+01
8.090000000000147296e+00 1.085262084550707762e+01
8.110000000000146869e+00 1.074830032318390849e+01
8.130000000000146443e+00 1.067452457486173323e+01
8.150000000000146017e+00 1.070282242153477270e+01
8.170000000000145590e+00 1.063688164358408095e+01
8.190000000000145164e+00 1.049557130877165356e+01
8.210000000000144738e+00 1.046519064410843036e+01
8.230000000000144311e+00 1.034842052093929965e+01
8.250000000000143885e+00 1.042581645920836309e+01
8.270000000000143459e+00 1.047085926844440174e+01
8.290000000000143032e+00 1.046146167092484625e+01
8.310000000000142606e+00 1.039850322887961376e+01
8.330000000000142180e+00 1.035049360801652618e+01
8.350000000000141753e+00 1.043525383916125371e+01
8.370000000000141327e+00 1.037659464799547315e+01
8.390000000000140901e+00 1.035420096150036073e+01
8.410000000000140474e+00 1.038414090306561199e+01
8.430000000000140048e+00 1.032171150498558632e+01
8.450000000000139622e+00 1.028893715748342075e+01
8.470000000000139195e+00 1.037681802111501383e+01
8.490000000000138769e+00 1.043581302290977142e+01
8.510000000000138343e+00 1.022595162989392215e+01
8.530000000000137916e+00 1.042441863247968215e+01
8.550000000000137490e+00 1.035714439410625687e+01
8.570000000000137064e+00 1.042938171628201793e+01
8.590000000000136637e+00 1.054007206432651245e+01
8.610000000000136211e+00 1.046115727106488436e+01
8.630000000000135785e+00 1.035689470246388666e+01
8.650000000000135358e+00 1.042675324960575800e+01
8.670000000000134932e+00 1.050240298344323264e+01
8.690000000000134506e+00 1.065781774926613856e+01
8.710000000000134079e+00 1.062673249643915518e+01
8.730000000000133653e+00 1.067372202763759148e+01
8.750000000000133227e+00 1.059498977420726895e+01
8.770000000000132800e+00 1.080031780654370444e+01
8.790000000000132374e+00 1.074286232800127294e+01
8.810000000000131948e+00 1.082115441152610913e+01
8.830000000000131521e+00 1.093446046708046637e+01
8.850000000000131095e+00 1.081163606112569298e+01
8.870000000000130669e+00 1.086550113822415220e+01
8.890000000000130242e+00 1.093116674129847254e+01
8.910000000000129816e+00 1.100436150907603938e+01
8.930000000000129390e+00 1.095429036706008574e+01
8.950000000000128964e+00 1.111509221354455512e+01
8.970000000000128537e+00 1.116693983699594561e+01
8.990000000000128111e+00 1.117651222602573924e+01
9.010000000000127685e+00 1.116163391127030735e+01
9.030000000000127258e+00 1.121643474029996845e+01
9.050000000000126832e+00 1.116079303997869410e+01
9.070000000000126406e+00 1.143825532099056019e+01
9.090000000000125979e+00 1.127518670845853599e+01
9.110000000000125553e+00 1.128754339701375464e+01
9.130000000000125127e+00 1.136222203887395565e+01
9.150000000000124700e+00 1.133657970399330850e+01
9.170000000000124274e+00 1.124323700521603087e+01
9.190000000000123848e+00 1.133223342086029461e+01
9.210000000000123421e+00 1.134674888588725494e+01
9.230000000000122995e+00 1.126178528278615687e+01
9.250000000000122569e+00 1.120369527023242284e+01
9.270000000000122142e+00 1.142286940650909877e+01
9.290000000000121716e+00 1.130602530443030496e+01
9.310000000000121290e+00 1.103023366416302231e+01
9.330000000000120863e+00 1.122045304662282739e+01
9.350000000000120437e+00 1.116015070248536922e+01
9.370000000000120011e+00 1.109405883766620349e+01
9.390000000000119584e+00 1.101542155552673563e+01
9.410000000000119158e+00 1.090021463638347221e+01
9.430000000000118732e+00 1.085790451879572416e+01
9.450000000000118305e+00 1.081965344418155617e+01
9.470000000000117879e+00 1.068692436097916598e+01
9.490000000000117453e+00 1.055303341865920430e+01
9.510000000000117026e+00 1.057351551694901381e+01
9.530000000000116600e+00 1.039053339091586636e+01
9.550000000000116174e+00 1.030421317130129921e+01
9.570000000000115747e+00 1.035677283914890090e+01
9.590000000000115321e+00 1.014293812886428015e+01
9.610000000000114895e+00 9.887189098925373898e+00
9.630000000000114468e+00 9.994481384865087747e+00
9.650000000000114042e+00 9.783931048148776455e+00
9.670000000000113616e+00 9.724762651411124281e+00
9.690000000000113189e+00 9.509623878238995687e+00
9.710000000000112763e+00 9.472080711605757486e+00
9.730000000000112337e+00 9.299042747552011434e+00
9.750000000000111910e+00 9.214975040550692498e+00
9.770000000000111484e+00 8.926806406546896611e+00
9.790000000000111058e+00 8.962319886666218594e+00
9.810000000000110632e+00 8.884378242817472682e+00
9.830000000000110205e+00 8.629279408294360465e+00
9.850000000000109779e+00 8.516808079407969245e+00
9.870000000000109353e+00 8.405534668262230724e+00
9.890000000000108926e+00 8.319102165854665998e+00
9.910000000000108500e+00 8.201768897659592383e+00
9.930000000000108074e+00 8.020893303371860128e+00
9.950000000000107647e+00 7.843220890689144298e+00
9.970000000000107221e+00 7.813598558908462444e+00
9.990000000000106795e+00 7.649780300157059898e+00
1.001000000000010637e+01 7.566737303209770005e+00
1.003000000000010594e+01 7.403190965352659525e+00
1.005000000000010552e+01 7.279347872808097364e+00
1.007000000000010509e+01 7.127898141977663471e+00
1.009000000000010466e+01 7.151061538987068644e+00
1.011000000000010424e+01 6.852449059666807507e+00
1.013000000000010381e+01 6.808746453653596653e+00
1.015000000000010338e+01 6.749496864867425394e+00
1.017000000000010296e+01 6.587567986320538971e+00
1.019000000000010253e+01 6.460232800391007224e+00
1.021000000000010210e+01 6.339649760488123675e+00
1.023000000000010168e+01 6.333074209287773648e+00
1.025000000000010125e+01 6.184180066647870788e+00
1.027000000000010083e+01 6.054072777272088146e+00
1.029000000000010040e+01 5.999306022705790831e+00
1.031000000000009997e+01 5.869338317716922049e+00
1.033000000000009955e+01 5.758360588715368600e+00
1.035000000000009912e+01 5.689287754642395001e+00
1.037000000000009869e+01 5.539199270474947312e+00
1.039000000000009827e+01 5.497118075705385465e+00
1.041000000000009784e+01 5.404193688551284680e+00
1.043000000000009742e+01 5.325536833962727812e+00
1.045000000000009699e+01 5.182712722402071925e+00
1.047000000000009656e+01 5.219812078755285967e+00
1.049000000000009614e+01 5.030648474486246080e+00
1.051000000000009571e+01 4.927499437435556295e+00
1.053000000000009528e+01 4.841314764781432523e+00
1.055000000000009486e+01 4.860563147477521717e+00
1.057000000000009443e+01 4.687175686719359469e+00
1.059000000000009400e+01 4.670439188549603493e+00
1.061000000000009358e+01 4.527323164874245798e+00
1.063000000000009315e+01 4.519655210257204736e+00
1.065000000000009273e+01 4.408453282844959631e+00
1.067000000000009230e+01 4.404496218957379305e+00
1.069000000000009187e+01 4.281512439633364586e+00
1.071000000000009145e+01 4.166997424240741488e+00
1.073000000000009102e+01 4.164697415160432570e+00
1.075000000000009059e+01 4.088428369832499243e+00
1.077000000000009017e+01 3.999754446972587196e+00
1.079000000000008974e+01 3.945761751518844562e+00
1.081000000000008932e+01 3.905061930560132399e+00
1.083000000000008889e+01 3.863554227407455244e+00
1.085000000000008846e+01 3.769687856157930117e+00
1.087000000000008804e+01 3.713385312102051028e+00
1.089000000000008761e+01 3.725353891054158151e+00
1.091000000000008718e+01 3.609105691393025506e+00
1.093000000000008676e+01 3.571627593996423489e+00
1.095000000000008633e+01 3.540030294672522171e+00
1.097000000000008590e+01 3.515932005326817933e+00
1.099000000000008548e+01 3.468625190115351753e+00
1.101000000000008505e+01 3.338013764863098753e+00
1.103000000000008463e+01 3.365106596783313364e+00
1.105000000000008420e+01 3.321452159452967123e+00
1.107000000000008377e+01 3.290796093660573796e+00
1.109000000000008335e+01 3.251982454593582261e+00
1.111000000000008292e+01 3.214789615359860520e+00
1.113000000000008249e+01 3.162182368969434609e+00
1.115000000000008207e+01 3.099609902627375568e+00
1.117000000000008164e+01 3.117409002144690522e+00
1.119000000000008122e+01 3.095785497883038140e+00
1.121000000000008079e+01 3.048973058367544731e+00
1.123000000000008036e+01 2.972065751391216981e+00
1.125000000000007994e+01 2.939319550074791287e+00
1.127000000000007951e+01 2.919272608774343691e+00
1.129000000000007908e+01 2.979033821564261331e+00
1.131000000000007866e+01 2.824074316287309205e+00
1.133000000000007823e+01 2.899288291678189466e+00
1.135000000000007780e+01 2.780771522966634102e+00
1.137000000000007738e+01 2.752033984410306111e+00
1.139000000000007695e+01 2.704058471887930359e+00
1.141000000000007653e+01 2.749074598858618046e+00
1.143000000000007610e+01 2.673826744086773566e+00
1.145000000000007567e+01 2.629571426091406483e+00
1.147000000000007525e+01 2.604003052020027908e+00
1.149000000000007482e+01 2.595604001469371536e+00
1.151000000000007439e+01 2.557548217217818110e+00
1.153000000000007397e+01 2.568206446498810358e+00
1.155000000000007354e+01 2.466579472171597676e+00
1.157000000000007311e+01 2.511880095382506006e+00
1.159000000000007269e+01 2.454242133420957206e+00
1.161000000000007226e+01 2.374391633272262325e+00
1.163000000000007184e+01 2.390627054427803433e+00
1.165000000000007141e+01 2.341998619763693945e+00
1.167000000000007098e+01 2.310775867457822486e+00
1.169000000000007056e+01 2.355895522134838771e+00
1.171000000000007013e+01 2.266162361996982622e+00
1.173000000000006970e+01 2.232971638021903349e+00
1.175000000000006928e+01 2.179390404367559153e+00
1.177000000000006885e+01 2.201015840983078675e+00
1.179000000000006843e+01 2.184851199773095054e+00
1.181000000000006800e+01 2.109990020586092641e+00
1.183000000000006757e+01 2.099898965896997982e+00
1.185000000000006715e+01 2.107162486189518180e+00
1.187000000000006672e+01 2.062710318599254133e+00
1.189000000000006629e+01 2.015688512213473338e+00
1.191000000000006587e+01 1.981877811707683401e+00
1.193000000000006544e+01 2.009972492128049293e+00
1.195000000000006501e+01 1.917571061380665132e+00
1.197000000000006459e+01 1.947448651669777764e+00
1.199000000000006416e+01 1.894828088177563652e+00
1.201000000000006374e+01 1.921810957670594622e+00
1.203000000000006331e+01 1.832262879703940417e+00
1.205000000000006288e+01 1.793964941529558210e+00
1.207000000000006246e+01 1.828931782715865983e+00
1.209000000000006203e+01 1.772191110117843582e+00
1.211000000000006160e+01 1.736853936754129801e+00
1.213000000000006118e+01 1.751312397547195143e+00
1.215000000000006075e+01 1.694440446541932266e+00
1.217000000000006033e+01 1.723900928982759595e+00
1.219000000000005990e+01 1.666220997744710441e+00
1.221000000000005947e+01 1.621410744938776460e+00
1.223000000000005905e+01 1.629362776571381621e+00
1.225000000000005862e+01 1.630308593547635354e+00
1.227000000000005819e+01 1.573364802820753638e+00
1.229000000000005777e+01 1.561688588066099559e+00
1.231000000000005734e+01 1.548779799332236529e+00
1.233000000000005691e+01 1.508887731725693460e+00
1.235000000000005649e+01 1.516106550023609723e+00
1.237000000000005606e+01 1.500180158101070083e+00
1.239000000000005564e+01 1.470290598347209654e+00
1.241000000000005521e+01 1.430132304742272042e+00
1.243000000000005478e+01 1.433348766934239515e+00
1.245000000000005436e+01 1.432659593064109282e+00
1.247000000000005393e+01 1.383169509221367832e+00
1.249000000000005350e+01 1.384137970147583774e+00
1.251000000000005308e+01 1.373780734270363402e+00
1.253000000000005265e+01 1.334965316683246472e+00
1.255000000000005222e+01 1.318013178441321598e+00
1.257000000000005180e+01 1.333429292225414287e+00
1.259000000000005137e+01 1.300790027798937487e+00
1.261000000000005095e+01 1.277311570780320205e+00
1.263000000000005052e+01 1.273964831639804007e+00
1.265000000000005009e+01 1.244391068550143364e+00
1.267000000000004967e+01 1.224848007387655313e+00
1.269000000000004924e+01 1.260050308530453078e+00
1.271000000000004881e+01 1.240362021856944219e+00
1.273000000000004839e+01 1.208240112537950273e+00
1.275000000000004796e+01 1.214575247918501910e+00
1.277000000000004754e+01 1.181506961927258237e+00
1.279000000000004711e+01 1.193051882636139149e+00
1.281000000000004668e+01 1.198702586408342485e+00
1.283000000000004626e+01 1.150691229668136195e+00
1.285000000000004583e+01 1.124248007568368513e+00
1.287000000000004540e+01 1.128167582694163729e+00
1.289000000000004498e+01 1.151294882236829409e+00
1.291000000000004455e+01 1.095467993223189662e+00
1.293000000000004412e+01 1.118920892588105120e+00
1.295000000000004370e+01 1.076568082894365119e+00
1.297000000000004327e+01 1.120593635271650790e+00
1.299000000000004285e+01 1.086260247145964364e+00
1.301000000000004242e+01 1.038302659278981910e+00
1.303000000000004199e+01 1.053758847557270117e+00
1.305000000000004157e+01 1.047088026030853714e+00
1.307000000000004114e+01 1.021178053784014050e+00
1.309000000000004071e+01 1.004516202530064684e+00
1.311000000000004029e+01 1.005303582978054555e+00
1.313000000000003986e+01 1.031634784688941542e+00
1.315000000000003944e+01 9.976635134917758441e-01
1.317000000000003901e+01 9.447063596502588423e-01
1.319000000000003858e+01 9.498040520509718476e-01
1.321000000000003816e+01 9.820771497706944908e-01
1.323000000000003773e+01 9.368054609923257559e-01
1.325000000000003730e+01 9.181921306179543496e-01
1.327000000000003688e+01 8.922694115978802021e-01
1.329000000000003645e+01 9.027481203923237718e-01
1.331000000000003602e+01 8.839727423574881282e-01
1.333000000000003560e+01 8.977330277086370547e-01
1.335000000000003517e+01 8.811025074054968931e-01
1.337000000000003475e+01 8.801778510733992977e-01
1.339000000000003432e+01 8.519141703448763758e-01
1.341000000000003389e+01 8.353675546340555425e-01
1.343000000000003347e+01 8.179653788456670016e-01
1.345000000000003304e+01 8.193741245450676391e-01
1.347000000000003261e+01 7.994269230355350864e-01
1.349000000000003219e+01 8.213807429075038469e-01
1.351000000000003176e+01 7.716068462642142745e-01
1.353000000000003133e+01 7.640893166856710383e-01
1.355000000000003091e+01 7.547734071691445390e-01
1.357000000000003048e+01 7.542972208074981699e-01
1.359000000000003006e+01 7.538863823252635044e-01
1.361000000000002963e+01 7.124365885232611939e-01
1.363000000000002920e+01 7.114801634014840115e-01
1.365000000000002878e+01 7.046723231449388836e-01
1.367000000000002835e+01 6.901456786159104739e-01
1.369000000000002792e+01 6.842739298207386467e-01
1.371000000000002750e+01 6.617774862254605095e-01
1.373000000000002707e+01 6.845523653077781878e-01
1.375000000000002665e+01 6.627327351307389369e-01
1.377000000000002622e+01 6.673156036646332723e-01
1.379000000000002579e+01 6.270991568216930379e-01
1.381000000000002537e+01 6.139858236713738870e-01
1.383000000000002494e+01 6.005876653228812145e-01
1.385000000000002451e+01 6.053186678682797028e-01
1.387000000000002409e+01 5.980416832777150082e-01
1.389000000000002366e+01 5.625202511798866878e-01
1.391000000000002323e+01 5.703042709426964230e-01
1.393000000000002281e+01 5.652582795790178638e-01
1.395000000000002238e+01 5.368629648781249042e-01
1.397000000000002196e+01 4.971875668612594779e-01
1.399000000000002153e+01 5.023264467915191656e-01
1.401000000000002110e+01 4.836874454957504343e-01
1.403000000000002068e+01 4.839046450588208037e-01
1.405000000000002025e+01 4.859027314046387436e-01
1.407000000000001982e+01 4.947955293354789896e-01
1.409000000000001940e+01 4.819250859438647949e-01
1.411000000000001897e+01 4.534661896917316359e-01
1.413000000000001855e+01 4.593009866859069090e-01
1.415000000000001812e+01 4.495155609556487630e-01
1.417000000000001769e+01 4.195807806524692318e-01
1.419000000000001727e+01 4.022047249545987468e-01
1.421000000000001684e+01 4.011920904595633885e-01
1.423000000000001641e+01 3.891760111710884651e-01
1.425000000000001599e+01 3.569119951695941539e-01
1.427000000000001556e+01 3.612038908097934264e-01
1.429000000000001513e+01 3.460321590903048250e-01
1.431000000000001471e+01 3.321513156357519536e-01
1.433000000000001428e+01 3.311003419657179703e-01
1.435000000000001386e+01 3.018394975417186266e-01
1.437000000000001343e+01 2.984831468798054277e-01
1.439000000000001300e+01 2.916416193046189043e-01
1.441000000000001258e+01 2.800333251794767664e-01
1.443000000000001215e+01 2.594755858724559494e-01
1.445000000000001172e+01 2.315528669800680506e-01
1.447000000000001130e+01 2.337486395617001389e-01
1.449000000000001087e+01 2.138828053142171892e-01
1.451000000000001044e+01 1.826877567734855601e-01
1.453000000000001002e+01 1.711776418602131145e-01
1.455000000000000959e+01 1.193794636155906391e-01
1.457000000000000917e+01 8.336626050429968293e-02
1.459000000000000874e+01 5.843660003199622338e-02
1.461000000000000831e+01 4.188544779390056955e-02
1.463000000000000789e+01 3.343239289973053141e-02
1.465000000000000746e+01 1.958818382876546804e-02
1.467000000000000703e+01 8.471449087342980758e-03
1.469000000000000661e+01 5.672780784800586160e-03
1.471000000000000618e+01 2.877720553839708314e-03
1.473000000000000576e+01 2.864850743652386147e-03
1.475000000000000533e+01 2.852054326110109537e-03
1.477000000000000490e+01 2.839330803161807613e-03
1.479000000000000448e+01 2.826679678904249135e-03
1.481000000000000405e+01 0.000000000000000000e+00
1.483000000000000362e+01 0.000000000000000000e+00
1.485000000000000320e+01 0.000000000000000000e+00
1.487000000000000277e+01 0.000000000000000000e+00
1.489000000000000234e+01 0.000000000000000000e+00
1.491000000000000192e+01 0.000000000000000000e+00
1.493000000000000149e+01 0.000000000000000000e+00
1.495000000000000107e+01 0.000000000000000000e+00
1.497000000000000064e+01 0.000000000000000000e+00
1.499000000000000021e+01 0.000000000000000000e+00
