# Redshift		Merger Rate Density [Gpc^-3yr^-1]
1.000000000031931770e-02 1.118944904267911689e+01
3.000000000031888964e-02 1.142803476419421749e+01
5.000000000031846331e-02 1.181163428365343293e+01
7.000000000031804392e-02 1.160747084908130233e+01
9.000000000031761760e-02 1.177253957914982507e+01
1.100000000003171913e-01 1.142261547724825377e+01
1.300000000003167511e-01 1.140510293682761578e+01
1.500000000003163247e-01 1.111446980907970250e+01
1.700000000003158984e-01 1.156900338133624651e+01
1.900000000003154721e-01 1.182357987170270341e+01
2.100000000003150458e-01 1.132092834816890203e+01
2.300000000003146194e-01 1.174032756729104854e+01
2.500000000003141931e-01 1.198897875155483028e+01
2.700000000003137668e-01 1.269481219593887289e+01
2.900000000003133405e-01 1.287115275302693007e+01
3.100000000003129141e-01 1.286958923122110576e+01
3.300000000003124878e-01 1.318111652400553524e+01
3.500000000003120615e-01 1.337995598144346765e+01
3.700000000003116352e-01 1.376504105728565719e+01
3.900000000003112088e-01 1.361841517847390826e+01
4.100000000003107825e-01 1.324766066035972578e+01
4.300000000003103562e-01 1.416886872790446894e+01
4.500000000003099299e-01 1.395640540911197824e+01
4.700000000003095035e-01 1.405002477103585257e+01
4.900000000003090772e-01 1.416093786301424373e+01
5.100000000003086509e-01 1.468450631911170845e+01
5.300000000003082246e-01 1.468762084299658532e+01
5.500000000003077982e-01 1.453972992234877815e+01
5.700000000003073719e-01 1.548458134112307860e+01
5.900000000003069456e-01 1.517311560903488754e+01
6.100000000003065193e-01 1.605299002886521365e+01
6.300000000003060929e-01 1.617709191398635582e+01
6.500000000003056666e-01 1.632668412096051114e+01
6.700000000003052403e-01 1.688145057987668451e+01
6.900000000003048140e-01 1.742393658181313754e+01
7.100000000003043876e-01 1.711146686985369669e+01
7.300000000003039613e-01 1.772070104401082347e+01
7.500000000003035350e-01 1.787691859735924638e+01
7.700000000003031086e-01 1.830329345317433720e+01
7.900000000003026823e-01 1.928381011603545403e+01
8.100000000003022560e-01 1.886684336153197350e+01
8.300000000003018297e-01 1.929284696596636195e+01
8.500000000003014033e-01 1.902510530347102957e+01
8.700000000003009770e-01 1.965103305667437184e+01
8.900000000003005507e-01 1.942537917224859001e+01
9.100000000003001244e-01 1.972768960652445358e+01
9.300000000002996980e-01 2.020035143592351901e+01
9.500000000002992717e-01 2.036087280762956198e+01
9.700000000002988454e-01 2.000153826528597989e+01
9.900000000002984191e-01 2.035313770602727601e+01
1.010000000000297993e+00 2.025556013397869393e+01
1.030000000000297566e+00 2.049709070993132443e+01
1.050000000000297140e+00 2.098841777072804149e+01
1.070000000000296714e+00 2.088107125150440169e+01
1.090000000000296287e+00 2.117953199112075424e+01
1.110000000000295861e+00 2.137442866644203576e+01
1.130000000000295435e+00 2.145790274316997071e+01
1.150000000000295008e+00 2.181030758644893908e+01
1.170000000000294582e+00 2.176691108872664060e+01
1.190000000000294156e+00 2.200105553238777745e+01
1.210000000000293729e+00 2.167207558844962989e+01
1.230000000000293303e+00 2.198218109711125123e+01
1.250000000000292877e+00 2.210224321596803776e+01
1.270000000000292451e+00 2.235589946639795045e+01
1.290000000000292024e+00 2.266875634541997897e+01
1.310000000000291598e+00 2.239390172819756941e+01
1.330000000000291172e+00 2.229857206597359109e+01
1.350000000000290745e+00 2.232747281693530184e+01
1.370000000000290319e+00 2.323931401992354395e+01
1.390000000000289893e+00 2.270705981224140757e+01
1.410000000000289466e+00 2.324421944834639220e+01
1.430000000000289040e+00 2.265301314236946340e+01
1.450000000000288614e+00 2.350301166360580396e+01
1.470000000000288187e+00 2.221566205552806750e+01
1.490000000000287761e+00 2.268063764199165533e+01
1.510000000000287335e+00 2.318856947376611188e+01
1.530000000000286908e+00 2.337061679263699077e+01
1.550000000000286482e+00 2.300331179176754404e+01
1.570000000000286056e+00 2.252364748998079591e+01
1.590000000000285629e+00 2.325860442843195486e+01
1.610000000000285203e+00 2.321828140902423954e+01
1.630000000000284777e+00 2.336733607426380033e+01
1.650000000000284350e+00 2.284744235649537103e+01
1.670000000000283924e+00 2.338165971808833277e+01
1.690000000000283498e+00 2.384289336308896878e+01
1.710000000000283071e+00 2.405069186275666482e+01
1.730000000000282645e+00 2.344113772289848541e+01
1.750000000000282219e+00 2.381973161420265228e+01
1.770000000000281792e+00 2.450574411849668621e+01
1.790000000000281366e+00 2.387088093420753765e+01
1.810000000000280940e+00 2.475559994435887745e+01
1.830000000000280513e+00 2.365694835729066270e+01
1.850000000000280087e+00 2.521199103726426571e+01
1.870000000000279661e+00 2.460480413447472969e+01
1.890000000000279234e+00 2.436819350444631027e+01
1.910000000000278808e+00 2.420953898779011837e+01
1.930000000000278382e+00 2.590254254730668038e+01
1.950000000000277955e+00 2.482077863544232699e+01
1.970000000000277529e+00 2.522984805267820363e+01
1.990000000000277103e+00 2.506979807378887415e+01
2.010000000000276899e+00 2.576642982931515746e+01
2.030000000000276472e+00 2.588192423530234620e+01
2.050000000000276046e+00 2.565926027628989203e+01
2.070000000000275620e+00 2.586265250454700038e+01
2.090000000000275193e+00 2.674863390843758637e+01
2.110000000000274767e+00 2.629865312490355933e+01
2.130000000000274341e+00 2.684565884488821297e+01
2.150000000000273914e+00 2.587990712033773377e+01
2.170000000000273488e+00 2.642973151195878856e+01
2.190000000000273062e+00 2.706575104433514056e+01
2.210000000000272635e+00 2.675993044589155900e+01
2.230000000000272209e+00 2.638839026580382452e+01
2.250000000000271783e+00 2.614058292758643987e+01
2.270000000000271356e+00 2.683023883796660769e+01
2.290000000000270930e+00 2.623879265814940354e+01
2.310000000000270504e+00 2.638504286104931396e+01
2.330000000000270077e+00 2.632056927294703996e+01
2.350000000000269651e+00 2.518095648531593156e+01
2.370000000000269225e+00 2.635732585168465292e+01
2.390000000000268798e+00 2.554307128260311188e+01
2.410000000000268372e+00 2.646232009121875706e+01
2.430000000000267946e+00 2.528972641879609995e+01
2.450000000000267519e+00 2.530830010481404457e+01
2.470000000000267093e+00 2.562224970829816328e+01
2.490000000000266667e+00 2.464806505674097181e+01
2.510000000000266240e+00 2.505019570946424068e+01
2.530000000000265814e+00 2.606615900655748064e+01
2.550000000000265388e+00 2.471964072433524606e+01
2.570000000000264961e+00 2.496785306583819875e+01
2.590000000000264535e+00 2.502777582900915831e+01
2.610000000000264109e+00 2.439424580172173762e+01
2.630000000000263682e+00 2.432610320802687554e+01
2.650000000000263256e+00 2.536456433738625549e+01
2.670000000000262830e+00 2.388529197109490454e+01
2.690000000000262403e+00 2.529483394461857415e+01
2.710000000000261977e+00 2.463248152856731465e+01
2.730000000000261551e+00 2.411006485421228973e+01
2.750000000000261124e+00 2.453796716188598026e+01
2.770000000000260698e+00 2.458458214041042922e+01
2.790000000000260272e+00 2.428828313264019201e+01
2.810000000000259845e+00 2.368600704367790755e+01
2.830000000000259419e+00 2.455386907102061045e+01
2.850000000000258993e+00 2.368577076112250879e+01
2.870000000000258567e+00 2.371841808372169780e+01
2.890000000000258140e+00 2.436971408637527858e+01
2.910000000000257714e+00 2.365803884601963958e+01
2.930000000000257288e+00 2.437063067212983114e+01
2.950000000000256861e+00 2.340120539199194027e+01
2.970000000000256435e+00 2.392315802657181933e+01
2.990000000000256009e+00 2.350945955940464316e+01
3.010000000000255582e+00 2.356769910044505778e+01
3.030000000000255156e+00 2.375214784917249489e+01
3.050000000000254730e+00 2.352589155328197634e+01
3.070000000000254303e+00 2.351718832833981665e+01
3.090000000000253877e+00 2.415449221394192136e+01
3.110000000000253451e+00 2.267917367934719408e+01
3.130000000000253024e+00 2.333204380345830842e+01
3.150000000000252598e+00 2.303148279941582643e+01
3.170000000000252172e+00 2.307438303216691367e+01
3.190000000000251745e+00 2.253827706248208429e+01
3.210000000000251319e+00 2.250307584555714158e+01
3.230000000000250893e+00 2.339510700905151452e+01
3.250000000000250466e+00 2.222036069068596831e+01
3.270000000000250040e+00 2.228383138825942567e+01
3.290000000000249614e+00 2.218763851056134939e+01
3.310000000000249187e+00 2.198510186767686747e+01
3.330000000000248761e+00 2.241505347864465136e+01
3.350000000000248335e+00 2.186552577384201257e+01
3.370000000000247908e+00 2.166503088010859557e+01
3.390000000000247482e+00 2.158817554881181522e+01
3.410000000000247056e+00 2.191794878706257421e+01
3.430000000000246629e+00 2.097545069985156019e+01
3.450000000000246203e+00 2.118292540626064735e+01
3.470000000000245777e+00 2.099302160023736619e+01
3.490000000000245350e+00 2.137965622641478802e+01
3.510000000000244924e+00 2.080783928172629160e+01
3.530000000000244498e+00 2.057945140874604206e+01
3.550000000000244071e+00 2.052121835261583271e+01
3.570000000000243645e+00 2.021749146043877587e+01
3.590000000000243219e+00 2.027284910501264292e+01
3.610000000000242792e+00 1.990958956340596586e+01
3.630000000000242366e+00 2.007918512150990509e+01
3.650000000000241940e+00 1.950659968880631467e+01
3.670000000000241513e+00 1.962784589947278135e+01
3.690000000000241087e+00 1.930344429146518692e+01
3.710000000000240661e+00 1.943597663246241680e+01
3.730000000000240234e+00 1.917619924805858389e+01
3.750000000000239808e+00 1.929146190633422364e+01
3.770000000000239382e+00 1.888412850253736508e+01
3.790000000000238956e+00 1.870821663616241892e+01
3.810000000000238529e+00 1.863118947847432594e+01
3.830000000000238103e+00 1.848491516932180900e+01
3.850000000000237677e+00 1.856152788867826686e+01
3.870000000000237250e+00 1.830951170854626753e+01
3.890000000000236824e+00 1.832694954046844060e+01
3.910000000000236398e+00 1.803363369213326095e+01
3.930000000000235971e+00 1.782051822000716967e+01
3.950000000000235545e+00 1.809833612222091048e+01
3.970000000000235119e+00 1.808036447453311624e+01
3.990000000000234692e+00 1.746029808245190296e+01
4.010000000000234266e+00 1.800866611320299882e+01
4.030000000000233840e+00 1.751686109914763989e+01
4.050000000000233413e+00 1.746420485391448096e+01
4.070000000000232987e+00 1.737521035194509977e+01
4.090000000000232561e+00 1.746801962563730726e+01
4.110000000000232134e+00 1.699536233612436575e+01
4.130000000000231708e+00 1.726774159669298214e+01
4.150000000000231282e+00 1.673212164428788995e+01
4.170000000000230855e+00 1.721342268379490292e+01
4.190000000000230429e+00 1.698377600996709091e+01
4.210000000000230003e+00 1.685208686261519162e+01
4.230000000000229576e+00 1.620198061027978298e+01
4.250000000000229150e+00 1.684897991556207941e+01
4.270000000000228724e+00 1.640725533192325258e+01
4.290000000000228297e+00 1.626209352648432116e+01
4.310000000000227871e+00 1.639102675103869444e+01
4.330000000000227445e+00 1.644355445234227275e+01
4.350000000000227018e+00 1.586295769694147495e+01
4.370000000000226592e+00 1.568800061307732641e+01
4.390000000000226166e+00 1.598883576834583842e+01
4.410000000000225739e+00 1.565778424949814074e+01
4.430000000000225313e+00 1.592515943764331254e+01
4.450000000000224887e+00 1.574082644509294582e+01
4.470000000000224460e+00 1.533539176686629091e+01
4.490000000000224034e+00 1.536408359756985043e+01
4.510000000000223608e+00 1.523034829916031718e+01
4.530000000000223181e+00 1.507458143042091336e+01
4.550000000000222755e+00 1.535460515008823279e+01
4.570000000000222329e+00 1.476329417186664905e+01
4.590000000000221902e+00 1.525536039874538119e+01
4.610000000000221476e+00 1.496750782588218343e+01
4.630000000000221050e+00 1.474064072722928032e+01
4.650000000000220624e+00 1.459692480643400714e+01
4.670000000000220197e+00 1.444662788530443365e+01
4.690000000000219771e+00 1.450917577703259198e+01
4.710000000000219345e+00 1.463395301195872733e+01
4.730000000000218918e+00 1.431332820963425334e+01
4.750000000000218492e+00 1.402097378873178180e+01
4.770000000000218066e+00 1.423799381507336648e+01
4.790000000000217639e+00 1.375921193676410326e+01
4.810000000000217213e+00 1.368479606813011173e+01
4.830000000000216787e+00 1.410957074940009548e+01
4.850000000000216360e+00 1.362475866450645690e+01
4.870000000000215934e+00 1.386126040442488794e+01
4.890000000000215508e+00 1.349310326638357793e+01
4.910000000000215081e+00 1.345109013488497318e+01
4.930000000000214655e+00 1.347911306229883088e+01
4.950000000000214229e+00 1.330943138240504453e+01
4.970000000000213802e+00 1.330831818029425229e+01
4.990000000000213376e+00 1.305598318905870592e+01
5.010000000000212950e+00 1.325150927437725024e+01
5.030000000000212523e+00 1.295951079722853372e+01
5.050000000000212097e+00 1.283165159650022247e+01
5.070000000000211671e+00 1.324553002425701997e+01
5.090000000000211244e+00 1.257234132001363136e+01
5.110000000000210818e+00 1.256461730468121907e+01
5.130000000000210392e+00 1.253999868452168798e+01
5.150000000000209965e+00 1.259147118480309402e+01
5.170000000000209539e+00 1.237395585628908812e+01
5.190000000000209113e+00 1.251475248236983262e+01
5.210000000000208686e+00 1.221844320769804426e+01
5.230000000000208260e+00 1.229374537110149035e+01
5.250000000000207834e+00 1.184816496179231748e+01
5.270000000000207407e+00 1.215134152129636114e+01
5.290000000000206981e+00 1.210744671558639318e+01
5.310000000000206555e+00 1.155601823133756767e+01
5.330000000000206128e+00 1.185432653734470243e+01
5.350000000000205702e+00 1.158957417461459194e+01
5.370000000000205276e+00 1.149575964033757458e+01
5.390000000000204849e+00 1.149542788859958975e+01
5.410000000000204423e+00 1.124911283377517357e+01
5.430000000000203997e+00 1.138786205061718526e+01
5.450000000000203570e+00 1.102243173170157675e+01
5.470000000000203144e+00 1.079622292576934939e+01
5.490000000000202718e+00 1.107563052885236488e+01
5.510000000000202292e+00 1.071679402099161926e+01
5.530000000000201865e+00 1.093526835037846467e+01
5.550000000000201439e+00 1.053961342370699228e+01
5.570000000000201013e+00 1.061344333201847334e+01
5.590000000000200586e+00 1.068026655257968471e+01
5.610000000000200160e+00 1.021778492359682566e+01
5.630000000000199734e+00 1.043054724278562517e+01
5.650000000000199307e+00 1.004956700585481499e+01
5.670000000000198881e+00 1.029260428738470345e+01
5.690000000000198455e+00 1.017287610030580147e+01
5.710000000000198028e+00 9.766637063791263174e+00
5.730000000000197602e+00 9.847145241108433922e+00
5.750000000000197176e+00 9.774070567989969760e+00
5.770000000000196749e+00 9.655020664110873341e+00
5.790000000000196323e+00 9.632573940185229944e+00
5.810000000000195897e+00 9.456858350758574616e+00
5.830000000000195470e+00 9.312829959918165201e+00
5.850000000000195044e+00 9.626676613952236394e+00
5.870000000000194618e+00 9.306585832722818807e+00
5.890000000000194191e+00 9.331331416404138324e+00
5.910000000000193765e+00 9.193795931391743892e+00
5.930000000000193339e+00 9.126298422958367240e+00
5.950000000000192912e+00 9.313179894801248082e+00
5.970000000000192486e+00 9.049596808516588098e+00
5.990000000000192060e+00 8.933740725644829794e+00
6.010000000000191633e+00 9.128458914533604585e+00
6.030000000000191207e+00 9.037640107797452416e+00
6.050000000000190781e+00 9.105262107762031931e+00
6.070000000000190354e+00 8.817390736609258539e+00
6.090000000000189928e+00 8.724331501207705841e+00
6.110000000000189502e+00 8.957438711574962298e+00
6.130000000000189075e+00 8.713029599995268271e+00
6.150000000000188649e+00 8.683806337126204866e+00
6.170000000000188223e+00 8.885108501733904873e+00
6.190000000000187796e+00 8.594189495450555327e+00
6.210000000000187370e+00 8.392070543498256541e+00
6.230000000000186944e+00 8.711301653483692675e+00
6.250000000000186517e+00 8.543748623855748292e+00
6.270000000000186091e+00 8.490286845774969393e+00
6.290000000000185665e+00 8.357791948207346167e+00
6.310000000000185238e+00 8.608933027759951173e+00
6.330000000000184812e+00 8.358552513995833877e+00
6.350000000000184386e+00 8.255683467512890061e+00
6.370000000000183960e+00 8.272933865717014612e+00
6.390000000000183533e+00 8.442264170798285505e+00
6.410000000000183107e+00 8.357404516587296328e+00
6.430000000000182681e+00 8.331766578499776088e+00
6.450000000000182254e+00 8.309024052919587788e+00
6.470000000000181828e+00 8.216902832027631831e+00
6.490000000000181402e+00 8.405291739598364842e+00
6.510000000000180975e+00 8.045319048773857062e+00
6.530000000000180549e+00 8.298900778296783187e+00
6.550000000000180123e+00 8.205605552578054684e+00
6.570000000000179696e+00 8.073960466491243437e+00
6.590000000000179270e+00 8.269338647277182375e+00
6.610000000000178844e+00 8.081183011708624520e+00
6.630000000000178417e+00 8.082499491153148696e+00
6.650000000000177991e+00 8.052649319904791270e+00
6.670000000000177565e+00 8.090403945473543246e+00
6.690000000000177138e+00 8.144793811090618618e+00
6.710000000000176712e+00 8.091218977218119335e+00
6.730000000000176286e+00 8.043853461844689079e+00
6.750000000000175859e+00 8.148895664848859965e+00
6.770000000000175433e+00 8.020147790947664390e+00
6.790000000000175007e+00 8.068327292002502205e+00
6.810000000000174580e+00 7.923809291199640725e+00
6.830000000000174154e+00 8.041537986195276488e+00
6.850000000000173728e+00 7.992273016250217132e+00
6.870000000000173301e+00 7.897340022606270438e+00
6.890000000000172875e+00 7.847662230407726369e+00
6.910000000000172449e+00 7.936675649070216387e+00
6.930000000000172022e+00 7.733835946567571007e+00
6.950000000000171596e+00 7.868402743045121106e+00
6.970000000000171170e+00 7.868115957540561034e+00
6.990000000000170743e+00 7.688716880897156436e+00
7.010000000000170317e+00 7.770127744985078522e+00
7.030000000000169891e+00 7.947117113291468193e+00
7.050000000000169464e+00 7.752189254183664779e+00
7.070000000000169038e+00 7.605632510673403068e+00
7.090000000000168612e+00 7.715402363555460497e+00
7.110000000000168185e+00 7.621399372751834100e+00
7.130000000000167759e+00 7.585706234316689667e+00
7.150000000000167333e+00 7.443867834014672447e+00
7.170000000000166906e+00 7.597854090220146794e+00
7.190000000000166480e+00 7.473498856477802654e+00
7.210000000000166054e+00 7.399394863668672606e+00
7.230000000000165628e+00 7.456342891646459137e+00
7.250000000000165201e+00 7.332206421599432034e+00
7.270000000000164775e+00 7.276577961489355317e+00
7.290000000000164349e+00 7.191732610604036680e+00
7.310000000000163922e+00 7.383369005297136134e+00
7.330000000000163496e+00 7.250016226342349768e+00
7.350000000000163070e+00 7.277466483151522780e+00
7.370000000000162643e+00 7.009224296065399429e+00
7.390000000000162217e+00 7.256724038599524640e+00
7.410000000000161791e+00 6.881142265101686029e+00
7.430000000000161364e+00 6.974412036269873383e+00
7.450000000000160938e+00 6.934965738244081912e+00
7.470000000000160512e+00 6.785798237075004735e+00
7.490000000000160085e+00 6.958434580894697241e+00
7.510000000000159659e+00 6.892457424114848408e+00
7.530000000000159233e+00 6.764323875277220566e+00
7.550000000000158806e+00 6.708619760730241133e+00
7.570000000000158380e+00 6.827048645099192292e+00
7.590000000000157954e+00 6.662855422623260360e+00
7.610000000000157527e+00 6.544034406146395533e+00
7.630000000000157101e+00 6.688633463252277700e+00
7.650000000000156675e+00 6.456385217691019029e+00
7.670000000000156248e+00 6.403753435771922575e+00
7.690000000000155822e+00 6.443578359477484696e+00
7.710000000000155396e+00 6.380959653132875609e+00
7.730000000000154969e+00 6.421286303287216946e+00
7.750000000000154543e+00 6.326661270786765989e+00
7.770000000000154117e+00 6.309995274993543291e+00
7.790000000000153690e+00 6.219128173202208565e+00
7.810000000000153264e+00 6.387233230917091831e+00
7.830000000000152838e+00 6.314361150999112660e+00
7.850000000000152411e+00 6.178159006491863892e+00
7.870000000000151985e+00 6.174158929910289473e+00
7.890000000000151559e+00 6.270805791713912392e+00
7.910000000000151132e+00 6.140790994437274719e+00
7.930000000000150706e+00 6.086481892169739005e+00
7.950000000000150280e+00 6.147476015182419928e+00
7.970000000000149853e+00 6.052119190592495812e+00
7.990000000000149427e+00 6.124481483697949535e+00
8.010000000000149001e+00 6.032837557267024309e+00
8.030000000000148574e+00 5.970209577356253128e+00
8.050000000000148148e+00 6.130236999853714508e+00
8.070000000000147722e+00 5.868125712268280836e+00
8.090000000000147296e+00 5.982847527452793912e+00
8.110000000000146869e+00 5.986343249738224515e+00
8.130000000000146443e+00 5.949259102184791814e+00
8.150000000000146017e+00 6.007369077779688205e+00
8.170000000000145590e+00 5.842697449820347444e+00
8.190000000000145164e+00 5.926945436388429300e+00
8.210000000000144738e+00 5.851288347056492256e+00
8.230000000000144311e+00 5.850135769626520599e+00
8.250000000000143885e+00 5.928132980474571490e+00
8.270000000000143459e+00 5.844718078457384891e+00
8.290000000000143032e+00 5.855186675284954845e+00
8.310000000000142606e+00 5.798882222831629463e+00
8.330000000000142180e+00 5.768181325276731108e+00
8.350000000000141753e+00 5.821795086621637694e+00
8.370000000000141327e+00 5.833321751691670443e+00
8.390000000000140901e+00 5.632957240889189698e+00
8.410000000000140474e+00 5.654424246045330449e+00
8.430000000000140048e+00 5.787454155288591195e+00
8.450000000000139622e+00 5.621291996396305279e+00
8.470000000000139195e+00 5.707200225442857544e+00
8.490000000000138769e+00 5.723217001909126189e+00
8.510000000000138343e+00 5.484171913938041598e+00
8.530000000000137916e+00 5.574017607636809757e+00
8.550000000000137490e+00 5.566670377454143726e+00
8.570000000000137064e+00 5.555175110669610561e+00
8.590000000000136637e+00 5.616061116469801995e+00
8.610000000000136211e+00 5.549249759159943451e+00
8.630000000000135785e+00 5.455349218362703922e+00
8.650000000000135358e+00 5.458102338346867199e+00
8.670000000000134932e+00 5.359725053920484150e+00
8.690000000000134506e+00 5.358837753584079877e+00
8.710000000000134079e+00 5.390943028658977454e+00
8.730000000000133653e+00 5.266401743755306342e+00
8.750000000000133227e+00 5.258587237809787318e+00
8.770000000000132800e+00 5.287722624629664026e+00
8.790000000000132374e+00 5.219916258647826268e+00
8.810000000000131948e+00 5.299441288874282563e+00
8.830000000000131521e+00 5.226485729562007521e+00
8.850000000000131095e+00 5.178345389440901059e+00
8.870000000000130669e+00 5.075888367980600613e+00
8.890000000000130242e+00 5.180103128341079888e+00
8.910000000000129816e+00 5.140274827802526758e+00
8.930000000000129390e+00 5.076142923261879325e+00
8.950000000000128964e+00 5.078225372628052625e+00
8.970000000000128537e+00 5.014413311824050368e+00
8.990000000000128111e+00 4.946766836740119189e+00
9.010000000000127685e+00 4.993739446329986009e+00
9.030000000000127258e+00 4.859217080155605828e+00
9.050000000000126832e+00 5.004741233464884864e+00
9.070000000000126406e+00 4.896910306144840241e+00
9.090000000000125979e+00 4.803653497565173680e+00
9.110000000000125553e+00 4.814993742128702792e+00
9.130000000000125127e+00 4.853789353338702206e+00
9.150000000000124700e+00 4.775953416854769706e+00
9.170000000000124274e+00 4.772852633714165904e+00
9.190000000000123848e+00 4.751421808143479808e+00
9.210000000000123421e+00 4.692787512098439251e+00
9.230000000000122995e+00 4.677480117953613181e+00
9.250000000000122569e+00 4.643974915139167159e+00
9.270000000000122142e+00 4.750657562028531622e+00
9.290000000000121716e+00 4.598364709842592823e+00
9.310000000000121290e+00 4.603693462757616928e+00
9.330000000000120863e+00 4.513544282080540704e+00
9.350000000000120437e+00 4.513072914912971356e+00
9.370000000000120011e+00 4.533566877965480302e+00
9.390000000000119584e+00 4.501660209839676519e+00
9.410000000000119158e+00 4.455912383352634620e+00
9.430000000000118732e+00 4.471065989519682482e+00
9.450000000000118305e+00 4.359818446240102396e+00
9.470000000000117879e+00 4.364568574569159587e+00
9.490000000000117453e+00 4.386474194764359069e+00
9.510000000000117026e+00 4.381632621129903704e+00
9.530000000000116600e+00 4.246977747204894627e+00
9.550000000000116174e+00 4.194294381991245046e+00
9.570000000000115747e+00 4.256070005832596870e+00
9.590000000000115321e+00 4.167041624968493174e+00
9.610000000000114895e+00 4.172519389796488731e+00
9.630000000000114468e+00 4.117412785977841772e+00
9.650000000000114042e+00 4.201751232585603901e+00
9.670000000000113616e+00 4.043203751587156169e+00
9.690000000000113189e+00 4.069343240989969246e+00
9.710000000000112763e+00 4.007996084074599175e+00
9.730000000000112337e+00 3.955368736606332813e+00
9.750000000000111910e+00 3.939303954943925934e+00
9.770000000000111484e+00 3.935494253460410707e+00
9.790000000000111058e+00 3.907207165646084501e+00
9.810000000000110632e+00 3.897436460372403211e+00
9.830000000000110205e+00 3.793687687721505331e+00
9.850000000000109779e+00 3.796081353421610238e+00
9.870000000000109353e+00 3.800279612423036912e+00
9.890000000000108926e+00 3.759076221106879334e+00
9.910000000000108500e+00 3.784708759239837850e+00
9.930000000000108074e+00 3.600090428856201896e+00
9.950000000000107647e+00 3.683696807725851396e+00
9.970000000000107221e+00 3.570734917599175606e+00
9.990000000000106795e+00 3.608976053447543908e+00
1.001000000000010637e+01 3.580424069635567808e+00
1.003000000000010594e+01 3.574744706646540315e+00
1.005000000000010552e+01 3.534775362287188027e+00
1.007000000000010509e+01 3.485560398657546521e+00
1.009000000000010466e+01 3.468245017791518947e+00
1.011000000000010424e+01 3.458716922996616816e+00
1.013000000000010381e+01 3.380767545202850499e+00
1.015000000000010338e+01 3.440164590179905169e+00
1.017000000000010296e+01 3.388160338037233377e+00
1.019000000000010253e+01 3.301654777271219920e+00
1.021000000000010210e+01 3.322638122143205752e+00
1.023000000000010168e+01 3.312452920627400932e+00
1.025000000000010125e+01 3.308097050642531123e+00
1.027000000000010083e+01 3.263127880055509689e+00
1.029000000000010040e+01 3.269349376974902910e+00
1.031000000000009997e+01 3.213663088844915805e+00
1.033000000000009955e+01 3.186636275787243733e+00
1.035000000000009912e+01 3.185837995728138416e+00
1.037000000000009869e+01 3.197762973702049205e+00
1.039000000000009827e+01 3.120328983068116013e+00
1.041000000000009784e+01 3.184564310882388227e+00
1.043000000000009742e+01 3.163659364400031926e+00
1.045000000000009699e+01 3.100455063624071528e+00
1.047000000000009656e+01 3.088497536556408463e+00
1.049000000000009614e+01 3.105778320906637191e+00
1.051000000000009571e+01 3.092306868649755014e+00
1.053000000000009528e+01 3.051063734299596319e+00
1.055000000000009486e+01 3.071125208574745358e+00
1.057000000000009443e+01 2.970223373621778684e+00
1.059000000000009400e+01 3.045028859842072499e+00
1.061000000000009358e+01 3.019418811742306641e+00
1.063000000000009315e+01 2.998757434549910617e+00
1.065000000000009273e+01 2.956982032854893472e+00
1.067000000000009230e+01 2.947553001743394852e+00
1.069000000000009187e+01 2.929217072859110704e+00
1.071000000000009145e+01 2.876012685219474729e+00
1.073000000000009102e+01 2.927830402673505805e+00
1.075000000000009059e+01 2.836649300926450845e+00
1.077000000000009017e+01 2.902080042633902401e+00
1.079000000000008974e+01 2.886757210813750696e+00
1.081000000000008932e+01 2.848229293609377155e+00
1.083000000000008889e+01 2.828196255933111747e+00
1.085000000000008846e+01 2.774367269409047321e+00
1.087000000000008804e+01 2.788500494530726126e+00
1.089000000000008761e+01 2.793326287530407903e+00
1.091000000000008718e+01 2.722668303108047638e+00
1.093000000000008676e+01 2.777310448355398531e+00
1.095000000000008633e+01 2.707935089200101508e+00
1.097000000000008590e+01 2.743366789019003882e+00
1.099000000000008548e+01 2.690274216140041030e+00
1.101000000000008505e+01 2.673613047795189157e+00
1.103000000000008463e+01 2.631636943669731554e+00
1.105000000000008420e+01 2.580693163061785089e+00
1.107000000000008377e+01 2.645027407850851553e+00
1.109000000000008335e+01 2.619529114627608735e+00
1.111000000000008292e+01 2.549691950038340593e+00
1.113000000000008249e+01 2.576533998324131769e+00
1.115000000000008207e+01 2.571070024412824395e+00
1.117000000000008164e+01 2.533000491473861082e+00
1.119000000000008122e+01 2.473239855624193240e+00
1.121000000000008079e+01 2.499365989586689096e+00
1.123000000000008036e+01 2.468864696787481439e+00
1.125000000000007994e+01 2.446336644343382272e+00
1.127000000000007951e+01 2.491887673027589845e+00
1.129000000000007908e+01 2.425267343626695826e+00
1.131000000000007866e+01 2.410434245125497199e+00
1.133000000000007823e+01 2.352506773479688285e+00
1.135000000000007780e+01 2.399706710904129903e+00
1.137000000000007738e+01 2.332742598084138752e+00
1.139000000000007695e+01 2.302449922349267819e+00
1.141000000000007653e+01 2.332119212835074951e+00
1.143000000000007610e+01 2.271316638411511768e+00
1.145000000000007567e+01 2.262316873148945806e+00
1.147000000000007525e+01 2.246901744087136166e+00
1.149000000000007482e+01 2.177286650558214909e+00
1.151000000000007439e+01 2.160207150868791004e+00
1.153000000000007397e+01 2.189743857465920041e+00
1.155000000000007354e+01 2.166413467451745234e+00
1.157000000000007311e+01 2.123558593011443563e+00
1.159000000000007269e+01 2.110305035039648391e+00
1.161000000000007226e+01 2.118394537520960075e+00
1.163000000000007184e+01 2.104706277007478921e+00
1.165000000000007141e+01 2.040259122323693219e+00
1.167000000000007098e+01 2.041097622998448102e+00
1.169000000000007056e+01 2.047906777621847141e+00
1.171000000000007013e+01 2.007919301792423283e+00
1.173000000000006970e+01 2.013122780168257631e+00
1.175000000000006928e+01 1.954505363935141959e+00
1.177000000000006885e+01 1.970326223248948905e+00
1.179000000000006843e+01 1.968157594432718316e+00
1.181000000000006800e+01 1.859209190780316101e+00
1.183000000000006757e+01 1.848796118430257929e+00
1.185000000000006715e+01 1.918673366557791971e+00
1.187000000000006672e+01 1.839489684129617109e+00
1.189000000000006629e+01 1.860594407311444876e+00
1.191000000000006587e+01 1.800763300582279625e+00
1.193000000000006544e+01 1.795167169431101106e+00
1.195000000000006501e+01 1.780492576944853633e+00
1.197000000000006459e+01 1.773374949339146855e+00
1.199000000000006416e+01 1.781176586470343715e+00
1.201000000000006374e+01 1.725977896027571790e+00
1.203000000000006331e+01 1.753473938344832783e+00
1.205000000000006288e+01 1.696518678296492277e+00
1.207000000000006246e+01 1.740558314852545641e+00
1.209000000000006203e+01 1.689066328075418566e+00
1.211000000000006160e+01 1.687776754192224171e+00
1.213000000000006118e+01 1.682886458365619786e+00
1.215000000000006075e+01 1.635413562625324113e+00
1.217000000000006033e+01 1.642196580590453037e+00
1.219000000000005990e+01 1.651305787473930975e+00
1.221000000000005947e+01 1.574955876168827373e+00
1.223000000000005905e+01 1.589419170268155934e+00
1.225000000000005862e+01 1.575263782367038568e+00
1.227000000000005819e+01 1.547078790467777631e+00
1.229000000000005777e+01 1.567374738082639718e+00
1.231000000000005734e+01 1.534640309674025760e+00
1.233000000000005691e+01 1.504701361669299020e+00
1.235000000000005649e+01 1.500230615094399145e+00
1.237000000000005606e+01 1.541345076851913465e+00
1.239000000000005564e+01 1.476745233002397351e+00
1.241000000000005521e+01 1.468964875484006116e+00
1.243000000000005478e+01 1.453733646860028150e+00
1.245000000000005436e+01 1.475748742429298765e+00
1.247000000000005393e+01 1.440740091024745206e+00
1.249000000000005350e+01 1.438646170804976920e+00
1.251000000000005308e+01 1.408908743237452077e+00
1.253000000000005265e+01 1.409604313281371368e+00
1.255000000000005222e+01 1.388845798415956567e+00
1.257000000000005180e+01 1.387910799660052152e+00
1.259000000000005137e+01 1.393543049549540225e+00
1.261000000000005095e+01 1.340720342611871896e+00
1.263000000000005052e+01 1.329928106953652378e+00
1.265000000000005009e+01 1.320954793860473542e+00
1.267000000000004967e+01 1.334326913641670664e+00
1.269000000000004924e+01 1.327817677505490845e+00
1.271000000000004881e+01 1.293275319594458628e+00
1.273000000000004839e+01 1.267272424431367339e+00
1.275000000000004796e+01 1.295307462455703273e+00
1.277000000000004754e+01 1.244646630420610078e+00
1.279000000000004711e+01 1.266038537148916232e+00
1.281000000000004668e+01 1.258460205986250857e+00
1.283000000000004626e+01 1.212415684225592649e+00
1.285000000000004583e+01 1.201725797541031371e+00
1.287000000000004540e+01 1.216767251981287545e+00
1.289000000000004498e+01 1.205970261772276064e+00
1.291000000000004455e+01 1.161663398351244103e+00
1.293000000000004412e+01 1.203762717922268077e+00
1.295000000000004370e+01 1.158575577047102012e+00
1.297000000000004327e+01 1.182869539647614099e+00
1.299000000000004285e+01 1.159559058782727137e+00
1.301000000000004242e+01 1.120327102485245918e+00
1.303000000000004199e+01 1.140199749981592126e+00
1.305000000000004157e+01 1.125583283917036770e+00
1.307000000000004114e+01 1.105376987766002905e+00
1.309000000000004071e+01 1.090054963463620297e+00
1.311000000000004029e+01 1.072536935149190906e+00
1.313000000000003986e+01 1.084789131228969028e+00
1.315000000000003944e+01 1.054581876088170445e+00
1.317000000000003901e+01 1.019301195335827970e+00
1.319000000000003858e+01 1.025135672566692024e+00
1.321000000000003816e+01 1.045452282419254253e+00
1.323000000000003773e+01 1.034231677381620029e+00
1.325000000000003730e+01 9.784237173620057293e-01
1.327000000000003688e+01 9.595349659180527624e-01
1.329000000000003645e+01 9.597028305064860820e-01
1.331000000000003602e+01 9.683907751534461816e-01
1.333000000000003560e+01 9.649986308061720974e-01
1.335000000000003517e+01 9.654106265198741932e-01
1.337000000000003475e+01 8.962730906258966623e-01
1.339000000000003432e+01 9.219645630249598822e-01
1.341000000000003389e+01 9.014416638446641761e-01
1.343000000000003347e+01 8.635277431089043443e-01
1.345000000000003304e+01 8.644478539517163052e-01
1.347000000000003261e+01 8.646705625773033477e-01
1.349000000000003219e+01 8.556167831310379501e-01
1.351000000000003176e+01 8.381912208964422684e-01
1.353000000000003133e+01 8.096608456430142153e-01
1.355000000000003091e+01 7.997966699254086542e-01
1.357000000000003048e+01 7.790885243997693888e-01
1.359000000000003006e+01 7.769677503617834491e-01
1.361000000000002963e+01 7.720445216002980171e-01
1.363000000000002920e+01 7.631786440502930091e-01
1.365000000000002878e+01 7.093192245370715243e-01
1.367000000000002835e+01 7.239352355631907265e-01
1.369000000000002792e+01 7.085642587159767247e-01
1.371000000000002750e+01 7.176045667852533061e-01
1.373000000000002707e+01 7.101701282466221787e-01
1.375000000000002665e+01 6.718021109931961998e-01
1.377000000000002622e+01 6.604382950061440383e-01
1.379000000000002579e+01 6.322560598823838696e-01
1.381000000000002537e+01 6.340635305233766061e-01
1.383000000000002494e+01 6.116004371847184595e-01
1.385000000000002451e+01 6.072922119762207416e-01
1.387000000000002409e+01 5.964764883808042484e-01
1.389000000000002366e+01 6.103647653903065962e-01
1.391000000000002323e+01 5.799249725637604103e-01
1.393000000000002281e+01 5.737193731688885467e-01
1.395000000000002238e+01 5.347112274585696934e-01
1.397000000000002196e+01 5.156806281864959596e-01
1.399000000000002153e+01 5.122287321699655616e-01
1.401000000000002110e+01 5.145353976836007925e-01
1.403000000000002068e+01 5.020304513065566576e-01
1.405000000000002025e+01 5.052272033766552761e-01
1.407000000000001982e+01 4.930231061070922127e-01
1.409000000000001940e+01 4.848541909280768003e-01
1.411000000000001897e+01 4.623886806338777800e-01
1.413000000000001855e+01 4.621478958212136834e-01
1.415000000000001812e+01 4.586510263051231662e-01
1.417000000000001769e+01 4.569265473250699872e-01
1.419000000000001727e+01 4.274756707164008018e-01
1.421000000000001684e+01 4.174288154625344638e-01
1.423000000000001641e+01 3.993830089628738200e-01
1.425000000000001599e+01 4.020082668052332719e-01
1.427000000000001556e+01 3.942550731931006580e-01
1.429000000000001513e+01 3.615649166029307748e-01
1.431000000000001471e+01 3.751416011061188271e-01
1.433000000000001428e+01 3.627537848488309180e-01
1.435000000000001386e+01 3.419162467985807918e-01
1.437000000000001343e+01 3.155820818732873456e-01
1.439000000000001300e+01 3.206193412436170731e-01
1.441000000000001258e+01 2.891462271870026135e-01
1.443000000000001215e+01 2.852903796035377582e-01
1.445000000000001172e+01 2.846304838959593519e-01
1.447000000000001130e+01 2.722447129908059926e-01
1.449000000000001087e+01 2.523953404807864898e-01
1.451000000000001044e+01 2.210074959904009262e-01
1.453000000000001002e+01 2.068262878575868324e-01
1.455000000000000959e+01 1.598691446941375716e-01
1.457000000000000917e+01 1.211594770510429353e-01
1.459000000000000874e+01 7.167333951311319340e-02
1.461000000000000831e+01 2.767939971010378170e-02
1.463000000000000789e+01 1.935301254378142544e-02
1.465000000000000746e+01 2.806978062163466119e-03
1.467000000000000703e+01 2.794511812688733974e-03
1.469000000000000661e+01 2.782116529383957086e-03
1.471000000000000618e+01 0.000000000000000000e+00
1.473000000000000576e+01 0.000000000000000000e+00
1.475000000000000533e+01 0.000000000000000000e+00
1.477000000000000490e+01 0.000000000000000000e+00
1.479000000000000448e+01 0.000000000000000000e+00
1.481000000000000405e+01 0.000000000000000000e+00
1.483000000000000362e+01 0.000000000000000000e+00
1.485000000000000320e+01 0.000000000000000000e+00
1.487000000000000277e+01 0.000000000000000000e+00
1.489000000000000234e+01 0.000000000000000000e+00
1.491000000000000192e+01 0.000000000000000000e+00
1.493000000000000149e+01 0.000000000000000000e+00
1.495000000000000107e+01 0.000000000000000000e+00
1.497000000000000064e+01 0.000000000000000000e+00
1.499000000000000021e+01 0.000000000000000000e+00
