# Redshift		Merger Rate Density [Gpc^-3yr^-1]
1.000000000031931770e-02 2.477905089085492918e+01
3.000000000031888964e-02 2.638721322455631935e+01
5.000000000031846331e-02 2.641487003715556980e+01
7.000000000031804392e-02 2.759080150382777319e+01
9.000000000031761760e-02 2.803584910142446418e+01
1.100000000003171913e-01 2.829657766668165308e+01
1.300000000003167511e-01 2.816979865622032975e+01
1.500000000003163247e-01 2.838594932360418710e+01
1.700000000003158984e-01 2.829848175376777775e+01
1.900000000003154721e-01 2.886653033521165312e+01
2.100000000003150458e-01 2.922545336083808465e+01
2.300000000003146194e-01 2.991829724111716970e+01
2.500000000003141931e-01 3.058659603727652865e+01
2.700000000003137668e-01 3.094664346789737408e+01
2.900000000003133405e-01 3.138233619203797176e+01
3.100000000003129141e-01 3.199430424589224842e+01
3.300000000003124878e-01 3.164560407865749525e+01
3.500000000003120615e-01 3.342435473060384510e+01
3.700000000003116352e-01 3.292041270896487504e+01
3.900000000003112088e-01 3.435764885060972063e+01
4.100000000003107825e-01 3.465727469551470818e+01
4.300000000003103562e-01 3.527948206565796596e+01
4.500000000003099299e-01 3.611917827465675401e+01
4.700000000003095035e-01 3.597934100176243533e+01
4.900000000003090772e-01 3.742086846476209416e+01
5.100000000003086509e-01 3.713652215452802352e+01
5.300000000003082246e-01 3.630272277461176600e+01
5.500000000003077982e-01 3.697597014840845731e+01
5.700000000003073719e-01 3.796808671323375250e+01
5.900000000003069456e-01 3.783926604225560908e+01
6.100000000003065193e-01 3.891302679263122855e+01
6.300000000003060929e-01 3.962078512501684457e+01
6.500000000003056666e-01 4.011638530759837096e+01
6.700000000003052403e-01 4.079791786132993536e+01
6.900000000003048140e-01 4.181266796551980036e+01
7.100000000003043876e-01 4.140650117524780427e+01
7.300000000003039613e-01 4.187500723351651288e+01
7.500000000003035350e-01 4.173973057464494474e+01
7.700000000003031086e-01 4.296386946971555432e+01
7.900000000003026823e-01 4.212305951231499535e+01
8.100000000003022560e-01 4.286436520077905499e+01
8.300000000003018297e-01 4.323128196332864093e+01
8.500000000003014033e-01 4.319424581432294730e+01
8.700000000003009770e-01 4.439682709799136973e+01
8.900000000003005507e-01 4.401553773181217366e+01
9.100000000003001244e-01 4.428181850924305252e+01
9.300000000002996980e-01 4.414751739317392776e+01
9.500000000002992717e-01 4.543503179628686439e+01
9.700000000002988454e-01 4.485529397963388476e+01
9.900000000002984191e-01 4.528001786539383033e+01
1.010000000000297993e+00 4.670434927415543314e+01
1.030000000000297566e+00 4.550988521999492065e+01
1.050000000000297140e+00 4.628342990907024301e+01
1.070000000000296714e+00 4.596413726857777959e+01
1.090000000000296287e+00 4.664745010965928884e+01
1.110000000000295861e+00 4.667990630252702999e+01
1.130000000000295435e+00 4.557602486256391927e+01
1.150000000000295008e+00 4.693480374997209026e+01
1.170000000000294582e+00 4.629269841339966973e+01
1.190000000000294156e+00 4.627353483544030865e+01
1.210000000000293729e+00 4.714784816784630550e+01
1.230000000000293303e+00 4.703983840866109745e+01
1.250000000000292877e+00 4.756654187375601595e+01
1.270000000000292451e+00 4.736973357608334112e+01
1.290000000000292024e+00 4.858226047553962701e+01
1.310000000000291598e+00 4.732884859936319089e+01
1.330000000000291172e+00 4.904790506735236022e+01
1.350000000000290745e+00 4.919058306695987426e+01
1.370000000000290319e+00 4.890688401438902133e+01
1.390000000000289893e+00 4.941407325539823603e+01
1.410000000000289466e+00 4.875350702612999498e+01
1.430000000000289040e+00 4.993399081249764038e+01
1.450000000000288614e+00 4.819144841921268352e+01
1.470000000000288187e+00 5.098564299003790268e+01
1.490000000000287761e+00 4.890728193211901953e+01
1.510000000000287335e+00 5.014346422232470957e+01
1.530000000000286908e+00 4.856923560294900710e+01
1.550000000000286482e+00 5.140060645842427789e+01
1.570000000000286056e+00 4.989982935097880556e+01
1.590000000000285629e+00 5.047535517160261520e+01
1.610000000000285203e+00 5.101197378937870752e+01
1.630000000000284777e+00 5.062319486865320783e+01
1.650000000000284350e+00 5.056722246787889219e+01
1.670000000000283924e+00 5.038184844598011125e+01
1.690000000000283498e+00 5.029443552051365884e+01
1.710000000000283071e+00 5.053608120727250252e+01
1.730000000000282645e+00 5.027486804100664131e+01
1.750000000000282219e+00 5.044614146744451944e+01
1.770000000000281792e+00 4.927680061525766320e+01
1.790000000000281366e+00 4.977391719213412813e+01
1.810000000000280940e+00 4.955627341032693067e+01
1.830000000000280513e+00 4.978933404814030439e+01
1.850000000000280087e+00 4.871779592472849174e+01
1.870000000000279661e+00 4.898380027446395246e+01
1.890000000000279234e+00 4.884591889644839569e+01
1.910000000000278808e+00 4.869476643449652897e+01
1.930000000000278382e+00 4.759232538110420307e+01
1.950000000000277955e+00 4.811764880544428991e+01
1.970000000000277529e+00 4.687975229359638973e+01
1.990000000000277103e+00 4.742705317837114620e+01
2.010000000000276899e+00 4.723133675747585158e+01
2.030000000000276472e+00 4.627999115544494657e+01
2.050000000000276046e+00 4.643566456187899405e+01
2.070000000000275620e+00 4.631208680626981078e+01
2.090000000000275193e+00 4.494415312071051005e+01
2.110000000000274767e+00 4.610533314029765251e+01
2.130000000000274341e+00 4.483953174637979799e+01
2.150000000000273914e+00 4.568467802803601785e+01
2.170000000000273488e+00 4.476075501707502724e+01
2.190000000000273062e+00 4.396070452147246499e+01
2.210000000000272635e+00 4.492243449552309187e+01
2.230000000000272209e+00 4.379908155871583375e+01
2.250000000000271783e+00 4.431355437770534422e+01
2.270000000000271356e+00 4.423885875608011276e+01
2.290000000000270930e+00 4.389748814762927509e+01
2.310000000000270504e+00 4.345775019917436310e+01
2.330000000000270077e+00 4.357349232670313199e+01
2.350000000000269651e+00 4.394371673224060970e+01
2.370000000000269225e+00 4.373209780407552927e+01
2.390000000000268798e+00 4.396378936422727435e+01
2.410000000000268372e+00 4.343576424030354133e+01
2.430000000000267946e+00 4.406961332556535638e+01
2.450000000000267519e+00 4.321425029562869469e+01
2.470000000000267093e+00 4.360968967913495220e+01
2.490000000000266667e+00 4.362301614627940438e+01
2.510000000000266240e+00 4.344321217505968491e+01
2.530000000000265814e+00 4.302806288829084025e+01
2.550000000000265388e+00 4.314737802436756908e+01
2.570000000000264961e+00 4.257720644482782291e+01
2.590000000000264535e+00 4.281158468876719070e+01
2.610000000000264109e+00 4.321164934604420438e+01
2.630000000000263682e+00 4.360129159988088787e+01
2.650000000000263256e+00 4.273279371622580669e+01
2.670000000000262830e+00 4.349798255391206681e+01
2.690000000000262403e+00 4.287328403174801394e+01
2.710000000000261977e+00 4.296062929162673782e+01
2.730000000000261551e+00 4.255520676534850821e+01
2.750000000000261124e+00 4.340027016247275782e+01
2.770000000000260698e+00 4.325647660129376249e+01
2.790000000000260272e+00 4.393277953115607914e+01
2.810000000000259845e+00 4.206973715043982764e+01
2.830000000000259419e+00 4.334437508220880630e+01
2.850000000000258993e+00 4.312152952368353453e+01
2.870000000000258567e+00 4.328048830978902117e+01
2.890000000000258140e+00 4.326925388919600834e+01
2.910000000000257714e+00 4.279758451913259876e+01
2.930000000000257288e+00 4.421885141404786879e+01
2.950000000000256861e+00 4.326125895314762460e+01
2.970000000000256435e+00 4.316323547114188841e+01
2.990000000000256009e+00 4.352537326265646556e+01
3.010000000000255582e+00 4.393235252671461666e+01
3.030000000000255156e+00 4.361359618471815480e+01
3.050000000000254730e+00 4.362957017102593937e+01
3.070000000000254303e+00 4.394447738326223174e+01
3.090000000000253877e+00 4.316012504950885642e+01
3.110000000000253451e+00 4.418767180345607670e+01
3.130000000000253024e+00 4.410132672260036912e+01
3.150000000000252598e+00 4.358157260995292859e+01
3.170000000000252172e+00 4.387414384892980479e+01
3.190000000000251745e+00 4.450746107730708445e+01
3.210000000000251319e+00 4.400196996186688381e+01
3.230000000000250893e+00 4.282588154187321550e+01
3.250000000000250466e+00 4.402421092029651817e+01
3.270000000000250040e+00 4.359998908562430842e+01
3.290000000000249614e+00 4.392415772170576105e+01
3.310000000000249187e+00 4.369367497284142132e+01
3.330000000000248761e+00 4.352561473522450086e+01
3.350000000000248335e+00 4.314289325268604358e+01
3.370000000000247908e+00 4.349464299837341485e+01
3.390000000000247482e+00 4.298231691184641079e+01
3.410000000000247056e+00 4.271259902179959766e+01
3.430000000000246629e+00 4.253281345765606858e+01
3.450000000000246203e+00 4.251440901438920861e+01
3.470000000000245777e+00 4.263978106799034151e+01
3.490000000000245350e+00 4.332048396728723816e+01
3.510000000000244924e+00 4.240653533198795344e+01
3.530000000000244498e+00 4.214992963931665315e+01
3.550000000000244071e+00 4.178012692410234052e+01
3.570000000000243645e+00 4.243793050619635210e+01
3.590000000000243219e+00 4.110594323064745481e+01
3.610000000000242792e+00 4.121906301590988164e+01
3.630000000000242366e+00 4.138426101410370705e+01
3.650000000000241940e+00 4.173007198483241353e+01
3.670000000000241513e+00 4.103488220435409772e+01
3.690000000000241087e+00 4.088568027822553574e+01
3.710000000000240661e+00 4.083997749123504661e+01
3.730000000000240234e+00 4.097120454570073633e+01
3.750000000000239808e+00 4.080370917560628641e+01
3.770000000000239382e+00 4.038403853689275991e+01
3.790000000000238956e+00 3.994235503232258111e+01
3.810000000000238529e+00 3.997631026744226546e+01
3.830000000000238103e+00 3.994253901630782622e+01
3.850000000000237677e+00 3.987340112044861939e+01
3.870000000000237250e+00 3.963304757941708800e+01
3.890000000000236824e+00 3.967115011031868477e+01
3.910000000000236398e+00 3.947129264560409467e+01
3.930000000000235971e+00 3.964373933055145471e+01
3.950000000000235545e+00 3.843684387224945453e+01
3.970000000000235119e+00 3.939498870414781351e+01
3.990000000000234692e+00 3.875783475007767009e+01
4.010000000000234266e+00 3.891120130711644265e+01
4.030000000000233840e+00 3.922891049122228679e+01
4.050000000000233413e+00 3.852561541110948440e+01
4.070000000000232987e+00 3.816445188795798060e+01
4.090000000000232561e+00 3.926198362890769289e+01
4.110000000000232134e+00 3.843275389286871047e+01
4.130000000000231708e+00 3.886865061833017165e+01
4.150000000000231282e+00 3.821598295834627379e+01
4.170000000000230855e+00 3.856587098210015796e+01
4.190000000000230429e+00 3.845773732120004240e+01
4.210000000000230003e+00 3.869653810424244966e+01
4.230000000000229576e+00 3.808239201057526913e+01
4.250000000000229150e+00 3.824227558348892586e+01
4.270000000000228724e+00 3.862083200741414402e+01
4.290000000000228297e+00 3.834560382599570261e+01
4.310000000000227871e+00 3.875465886473172361e+01
4.330000000000227445e+00 3.860151080016215985e+01
4.350000000000227018e+00 3.836423824659976844e+01
4.370000000000226592e+00 3.945796022028643790e+01
4.390000000000226166e+00 3.903615431701317107e+01
4.410000000000225739e+00 3.859329417254488703e+01
4.430000000000225313e+00 3.890578758430061868e+01
4.450000000000224887e+00 3.993462077288263856e+01
4.470000000000224460e+00 3.905051280994284468e+01
4.490000000000224034e+00 4.008801764091488451e+01
4.510000000000223608e+00 4.054371660301003288e+01
4.530000000000223181e+00 4.024650728170978908e+01
4.550000000000222755e+00 4.080486713222455819e+01
4.570000000000222329e+00 4.074141177515391377e+01
4.590000000000221902e+00 4.156300028817202019e+01
4.610000000000221476e+00 4.216324254785325110e+01
4.630000000000221050e+00 4.239189526029211663e+01
4.650000000000220624e+00 4.266407756243165750e+01
4.670000000000220197e+00 4.336758189061735891e+01
4.690000000000219771e+00 4.366466319247585659e+01
4.710000000000219345e+00 4.382168287450032551e+01
4.730000000000218918e+00 4.476944887291498532e+01
4.750000000000218492e+00 4.498221292199451682e+01
4.770000000000218066e+00 4.526461275164490417e+01
4.790000000000217639e+00 4.653963191286579359e+01
4.810000000000217213e+00 4.720990206039737558e+01
4.830000000000216787e+00 4.744429325952412313e+01
4.850000000000216360e+00 4.816709236834019237e+01
4.870000000000215934e+00 4.887171018612861673e+01
4.890000000000215508e+00 4.990632185473473470e+01
4.910000000000215081e+00 5.020638290278292715e+01
4.930000000000214655e+00 5.100373575499356349e+01
4.950000000000214229e+00 5.200709159979891183e+01
4.970000000000213802e+00 5.269151499372439673e+01
4.990000000000213376e+00 5.329197433431431818e+01
5.010000000000212950e+00 5.455757484160222504e+01
5.030000000000212523e+00 5.522646416143647485e+01
5.050000000000212097e+00 5.611858131581611531e+01
5.070000000000211671e+00 5.708407716334710358e+01
5.090000000000211244e+00 5.760379975967936161e+01
5.110000000000210818e+00 5.900016561074588850e+01
5.130000000000210392e+00 5.919851282534319381e+01
5.150000000000209965e+00 6.054464557106937406e+01
5.170000000000209539e+00 6.167737098386517403e+01
5.190000000000209113e+00 6.250517332828044914e+01
5.210000000000208686e+00 6.333012367243494367e+01
5.230000000000208260e+00 6.458159720319238772e+01
5.250000000000207834e+00 6.555447047868385368e+01
5.270000000000207407e+00 6.592444189226158358e+01
5.290000000000206981e+00 6.711171088219704473e+01
5.310000000000206555e+00 6.819870795571975464e+01
5.330000000000206128e+00 6.922973538595560683e+01
5.350000000000205702e+00 6.963020572805342567e+01
5.370000000000205276e+00 7.123144789422933343e+01
5.390000000000204849e+00 7.182800980230020116e+01
5.410000000000204423e+00 7.226518300557523844e+01
5.430000000000203997e+00 7.356716190096936714e+01
5.450000000000203570e+00 7.463514177060926613e+01
5.470000000000203144e+00 7.560233056178772415e+01
5.490000000000202718e+00 7.609271399849181705e+01
5.510000000000202292e+00 7.718789398250123668e+01
5.530000000000201865e+00 7.756222707403358640e+01
5.550000000000201439e+00 7.851128896382374478e+01
5.570000000000201013e+00 7.918010625209089426e+01
5.590000000000200586e+00 8.027899467624168039e+01
5.610000000000200160e+00 8.058822543249496562e+01
5.630000000000199734e+00 8.146785065231239287e+01
5.650000000000199307e+00 8.229968359076201523e+01
5.670000000000198881e+00 8.220887004577781454e+01
5.690000000000198455e+00 8.332302411123532693e+01
5.710000000000198028e+00 8.416632113691788675e+01
5.730000000000197602e+00 8.411975030950867449e+01
5.750000000000197176e+00 8.537950767419135900e+01
5.770000000000196749e+00 8.474279145029909444e+01
5.790000000000196323e+00 8.586073046863155867e+01
5.810000000000195897e+00 8.687456281329730245e+01
5.830000000000195470e+00 8.680717724395088908e+01
5.850000000000195044e+00 8.784669794190887160e+01
5.870000000000194618e+00 8.782306674087550391e+01
5.890000000000194191e+00 8.868546993869516371e+01
5.910000000000193765e+00 8.823979430696701343e+01
5.930000000000193339e+00 8.801077237014115440e+01
5.950000000000192912e+00 8.785645682811642132e+01
5.970000000000192486e+00 8.759473169859502661e+01
5.990000000000192060e+00 8.794794859029465783e+01
6.010000000000191633e+00 8.711406426944412829e+01
6.030000000000191207e+00 8.745012464723598100e+01
6.050000000000190781e+00 8.699697557220012811e+01
6.070000000000190354e+00 8.739732640735454083e+01
6.090000000000189928e+00 8.716172816487362240e+01
6.110000000000189502e+00 8.691175594027933471e+01
6.130000000000189075e+00 8.643460759284337769e+01
6.150000000000188649e+00 8.536313650272406051e+01
6.170000000000188223e+00 8.585846426858651625e+01
6.190000000000187796e+00 8.519266286559231105e+01
6.210000000000187370e+00 8.479068022221693468e+01
6.230000000000186944e+00 8.396237755421988425e+01
6.250000000000186517e+00 8.316497422650270721e+01
6.270000000000186091e+00 8.296143287076665729e+01
6.290000000000185665e+00 8.257631024338587622e+01
6.310000000000185238e+00 8.136937616812132035e+01
6.330000000000184812e+00 8.103787833581920097e+01
6.350000000000184386e+00 8.021413523692496028e+01
6.370000000000183960e+00 7.994016321634752842e+01
6.390000000000183533e+00 7.943790639640036488e+01
6.410000000000183107e+00 7.883737598927118029e+01
6.430000000000182681e+00 7.796781697767900710e+01
6.450000000000182254e+00 7.766023407818290991e+01
6.470000000000181828e+00 7.641400020499416712e+01
6.490000000000181402e+00 7.583709658456990610e+01
6.510000000000180975e+00 7.472327296780741790e+01
6.530000000000180549e+00 7.459594226142817774e+01
6.550000000000180123e+00 7.343198082664260085e+01
6.570000000000179696e+00 7.307281174886149699e+01
6.590000000000179270e+00 7.178639760312417195e+01
6.610000000000178844e+00 7.123303601164109011e+01
6.630000000000178417e+00 6.993105992725509168e+01
6.650000000000177991e+00 6.929854593171624799e+01
6.670000000000177565e+00 6.902578090593931393e+01
6.690000000000177138e+00 6.739230644196005926e+01
6.710000000000176712e+00 6.608743513264440139e+01
6.730000000000176286e+00 6.565771234184380489e+01
6.750000000000175859e+00 6.459893085628023357e+01
6.770000000000175433e+00 6.421129789396054832e+01
6.790000000000175007e+00 6.261218926177376431e+01
6.810000000000174580e+00 6.251435442280672561e+01
6.830000000000174154e+00 6.095240597424181317e+01
6.850000000000173728e+00 5.971024123425075913e+01
6.870000000000173301e+00 5.963261007464206642e+01
6.890000000000172875e+00 5.802384446556265374e+01
6.910000000000172449e+00 5.713550122163141509e+01
6.930000000000172022e+00 5.641179390481324418e+01
6.950000000000171596e+00 5.466954206805088035e+01
6.970000000000171170e+00 5.489380470349506425e+01
6.990000000000170743e+00 5.308486211305466895e+01
7.010000000000170317e+00 5.209577925393463715e+01
7.030000000000169891e+00 5.110662786412336089e+01
7.050000000000169464e+00 5.036573713710154721e+01
7.070000000000169038e+00 4.965823587987029697e+01
7.090000000000168612e+00 4.875623201088571790e+01
7.110000000000168185e+00 4.742932410701737922e+01
7.130000000000167759e+00 4.697789253124152253e+01
7.150000000000167333e+00 4.642474707953141433e+01
7.170000000000166906e+00 4.541690008705587189e+01
7.190000000000166480e+00 4.477421551288664858e+01
7.210000000000166054e+00 4.320850397938333032e+01
7.230000000000165628e+00 4.228230065605840338e+01
7.250000000000165201e+00 4.212153885884147542e+01
7.270000000000164775e+00 4.149773928113183530e+01
7.290000000000164349e+00 4.021858690341719011e+01
7.310000000000163922e+00 3.942256857073263632e+01
7.330000000000163496e+00 3.897111164230157243e+01
7.350000000000163070e+00 3.835535889799997733e+01
7.370000000000162643e+00 3.759196563805443958e+01
7.390000000000162217e+00 3.672370727835089355e+01
7.410000000000161791e+00 3.635112251030064812e+01
7.430000000000161364e+00 3.508103911717752510e+01
7.450000000000160938e+00 3.461484036119154695e+01
7.470000000000160512e+00 3.375825127966923134e+01
7.490000000000160085e+00 3.368803718126108038e+01
7.510000000000159659e+00 3.258687826043797031e+01
7.530000000000159233e+00 3.242630777439264733e+01
7.550000000000158806e+00 3.167860467509249389e+01
7.570000000000158380e+00 3.098670038551535555e+01
7.590000000000157954e+00 3.055915267026767168e+01
7.610000000000157527e+00 2.978931528948468355e+01
7.630000000000157101e+00 2.939376831392604217e+01
7.650000000000156675e+00 2.850974219955687516e+01
7.670000000000156248e+00 2.813573514502712669e+01
7.690000000000155822e+00 2.773816923560359982e+01
7.710000000000155396e+00 2.714220369214760353e+01
7.730000000000154969e+00 2.654987754788085041e+01
7.750000000000154543e+00 2.646122627656303550e+01
7.770000000000154117e+00 2.564543870296763117e+01
7.790000000000153690e+00 2.495506681912192093e+01
7.810000000000153264e+00 2.474229962836741237e+01
7.830000000000152838e+00 2.430330853749284969e+01
7.850000000000152411e+00 2.378846402868796872e+01
7.870000000000151985e+00 2.321371822559931530e+01
7.890000000000151559e+00 2.277897605185771113e+01
7.910000000000151132e+00 2.239873176391377640e+01
7.930000000000150706e+00 2.206606749902011444e+01
7.950000000000150280e+00 2.153363040901256298e+01
7.970000000000149853e+00 2.120128912519867015e+01
7.990000000000149427e+00 2.084666376910092467e+01
8.010000000000149001e+00 2.036960538299365453e+01
8.030000000000148574e+00 1.997848871986511199e+01
8.050000000000148148e+00 1.967886011118085676e+01
8.070000000000147722e+00 1.939500116023892318e+01
8.090000000000147296e+00 1.886402228352027777e+01
8.110000000000146869e+00 1.833120740738948484e+01
8.130000000000146443e+00 1.823487478629252578e+01
8.150000000000146017e+00 1.772120036865771908e+01
8.170000000000145590e+00 1.757361113939569464e+01
8.190000000000145164e+00 1.721252291891737229e+01
8.210000000000144738e+00 1.699653803887801828e+01
8.230000000000144311e+00 1.661707737336192992e+01
8.250000000000143885e+00 1.614988372135587014e+01
8.270000000000143459e+00 1.597268744399277729e+01
8.290000000000143032e+00 1.553979707791416764e+01
8.310000000000142606e+00 1.529574835871706284e+01
8.330000000000142180e+00 1.484514305841017112e+01
8.350000000000141753e+00 1.462719214468709339e+01
8.370000000000141327e+00 1.441610777912453933e+01
8.390000000000140901e+00 1.411650510844193285e+01
8.410000000000140474e+00 1.372673043217160682e+01
8.430000000000140048e+00 1.354838737441319729e+01
8.450000000000139622e+00 1.327819240475834839e+01
8.470000000000139195e+00 1.297575783264352900e+01
8.490000000000138769e+00 1.275427459287741705e+01
8.510000000000138343e+00 1.248160376142472927e+01
8.530000000000137916e+00 1.220454602780551845e+01
8.550000000000137490e+00 1.200326293245915465e+01
8.570000000000137064e+00 1.157876942566764278e+01
8.590000000000136637e+00 1.134151045102027133e+01
8.610000000000136211e+00 1.118875548806676790e+01
8.630000000000135785e+00 1.092036312469909554e+01
8.650000000000135358e+00 1.067065523253544512e+01
8.670000000000134932e+00 1.034905138846134065e+01
8.690000000000134506e+00 1.030403766147359157e+01
8.710000000000134079e+00 9.945097818414897262e+00
8.730000000000133653e+00 9.752319576112332911e+00
8.750000000000133227e+00 9.500599022794078863e+00
8.770000000000132800e+00 9.356007031415170871e+00
8.790000000000132374e+00 9.130942723483460810e+00
8.810000000000131948e+00 8.925240219977109035e+00
8.830000000000131521e+00 8.759112250150556278e+00
8.850000000000131095e+00 8.538321777121408829e+00
8.870000000000130669e+00 8.311113951543273259e+00
8.890000000000130242e+00 8.153799450902280199e+00
8.910000000000129816e+00 7.926329085629695292e+00
8.930000000000129390e+00 7.796467792582098433e+00
8.950000000000128964e+00 7.576375422119649983e+00
8.970000000000128537e+00 7.386402582004136796e+00
8.990000000000128111e+00 7.180561835836559048e+00
9.010000000000127685e+00 7.086762871714582523e+00
9.030000000000127258e+00 6.833146379885285171e+00
9.050000000000126832e+00 6.767442628423960826e+00
9.070000000000126406e+00 6.510011884388336334e+00
9.090000000000125979e+00 6.419721731148834820e+00
9.110000000000125553e+00 6.281584348927395922e+00
9.130000000000125127e+00 6.154523228682626801e+00
9.150000000000124700e+00 5.926753855173222618e+00
9.170000000000124274e+00 5.832475934742062940e+00
9.190000000000123848e+00 5.634222320731732125e+00
9.210000000000123421e+00 5.506664517839066519e+00
9.230000000000122995e+00 5.387983989783495353e+00
9.250000000000122569e+00 5.244418046463152905e+00
9.270000000000122142e+00 5.134860824969836202e+00
9.290000000000121716e+00 5.035158326398727624e+00
9.310000000000121290e+00 4.985267302448585625e+00
9.330000000000120863e+00 4.817568401741223028e+00
9.350000000000120437e+00 4.740850630477496885e+00
9.370000000000120011e+00 4.587666680091055049e+00
9.390000000000119584e+00 4.470460085593567001e+00
9.410000000000119158e+00 4.409498164303632173e+00
9.430000000000118732e+00 4.355811498946991378e+00
9.450000000000118305e+00 4.230221797390150584e+00
9.470000000000117879e+00 4.150181400375667629e+00
9.490000000000117453e+00 4.054667900132182368e+00
9.510000000000117026e+00 3.985625884083326742e+00
9.530000000000116600e+00 3.895450479402107646e+00
9.550000000000116174e+00 3.804619777124388591e+00
9.570000000000115747e+00 3.737736664871537329e+00
9.590000000000115321e+00 3.642223133407001878e+00
9.610000000000114895e+00 3.572640535635823955e+00
9.630000000000114468e+00 3.518779902941636895e+00
9.650000000000114042e+00 3.442238951546300996e+00
9.670000000000113616e+00 3.395755536774445638e+00
9.690000000000113189e+00 3.364375854362363860e+00
9.710000000000112763e+00 3.282814780044132075e+00
9.730000000000112337e+00 3.202449074653125560e+00
9.750000000000111910e+00 3.136495586826530957e+00
9.770000000000111484e+00 3.070188142815757804e+00
9.790000000000111058e+00 3.074800348879564549e+00
9.810000000000110632e+00 2.969854091016629116e+00
9.830000000000110205e+00 2.897118509641854356e+00
9.850000000000109779e+00 2.836112096510181591e+00
9.870000000000109353e+00 2.755239786929093881e+00
9.890000000000108926e+00 2.731827108217190325e+00
9.910000000000108500e+00 2.689644587917968011e+00
9.930000000000108074e+00 2.663609152148047166e+00
9.950000000000107647e+00 2.632848394970853878e+00
9.970000000000107221e+00 2.565957556572829201e+00
9.990000000000106795e+00 2.554586152031470547e+00
1.001000000000010637e+01 2.471874424970125883e+00
1.003000000000010594e+01 2.424142714774285778e+00
1.005000000000010552e+01 2.392952631755750570e+00
1.007000000000010509e+01 2.353908632634793996e+00
1.009000000000010466e+01 2.330355845260073444e+00
1.011000000000010424e+01 2.294714012567876882e+00
1.013000000000010381e+01 2.238768746413214661e+00
1.015000000000010338e+01 2.205430887797306561e+00
1.017000000000010296e+01 2.191601975469409158e+00
1.019000000000010253e+01 2.152589030950686322e+00
1.021000000000010210e+01 2.159959133111065022e+00
1.023000000000010168e+01 2.061189179602026300e+00
1.025000000000010125e+01 2.071510305927359852e+00
1.027000000000010083e+01 2.013270797686291580e+00
1.029000000000010040e+01 1.998860609619546480e+00
1.031000000000009997e+01 1.954784827893234267e+00
1.033000000000009955e+01 1.950709503397589861e+00
1.035000000000009912e+01 1.906463673793654223e+00
1.037000000000009869e+01 1.875724104381170987e+00
1.039000000000009827e+01 1.866256047440697063e+00
1.041000000000009784e+01 1.858206203971415116e+00
1.043000000000009742e+01 1.798238859173620030e+00
1.045000000000009699e+01 1.730409800980240664e+00
1.047000000000009656e+01 1.740325989912134830e+00
1.049000000000009614e+01 1.719739298438268671e+00
1.051000000000009571e+01 1.706278472851243455e+00
1.053000000000009528e+01 1.658572564171330477e+00
1.055000000000009486e+01 1.632199814747659739e+00
1.057000000000009443e+01 1.633090753622124636e+00
1.059000000000009400e+01 1.602596594226517013e+00
1.061000000000009358e+01 1.560752280914749601e+00
1.063000000000009315e+01 1.539504342043024554e+00
1.065000000000009273e+01 1.546325654853296649e+00
1.067000000000009230e+01 1.505696317422684283e+00
1.069000000000009187e+01 1.465279403450449047e+00
1.071000000000009145e+01 1.443930664384250218e+00
1.073000000000009102e+01 1.444292050554068174e+00
1.075000000000009059e+01 1.402603679727471464e+00
1.077000000000009017e+01 1.399970585338529361e+00
1.079000000000008974e+01 1.379414387279824572e+00
1.081000000000008932e+01 1.342758428457019315e+00
1.083000000000008889e+01 1.345022110098989643e+00
1.085000000000008846e+01 1.323100806575352451e+00
1.087000000000008804e+01 1.297363806247154860e+00
1.089000000000008761e+01 1.265127845920283711e+00
1.091000000000008718e+01 1.291017978319296766e+00
1.093000000000008676e+01 1.208232326826939262e+00
1.095000000000008633e+01 1.227341876510862795e+00
1.097000000000008590e+01 1.217741660574894969e+00
1.099000000000008548e+01 1.211606187440036120e+00
1.101000000000008505e+01 1.172195729808127140e+00
1.103000000000008463e+01 1.124602986547590389e+00
1.105000000000008420e+01 1.121832060016909827e+00
1.107000000000008377e+01 1.097766281958882484e+00
1.109000000000008335e+01 1.097642223067693656e+00
1.111000000000008292e+01 1.048055235387499451e+00
1.113000000000008249e+01 1.044097271596733378e+00
1.115000000000008207e+01 1.009713732782986595e+00
1.117000000000008164e+01 9.876552390284355498e-01
1.119000000000008122e+01 9.552077129845656378e-01
1.121000000000008079e+01 9.412936539472396280e-01
1.123000000000008036e+01 9.145350896566283305e-01
1.125000000000007994e+01 9.021794384123533739e-01
1.127000000000007951e+01 8.780930544930994897e-01
1.129000000000007908e+01 8.526158296587071916e-01
1.131000000000007866e+01 8.158748795329240355e-01
1.133000000000007823e+01 8.098344409073786609e-01
1.135000000000007780e+01 8.111790330671964089e-01
1.137000000000007738e+01 7.697564247256121206e-01
1.139000000000007695e+01 7.867484185054871570e-01
1.141000000000007653e+01 7.308990221318735214e-01
1.143000000000007610e+01 7.183417856754571451e-01
1.145000000000007567e+01 6.901163766841046376e-01
1.147000000000007525e+01 6.725813517292457133e-01
1.149000000000007482e+01 6.652544188136803038e-01
1.151000000000007439e+01 6.625984692950672716e-01
1.153000000000007397e+01 6.241199638424966833e-01
1.155000000000007354e+01 5.963472559297645637e-01
1.157000000000007311e+01 6.055679724532041508e-01
1.159000000000007269e+01 5.881285760749368485e-01
1.161000000000007226e+01 5.472222170699573285e-01
1.163000000000007184e+01 5.463522146201967855e-01
1.165000000000007141e+01 5.276069351873261537e-01
1.167000000000007098e+01 5.285837932908622472e-01
1.169000000000007056e+01 4.811180934242991758e-01
1.171000000000007013e+01 4.930069948448204675e-01
1.173000000000006970e+01 4.778624354961226728e-01
1.175000000000006928e+01 4.647191634581308572e-01
1.177000000000006885e+01 4.426625664815824202e-01
1.179000000000006843e+01 4.469286126910150814e-01
1.181000000000006800e+01 4.273540515738370460e-01
1.183000000000006757e+01 4.106650493896171206e-01
1.185000000000006715e+01 3.960641027224967581e-01
1.187000000000006672e+01 4.017942793542764179e-01
1.189000000000006629e+01 4.037981325010260303e-01
1.191000000000006587e+01 3.528314008312480321e-01
1.193000000000006544e+01 3.697929505506583614e-01
1.195000000000006501e+01 3.584011550740510699e-01
1.197000000000006459e+01 3.613395215173386132e-01
1.199000000000006416e+01 3.479694005321622430e-01
1.201000000000006374e+01 3.409270404799547016e-01
1.203000000000006331e+01 3.235100928843384072e-01
1.205000000000006288e+01 3.201961129331730160e-01
1.207000000000006246e+01 3.111743193173029387e-01
1.209000000000006203e+01 3.121640911230221804e-01
1.211000000000006160e+01 3.156522308174662395e-01
1.213000000000006118e+01 2.950434409702689109e-01
1.215000000000006075e+01 2.959885555695856429e-01
1.217000000000006033e+01 3.099424728726552503e-01
1.219000000000005990e+01 2.946135599437427754e-01
1.221000000000005947e+01 2.956938129242246971e-01
1.223000000000005905e+01 2.853182426972283858e-01
1.225000000000005862e+01 2.757190995639419717e-01
1.227000000000005819e+01 2.648893478746401908e-01
1.229000000000005777e+01 2.777412150053479856e-01
1.231000000000005734e+01 2.575105014695152073e-01
1.233000000000005691e+01 2.712522653147676488e-01
1.235000000000005649e+01 2.704797368207362274e-01
1.237000000000005606e+01 2.534036570480918682e-01
1.239000000000005564e+01 2.576425285792391939e-01
1.241000000000005521e+01 2.650452148064281754e-01
1.243000000000005478e+01 2.527255290092076945e-01
1.245000000000005436e+01 2.552596543072990221e-01
1.247000000000005393e+01 2.610812201408061473e-01
1.249000000000005350e+01 2.494307010432306182e-01
1.251000000000005308e+01 2.447670699162380892e-01
1.253000000000005265e+01 2.508590126118573904e-01
1.255000000000005222e+01 2.635895471471284002e-01
1.257000000000005180e+01 2.404622645993802210e-01
1.259000000000005137e+01 2.465666557709260132e-01
1.261000000000005095e+01 2.470917842685835530e-01
1.263000000000005052e+01 2.313607255659939077e-01
1.265000000000005009e+01 2.320344737549723535e-01
1.267000000000004967e+01 2.314451485862390467e-01
1.269000000000004924e+01 2.327166507365481252e-01
1.271000000000004881e+01 2.293482891312515204e-01
1.273000000000004839e+01 2.415953083689293956e-01
1.275000000000004796e+01 2.145095828697045626e-01
1.277000000000004754e+01 2.229316772549354564e-01
1.279000000000004711e+01 2.356389745700841476e-01
1.281000000000004668e+01 2.235294371428954707e-01
1.283000000000004626e+01 2.218195733361479904e-01
1.285000000000004583e+01 2.255851510729358356e-01
1.287000000000004540e+01 2.362833383850579394e-01
1.289000000000004498e+01 2.358332688903350682e-01
1.291000000000004455e+01 2.244726291354681713e-01
1.293000000000004412e+01 2.152468582238915018e-01
1.295000000000004370e+01 2.137284637874426463e-01
1.297000000000004327e+01 2.265012091850228115e-01
1.299000000000004285e+01 2.313870971514920549e-01
1.301000000000004242e+01 2.113468124886327126e-01
1.303000000000004199e+01 2.054301247818164644e-01
1.305000000000004157e+01 2.174228163709001349e-01
1.307000000000004114e+01 2.054926940763540655e-01
1.309000000000004071e+01 2.121007903888093848e-01
1.311000000000004029e+01 2.098043170652666434e-01
1.313000000000003986e+01 2.055049315955732314e-01
1.315000000000003944e+01 1.939080083725874537e-01
1.317000000000003901e+01 2.109012654419123445e-01
1.319000000000003858e+01 2.059650735786636988e-01
1.321000000000003816e+01 2.093754446804702296e-01
1.323000000000003773e+01 1.944611557133299473e-01
1.325000000000003730e+01 2.047501255584671109e-01
1.327000000000003688e+01 1.939711366200218279e-01
1.329000000000003645e+01 1.831223471587234142e-01
1.331000000000003602e+01 1.890103071515677469e-01
1.333000000000003560e+01 1.838371903395012441e-01
1.335000000000003517e+01 1.869364187108291109e-01
1.337000000000003475e+01 1.902042008162670439e-01
1.339000000000003432e+01 1.857848453849843262e-01
1.341000000000003389e+01 1.731362713416357835e-01
1.343000000000003347e+01 1.896347413640041557e-01
1.345000000000003304e+01 1.853895399257310950e-01
1.347000000000003261e+01 1.829622991242745023e-01
1.349000000000003219e+01 1.869866159429913188e-01
1.351000000000003176e+01 1.663774342112694371e-01
1.353000000000003133e+01 1.823709549033773469e-01
1.355000000000003091e+01 1.766892035631648927e-01
1.357000000000003048e+01 1.724942515921599195e-01
1.359000000000003006e+01 1.696450251856600200e-01
1.361000000000002963e+01 1.672309040000087288e-01
1.363000000000002920e+01 1.725732193381163404e-01
1.365000000000002878e+01 1.739933375045348285e-01
1.367000000000002835e+01 1.678710041170068945e-01
1.369000000000002792e+01 1.621501826536655699e-01
1.371000000000002750e+01 1.641346807379197859e-01
1.373000000000002707e+01 1.703023633308222151e-01
1.375000000000002665e+01 1.618077529110154567e-01
1.377000000000002622e+01 1.591722654930078917e-01
1.379000000000002579e+01 1.621598434835745950e-01
1.381000000000002537e+01 1.500163851037409901e-01
1.383000000000002494e+01 1.654919027231736839e-01
1.385000000000002451e+01 1.541828166810153278e-01
1.387000000000002409e+01 1.558584427100918879e-01
1.389000000000002366e+01 1.468234488649265146e-01
1.391000000000002323e+01 1.514460160973999103e-01
1.393000000000002281e+01 1.481112695827009884e-01
1.395000000000002238e+01 1.415237942007902816e-01
1.397000000000002196e+01 1.500586075741421332e-01
1.399000000000002153e+01 1.401488834163169828e-01
1.401000000000002110e+01 1.376120848298591215e-01
1.403000000000002068e+01 1.424967132457278518e-01
1.405000000000002025e+01 1.394395351905304004e-01
1.407000000000001982e+01 1.387193677349937149e-01
1.409000000000001940e+01 1.383258875953170541e-01
1.411000000000001897e+01 1.466119292172759214e-01
1.413000000000001855e+01 1.307546530642264837e-01
1.415000000000001812e+01 1.328195586984990129e-01
1.417000000000001769e+01 1.210874303425919646e-01
1.419000000000001727e+01 1.318993136342902495e-01
1.421000000000001684e+01 1.289725046410153675e-01
1.423000000000001641e+01 1.309782732461088617e-01
1.425000000000001599e+01 1.272905825696626081e-01
1.427000000000001556e+01 1.209007344027846764e-01
1.429000000000001513e+01 1.205091222591661848e-01
1.431000000000001471e+01 1.254960204600309714e-01
1.433000000000001428e+01 1.193708632945234549e-01
1.435000000000001386e+01 1.162936117903849154e-01
1.437000000000001343e+01 1.161325095679382607e-01
1.439000000000001300e+01 1.073172041341458050e-01
1.441000000000001258e+01 1.127957678797301966e-01
1.443000000000001215e+01 1.008707134470293310e-01
1.445000000000001172e+01 9.220470529867597076e-02
1.447000000000001130e+01 8.951128055959345353e-02
1.449000000000001087e+01 7.814129304337459614e-02
1.451000000000001044e+01 7.775212527463831735e-02
1.453000000000001002e+01 7.759608618561480986e-02
1.455000000000000959e+01 5.540356353489655356e-02
1.457000000000000917e+01 4.170015197255968337e-02
1.459000000000000874e+01 2.784525611260094818e-02
1.461000000000000831e+01 2.778504011446732494e-02
1.463000000000000789e+01 2.212933872520651477e-02
1.465000000000000746e+01 8.314421309353026493e-03
1.467000000000000703e+01 2.773255643254755095e-03
1.469000000000000661e+01 0.000000000000000000e+00
1.471000000000000618e+01 0.000000000000000000e+00
1.473000000000000576e+01 0.000000000000000000e+00
1.475000000000000533e+01 0.000000000000000000e+00
1.477000000000000490e+01 0.000000000000000000e+00
1.479000000000000448e+01 0.000000000000000000e+00
1.481000000000000405e+01 0.000000000000000000e+00
1.483000000000000362e+01 0.000000000000000000e+00
1.485000000000000320e+01 0.000000000000000000e+00
1.487000000000000277e+01 0.000000000000000000e+00
1.489000000000000234e+01 0.000000000000000000e+00
1.491000000000000192e+01 0.000000000000000000e+00
1.493000000000000149e+01 0.000000000000000000e+00
1.495000000000000107e+01 0.000000000000000000e+00
1.497000000000000064e+01 0.000000000000000000e+00
1.499000000000000021e+01 0.000000000000000000e+00
