# Redshift		Merger Rate Density [Gpc^-3yr^-1]
1.000000000031931770e-02 2.054722710430554855e+01
3.000000000031888964e-02 2.089325957404410872e+01
5.000000000031846331e-02 2.103994396022159918e+01
7.000000000031804392e-02 2.164502046838967075e+01
9.000000000031761760e-02 2.182610721232133244e+01
1.100000000003171913e-01 2.221181441200887008e+01
1.300000000003167511e-01 2.282394802368174425e+01
1.500000000003163247e-01 2.344708720582665151e+01
1.700000000003158984e-01 2.395601116960316546e+01
1.900000000003154721e-01 2.453431027511321005e+01
2.100000000003150458e-01 2.474729230127695345e+01
2.300000000003146194e-01 2.573703381282691183e+01
2.500000000003141931e-01 2.577664477279288135e+01
2.700000000003137668e-01 2.632695405977185388e+01
2.900000000003133405e-01 2.666755339800431557e+01
3.100000000003129141e-01 2.749767208631041271e+01
3.300000000003124878e-01 2.765875499918850267e+01
3.500000000003120615e-01 2.800438533176359002e+01
3.700000000003116352e-01 2.859945893718398224e+01
3.900000000003112088e-01 2.845860541981660674e+01
4.100000000003107825e-01 2.946619809118948652e+01
4.300000000003103562e-01 2.990692854295396330e+01
4.500000000003099299e-01 3.021203072213426921e+01
4.700000000003095035e-01 3.059469359420405610e+01
4.900000000003090772e-01 3.126662212213639691e+01
5.100000000003086509e-01 3.158983894994231534e+01
5.300000000003082246e-01 3.165619897892345946e+01
5.500000000003077982e-01 3.240594605512936255e+01
5.700000000003073719e-01 3.283815267224414924e+01
5.900000000003069456e-01 3.281858134479283251e+01
6.100000000003065193e-01 3.396282680215620076e+01
6.300000000003060929e-01 3.419672928188585814e+01
6.500000000003056666e-01 3.492329869893086425e+01
6.700000000003052403e-01 3.483223643966289274e+01
6.900000000003048140e-01 3.603483505959099631e+01
7.100000000003043876e-01 3.579034815382268420e+01
7.300000000003039613e-01 3.606848604413251991e+01
7.500000000003035350e-01 3.698978907018402396e+01
7.700000000003031086e-01 3.750094574871334174e+01
7.900000000003026823e-01 3.834148036889290267e+01
8.100000000003022560e-01 3.795400691852491804e+01
8.300000000003018297e-01 3.921820289035726148e+01
8.500000000003014033e-01 3.937176896924542291e+01
8.700000000003009770e-01 4.020164725535808969e+01
8.900000000003005507e-01 3.981284404935517784e+01
9.100000000003001244e-01 4.092167537703894453e+01
9.300000000002996980e-01 4.141584399618444223e+01
9.500000000002992717e-01 4.250010019598732214e+01
9.700000000002988454e-01 4.247435688208825866e+01
9.900000000002984191e-01 4.281936805875516683e+01
1.010000000000297993e+00 4.436745795511985335e+01
1.030000000000297566e+00 4.398866836836618432e+01
1.050000000000297140e+00 4.407682799656465988e+01
1.070000000000296714e+00 4.546899299869067335e+01
1.090000000000296287e+00 4.493503774322068978e+01
1.110000000000295861e+00 4.565388761062863665e+01
1.130000000000295435e+00 4.554097175090532801e+01
1.150000000000295008e+00 4.684848958982337308e+01
1.170000000000294582e+00 4.651700102085813171e+01
1.190000000000294156e+00 4.746821461992237090e+01
1.210000000000293729e+00 4.798565670089806190e+01
1.230000000000293303e+00 4.777956391468062236e+01
1.250000000000292877e+00 4.871181814908554486e+01
1.270000000000292451e+00 4.798093229146873284e+01
1.290000000000292024e+00 4.937656589261515450e+01
1.310000000000291598e+00 4.910466941862635082e+01
1.330000000000291172e+00 5.034231398451667872e+01
1.350000000000290745e+00 5.034669151817085719e+01
1.370000000000290319e+00 5.095808863503468444e+01
1.390000000000289893e+00 5.003666903227145468e+01
1.410000000000289466e+00 5.130629042104865789e+01
1.430000000000289040e+00 5.177727156207460979e+01
1.450000000000288614e+00 5.218092614662821660e+01
1.470000000000288187e+00 5.190521386494761202e+01
1.490000000000287761e+00 5.266823321456199380e+01
1.510000000000287335e+00 5.315606089211146212e+01
1.530000000000286908e+00 5.238874322781688875e+01
1.550000000000286482e+00 5.376742805943159453e+01
1.570000000000286056e+00 5.450756710153176243e+01
1.590000000000285629e+00 5.348224321692138972e+01
1.610000000000285203e+00 5.441724892241985856e+01
1.630000000000284777e+00 5.439381072555289620e+01
1.650000000000284350e+00 5.483340421639566387e+01
1.670000000000283924e+00 5.524496846743085854e+01
1.690000000000283498e+00 5.493214961512996553e+01
1.710000000000283071e+00 5.526546292949647210e+01
1.730000000000282645e+00 5.646726719770116176e+01
1.750000000000282219e+00 5.565570184149647304e+01
1.770000000000281792e+00 5.689585812420831701e+01
1.790000000000281366e+00 5.675615344527916761e+01
1.810000000000280940e+00 5.655083124177328813e+01
1.830000000000280513e+00 5.744790248582658876e+01
1.850000000000280087e+00 5.596239332835138924e+01
1.870000000000279661e+00 5.802974165527550099e+01
1.890000000000279234e+00 5.754161403233394623e+01
1.910000000000278808e+00 5.719467272398797775e+01
1.930000000000278382e+00 5.839389133034009660e+01
1.950000000000277955e+00 5.810834392966926032e+01
1.970000000000277529e+00 5.790596760322229386e+01
1.990000000000277103e+00 5.871262830016448220e+01
2.010000000000276899e+00 5.787332352243790012e+01
2.030000000000276472e+00 5.915541764206967912e+01
2.050000000000276046e+00 5.856273003629923579e+01
2.070000000000275620e+00 5.891218219584681037e+01
2.090000000000275193e+00 5.874069909126776423e+01
2.110000000000274767e+00 5.895891824184893437e+01
2.130000000000274341e+00 5.960328759967002554e+01
2.150000000000273914e+00 5.902791760733769877e+01
2.170000000000273488e+00 5.949045016474274661e+01
2.190000000000273062e+00 5.986734286798062499e+01
2.210000000000272635e+00 5.884348274378898935e+01
2.230000000000272209e+00 6.018286874722488733e+01
2.250000000000271783e+00 5.899836011506002365e+01
2.270000000000271356e+00 6.003527193708864473e+01
2.290000000000270930e+00 5.851287610058689381e+01
2.310000000000270504e+00 6.009380068374803585e+01
2.330000000000270077e+00 5.943926328217338551e+01
2.350000000000269651e+00 5.891516665171749878e+01
2.370000000000269225e+00 5.949961626868140740e+01
2.390000000000268798e+00 5.997304258909696273e+01
2.410000000000268372e+00 5.961261171423636540e+01
2.430000000000267946e+00 5.961312870890328242e+01
2.450000000000267519e+00 5.940062738145095267e+01
2.470000000000267093e+00 5.931016813744977867e+01
2.490000000000266667e+00 5.963169198217854472e+01
2.510000000000266240e+00 5.879883387685769947e+01
2.530000000000265814e+00 6.021468333465801948e+01
2.550000000000265388e+00 5.953812207141880464e+01
2.570000000000264961e+00 5.915294953166360159e+01
2.590000000000264535e+00 5.965076966111674750e+01
2.610000000000264109e+00 5.957456257840605929e+01
2.630000000000263682e+00 5.899535771252033101e+01
2.650000000000263256e+00 5.939230734158986280e+01
2.670000000000262830e+00 5.917418143966713018e+01
2.690000000000262403e+00 5.855498073410831950e+01
2.710000000000261977e+00 5.852652533042108018e+01
2.730000000000261551e+00 5.867564287796139411e+01
2.750000000000261124e+00 5.875765707833377149e+01
2.770000000000260698e+00 5.845581854139032174e+01
2.790000000000260272e+00 5.809021582232906411e+01
2.810000000000259845e+00 5.841285126303584008e+01
2.830000000000259419e+00 5.865152152173885014e+01
2.850000000000258993e+00 5.804169745927527657e+01
2.870000000000258567e+00 5.748794323660445116e+01
2.890000000000258140e+00 5.813110245668768528e+01
2.910000000000257714e+00 5.761544247119636708e+01
2.930000000000257288e+00 5.778652341443360996e+01
2.950000000000256861e+00 5.694419416911696175e+01
2.970000000000256435e+00 5.717082405443244397e+01
2.990000000000256009e+00 5.744549407000261709e+01
3.010000000000255582e+00 5.730735303865751007e+01
3.030000000000255156e+00 5.719523729331667994e+01
3.050000000000254730e+00 5.700803388693393714e+01
3.070000000000254303e+00 5.705725922567023645e+01
3.090000000000253877e+00 5.634422994742669744e+01
3.110000000000253451e+00 5.661639792383302705e+01
3.130000000000253024e+00 5.639807480431691999e+01
3.150000000000252598e+00 5.699972132960219540e+01
3.170000000000252172e+00 5.625927056034338136e+01
3.190000000000251745e+00 5.646927804231516035e+01
3.210000000000251319e+00 5.639236968710076781e+01
3.230000000000250893e+00 5.645108892262791755e+01
3.250000000000250466e+00 5.554463396047616897e+01
3.270000000000250040e+00 5.592306853569512270e+01
3.290000000000249614e+00 5.595543304985376665e+01
3.310000000000249187e+00 5.578483195102999304e+01
3.330000000000248761e+00 5.597767703089037639e+01
3.350000000000248335e+00 5.578675713363599442e+01
3.370000000000247908e+00 5.511968307638520059e+01
3.390000000000247482e+00 5.584312484827327694e+01
3.410000000000247056e+00 5.552880467511771911e+01
3.430000000000246629e+00 5.489236629297576542e+01
3.450000000000246203e+00 5.589959610735981954e+01
3.470000000000245777e+00 5.475591674404812181e+01
3.490000000000245350e+00 5.539677186318123603e+01
3.510000000000244924e+00 5.488980000828988892e+01
3.530000000000244498e+00 5.446917735902742663e+01
3.550000000000244071e+00 5.496692733057916769e+01
3.570000000000243645e+00 5.485469755743118725e+01
3.590000000000243219e+00 5.509009711269509779e+01
3.610000000000242792e+00 5.496122417139694960e+01
3.630000000000242366e+00 5.441015857738390338e+01
3.650000000000241940e+00 5.474440538347852225e+01
3.670000000000241513e+00 5.482194259111220447e+01
3.690000000000241087e+00 5.428139905993701575e+01
3.710000000000240661e+00 5.466687354732989235e+01
3.730000000000240234e+00 5.429551162253198981e+01
3.750000000000239808e+00 5.438997120371795546e+01
3.770000000000239382e+00 5.469104010880446509e+01
3.790000000000238956e+00 5.445563383413212932e+01
3.810000000000238529e+00 5.398846681181070295e+01
3.830000000000238103e+00 5.479260995806939860e+01
3.850000000000237677e+00 5.428944360801290969e+01
3.870000000000237250e+00 5.445414787757798081e+01
3.890000000000236824e+00 5.439887351858606479e+01
3.910000000000236398e+00 5.509769808052973161e+01
3.930000000000235971e+00 5.423117826025533361e+01
3.950000000000235545e+00 5.507274857186907013e+01
3.970000000000235119e+00 5.450154175685779023e+01
3.990000000000234692e+00 5.463157384552770424e+01
4.010000000000234266e+00 5.447989460486660818e+01
4.030000000000233840e+00 5.461345838637708994e+01
4.050000000000233413e+00 5.454355920500344723e+01
4.070000000000232987e+00 5.474563426896720841e+01
4.090000000000232561e+00 5.453651794254926699e+01
4.110000000000232134e+00 5.446189119714309612e+01
4.130000000000231708e+00 5.443864057989131311e+01
4.150000000000231282e+00 5.494608746334484550e+01
4.170000000000230855e+00 5.446798702810557558e+01
4.190000000000230429e+00 5.481942636803485414e+01
4.210000000000230003e+00 5.484632781060111029e+01
4.230000000000229576e+00 5.470655019120618334e+01
4.250000000000229150e+00 5.500176790711884678e+01
4.270000000000228724e+00 5.476821460344235959e+01
4.290000000000228297e+00 5.444991591863556124e+01
4.310000000000227871e+00 5.503037082016954429e+01
4.330000000000227445e+00 5.476069829076807594e+01
4.350000000000227018e+00 5.490473082221932799e+01
4.370000000000226592e+00 5.481283810743830287e+01
4.390000000000226166e+00 5.439095630623667432e+01
4.410000000000225739e+00 5.500885112085188666e+01
4.430000000000225313e+00 5.540566543657394050e+01
4.450000000000224887e+00 5.462328822840357390e+01
4.470000000000224460e+00 5.459148730349031098e+01
4.490000000000224034e+00 5.551501291102733404e+01
4.510000000000223608e+00 5.520871917939832940e+01
4.530000000000223181e+00 5.512565774051301304e+01
4.550000000000222755e+00 5.512097114789468577e+01
4.570000000000222329e+00 5.569569147937358622e+01
4.590000000000221902e+00 5.517853608365353324e+01
4.610000000000221476e+00 5.588728558882452546e+01
4.630000000000221050e+00 5.572327720513767702e+01
4.650000000000220624e+00 5.536938607884793839e+01
4.670000000000220197e+00 5.465437890721013048e+01
4.690000000000219771e+00 5.554815693090300499e+01
4.710000000000219345e+00 5.461529552439177593e+01
4.730000000000218918e+00 5.495086185475548746e+01
4.750000000000218492e+00 5.459625621566812015e+01
4.770000000000218066e+00 5.493836462673545640e+01
4.790000000000217639e+00 5.469923467263247119e+01
4.810000000000217213e+00 5.490946194715907325e+01
4.830000000000216787e+00 5.485802523632911942e+01
4.850000000000216360e+00 5.431681857256232604e+01
4.870000000000215934e+00 5.470321327389707733e+01
4.890000000000215508e+00 5.438464832389402659e+01
4.910000000000215081e+00 5.429412470619210040e+01
4.930000000000214655e+00 5.432066280155679294e+01
4.950000000000214229e+00 5.453844087811277319e+01
4.970000000000213802e+00 5.430976564748299751e+01
4.990000000000213376e+00 5.452634099783532662e+01
5.010000000000212950e+00 5.410381955187041569e+01
5.030000000000212523e+00 5.396157554422803315e+01
5.050000000000212097e+00 5.416902069815436249e+01
5.070000000000211671e+00 5.435658981582076876e+01
5.090000000000211244e+00 5.363803179675615240e+01
5.110000000000210818e+00 5.385273694452146032e+01
5.130000000000210392e+00 5.410332224873560136e+01
5.150000000000209965e+00 5.338043258410232994e+01
5.170000000000209539e+00 5.365875062742354373e+01
5.190000000000209113e+00 5.342217257491876836e+01
5.210000000000208686e+00 5.334133927833647704e+01
5.230000000000208260e+00 5.329178400862264198e+01
5.250000000000207834e+00 5.297139847904517040e+01
5.270000000000207407e+00 5.325262481717572882e+01
5.290000000000206981e+00 5.297306931577529809e+01
5.310000000000206555e+00 5.275807913748143108e+01
5.330000000000206128e+00 5.290945770528239223e+01
5.350000000000205702e+00 5.277503658450239499e+01
5.370000000000205276e+00 5.246105699098934139e+01
5.390000000000204849e+00 5.222806988269108075e+01
5.410000000000204423e+00 5.249579894457975371e+01
5.430000000000203997e+00 5.208135831057816745e+01
5.450000000000203570e+00 5.198789467827432986e+01
5.470000000000203144e+00 5.174837934541085360e+01
5.490000000000202718e+00 5.185497729937650035e+01
5.510000000000202292e+00 5.179679760412918910e+01
5.530000000000201865e+00 5.162503436631473619e+01
5.550000000000201439e+00 5.105279760305135994e+01
5.570000000000201013e+00 5.133101697222684123e+01
5.590000000000200586e+00 5.084114389861860417e+01
5.610000000000200160e+00 5.102087614809019556e+01
5.630000000000199734e+00 5.069827422088755497e+01
5.650000000000199307e+00 5.065453500525954667e+01
5.670000000000198881e+00 5.039384518444094851e+01
5.690000000000198455e+00 5.013398127722134490e+01
5.710000000000198028e+00 5.010348268250843518e+01
5.730000000000197602e+00 5.003482731156938712e+01
5.750000000000197176e+00 4.987844617609916043e+01
5.770000000000196749e+00 4.964550892711432795e+01
5.790000000000196323e+00 4.960106940566542022e+01
5.810000000000195897e+00 4.945707874366549817e+01
5.830000000000195470e+00 4.928229165310857951e+01
5.850000000000195044e+00 4.904603966509950652e+01
5.870000000000194618e+00 4.865748003515145825e+01
5.890000000000194191e+00 4.896346610216599515e+01
5.910000000000193765e+00 4.787336977978677766e+01
5.930000000000193339e+00 4.785697447689071993e+01
5.950000000000192912e+00 4.764995556095933438e+01
5.970000000000192486e+00 4.702453921532847403e+01
5.990000000000192060e+00 4.711361985781746853e+01
6.010000000000191633e+00 4.686589889539539655e+01
6.030000000000191207e+00 4.599977954588675289e+01
6.050000000000190781e+00 4.578857747167261749e+01
6.070000000000190354e+00 4.564912535463017917e+01
6.090000000000189928e+00 4.541402334791845874e+01
6.110000000000189502e+00 4.513492219808438932e+01
6.130000000000189075e+00 4.478598035559200952e+01
6.150000000000188649e+00 4.433544361486143259e+01
6.170000000000188223e+00 4.416310049605160515e+01
6.190000000000187796e+00 4.391421127684742487e+01
6.210000000000187370e+00 4.346881673951563130e+01
6.230000000000186944e+00 4.298016463400082188e+01
6.250000000000186517e+00 4.259835273699872715e+01
6.270000000000186091e+00 4.275601954098105040e+01
6.290000000000185665e+00 4.234074297245702212e+01
6.310000000000185238e+00 4.177141360242755752e+01
6.330000000000184812e+00 4.119288724972167870e+01
6.350000000000184386e+00 4.107279163370510844e+01
6.370000000000183960e+00 4.105354260169235658e+01
6.390000000000183533e+00 4.066115988825637828e+01
6.410000000000183107e+00 4.039934338866010677e+01
6.430000000000182681e+00 3.983126508574370916e+01
6.450000000000182254e+00 3.962506810503769117e+01
6.470000000000181828e+00 3.930677548115814091e+01
6.490000000000181402e+00 3.891307700766175515e+01
6.510000000000180975e+00 3.849538851953532514e+01
6.530000000000180549e+00 3.804812482371005444e+01
6.550000000000180123e+00 3.788586126745624938e+01
6.570000000000179696e+00 3.761039794523082236e+01
6.590000000000179270e+00 3.694686398113716308e+01
6.610000000000178844e+00 3.697668044945812227e+01
6.630000000000178417e+00 3.633815313047647066e+01
6.650000000000177991e+00 3.627934988364096114e+01
6.670000000000177565e+00 3.610709336028643435e+01
6.690000000000177138e+00 3.501386688470515196e+01
6.710000000000176712e+00 3.521724311303382393e+01
6.730000000000176286e+00 3.480724705685434373e+01
6.750000000000175859e+00 3.463009275336363402e+01
6.770000000000175433e+00 3.419865425846612084e+01
6.790000000000175007e+00 3.378325446497489537e+01
6.810000000000174580e+00 3.316675332919297858e+01
6.830000000000174154e+00 3.288942389404859767e+01
6.850000000000173728e+00 3.263929628079020517e+01
6.870000000000173301e+00 3.237686460875146111e+01
6.890000000000172875e+00 3.178860561582231981e+01
6.910000000000172449e+00 3.160563299450028651e+01
6.930000000000172022e+00 3.132329278848288823e+01
6.950000000000171596e+00 3.091801379890998902e+01
6.970000000000171170e+00 3.052568938113148178e+01
6.990000000000170743e+00 2.980512256916415481e+01
7.010000000000170317e+00 2.968174458625650658e+01
7.030000000000169891e+00 2.952264788985409893e+01
7.050000000000169464e+00 2.915774028284156216e+01
7.070000000000169038e+00 2.852719448076580022e+01
7.090000000000168612e+00 2.839492821823021274e+01
7.110000000000168185e+00 2.812568186276248383e+01
7.130000000000167759e+00 2.755878584979529933e+01
7.150000000000167333e+00 2.732938153139607707e+01
7.170000000000166906e+00 2.700345628248152607e+01
7.190000000000166480e+00 2.652250519283377628e+01
7.210000000000166054e+00 2.620677956228086103e+01
7.230000000000165628e+00 2.619463111125998722e+01
7.250000000000165201e+00 2.554662174330164603e+01
7.270000000000164775e+00 2.534144138302033511e+01
7.290000000000164349e+00 2.477128612518854922e+01
7.310000000000163922e+00 2.481686597953050111e+01
7.330000000000163496e+00 2.445066652692321085e+01
7.350000000000163070e+00 2.387561494936556983e+01
7.370000000000162643e+00 2.364714574033476069e+01
7.390000000000162217e+00 2.334120952559737106e+01
7.410000000000161791e+00 2.317722490992115070e+01
7.430000000000161364e+00 2.254205444241118883e+01
7.450000000000160938e+00 2.247807898339929977e+01
7.470000000000160512e+00 2.226023901838981445e+01
7.490000000000160085e+00 2.210553899947717937e+01
7.510000000000159659e+00 2.149193354506343212e+01
7.530000000000159233e+00 2.115236896262696575e+01
7.550000000000158806e+00 2.116082169510805500e+01
7.570000000000158380e+00 2.066441242694162028e+01
7.590000000000157954e+00 2.055870088465322354e+01
7.610000000000157527e+00 2.029839834069789717e+01
7.630000000000157101e+00 1.987368797879367932e+01
7.650000000000156675e+00 1.959428547431850731e+01
7.670000000000156248e+00 1.944616597266923108e+01
7.690000000000155822e+00 1.898754154956772666e+01
7.710000000000155396e+00 1.893956988920298556e+01
7.730000000000154969e+00 1.843158150208768831e+01
7.750000000000154543e+00 1.837482251707974257e+01
7.770000000000154117e+00 1.793610654657836179e+01
7.790000000000153690e+00 1.780819979421560717e+01
7.810000000000153264e+00 1.750076604152831194e+01
7.830000000000152838e+00 1.741251092897120856e+01
7.850000000000152411e+00 1.698189211023388978e+01
7.870000000000151985e+00 1.672469894087990383e+01
7.890000000000151559e+00 1.649371732103336186e+01
7.910000000000151132e+00 1.627937099268554277e+01
7.930000000000150706e+00 1.618439452911767162e+01
7.950000000000150280e+00 1.580977654595956849e+01
7.970000000000149853e+00 1.556435233686497632e+01
7.990000000000149427e+00 1.536061146792706289e+01
8.010000000000149001e+00 1.521186604593937552e+01
8.030000000000148574e+00 1.496456873026988177e+01
8.050000000000148148e+00 1.470558967946830364e+01
8.070000000000147722e+00 1.443754752020718080e+01
8.090000000000147296e+00 1.440747618342260239e+01
8.110000000000146869e+00 1.420697390507567270e+01
8.130000000000146443e+00 1.379737741137916451e+01
8.150000000000146017e+00 1.383528732669994454e+01
8.170000000000145590e+00 1.357421754626482269e+01
8.190000000000145164e+00 1.339905070025422518e+01
8.210000000000144738e+00 1.318851812949072055e+01
8.230000000000144311e+00 1.299515910442305078e+01
8.250000000000143885e+00 1.277844819047651548e+01
8.270000000000143459e+00 1.270582354003705916e+01
8.290000000000143032e+00 1.242528340608878956e+01
8.310000000000142606e+00 1.230092862510962171e+01
8.330000000000142180e+00 1.223691587819309134e+01
8.350000000000141753e+00 1.209593868936266148e+01
8.370000000000141327e+00 1.175111491476416603e+01
8.390000000000140901e+00 1.178910355087810835e+01
8.410000000000140474e+00 1.151231284091553597e+01
8.430000000000140048e+00 1.136534205150151422e+01
8.450000000000139622e+00 1.117126528805239971e+01
8.470000000000139195e+00 1.097939012043663354e+01
8.490000000000138769e+00 1.086811963589616248e+01
8.510000000000138343e+00 1.074852538321264994e+01
8.530000000000137916e+00 1.066079742042352230e+01
8.550000000000137490e+00 1.044324241318288493e+01
8.570000000000137064e+00 1.028431237729993875e+01
8.590000000000136637e+00 1.022327344273766414e+01
8.610000000000136211e+00 1.006728478513825742e+01
8.630000000000135785e+00 9.758491110850743055e+00
8.650000000000135358e+00 9.682262420260439484e+00
8.670000000000134932e+00 9.662572360799394744e+00
8.690000000000134506e+00 9.472228217188227717e+00
8.710000000000134079e+00 9.456455902900753330e+00
8.730000000000133653e+00 9.235242809731609270e+00
8.750000000000133227e+00 9.108762360628560373e+00
8.770000000000132800e+00 9.024359782540484431e+00
8.790000000000132374e+00 8.924422801345754053e+00
8.810000000000131948e+00 8.943893630027545782e+00
8.830000000000131521e+00 8.678984070785961791e+00
8.850000000000131095e+00 8.612974703636599116e+00
8.870000000000130669e+00 8.477936815308687812e+00
8.890000000000130242e+00 8.396530599139531148e+00
8.910000000000129816e+00 8.284971807910665120e+00
8.930000000000129390e+00 8.128124790224854124e+00
8.950000000000128964e+00 8.145622172389586524e+00
8.970000000000128537e+00 8.024417597530598911e+00
8.990000000000128111e+00 7.864293549528416527e+00
9.010000000000127685e+00 7.737566204153987215e+00
9.030000000000127258e+00 7.675761625160658852e+00
9.050000000000126832e+00 7.660577304142767829e+00
9.070000000000126406e+00 7.523370615096019343e+00
9.090000000000125979e+00 7.378957257314953999e+00
9.110000000000125553e+00 7.362209516376832852e+00
9.130000000000125127e+00 7.285240125341418960e+00
9.150000000000124700e+00 7.115724951622179439e+00
9.170000000000124274e+00 7.080297715612751119e+00
9.190000000000123848e+00 7.003035908303755441e+00
9.210000000000123421e+00 6.895730706711461266e+00
9.230000000000122995e+00 6.842776241949729332e+00
9.250000000000122569e+00 6.812861773974106860e+00
9.270000000000122142e+00 6.709693340948798657e+00
9.290000000000121716e+00 6.611054761231829779e+00
9.310000000000121290e+00 6.510604543075471540e+00
9.330000000000120863e+00 6.469003763189325795e+00
9.350000000000120437e+00 6.369501388901452010e+00
9.370000000000120011e+00 6.347620112956667171e+00
9.390000000000119584e+00 6.243713264151262266e+00
9.410000000000119158e+00 6.218568024073819700e+00
9.430000000000118732e+00 6.132455289434035173e+00
9.450000000000118305e+00 6.095223958378864104e+00
9.470000000000117879e+00 6.004117416593881984e+00
9.490000000000117453e+00 5.992120914026741296e+00
9.510000000000117026e+00 5.920246865981716233e+00
9.530000000000116600e+00 5.817182110798096772e+00
9.550000000000116174e+00 5.761171599338081428e+00
9.570000000000115747e+00 5.744754138756987594e+00
9.590000000000115321e+00 5.699470571367213800e+00
9.610000000000114895e+00 5.658495724404725813e+00
9.630000000000114468e+00 5.558744534543528459e+00
9.650000000000114042e+00 5.555357948407063873e+00
9.670000000000113616e+00 5.459330045326973746e+00
9.690000000000113189e+00 5.416183385691724084e+00
9.710000000000112763e+00 5.331786852313557645e+00
9.730000000000112337e+00 5.298719674518159728e+00
9.750000000000111910e+00 5.205452747012584425e+00
9.770000000000111484e+00 5.256107623935557527e+00
9.790000000000111058e+00 5.111142080364619034e+00
9.810000000000110632e+00 5.132033169212423473e+00
9.830000000000110205e+00 5.081218763540850780e+00
9.850000000000109779e+00 5.009202893797662703e+00
9.870000000000109353e+00 4.935959845652457822e+00
9.890000000000108926e+00 4.909837949575103444e+00
9.910000000000108500e+00 4.892746574659989633e+00
9.930000000000108074e+00 4.856603547478933081e+00
9.950000000000107647e+00 4.839288404755563988e+00
9.970000000000107221e+00 4.741627000290853822e+00
9.990000000000106795e+00 4.734734876743449838e+00
1.001000000000010637e+01 4.691700030446430247e+00
1.003000000000010594e+01 4.657496391334091435e+00
1.005000000000010552e+01 4.583750933271246275e+00
1.007000000000010509e+01 4.586060952549995129e+00
1.009000000000010466e+01 4.558665461359697524e+00
1.011000000000010424e+01 4.504728775226557680e+00
1.013000000000010381e+01 4.453002608455750355e+00
1.015000000000010338e+01 4.443838566053385897e+00
1.017000000000010296e+01 4.390683580107750394e+00
1.019000000000010253e+01 4.317007217697008237e+00
1.021000000000010210e+01 4.300458506218940435e+00
1.023000000000010168e+01 4.303218374943790892e+00
1.025000000000010125e+01 4.218208278308671844e+00
1.027000000000010083e+01 4.242561425252860730e+00
1.029000000000010040e+01 4.176968929310136858e+00
1.031000000000009997e+01 4.176187535306615572e+00
1.033000000000009955e+01 4.069161332984418955e+00
1.035000000000009912e+01 4.092555882392739264e+00
1.037000000000009869e+01 4.049147005501664509e+00
1.039000000000009827e+01 3.998353084196322182e+00
1.041000000000009784e+01 3.989447586881015528e+00
1.043000000000009742e+01 3.947030080939068153e+00
1.045000000000009699e+01 3.876115331457902435e+00
1.047000000000009656e+01 3.867453880215486528e+00
1.049000000000009614e+01 3.931979016273693173e+00
1.051000000000009571e+01 3.818398523022048963e+00
1.053000000000009528e+01 3.796245909373059391e+00
1.055000000000009486e+01 3.743483262255538957e+00
1.057000000000009443e+01 3.670733443607447910e+00
1.059000000000009400e+01 3.717046220066712259e+00
1.061000000000009358e+01 3.652172927778564837e+00
1.063000000000009315e+01 3.608914207393096873e+00
1.065000000000009273e+01 3.603050557543534538e+00
1.067000000000009230e+01 3.548821934428742164e+00
1.069000000000009187e+01 3.544015291165349080e+00
1.071000000000009145e+01 3.485051945824403585e+00
1.073000000000009102e+01 3.453990532457164253e+00
1.075000000000009059e+01 3.407279182943610873e+00
1.077000000000009017e+01 3.429698709154475278e+00
1.079000000000008974e+01 3.362982180783370634e+00
1.081000000000008932e+01 3.316420562029790631e+00
1.083000000000008889e+01 3.300328346770039722e+00
1.085000000000008846e+01 3.236774831803562513e+00
1.087000000000008804e+01 3.286584723241774864e+00
1.089000000000008761e+01 3.193933441749314373e+00
1.091000000000008718e+01 3.176848251119633204e+00
1.093000000000008676e+01 3.163062358042223021e+00
1.095000000000008633e+01 3.130943522219472808e+00
1.097000000000008590e+01 3.100978543179784719e+00
1.099000000000008548e+01 3.049619938447207357e+00
1.101000000000008505e+01 3.047826356358128486e+00
1.103000000000008463e+01 3.049362685239522808e+00
1.105000000000008420e+01 2.952438062002892494e+00
1.107000000000008377e+01 2.964183948103827237e+00
1.109000000000008335e+01 2.963131249525775779e+00
1.111000000000008292e+01 2.872505686299127170e+00
1.113000000000008249e+01 2.867758286356983710e+00
1.115000000000008207e+01 2.834383582113233935e+00
1.117000000000008164e+01 2.844075297470320951e+00
1.119000000000008122e+01 2.795199821704833720e+00
1.121000000000008079e+01 2.721932614227937641e+00
1.123000000000008036e+01 2.729665950251441764e+00
1.125000000000007994e+01 2.694000390220238739e+00
1.127000000000007951e+01 2.651424726310741331e+00
1.129000000000007908e+01 2.656830662732858173e+00
1.131000000000007866e+01 2.612166551972478157e+00
1.133000000000007823e+01 2.615426111021811106e+00
1.135000000000007780e+01 2.584730274170345066e+00
1.137000000000007738e+01 2.521967705775345792e+00
1.139000000000007695e+01 2.545029755807302951e+00
1.141000000000007653e+01 2.513266698317826897e+00
1.143000000000007610e+01 2.450407103186862390e+00
1.145000000000007567e+01 2.420824784529186591e+00
1.147000000000007525e+01 2.412263867514730542e+00
1.149000000000007482e+01 2.364070834326794657e+00
1.151000000000007439e+01 2.378647109121621472e+00
1.153000000000007397e+01 2.338343355611302243e+00
1.155000000000007354e+01 2.298735710203631655e+00
1.157000000000007311e+01 2.282664189105097385e+00
1.159000000000007269e+01 2.213015344904776693e+00
1.161000000000007226e+01 2.224969651505300128e+00
1.163000000000007184e+01 2.207062829567520534e+00
1.165000000000007141e+01 2.161078461796294370e+00
1.167000000000007098e+01 2.145292462479697626e+00
1.169000000000007056e+01 2.152067745990183134e+00
1.171000000000007013e+01 2.118912047878063198e+00
1.173000000000006970e+01 2.073891649835611251e+00
1.175000000000006928e+01 2.049728719002933630e+00
1.177000000000006885e+01 2.037698606144354940e+00
1.179000000000006843e+01 2.022008334597840129e+00
1.181000000000006800e+01 1.972185013744608861e+00
1.183000000000006757e+01 1.957946248616829754e+00
1.185000000000006715e+01 1.951219233824343258e+00
1.187000000000006672e+01 1.927855495360050186e+00
1.189000000000006629e+01 1.893013185880857430e+00
1.191000000000006587e+01 1.868814775342399148e+00
1.193000000000006544e+01 1.855306786176897704e+00
1.195000000000006501e+01 1.804812842364229120e+00
1.197000000000006459e+01 1.808952364525851619e+00
1.199000000000006416e+01 1.798281816703233060e+00
1.201000000000006374e+01 1.774384633424426205e+00
1.203000000000006331e+01 1.774712088802827159e+00
1.205000000000006288e+01 1.727126467749631855e+00
1.207000000000006246e+01 1.717207528532615601e+00
1.209000000000006203e+01 1.700017061819358410e+00
1.211000000000006160e+01 1.682663035078428404e+00
1.213000000000006118e+01 1.664131500520660278e+00
1.215000000000006075e+01 1.637688881057923318e+00
1.217000000000006033e+01 1.660570339466495460e+00
1.219000000000005990e+01 1.634657973070749559e+00
1.221000000000005947e+01 1.574010035518661033e+00
1.223000000000005905e+01 1.565412329187595430e+00
1.225000000000005862e+01 1.556901248169356711e+00
1.227000000000005819e+01 1.508703167878954865e+00
1.229000000000005777e+01 1.499947832850492491e+00
1.231000000000005734e+01 1.513565343315158573e+00
1.233000000000005691e+01 1.483664773497547440e+00
1.235000000000005649e+01 1.454907604519954267e+00
1.237000000000005606e+01 1.467174276933043364e+00
1.239000000000005564e+01 1.421269591115119635e+00
1.241000000000005521e+01 1.424449221953191236e+00
1.243000000000005478e+01 1.421614948415917068e+00
1.245000000000005436e+01 1.412022220222424407e+00
1.247000000000005393e+01 1.365408360503860941e+00
1.249000000000005350e+01 1.378079421930013426e+00
1.251000000000005308e+01 1.341099564060274529e+00
1.253000000000005265e+01 1.354319625769891955e+00
1.255000000000005222e+01 1.290024566488399360e+00
1.257000000000005180e+01 1.318520230006952509e+00
1.259000000000005137e+01 1.296357453862396758e+00
1.261000000000005095e+01 1.262630732469284922e+00
1.263000000000005052e+01 1.261988351350550763e+00
1.265000000000005009e+01 1.238074582226302178e+00
1.267000000000004967e+01 1.257028909157900110e+00
1.269000000000004924e+01 1.238568886176363515e+00
1.271000000000004881e+01 1.199369583779111181e+00
1.273000000000004839e+01 1.196268478271192537e+00
1.275000000000004796e+01 1.211450327505878777e+00
1.277000000000004754e+01 1.183134768396774339e+00
1.279000000000004711e+01 1.163887662904809384e+00
1.281000000000004668e+01 1.172958029471873331e+00
1.283000000000004626e+01 1.141024524197977508e+00
1.285000000000004583e+01 1.130236960599551699e+00
1.287000000000004540e+01 1.119507797319013509e+00
1.289000000000004498e+01 1.114494734227078787e+00
1.291000000000004455e+01 1.099871045662959679e+00
1.293000000000004412e+01 1.102766360388599320e+00
1.295000000000004370e+01 1.072702307448014869e+00
1.297000000000004327e+01 1.102109376725251000e+00
1.299000000000004285e+01 1.052463449685424601e+00
1.301000000000004242e+01 1.055163303188756618e+00
1.303000000000004199e+01 1.071589698236984134e+00
1.305000000000004157e+01 1.059043692405445602e+00
1.307000000000004114e+01 1.026452412496261513e+00
1.309000000000004071e+01 1.022905939527722463e+00
1.311000000000004029e+01 9.834766872484074218e-01
1.313000000000003986e+01 1.031473866884740742e+00
1.315000000000003944e+01 1.013816515482953706e+00
1.317000000000003901e+01 9.840450626085260888e-01
1.319000000000003858e+01 9.770320399270044920e-01
1.321000000000003816e+01 9.813587756061837863e-01
1.323000000000003773e+01 9.538763415596422934e-01
1.325000000000003730e+01 9.313323783008186085e-01
1.327000000000003688e+01 9.076978691304399272e-01
1.329000000000003645e+01 9.262717171497573121e-01
1.331000000000003602e+01 9.115150260658181347e-01
1.333000000000003560e+01 9.173258167689701814e-01
1.335000000000003517e+01 9.091658310635032381e-01
1.337000000000003475e+01 8.835487847297178732e-01
1.339000000000003432e+01 8.688860665043255382e-01
1.341000000000003389e+01 8.646237998358490273e-01
1.343000000000003347e+01 8.395049001871329741e-01
1.345000000000003304e+01 8.533475071614408103e-01
1.347000000000003261e+01 8.418394171876720788e-01
1.349000000000003219e+01 8.602149048170072421e-01
1.351000000000003176e+01 8.004179718213296768e-01
1.353000000000003133e+01 7.958777007067766585e-01
1.355000000000003091e+01 7.583714198645550297e-01
1.357000000000003048e+01 7.565650949088430499e-01
1.359000000000003006e+01 7.555292058621361218e-01
1.361000000000002963e+01 7.657764169675550514e-01
1.363000000000002920e+01 7.376357454101969413e-01
1.365000000000002878e+01 7.206076825038441047e-01
1.367000000000002835e+01 7.263476578956433727e-01
1.369000000000002792e+01 7.218100867772085927e-01
1.371000000000002750e+01 7.103745737786189007e-01
1.373000000000002707e+01 7.076815095494372043e-01
1.375000000000002665e+01 7.028052573829278726e-01
1.377000000000002622e+01 6.898759629406928662e-01
1.379000000000002579e+01 6.848876530621921255e-01
1.381000000000002537e+01 6.530445572751747418e-01
1.383000000000002494e+01 6.332396148908800981e-01
1.385000000000002451e+01 6.418610855936927040e-01
1.387000000000002409e+01 6.525107287623592711e-01
1.389000000000002366e+01 6.278493751753103647e-01
1.391000000000002323e+01 6.295701233210577730e-01
1.393000000000002281e+01 6.212405778810669021e-01
1.395000000000002238e+01 5.883497792308686192e-01
1.397000000000002196e+01 5.797533510359494935e-01
1.399000000000002153e+01 5.832142375141224910e-01
1.401000000000002110e+01 5.548120406395722348e-01
1.403000000000002068e+01 5.827265646201765792e-01
1.405000000000002025e+01 5.775877544304190980e-01
1.407000000000001982e+01 5.701321596228154931e-01
1.409000000000001940e+01 5.582834178889534149e-01
1.411000000000001897e+01 5.374285979473494290e-01
1.413000000000001855e+01 5.464025007873414275e-01
1.415000000000001812e+01 5.269287381466216669e-01
1.417000000000001769e+01 5.140381991883212764e-01
1.419000000000001727e+01 5.009086911728090064e-01
1.421000000000001684e+01 4.935772812360638140e-01
1.423000000000001641e+01 4.861856669136273013e-01
1.425000000000001599e+01 4.652133472946396453e-01
1.427000000000001556e+01 4.716189483254013548e-01
1.429000000000001513e+01 4.524500155103382548e-01
1.431000000000001471e+01 4.404970972007792862e-01
1.433000000000001428e+01 4.556692015379755767e-01
1.435000000000001386e+01 4.254522593813235831e-01
1.437000000000001343e+01 4.189897158118991438e-01
1.439000000000001300e+01 3.942933245410573107e-01
1.441000000000001258e+01 3.793349819385055666e-01
1.443000000000001215e+01 3.560984926702668307e-01
1.445000000000001172e+01 3.303541199387258209e-01
1.447000000000001130e+01 3.234812082631057795e-01
1.449000000000001087e+01 3.199355351293556304e-01
1.451000000000001044e+01 2.831560401449512709e-01
1.453000000000001002e+01 2.545722087908722231e-01
1.455000000000000959e+01 1.776676461905872806e-01
1.457000000000000917e+01 1.308927911673080091e-01
1.459000000000000874e+01 9.738976921102311668e-02
1.461000000000000831e+01 8.331120871681922668e-02
1.463000000000000789e+01 6.371513836565026456e-02
1.465000000000000746e+01 2.496078813226618176e-02
1.467000000000000703e+01 1.108905591157221746e-02
1.469000000000000661e+01 2.773787466625490198e-03
1.471000000000000618e+01 4.022700130181863012e-14
1.473000000000000576e+01 0.000000000000000000e+00
1.475000000000000533e+01 0.000000000000000000e+00
1.477000000000000490e+01 0.000000000000000000e+00
1.479000000000000448e+01 0.000000000000000000e+00
1.481000000000000405e+01 0.000000000000000000e+00
1.483000000000000362e+01 0.000000000000000000e+00
1.485000000000000320e+01 0.000000000000000000e+00
1.487000000000000277e+01 0.000000000000000000e+00
1.489000000000000234e+01 0.000000000000000000e+00
1.491000000000000192e+01 0.000000000000000000e+00
1.493000000000000149e+01 0.000000000000000000e+00
1.495000000000000107e+01 0.000000000000000000e+00
1.497000000000000064e+01 0.000000000000000000e+00
1.499000000000000021e+01 0.000000000000000000e+00
