# Redshift		Merger Rate Density [Gpc^-3yr^-1]
1.000000000031931770e-02 3.153151025785151518e+01
3.000000000031888964e-02 3.286945137242575754e+01
5.000000000031846331e-02 3.315340802600285741e+01
7.000000000031804392e-02 3.417141703572723799e+01
9.000000000031761760e-02 3.453087407238145090e+01
1.100000000003171913e-01 3.510861774410616221e+01
1.300000000003167511e-01 3.562098990601663218e+01
1.500000000003163247e-01 3.655776787609181611e+01
1.700000000003158984e-01 3.691835315338487788e+01
1.900000000003154721e-01 3.806288899289764771e+01
2.100000000003150458e-01 3.826457039012122152e+01
2.300000000003146194e-01 3.898345082240993520e+01
2.500000000003141931e-01 3.984546479844978961e+01
2.700000000003137668e-01 4.047267865356869265e+01
2.900000000003133405e-01 4.102750173503188336e+01
3.100000000003129141e-01 4.202083805531557914e+01
3.300000000003124878e-01 4.182986497068582565e+01
3.500000000003120615e-01 4.339771297702675668e+01
3.700000000003116352e-01 4.324014533207309086e+01
3.900000000003112088e-01 4.476049683774268573e+01
4.100000000003107825e-01 4.495952296570455786e+01
4.300000000003103562e-01 4.550552503426774109e+01
4.500000000003099299e-01 4.638036746435901136e+01
4.700000000003095035e-01 4.636326136168016632e+01
4.900000000003090772e-01 4.777099441143809599e+01
5.100000000003086509e-01 4.805071296124782521e+01
5.300000000003082246e-01 4.778965502648372876e+01
5.500000000003077982e-01 4.888774165607081557e+01
5.700000000003073719e-01 5.005861894524833389e+01
5.900000000003069456e-01 5.047316604379233240e+01
6.100000000003065193e-01 5.112303347777422147e+01
6.300000000003060929e-01 5.208814255498997881e+01
6.500000000003056666e-01 5.256693645431347761e+01
6.700000000003052403e-01 5.349041716388241241e+01
6.900000000003048140e-01 5.434554794477850947e+01
7.100000000003043876e-01 5.475053947372922636e+01
7.300000000003039613e-01 5.539812333574609937e+01
7.500000000003035350e-01 5.551384789835501721e+01
7.700000000003031086e-01 5.718774202528923212e+01
7.900000000003026823e-01 5.718263977477036519e+01
8.100000000003022560e-01 5.769129673579589479e+01
8.300000000003018297e-01 5.874207351226857554e+01
8.500000000003014033e-01 5.887417311980296830e+01
8.700000000003009770e-01 6.029143883810368010e+01
8.900000000003005507e-01 6.047912989933258388e+01
9.100000000003001244e-01 6.095571086675869310e+01
9.300000000002996980e-01 6.136689491187158296e+01
9.500000000002992717e-01 6.264307421894439187e+01
9.700000000002988454e-01 6.293762540094625280e+01
9.900000000002984191e-01 6.367319182378236775e+01
1.010000000000297993e+00 6.496363026731241064e+01
1.030000000000297566e+00 6.426070852273045375e+01
1.050000000000297140e+00 6.542376201298692706e+01
1.070000000000296714e+00 6.573876071674656885e+01
1.090000000000296287e+00 6.676962704019949513e+01
1.110000000000295861e+00 6.729699858337451701e+01
1.130000000000295435e+00 6.653491616471440295e+01
1.150000000000295008e+00 6.815310798625043276e+01
1.170000000000294582e+00 6.824050109847084400e+01
1.190000000000294156e+00 6.865534272642059932e+01
1.210000000000293729e+00 6.909323486136180748e+01
1.230000000000293303e+00 6.962166020350855433e+01
1.250000000000292877e+00 7.118492299150665303e+01
1.270000000000292451e+00 6.974107387565891258e+01
1.290000000000292024e+00 7.174275878355362579e+01
1.310000000000291598e+00 7.144381761048684609e+01
1.330000000000291172e+00 7.235579182717565061e+01
1.350000000000290745e+00 7.332820064730725562e+01
1.370000000000290319e+00 7.316041898805980281e+01
1.390000000000289893e+00 7.359317874386933056e+01
1.410000000000289466e+00 7.348925535208311999e+01
1.430000000000289040e+00 7.462389972926902715e+01
1.450000000000288614e+00 7.344460698941877297e+01
1.470000000000288187e+00 7.586569249312751140e+01
1.490000000000287761e+00 7.445923364212140427e+01
1.510000000000287335e+00 7.566172504439589375e+01
1.530000000000286908e+00 7.490122538273085695e+01
1.550000000000286482e+00 7.650079770818511804e+01
1.570000000000286056e+00 7.604675778455860780e+01
1.590000000000285629e+00 7.611685396570989326e+01
1.610000000000285203e+00 7.730982259164187553e+01
1.630000000000284777e+00 7.705053403793910149e+01
1.650000000000284350e+00 7.685347043385647225e+01
1.670000000000283924e+00 7.740844790192063840e+01
1.690000000000283498e+00 7.738136063315836566e+01
1.710000000000283071e+00 7.794987510119572960e+01
1.730000000000282645e+00 7.772006837741503205e+01
1.750000000000282219e+00 7.820634173238616427e+01
1.770000000000281792e+00 7.714098484127271149e+01
1.790000000000281366e+00 7.835433238468023376e+01
1.810000000000280940e+00 7.800812627126265397e+01
1.830000000000280513e+00 7.827483775902550178e+01
1.850000000000280087e+00 7.826248286934794862e+01
1.870000000000279661e+00 7.830340873256943723e+01
1.890000000000279234e+00 7.881344671360140808e+01
1.910000000000278808e+00 7.836508446747660628e+01
1.930000000000278382e+00 7.815691750670319493e+01
1.950000000000277955e+00 7.844341495885561244e+01
1.970000000000277529e+00 7.767925936981237101e+01
1.990000000000277103e+00 7.915716494009467397e+01
2.010000000000276899e+00 7.812816197919786987e+01
2.030000000000276472e+00 7.857677430015486664e+01
2.050000000000276046e+00 7.802298871500174471e+01
2.070000000000275620e+00 7.845261759051960837e+01
2.090000000000275193e+00 7.750611230397956319e+01
2.110000000000274767e+00 7.912020019806564619e+01
2.130000000000274341e+00 7.817247490326120385e+01
2.150000000000273914e+00 7.882128447425442630e+01
2.170000000000273488e+00 7.823232988662687148e+01
2.190000000000273062e+00 7.830808690465848088e+01
2.210000000000272635e+00 7.857809794574306750e+01
2.230000000000272209e+00 7.782851094168623263e+01
2.250000000000271783e+00 7.797007021158466955e+01
2.270000000000271356e+00 7.800498947582119058e+01
2.290000000000270930e+00 7.807012633252340095e+01
2.310000000000270504e+00 7.809330555142325636e+01
2.330000000000270077e+00 7.791291848093598560e+01
2.350000000000269651e+00 7.794562577396798986e+01
2.370000000000269225e+00 7.817316455432715827e+01
2.390000000000268798e+00 7.839657517541652965e+01
2.410000000000268372e+00 7.753506848948646279e+01
2.430000000000267946e+00 7.784217595579805504e+01
2.450000000000267519e+00 7.778082713284554472e+01
2.470000000000267093e+00 7.813355659408301790e+01
2.490000000000266667e+00 7.780772161332780001e+01
2.510000000000266240e+00 7.799716487243539120e+01
2.530000000000265814e+00 7.721986191896320406e+01
2.550000000000265388e+00 7.743459573465825940e+01
2.570000000000264961e+00 7.712304939467026088e+01
2.590000000000264535e+00 7.751942686961346851e+01
2.610000000000264109e+00 7.718833832614626544e+01
2.630000000000263682e+00 7.727937159675201428e+01
2.650000000000263256e+00 7.727022913460500320e+01
2.670000000000262830e+00 7.750106914319812290e+01
2.690000000000262403e+00 7.655026972095618021e+01
2.710000000000261977e+00 7.647408506243705517e+01
2.730000000000261551e+00 7.669505269152277549e+01
2.750000000000261124e+00 7.701063070153753642e+01
2.770000000000260698e+00 7.640104472089861076e+01
2.790000000000260272e+00 7.733399560758867608e+01
2.810000000000259845e+00 7.534379429066596856e+01
2.830000000000259419e+00 7.645308597823360230e+01
2.850000000000258993e+00 7.546469378049393129e+01
2.870000000000258567e+00 7.622448945047217705e+01
2.890000000000258140e+00 7.601894395055825271e+01
2.910000000000257714e+00 7.525072652572228549e+01
2.930000000000257288e+00 7.599204888820243298e+01
2.950000000000256861e+00 7.504166253203949566e+01
2.970000000000256435e+00 7.552635622418036121e+01
2.990000000000256009e+00 7.519687786413446418e+01
3.010000000000255582e+00 7.576959403694304740e+01
3.030000000000255156e+00 7.535047903898599486e+01
3.050000000000254730e+00 7.501566938045233712e+01
3.070000000000254303e+00 7.508161464695906773e+01
3.090000000000253877e+00 7.468333933122362112e+01
3.110000000000253451e+00 7.562739872671176045e+01
3.130000000000253024e+00 7.512830809237020446e+01
3.150000000000252598e+00 7.489560757546391301e+01
3.170000000000252172e+00 7.475716670364377592e+01
3.190000000000251745e+00 7.498004174576595915e+01
3.210000000000251319e+00 7.530299722485628422e+01
3.230000000000250893e+00 7.438424950423127768e+01
3.250000000000250466e+00 7.491852099705353396e+01
3.270000000000250040e+00 7.485640468681609150e+01
3.290000000000249614e+00 7.501168781529115392e+01
3.310000000000249187e+00 7.502048829682651387e+01
3.330000000000248761e+00 7.451401559190132673e+01
3.350000000000248335e+00 7.483680958681702577e+01
3.370000000000247908e+00 7.482382879530740638e+01
3.390000000000247482e+00 7.451067299685216483e+01
3.410000000000247056e+00 7.459144795735278421e+01
3.430000000000246629e+00 7.436507627409166332e+01
3.450000000000246203e+00 7.444620295073728755e+01
3.470000000000245777e+00 7.457277306181804022e+01
3.490000000000245350e+00 7.567456772688909439e+01
3.510000000000244924e+00 7.450489917361426251e+01
3.530000000000244498e+00 7.464472339314500005e+01
3.550000000000244071e+00 7.469042916231089180e+01
3.570000000000243645e+00 7.504574975244891277e+01
3.590000000000243219e+00 7.429173395429828020e+01
3.610000000000242792e+00 7.476182935703717192e+01
3.630000000000242366e+00 7.455654365445570875e+01
3.650000000000241940e+00 7.582629267084666935e+01
3.670000000000241513e+00 7.480363906462198997e+01
3.690000000000241087e+00 7.521572154439871838e+01
3.710000000000240661e+00 7.500371855687765787e+01
3.730000000000240234e+00 7.535063760135399491e+01
3.750000000000239808e+00 7.572967488481869225e+01
3.770000000000239382e+00 7.518338048254014438e+01
3.790000000000238956e+00 7.551205806730909842e+01
3.810000000000238529e+00 7.563621465575174341e+01
3.830000000000238103e+00 7.563582173495591121e+01
3.850000000000237677e+00 7.573421321698069164e+01
3.870000000000237250e+00 7.612138963734197716e+01
3.890000000000236824e+00 7.603890332001635954e+01
3.910000000000236398e+00 7.646061424537106177e+01
3.930000000000235971e+00 7.700093112632706038e+01
3.950000000000235545e+00 7.608848735802669694e+01
3.970000000000235119e+00 7.702389858189633287e+01
3.990000000000234692e+00 7.652233321563326740e+01
4.010000000000234266e+00 7.678120518134478800e+01
4.030000000000233840e+00 7.707872215796093940e+01
4.050000000000233413e+00 7.704138686853212903e+01
4.070000000000232987e+00 7.708406484683922599e+01
4.090000000000232561e+00 7.765364512414427622e+01
4.110000000000232134e+00 7.750094344665998847e+01
4.130000000000231708e+00 7.775599270873038904e+01
4.150000000000231282e+00 7.737512260404106712e+01
4.170000000000230855e+00 7.782072412051633137e+01
4.190000000000230429e+00 7.830700812423691559e+01
4.210000000000230003e+00 7.814058420888616752e+01
4.230000000000229576e+00 7.811090830431834320e+01
4.250000000000229150e+00 7.856037634561479877e+01
4.270000000000228724e+00 7.875444099523022601e+01
4.290000000000228297e+00 7.859926761369558790e+01
4.310000000000227871e+00 7.903847540058600885e+01
4.330000000000227445e+00 7.925743938484421847e+01
4.350000000000227018e+00 7.899201763867480963e+01
4.370000000000226592e+00 7.967283743635402971e+01
4.390000000000226166e+00 7.927896945566651254e+01
4.410000000000225739e+00 7.928777744659326743e+01
4.430000000000225313e+00 7.961200803792760894e+01
4.450000000000224887e+00 8.054279722236758232e+01
4.470000000000224460e+00 7.974924066717252913e+01
4.490000000000224034e+00 8.055652741548220774e+01
4.510000000000223608e+00 8.038401411501277494e+01
4.530000000000223181e+00 8.061667763828094735e+01
4.550000000000222755e+00 8.139471298443000080e+01
4.570000000000222329e+00 8.089834357444075863e+01
4.590000000000221902e+00 8.114758764027718030e+01
4.610000000000221476e+00 8.226945990531078223e+01
4.630000000000221050e+00 8.157859229788343214e+01
4.650000000000220624e+00 8.141356542829248610e+01
4.670000000000220197e+00 8.150555269608928199e+01
4.690000000000219771e+00 8.142559591774809746e+01
4.710000000000219345e+00 8.130129218176642780e+01
4.730000000000218918e+00 8.182670990516770360e+01
4.750000000000218492e+00 8.120673122067410077e+01
4.770000000000218066e+00 8.105247113289223648e+01
4.790000000000217639e+00 8.187922458713509855e+01
4.810000000000217213e+00 8.186623681146514286e+01
4.830000000000216787e+00 8.147787087821888008e+01
4.850000000000216360e+00 8.141092514134369651e+01
4.870000000000215934e+00 8.146324496754567690e+01
4.890000000000215508e+00 8.187928201254058536e+01
4.910000000000215081e+00 8.096278274665363028e+01
4.930000000000214655e+00 8.149827267625471450e+01
4.950000000000214229e+00 8.148381607992305931e+01
4.970000000000213802e+00 8.154893000296127070e+01
4.990000000000213376e+00 8.111021004927280842e+01
5.010000000000212950e+00 8.159967099310244976e+01
5.030000000000212523e+00 8.162521122949517860e+01
5.050000000000212097e+00 8.118284412511917481e+01
5.070000000000211671e+00 8.144954968908102444e+01
5.090000000000211244e+00 8.111460168701952966e+01
5.110000000000210818e+00 8.154556251798857147e+01
5.130000000000210392e+00 8.071460138119596195e+01
5.150000000000209965e+00 8.112437492228892211e+01
5.170000000000209539e+00 8.112250375114521717e+01
5.190000000000209113e+00 8.084293905864591068e+01
5.210000000000208686e+00 8.104867481437283061e+01
5.230000000000208260e+00 8.118645758929390865e+01
5.250000000000207834e+00 8.074256521797207142e+01
5.270000000000207407e+00 8.058720509595343628e+01
5.290000000000206981e+00 8.046472302393435427e+01
5.310000000000206555e+00 8.058530211924313846e+01
5.330000000000206128e+00 8.035328969204839211e+01
5.350000000000205702e+00 7.977173419796531562e+01
5.370000000000205276e+00 8.056926120706997096e+01
5.390000000000204849e+00 7.994061913403447761e+01
5.410000000000204423e+00 7.954763835911472825e+01
5.430000000000203997e+00 7.972117837863255829e+01
5.450000000000203570e+00 8.001926380909318937e+01
5.470000000000203144e+00 7.962190692495869371e+01
5.490000000000202718e+00 7.935123605082621623e+01
5.510000000000202292e+00 7.941481144798083847e+01
5.530000000000201865e+00 7.874717683735694607e+01
5.550000000000201439e+00 7.885502795399737863e+01
5.570000000000201013e+00 7.846421894964426258e+01
5.590000000000200586e+00 7.857306198881791204e+01
5.610000000000200160e+00 7.826033483451440986e+01
5.630000000000199734e+00 7.807155997712716555e+01
5.650000000000199307e+00 7.807166079377813617e+01
5.670000000000198881e+00 7.718457235166638952e+01
5.690000000000198455e+00 7.747670334515720469e+01
5.710000000000198028e+00 7.746667445505298133e+01
5.730000000000197602e+00 7.673952286093557973e+01
5.750000000000197176e+00 7.708277855171316162e+01
5.770000000000196749e+00 7.589299866421652041e+01
5.790000000000196323e+00 7.621633205332170746e+01
5.810000000000195897e+00 7.624866527459406029e+01
5.830000000000195470e+00 7.555117420266614658e+01
5.850000000000195044e+00 7.615417156422994083e+01
5.870000000000194618e+00 7.528731485930231315e+01
5.890000000000194191e+00 7.542403091898543721e+01
5.910000000000193765e+00 7.475703652071435101e+01
5.930000000000193339e+00 7.418573220691254733e+01
5.950000000000192912e+00 7.361948168628534006e+01
5.970000000000192486e+00 7.297926917675673053e+01
5.990000000000192060e+00 7.272281616968487583e+01
6.010000000000191633e+00 7.202178138470989666e+01
6.030000000000191207e+00 7.167627132893095165e+01
6.050000000000190781e+00 7.114752172448268652e+01
6.070000000000190354e+00 7.098828934961207437e+01
6.090000000000189928e+00 7.065581692671439384e+01
6.110000000000189502e+00 7.024522307726383019e+01
6.130000000000189075e+00 6.965030518208600085e+01
6.150000000000188649e+00 6.857607216688130336e+01
6.170000000000188223e+00 6.872255671029741109e+01
6.190000000000187796e+00 6.814121643950987561e+01
6.210000000000187370e+00 6.755943538475666799e+01
6.230000000000186944e+00 6.693660558670752891e+01
6.250000000000186517e+00 6.608183732140263089e+01
6.270000000000186091e+00 6.606888551158932898e+01
6.290000000000185665e+00 6.544797121146328323e+01
6.310000000000185238e+00 6.460911730542710529e+01
6.330000000000184812e+00 6.428872182351791764e+01
6.350000000000184386e+00 6.345981913247822348e+01
6.370000000000183960e+00 6.321315542833036716e+01
6.390000000000183533e+00 6.282082535002485457e+01
6.410000000000183107e+00 6.235439336455107195e+01
6.430000000000182681e+00 6.178487425870520866e+01
6.450000000000182254e+00 6.146042844208898259e+01
6.470000000000181828e+00 6.065802402531056714e+01
6.490000000000181402e+00 6.009365591047105681e+01
6.510000000000180975e+00 5.921426870645299800e+01
6.530000000000180549e+00 5.922879029391103245e+01
6.550000000000180123e+00 5.832657041648261043e+01
6.570000000000179696e+00 5.810892140475721135e+01
6.590000000000179270e+00 5.721155453886548514e+01
6.610000000000178844e+00 5.696252041394512844e+01
6.630000000000178417e+00 5.596062948096330558e+01
6.650000000000177991e+00 5.559939958074116362e+01
6.670000000000177565e+00 5.546041511817852410e+01
6.690000000000177138e+00 5.429342171674993978e+01
6.710000000000176712e+00 5.353521507969556126e+01
6.730000000000176286e+00 5.328974711602397463e+01
6.750000000000175859e+00 5.263197011210865384e+01
6.770000000000175433e+00 5.244800176739854436e+01
6.790000000000175007e+00 5.139353586533201224e+01
6.810000000000174580e+00 5.132849190573286791e+01
6.830000000000174154e+00 5.039806173134131484e+01
6.850000000000173728e+00 4.955819730850074478e+01
6.870000000000173301e+00 4.964550169010820468e+01
6.890000000000172875e+00 4.857138391896489793e+01
6.910000000000172449e+00 4.804616306249155855e+01
6.930000000000172022e+00 4.760155267919547839e+01
6.950000000000171596e+00 4.644188544457335865e+01
6.970000000000171170e+00 4.658293366577307637e+01
6.990000000000170743e+00 4.532946720092819959e+01
7.010000000000170317e+00 4.482816281140959802e+01
7.030000000000169891e+00 4.417309595180390858e+01
7.050000000000169464e+00 4.362796048102751456e+01
7.070000000000169038e+00 4.322523037338221030e+01
7.090000000000168612e+00 4.259313828635046661e+01
7.110000000000168185e+00 4.182251859561765883e+01
7.130000000000167759e+00 4.140152732664466839e+01
7.150000000000167333e+00 4.100367057694932527e+01
7.170000000000166906e+00 4.042054390201088410e+01
7.190000000000166480e+00 4.001050320703760832e+01
7.210000000000166054e+00 3.881980084162398725e+01
7.230000000000165628e+00 3.817668597112756146e+01
7.250000000000165201e+00 3.807366080573512335e+01
7.270000000000164775e+00 3.761759427585752746e+01
7.290000000000164349e+00 3.669572766061510549e+01
7.310000000000163922e+00 3.613189826662019044e+01
7.330000000000163496e+00 3.575093883505264358e+01
7.350000000000163070e+00 3.532206169593223422e+01
7.370000000000162643e+00 3.460241435788493902e+01
7.390000000000162217e+00 3.398045976296162962e+01
7.410000000000161791e+00 3.373283615693155468e+01
7.430000000000161364e+00 3.269942355161099812e+01
7.450000000000160938e+00 3.233690639508560594e+01
7.470000000000160512e+00 3.169548862097074959e+01
7.490000000000160085e+00 3.157077165053238232e+01
7.510000000000159659e+00 3.075940337977566941e+01
7.530000000000159233e+00 3.059912835107500939e+01
7.550000000000158806e+00 2.990165203836696151e+01
7.570000000000158380e+00 2.939082092282925629e+01
7.590000000000157954e+00 2.903680536882085761e+01
7.610000000000157527e+00 2.841122657074090441e+01
7.630000000000157101e+00 2.798827768839904451e+01
7.650000000000156675e+00 2.734480627542546927e+01
7.670000000000156248e+00 2.693399679318872231e+01
7.690000000000155822e+00 2.662115685567950507e+01
7.710000000000155396e+00 2.614776297577387609e+01
7.730000000000154969e+00 2.557345819119630193e+01
7.750000000000154543e+00 2.535798416832626501e+01
7.770000000000154117e+00 2.471459322601342379e+01
7.790000000000153690e+00 2.412503888289407072e+01
7.810000000000153264e+00 2.385706190293524287e+01
7.830000000000152838e+00 2.346898104734236057e+01
7.850000000000152411e+00 2.298707607846228740e+01
7.870000000000151985e+00 2.246114421185269450e+01
7.890000000000151559e+00 2.203491055566711054e+01
7.910000000000151132e+00 2.165836401447350923e+01
7.930000000000150706e+00 2.136572560836603074e+01
7.950000000000150280e+00 2.081807971214759334e+01
7.970000000000149853e+00 2.054916676388974750e+01
7.990000000000149427e+00 2.018816573359080380e+01
8.010000000000149001e+00 1.972447413564164975e+01
8.030000000000148574e+00 1.934436536662046180e+01
8.050000000000148148e+00 1.901415657486944255e+01
8.070000000000147722e+00 1.872960126082104537e+01
8.090000000000147296e+00 1.825603163466079337e+01
8.110000000000146869e+00 1.779313829581539252e+01
8.130000000000146443e+00 1.762742249304324105e+01
8.150000000000146017e+00 1.714493001740616052e+01
8.170000000000145590e+00 1.692607795339149490e+01
8.190000000000145164e+00 1.660051059282847774e+01
8.210000000000144738e+00 1.639953498512493368e+01
8.230000000000144311e+00 1.603982517668288210e+01
8.250000000000143885e+00 1.557377198557112585e+01
8.270000000000143459e+00 1.535061316176411417e+01
8.290000000000143032e+00 1.501047801574503993e+01
8.310000000000142606e+00 1.478258423541962685e+01
8.330000000000142180e+00 1.433437836930679765e+01
8.350000000000141753e+00 1.408118620859411152e+01
8.370000000000141327e+00 1.390522627943373379e+01
8.390000000000140901e+00 1.356576307413810767e+01
8.410000000000140474e+00 1.326742820054808725e+01
8.430000000000140048e+00 1.309591067110460827e+01
8.450000000000139622e+00 1.279129586160952847e+01
8.470000000000139195e+00 1.255273497414971651e+01
8.490000000000138769e+00 1.227882901310742625e+01
8.510000000000138343e+00 1.202312742719964156e+01
8.530000000000137916e+00 1.179265797103572844e+01
8.550000000000137490e+00 1.157123796755260514e+01
8.570000000000137064e+00 1.123040167036361225e+01
8.590000000000136637e+00 1.098912232302494374e+01
8.610000000000136211e+00 1.082734575167891400e+01
8.630000000000135785e+00 1.059475149926454662e+01
8.650000000000135358e+00 1.034057556046555781e+01
8.670000000000134932e+00 1.010102990423984082e+01
8.690000000000134506e+00 9.996356448871216216e+00
8.710000000000134079e+00 9.701093798229450726e+00
8.730000000000133653e+00 9.526342431794709853e+00
8.750000000000133227e+00 9.279307506709509212e+00
8.770000000000132800e+00 9.167337994595511574e+00
8.790000000000132374e+00 8.960382641216789068e+00
8.810000000000131948e+00 8.785889986152193742e+00
8.830000000000131521e+00 8.614186739504349433e+00
8.850000000000131095e+00 8.409209235904665292e+00
8.870000000000130669e+00 8.249911803520738829e+00
8.890000000000130242e+00 8.062902778532288650e+00
8.910000000000129816e+00 7.893792511574710069e+00
8.930000000000129390e+00 7.750177317846945080e+00
8.950000000000128964e+00 7.593947777969334290e+00
8.970000000000128537e+00 7.422121787781840396e+00
8.990000000000128111e+00 7.251690124841296381e+00
9.010000000000127685e+00 7.129172540360836585e+00
9.030000000000127258e+00 6.930816476545043514e+00
9.050000000000126832e+00 6.875902861824073398e+00
9.070000000000126406e+00 6.653873182183261292e+00
9.090000000000125979e+00 6.561367718100368229e+00
9.110000000000125553e+00 6.423963311448209090e+00
9.130000000000125127e+00 6.338536263974744678e+00
9.150000000000124700e+00 6.116569669873178405e+00
9.170000000000124274e+00 6.017430767531443792e+00
9.190000000000123848e+00 5.861625425001566470e+00
9.210000000000123421e+00 5.725702570817674975e+00
9.230000000000122995e+00 5.638823450151952521e+00
9.250000000000122569e+00 5.513217771350572782e+00
9.270000000000122142e+00 5.379324109031801804e+00
9.290000000000121716e+00 5.285806073874880440e+00
9.310000000000121290e+00 5.212070911029262454e+00
9.330000000000120863e+00 5.068001155114435718e+00
9.350000000000120437e+00 4.997773281568532511e+00
9.370000000000120011e+00 4.864459426627337990e+00
9.390000000000119584e+00 4.747264017998016783e+00
9.410000000000119158e+00 4.679808382419745172e+00
9.430000000000118732e+00 4.611865081391354870e+00
9.450000000000118305e+00 4.486168790753050750e+00
9.470000000000117879e+00 4.419030831984284369e+00
9.490000000000117453e+00 4.309036302310537359e+00
9.510000000000117026e+00 4.248437866586932010e+00
9.530000000000116600e+00 4.178770873238112138e+00
9.550000000000116174e+00 4.068536680143637341e+00
9.570000000000115747e+00 3.967983928776710467e+00
9.590000000000115321e+00 3.915530132553127984e+00
9.610000000000114895e+00 3.819259721802742646e+00
9.630000000000114468e+00 3.799445885239047804e+00
9.650000000000114042e+00 3.684383017760629375e+00
9.670000000000113616e+00 3.645559549686534506e+00
9.690000000000113189e+00 3.574753698662830992e+00
9.710000000000112763e+00 3.495731079753773951e+00
9.730000000000112337e+00 3.440891711626916649e+00
9.750000000000111910e+00 3.367284065216453293e+00
9.770000000000111484e+00 3.295652165277778156e+00
9.790000000000111058e+00 3.267489287239484064e+00
9.810000000000110632e+00 3.164357062547669575e+00
9.830000000000110205e+00 3.078271205443491976e+00
9.850000000000109779e+00 3.050335410131601144e+00
9.870000000000109353e+00 2.958036874108810999e+00
9.890000000000108926e+00 2.912686870939869443e+00
9.910000000000108500e+00 2.850856330140041361e+00
9.930000000000108074e+00 2.824643395681712743e+00
9.950000000000107647e+00 2.787105609217535029e+00
9.970000000000107221e+00 2.714424394397643159e+00
9.990000000000106795e+00 2.670111954067530213e+00
1.001000000000010637e+01 2.610497154530465380e+00
1.003000000000010594e+01 2.548325965058112708e+00
1.005000000000010552e+01 2.521887598267848141e+00
1.007000000000010509e+01 2.482214710540881164e+00
1.009000000000010466e+01 2.431800384856215747e+00
1.011000000000010424e+01 2.381157534949560173e+00
1.013000000000010381e+01 2.330300940935193132e+00
1.015000000000010338e+01 2.289184525864011999e+00
1.017000000000010296e+01 2.274072625020636451e+00
1.019000000000010253e+01 2.218521459090548653e+00
1.021000000000010210e+01 2.215370317050920246e+00
1.023000000000010168e+01 2.117397046033167474e+00
1.025000000000010125e+01 2.121708840956478159e+00
1.027000000000010083e+01 2.071076002249927051e+00
1.029000000000010040e+01 2.035669056842380975e+00
1.031000000000009997e+01 1.994227256127900416e+00
1.033000000000009955e+01 1.965182312817187471e+00
1.035000000000009912e+01 1.926638569441636140e+00
1.037000000000009869e+01 1.877040038754530737e+00
1.039000000000009827e+01 1.866423798691357439e+00
1.041000000000009784e+01 1.849177385182946498e+00
1.043000000000009742e+01 1.790722508542828884e+00
1.045000000000009699e+01 1.729293748992672519e+00
1.047000000000009656e+01 1.719759053450102604e+00
1.049000000000009614e+01 1.696139298956057972e+00
1.051000000000009571e+01 1.668208463907917105e+00
1.053000000000009528e+01 1.621623808348091389e+00
1.055000000000009486e+01 1.591544006925460497e+00
1.057000000000009443e+01 1.578269977086253384e+00
1.059000000000009400e+01 1.541295539140645321e+00
1.061000000000009358e+01 1.507690214755878388e+00
1.063000000000009315e+01 1.482160461275819907e+00
1.065000000000009273e+01 1.478017478351765002e+00
1.067000000000009230e+01 1.436301376931457430e+00
1.069000000000009187e+01 1.397025413751343592e+00
1.071000000000009145e+01 1.368639312135403463e+00
1.073000000000009102e+01 1.363150726163732562e+00
1.075000000000009059e+01 1.330086974232604913e+00
1.077000000000009017e+01 1.314785685991407771e+00
1.079000000000008974e+01 1.289542046787731655e+00
1.081000000000008932e+01 1.247418853064117261e+00
1.083000000000008889e+01 1.246572969314406532e+00
1.085000000000008846e+01 1.223111797936335732e+00
1.087000000000008804e+01 1.200620214629373406e+00
1.089000000000008761e+01 1.174436173610795331e+00
1.091000000000008718e+01 1.166877914259722759e+00
1.093000000000008676e+01 1.109446844482434580e+00
1.095000000000008633e+01 1.119302031994777957e+00
1.097000000000008590e+01 1.104522694502486857e+00
1.099000000000008548e+01 1.090190400336274346e+00
1.101000000000008505e+01 1.063591788503478908e+00
1.103000000000008463e+01 1.029817472809593459e+00
1.105000000000008420e+01 1.015447418631817644e+00
1.107000000000008377e+01 9.989592573153454058e-01
1.109000000000008335e+01 9.882284804199178430e-01
1.111000000000008292e+01 9.571835062854792131e-01
1.113000000000008249e+01 9.576718553691218050e-01
1.115000000000008207e+01 9.245937053915491699e-01
1.117000000000008164e+01 9.091994204082487485e-01
1.119000000000008122e+01 8.832198467016799670e-01
1.121000000000008079e+01 8.769274668715705268e-01
1.123000000000008036e+01 8.456591442920239343e-01
1.125000000000007994e+01 8.412765078734617541e-01
1.127000000000007951e+01 8.293549352552823661e-01
1.129000000000007908e+01 8.012989294203699542e-01
1.131000000000007866e+01 7.748724322723659075e-01
1.133000000000007823e+01 7.733036741737431274e-01
1.135000000000007780e+01 7.721061491868289606e-01
1.137000000000007738e+01 7.472274916202606976e-01
1.139000000000007695e+01 7.584374282755763641e-01
1.141000000000007653e+01 7.177910496158447229e-01
1.143000000000007610e+01 7.092404564361934893e-01
1.145000000000007567e+01 6.898897209213669113e-01
1.147000000000007525e+01 6.782337413339866172e-01
1.149000000000007482e+01 6.730593728201227366e-01
1.151000000000007439e+01 6.681990426967315821e-01
1.153000000000007397e+01 6.443729912333696630e-01
1.155000000000007354e+01 6.246765751329891314e-01
1.157000000000007311e+01 6.312952261720931046e-01
1.159000000000007269e+01 6.230554237832575115e-01
1.161000000000007226e+01 5.938398760710720259e-01
1.163000000000007184e+01 5.896916658488846608e-01
1.165000000000007141e+01 5.854076104484382537e-01
1.167000000000007098e+01 5.814030305783205455e-01
1.169000000000007056e+01 5.407943637956164062e-01
1.171000000000007013e+01 5.543002944790184072e-01
1.173000000000006970e+01 5.483847952240528123e-01
1.175000000000006928e+01 5.293312917966037645e-01
1.177000000000006885e+01 5.125937636120575513e-01
1.179000000000006843e+01 5.194970994285309507e-01
1.181000000000006800e+01 5.002885727995417531e-01
1.183000000000006757e+01 4.923802290556847372e-01
1.185000000000006715e+01 4.771491830856630645e-01
1.187000000000006672e+01 4.787898310501380594e-01
1.189000000000006629e+01 4.807063043773785460e-01
1.191000000000006587e+01 4.415457850537164441e-01
1.193000000000006544e+01 4.523817555466449480e-01
1.195000000000006501e+01 4.418469928852215567e-01
1.197000000000006459e+01 4.393413154994726399e-01
1.199000000000006416e+01 4.313100260119210327e-01
1.201000000000006374e+01 4.254629160551965938e-01
1.203000000000006331e+01 4.067488079838142978e-01
1.205000000000006288e+01 4.054446762980464247e-01
1.207000000000006246e+01 3.959194232855215434e-01
1.209000000000006203e+01 3.857987264678339190e-01
1.211000000000006160e+01 3.964753872961572223e-01
1.213000000000006118e+01 3.735976360772200189e-01
1.215000000000006075e+01 3.701127833140421264e-01
1.217000000000006033e+01 3.854664530056025606e-01
1.219000000000005990e+01 3.696042659112009909e-01
1.221000000000005947e+01 3.598134661795041045e-01
1.223000000000005905e+01 3.535863077093803764e-01
1.225000000000005862e+01 3.410788223035129962e-01
1.227000000000005819e+01 3.325351725410782278e-01
1.229000000000005777e+01 3.390158612878449440e-01
1.231000000000005734e+01 3.190621292342088466e-01
1.233000000000005691e+01 3.280846881248560831e-01
1.235000000000005649e+01 3.230281863415186416e-01
1.237000000000005606e+01 3.083635160817844167e-01
1.239000000000005564e+01 3.097204764160504387e-01
1.241000000000005521e+01 3.148548788990559455e-01
1.243000000000005478e+01 3.017002972189788967e-01
1.245000000000005436e+01 3.020438861555603816e-01
1.247000000000005393e+01 3.047360925964552325e-01
1.249000000000005350e+01 2.906014514266673787e-01
1.251000000000005308e+01 2.857567890615974049e-01
1.253000000000005265e+01 2.891501926018382740e-01
1.255000000000005222e+01 3.002607604451911771e-01
1.257000000000005180e+01 2.751634117343098596e-01
1.259000000000005137e+01 2.783390902934609890e-01
1.261000000000005095e+01 2.766641289729365738e-01
1.263000000000005052e+01 2.601592427835324739e-01
1.265000000000005009e+01 2.581712445159616842e-01
1.267000000000004967e+01 2.577796831531822819e-01
1.269000000000004924e+01 2.566956077885199639e-01
1.271000000000004881e+01 2.511260029298827967e-01
1.273000000000004839e+01 2.616003433519715204e-01
1.275000000000004796e+01 2.333511716497493060e-01
1.277000000000004754e+01 2.397280028778971117e-01
1.279000000000004711e+01 2.519385440474322113e-01
1.281000000000004668e+01 2.403124505275829603e-01
1.283000000000004626e+01 2.362724121658457133e-01
1.285000000000004583e+01 2.384867250683021245e-01
1.287000000000004540e+01 2.489228079529482440e-01
1.289000000000004498e+01 2.444810348557257262e-01
1.291000000000004455e+01 2.347299670590308196e-01
1.293000000000004412e+01 2.248812144601896601e-01
1.295000000000004370e+01 2.215572341171928861e-01
1.297000000000004327e+01 2.345495397749070843e-01
1.299000000000004285e+01 2.357583240326194540e-01
1.301000000000004242e+01 2.162131969276120669e-01
1.303000000000004199e+01 2.130219307428378728e-01
1.305000000000004157e+01 2.213088851657089295e-01
1.307000000000004114e+01 2.096358691713151867e-01
1.309000000000004071e+01 2.168406779399543460e-01
1.311000000000004029e+01 2.126814444954105432e-01
1.313000000000003986e+01 2.080434185321980156e-01
1.315000000000003944e+01 1.980408226855361054e-01
1.317000000000003901e+01 2.116031312487505756e-01
1.319000000000003858e+01 2.084627367090790828e-01
1.321000000000003816e+01 2.092431509052261052e-01
1.323000000000003773e+01 1.957059371622973387e-01
1.325000000000003730e+01 2.043295011815101092e-01
1.327000000000003688e+01 1.938151646651451454e-01
1.329000000000003645e+01 1.832658965316904809e-01
1.331000000000003602e+01 1.890754067207194022e-01
1.333000000000003560e+01 1.845779918023935096e-01
1.335000000000003517e+01 1.869940748981462897e-01
1.337000000000003475e+01 1.905435795039987501e-01
1.339000000000003432e+01 1.856022578003583001e-01
1.341000000000003389e+01 1.723632687756371518e-01
1.343000000000003347e+01 1.886329591397445105e-01
1.345000000000003304e+01 1.857078199522839979e-01
1.347000000000003261e+01 1.821410389035892918e-01
1.349000000000003219e+01 1.851622585042604630e-01
1.351000000000003176e+01 1.661970131485615287e-01
1.353000000000003133e+01 1.808220662407795387e-01
1.355000000000003091e+01 1.753740135734841443e-01
1.357000000000003048e+01 1.715912962001410746e-01
1.359000000000003006e+01 1.686179323385488815e-01
1.361000000000002963e+01 1.669411758194193907e-01
1.363000000000002920e+01 1.725108453134192310e-01
1.365000000000002878e+01 1.732263129051207495e-01
1.367000000000002835e+01 1.673055498573480515e-01
1.369000000000002792e+01 1.613967936273765502e-01
1.371000000000002750e+01 1.633962522916677651e-01
1.373000000000002707e+01 1.693561166539410134e-01
1.375000000000002665e+01 1.609269534106723964e-01
1.377000000000002622e+01 1.585293902932975174e-01
1.379000000000002579e+01 1.610868141567751988e-01
1.381000000000002537e+01 1.494623542389531823e-01
1.383000000000002494e+01 1.645532444994279586e-01
1.385000000000002451e+01 1.536272493598068722e-01
1.387000000000002409e+01 1.552561217955540918e-01
1.389000000000002366e+01 1.462410641367333786e-01
1.391000000000002323e+01 1.508221300961234412e-01
1.393000000000002281e+01 1.477343859331368969e-01
1.395000000000002238e+01 1.411460417224551511e-01
1.397000000000002196e+01 1.496418587392526200e-01
1.399000000000002153e+01 1.398116219926133219e-01
1.401000000000002110e+01 1.373782501212736928e-01
1.403000000000002068e+01 1.422021826313933646e-01
1.405000000000002025e+01 1.390746566845521837e-01
1.407000000000001982e+01 1.383183442941326446e-01
1.409000000000001940e+01 1.378722841197501936e-01
1.411000000000001897e+01 1.460928513904986847e-01
1.413000000000001855e+01 1.304597559804532292e-01
1.415000000000001812e+01 1.325542082306959690e-01
1.417000000000001769e+01 1.209494724707647073e-01
1.419000000000001727e+01 1.316340864811738898e-01
1.421000000000001684e+01 1.287108554798191695e-01
1.423000000000001641e+01 1.307301171142087881e-01
1.425000000000001599e+01 1.270239129993635252e-01
1.427000000000001556e+01 1.207022979880498226e-01
1.429000000000001513e+01 1.203873747585738480e-01
1.431000000000001471e+01 1.253214187769942367e-01
1.433000000000001428e+01 1.192028809344236884e-01
1.435000000000001386e+01 1.162023826209891003e-01
1.437000000000001343e+01 1.159649661132192283e-01
1.439000000000001300e+01 1.071797934245513201e-01
1.441000000000001258e+01 1.126528175285907152e-01
1.443000000000001215e+01 1.007554145539805990e-01
1.445000000000001172e+01 9.213894517675888518e-02
1.447000000000001130e+01 8.940776763128811810e-02
1.449000000000001087e+01 7.806327590199797772e-02
1.451000000000001044e+01 7.766846445850475456e-02
1.453000000000001002e+01 7.749472493679139540e-02
1.455000000000000959e+01 5.538220482971935310e-02
1.457000000000000917e+01 4.166885435692212203e-02
1.459000000000000874e+01 2.783127880873813645e-02
1.461000000000000831e+01 2.776204066059307501e-02
1.463000000000000789e+01 2.212497030648688870e-02
1.465000000000000746e+01 8.317227360672620196e-03
1.467000000000000703e+01 2.782198555198351318e-03
1.469000000000000661e+01 2.086409969062721653e-13
1.471000000000000618e+01 2.012651488620592264e-14
1.473000000000000576e+01 0.000000000000000000e+00
1.475000000000000533e+01 0.000000000000000000e+00
1.477000000000000490e+01 0.000000000000000000e+00
1.479000000000000448e+01 0.000000000000000000e+00
1.481000000000000405e+01 0.000000000000000000e+00
1.483000000000000362e+01 0.000000000000000000e+00
1.485000000000000320e+01 0.000000000000000000e+00
1.487000000000000277e+01 0.000000000000000000e+00
1.489000000000000234e+01 0.000000000000000000e+00
1.491000000000000192e+01 0.000000000000000000e+00
1.493000000000000149e+01 0.000000000000000000e+00
1.495000000000000107e+01 0.000000000000000000e+00
1.497000000000000064e+01 0.000000000000000000e+00
1.499000000000000021e+01 0.000000000000000000e+00
