# Redshift		Merger Rate Density [Gpc^-3yr^-1]
1.000000000031931770e-02 3.886966965879998952e+02
3.000000000031888964e-02 4.004308718071956719e+02
5.000000000031846331e-02 4.103078727642910621e+02
7.000000000031804392e-02 4.228204926248786819e+02
9.000000000031761760e-02 4.344566380666547047e+02
1.100000000003171913e-01 4.467558231756286773e+02
1.300000000003167511e-01 4.583641248133251906e+02
1.500000000003163247e-01 4.718090447529348808e+02
1.700000000003158984e-01 4.796015062591973788e+02
1.900000000003154721e-01 4.921447416375567059e+02
2.100000000003150458e-01 5.043916677928204422e+02
2.300000000003146194e-01 5.165039074844199831e+02
2.500000000003141931e-01 5.283125325045613181e+02
2.700000000003137668e-01 5.373367010228772642e+02
2.900000000003133405e-01 5.484922367297303936e+02
3.100000000003129141e-01 5.616249949738759142e+02
3.300000000003124878e-01 5.686813016706084909e+02
3.500000000003120615e-01 5.845533169568076346e+02
3.700000000003116352e-01 5.907800235214467648e+02
3.900000000003112088e-01 6.033794413679574973e+02
4.100000000003107825e-01 6.152639566610340580e+02
4.300000000003103562e-01 6.216000159819155897e+02
4.500000000003099299e-01 6.349943512880377057e+02
4.700000000003095035e-01 6.467930776058311721e+02
4.900000000003090772e-01 6.551520505592650352e+02
5.100000000003086509e-01 6.632492099531401664e+02
5.300000000003082246e-01 6.771143349387148191e+02
5.500000000003077982e-01 6.832987717346704812e+02
5.700000000003073719e-01 6.950185164490200123e+02
5.900000000003069456e-01 7.037561492770420273e+02
6.100000000003065193e-01 7.154547930656647168e+02
6.300000000003060929e-01 7.183553343168437095e+02
6.500000000003056666e-01 7.324342888020618147e+02
6.700000000003052403e-01 7.373686929944891517e+02
6.900000000003048140e-01 7.459282037846842286e+02
7.100000000003043876e-01 7.544271146671575252e+02
7.300000000003039613e-01 7.593275844611779348e+02
7.500000000003035350e-01 7.704454935192809444e+02
7.700000000003031086e-01 7.748305039445505145e+02
7.900000000003026823e-01 7.843400925501355232e+02
8.100000000003022560e-01 7.861274170676057338e+02
8.300000000003018297e-01 7.902948865568409929e+02
8.500000000003014033e-01 8.011904385567299869e+02
8.700000000003009770e-01 8.038149207085373291e+02
8.900000000003005507e-01 8.049891347717855297e+02
9.100000000003001244e-01 8.155128545102720636e+02
9.300000000002996980e-01 8.129510613795924883e+02
9.500000000002992717e-01 8.252505565268508008e+02
9.700000000002988454e-01 8.212118050060553287e+02
9.900000000002984191e-01 8.300440418728223904e+02
1.010000000000297993e+00 8.249341223895879693e+02
1.030000000000297566e+00 8.289176564993904321e+02
1.050000000000297140e+00 8.307683330961674528e+02
1.070000000000296714e+00 8.361027918326807367e+02
1.090000000000296287e+00 8.321607327415431428e+02
1.110000000000295861e+00 8.344382624133469335e+02
1.130000000000295435e+00 8.349704053577069089e+02
1.150000000000295008e+00 8.315596333529092590e+02
1.170000000000294582e+00 8.328034928067571627e+02
1.190000000000294156e+00 8.279103547945701393e+02
1.210000000000293729e+00 8.360515643783343194e+02
1.230000000000293303e+00 8.288784859969243826e+02
1.250000000000292877e+00 8.261864577083887298e+02
1.270000000000292451e+00 8.213495554743942648e+02
1.290000000000292024e+00 8.264141026634026730e+02
1.310000000000291598e+00 8.176138538862552423e+02
1.330000000000291172e+00 8.159925856531026511e+02
1.350000000000290745e+00 8.147825724764586539e+02
1.370000000000290319e+00 8.118627313592660357e+02
1.390000000000289893e+00 8.083690256570862402e+02
1.410000000000289466e+00 8.060866822541639749e+02
1.430000000000289040e+00 8.002662949723375050e+02
1.450000000000288614e+00 7.953165740707473788e+02
1.470000000000288187e+00 7.937070104047754739e+02
1.490000000000287761e+00 7.853274331603549854e+02
1.510000000000287335e+00 7.849035053981783676e+02
1.530000000000286908e+00 7.747160032754719623e+02
1.550000000000286482e+00 7.755007610302957346e+02
1.570000000000286056e+00 7.691680022958609015e+02
1.590000000000285629e+00 7.575260448335343426e+02
1.610000000000285203e+00 7.507850778025635918e+02
1.630000000000284777e+00 7.503475571358054594e+02
1.650000000000284350e+00 7.407852638392024573e+02
1.670000000000283924e+00 7.327097078067706661e+02
1.690000000000283498e+00 7.295564808194437774e+02
1.710000000000283071e+00 7.178233542105790548e+02
1.730000000000282645e+00 7.122628358509583677e+02
1.750000000000282219e+00 7.009153793671690664e+02
1.770000000000281792e+00 6.948225742053134582e+02
1.790000000000281366e+00 6.903252662799156951e+02
1.810000000000280940e+00 6.769604207701445375e+02
1.830000000000280513e+00 6.730022167535081508e+02
1.850000000000280087e+00 6.619734299023114090e+02
1.870000000000279661e+00 6.561366583536195094e+02
1.890000000000279234e+00 6.477820947612193550e+02
1.910000000000278808e+00 6.374227564140410323e+02
1.930000000000278382e+00 6.278393315881903618e+02
1.950000000000277955e+00 6.205341926103485548e+02
1.970000000000277529e+00 6.164912787048992868e+02
1.990000000000277103e+00 6.083261861802056956e+02
2.010000000000276899e+00 5.940567509789103724e+02
2.030000000000276472e+00 5.913775095072230670e+02
2.050000000000276046e+00 5.814594484310268854e+02
2.070000000000275620e+00 5.725435710247046472e+02
2.090000000000275193e+00 5.599481643044249495e+02
2.110000000000274767e+00 5.627595324360830773e+02
2.130000000000274341e+00 5.512280265527397205e+02
2.150000000000273914e+00 5.442802271977432156e+02
2.170000000000273488e+00 5.333505706793041554e+02
2.190000000000273062e+00 5.245923655160163435e+02
2.210000000000272635e+00 5.202720145174092750e+02
2.230000000000272209e+00 5.095222379531102206e+02
2.250000000000271783e+00 5.098982283060450982e+02
2.270000000000271356e+00 4.971682116540198422e+02
2.290000000000270930e+00 4.921935869254534168e+02
2.310000000000270504e+00 4.862170298614570925e+02
2.330000000000270077e+00 4.791967640998635147e+02
2.350000000000269651e+00 4.751103557751306425e+02
2.370000000000269225e+00 4.680818708798481111e+02
2.390000000000268798e+00 4.580852492993177520e+02
2.410000000000268372e+00 4.581631841327468351e+02
2.430000000000267946e+00 4.504640120734145512e+02
2.450000000000267519e+00 4.435753084138094664e+02
2.470000000000267093e+00 4.422654713841499756e+02
2.490000000000266667e+00 4.325255511138926749e+02
2.510000000000266240e+00 4.284547712074491415e+02
2.530000000000265814e+00 4.266379170659767510e+02
2.550000000000265388e+00 4.181744684359052258e+02
2.570000000000264961e+00 4.144206015255506941e+02
2.590000000000264535e+00 4.089470199472572176e+02
2.610000000000264109e+00 4.022420059146781455e+02
2.630000000000263682e+00 4.026447993334068656e+02
2.650000000000263256e+00 3.955010584876334860e+02
2.670000000000262830e+00 3.923176506560237158e+02
2.690000000000262403e+00 3.908574070404487202e+02
2.710000000000261977e+00 3.838678315312334917e+02
2.730000000000261551e+00 3.804185536502619698e+02
2.750000000000261124e+00 3.765984235876077264e+02
2.770000000000260698e+00 3.736355077053290756e+02
2.790000000000260272e+00 3.677641933644918595e+02
2.810000000000259845e+00 3.621048502220575074e+02
2.830000000000259419e+00 3.607749331900665766e+02
2.850000000000258993e+00 3.600893893254144587e+02
2.870000000000258567e+00 3.561362569878849627e+02
2.890000000000258140e+00 3.537685941805984839e+02
2.910000000000257714e+00 3.515831327318536523e+02
2.930000000000257288e+00 3.463542177286152537e+02
2.950000000000256861e+00 3.416199711138140174e+02
2.970000000000256435e+00 3.394887074857910534e+02
2.990000000000256009e+00 3.346454970032210099e+02
3.010000000000255582e+00 3.316980714977103730e+02
3.030000000000255156e+00 3.291812964672121211e+02
3.050000000000254730e+00 3.275426051036542390e+02
3.070000000000254303e+00 3.248824573135802893e+02
3.090000000000253877e+00 3.230364399700765716e+02
3.110000000000253451e+00 3.173343780462768677e+02
3.130000000000253024e+00 3.178720473055927300e+02
3.150000000000252598e+00 3.139455646276149423e+02
3.170000000000252172e+00 3.126011874768817620e+02
3.190000000000251745e+00 3.101370964295802537e+02
3.210000000000251319e+00 3.091075681504977979e+02
3.230000000000250893e+00 3.048840575124784777e+02
3.250000000000250466e+00 3.033697025256331017e+02
3.270000000000250040e+00 3.017377189543173017e+02
3.290000000000249614e+00 2.985751904902795104e+02
3.310000000000249187e+00 2.967339113184376060e+02
3.330000000000248761e+00 2.938121753994549863e+02
3.350000000000248335e+00 2.941520214199770749e+02
3.370000000000247908e+00 2.903207923577070915e+02
3.390000000000247482e+00 2.872347497436225012e+02
3.410000000000247056e+00 2.867642869618425721e+02
3.430000000000246629e+00 2.854055457796526980e+02
3.450000000000246203e+00 2.815673521259638505e+02
3.470000000000245777e+00 2.780933700378049025e+02
3.490000000000245350e+00 2.826010369260611697e+02
3.510000000000244924e+00 2.751600921744327479e+02
3.530000000000244498e+00 2.745289098263015148e+02
3.550000000000244071e+00 2.726783427541360538e+02
3.570000000000243645e+00 2.694363850223239183e+02
3.590000000000243219e+00 2.688812955477970945e+02
3.610000000000242792e+00 2.649302657369201484e+02
3.630000000000242366e+00 2.634762931745039509e+02
3.650000000000241940e+00 2.604334764016257395e+02
3.670000000000241513e+00 2.601166236884736804e+02
3.690000000000241087e+00 2.572593014704592633e+02
3.710000000000240661e+00 2.557316723161052323e+02
3.730000000000240234e+00 2.539199539200426727e+02
3.750000000000239808e+00 2.521402683924789017e+02
3.770000000000239382e+00 2.486996491288843742e+02
3.790000000000238956e+00 2.458150844671958737e+02
3.810000000000238529e+00 2.444138542255926154e+02
3.830000000000238103e+00 2.426494544953531829e+02
3.850000000000237677e+00 2.402390704251816942e+02
3.870000000000237250e+00 2.377339075918189906e+02
3.890000000000236824e+00 2.358471339406908385e+02
3.910000000000236398e+00 2.342074353615466009e+02
3.930000000000235971e+00 2.296786607981429711e+02
3.950000000000235545e+00 2.298251483919841007e+02
3.970000000000235119e+00 2.275349108796867483e+02
3.990000000000234692e+00 2.244329291066062808e+02
4.010000000000234266e+00 2.216633568105556265e+02
4.030000000000233840e+00 2.206461518685942451e+02
4.050000000000233413e+00 2.162275366842302162e+02
4.070000000000232987e+00 2.160648876004904935e+02
4.090000000000232561e+00 2.120281497462986238e+02
4.110000000000232134e+00 2.100918695343094100e+02
4.130000000000231708e+00 2.090054191564767052e+02
4.150000000000231282e+00 2.057477075055083162e+02
4.170000000000230855e+00 2.035289427416748538e+02
4.190000000000230429e+00 2.005583044913831827e+02
4.210000000000230003e+00 1.987036938335207594e+02
4.230000000000229576e+00 1.968177120600211083e+02
4.250000000000229150e+00 1.939056214740976429e+02
4.270000000000228724e+00 1.900570593668450670e+02
4.290000000000228297e+00 1.880121894018790272e+02
4.310000000000227871e+00 1.862144274677301325e+02
4.330000000000227445e+00 1.844352451314999541e+02
4.350000000000227018e+00 1.798470494952502179e+02
4.370000000000226592e+00 1.786533163652386520e+02
4.390000000000226166e+00 1.758028544444259467e+02
4.410000000000225739e+00 1.733291557921743333e+02
4.430000000000225313e+00 1.701121975139416520e+02
4.450000000000224887e+00 1.680564671513137398e+02
4.470000000000224460e+00 1.649921542766931566e+02
4.490000000000224034e+00 1.635407233396248330e+02
4.510000000000223608e+00 1.610054979873482921e+02
4.530000000000223181e+00 1.582073860802082095e+02
4.550000000000222755e+00 1.553055535290696696e+02
4.570000000000222329e+00 1.528632258834449544e+02
4.590000000000221902e+00 1.509060435131679583e+02
4.610000000000221476e+00 1.497068984820771220e+02
4.630000000000221050e+00 1.463693892284495348e+02
4.650000000000220624e+00 1.426290412058014851e+02
4.670000000000220197e+00 1.409790943951615532e+02
4.690000000000219771e+00 1.392800270345008187e+02
4.710000000000219345e+00 1.373165956074996643e+02
4.730000000000218918e+00 1.344213272562501231e+02
4.750000000000218492e+00 1.320217449335297033e+02
4.770000000000218066e+00 1.287926055816359110e+02
4.790000000000217639e+00 1.280375701425635100e+02
4.810000000000217213e+00 1.255097672751837337e+02
4.830000000000216787e+00 1.229323246767600182e+02
4.850000000000216360e+00 1.211412529991952454e+02
4.870000000000215934e+00 1.182510507745899559e+02
4.890000000000215508e+00 1.165084287063827873e+02
4.910000000000215081e+00 1.145295552834352293e+02
4.930000000000214655e+00 1.129757106996151492e+02
4.950000000000214229e+00 1.101904615683778843e+02
4.970000000000213802e+00 1.082826191372135725e+02
4.990000000000213376e+00 1.063768361364522690e+02
5.010000000000212950e+00 1.048927037251319092e+02
5.030000000000212523e+00 1.023518488665819604e+02
5.050000000000212097e+00 9.997626642214700610e+01
5.070000000000211671e+00 9.870421636694968015e+01
5.090000000000211244e+00 9.706587995896717302e+01
5.110000000000210818e+00 9.444523374143332717e+01
5.130000000000210392e+00 9.300303051616043604e+01
5.150000000000209965e+00 9.142885609826663540e+01
5.170000000000209539e+00 8.892075727935683460e+01
5.190000000000209113e+00 8.861762762685212635e+01
5.210000000000208686e+00 8.629612008990736172e+01
5.230000000000208260e+00 8.383129259587279591e+01
5.250000000000207834e+00 8.222539813259093933e+01
5.270000000000207407e+00 8.142532628077881895e+01
5.290000000000206981e+00 8.008427510313818232e+01
5.310000000000206555e+00 7.768044118095782835e+01
5.330000000000206128e+00 7.535025245065776289e+01
5.350000000000205702e+00 7.508333342290117685e+01
5.370000000000205276e+00 7.300631401968318812e+01
5.390000000000204849e+00 7.223781723880414063e+01
5.410000000000204423e+00 7.007694283774907262e+01
5.430000000000203997e+00 6.819863147145865412e+01
5.450000000000203570e+00 6.733231354808516755e+01
5.470000000000203144e+00 6.524607238202537474e+01
5.490000000000202718e+00 6.425914055363607247e+01
5.510000000000202292e+00 6.339301992618560178e+01
5.530000000000201865e+00 6.099705174159851850e+01
5.550000000000201439e+00 5.943395926612160451e+01
5.570000000000201013e+00 5.927038469479328597e+01
5.590000000000200586e+00 5.718006250879498253e+01
5.610000000000200160e+00 5.582864701070381841e+01
5.630000000000199734e+00 5.469839617601983406e+01
5.650000000000199307e+00 5.325566046899939465e+01
5.670000000000198881e+00 5.251422574376411490e+01
5.690000000000198455e+00 5.082424383351291652e+01
5.710000000000198028e+00 4.874956881692178712e+01
5.730000000000197602e+00 4.833815913793596764e+01
5.750000000000197176e+00 4.656366710512894969e+01
5.770000000000196749e+00 4.556491964417882912e+01
5.790000000000196323e+00 4.465171739230470394e+01
5.810000000000195897e+00 4.282437151633882877e+01
5.830000000000195470e+00 4.212281039818839190e+01
5.850000000000195044e+00 4.119773206423224110e+01
5.870000000000194618e+00 3.985857861170317307e+01
5.890000000000194191e+00 3.918701615838679686e+01
5.910000000000193765e+00 3.709995697136084658e+01
5.930000000000193339e+00 3.652358508432875084e+01
5.950000000000192912e+00 3.494284717469362533e+01
5.970000000000192486e+00 3.368502052412520698e+01
5.990000000000192060e+00 3.308916710940274442e+01
6.010000000000191633e+00 3.257200820545020292e+01
6.030000000000191207e+00 3.140784167327262466e+01
6.050000000000190781e+00 3.021198790337485107e+01
6.070000000000190354e+00 2.918810496560307755e+01
6.090000000000189928e+00 2.784906850964505765e+01
6.110000000000189502e+00 2.738588933472487952e+01
6.130000000000189075e+00 2.648617578297880115e+01
6.150000000000188649e+00 2.556699736007373502e+01
6.170000000000188223e+00 2.460759398364542605e+01
6.190000000000187796e+00 2.376148901851964013e+01
6.210000000000187370e+00 2.298502346985270606e+01
6.230000000000186944e+00 2.198891346011528469e+01
6.250000000000186517e+00 2.154290448919884327e+01
6.270000000000186091e+00 2.029002427637268724e+01
6.290000000000185665e+00 2.015343164601366510e+01
6.310000000000185238e+00 1.903362100468530471e+01
6.330000000000184812e+00 1.831489654430980707e+01
6.350000000000184386e+00 1.779065777433588380e+01
6.370000000000183960e+00 1.674330397312780505e+01
6.390000000000183533e+00 1.655763866912205984e+01
6.410000000000183107e+00 1.566977371002583830e+01
6.430000000000182681e+00 1.541198056804330641e+01
6.450000000000182254e+00 1.459275302088706106e+01
6.470000000000181828e+00 1.405547172744093842e+01
6.490000000000181402e+00 1.335880023037701214e+01
6.510000000000180975e+00 1.290053723010622555e+01
6.530000000000180549e+00 1.258186635153546895e+01
6.550000000000180123e+00 1.211279764720549856e+01
6.570000000000179696e+00 1.142553250316568914e+01
6.590000000000179270e+00 1.123482345610695532e+01
6.610000000000178844e+00 1.039666990904013844e+01
6.630000000000178417e+00 1.022314577879209097e+01
6.650000000000177991e+00 9.885703715484247311e+00
6.670000000000177565e+00 9.363265045367233697e+00
6.690000000000177138e+00 9.180890791803378193e+00
6.710000000000176712e+00 8.665988746903234841e+00
6.730000000000176286e+00 8.451434703691415251e+00
6.750000000000175859e+00 8.202767597147408551e+00
6.770000000000175433e+00 7.658980028665996365e+00
6.790000000000175007e+00 7.447630841337048224e+00
6.810000000000174580e+00 7.268287014671481749e+00
6.830000000000174154e+00 6.859566348609395625e+00
6.850000000000173728e+00 6.742031681128494824e+00
6.870000000000173301e+00 6.434929251707190545e+00
6.890000000000172875e+00 6.202381035120632546e+00
6.910000000000172449e+00 5.939737577775017208e+00
6.930000000000172022e+00 5.684990155466992157e+00
6.950000000000171596e+00 5.766255552174995636e+00
6.970000000000171170e+00 5.379927480426339059e+00
6.990000000000170743e+00 5.057117141214546585e+00
7.010000000000170317e+00 5.049066456095929745e+00
7.030000000000169891e+00 5.126308378202374172e+00
7.050000000000169464e+00 4.635633088429515603e+00
7.070000000000169038e+00 4.620014908924334307e+00
7.090000000000168612e+00 4.510329383251865387e+00
7.110000000000168185e+00 4.525862698934533412e+00
7.130000000000167759e+00 4.258514152616114323e+00
7.150000000000167333e+00 3.978689227348968238e+00
7.170000000000166906e+00 4.134637016399241638e+00
7.190000000000166480e+00 3.911454928241373530e+00
7.210000000000166054e+00 3.792678527331775129e+00
7.230000000000165628e+00 3.725911863576047978e+00
7.250000000000165201e+00 3.592306323274304436e+00
7.270000000000164775e+00 3.580156145461817818e+00
7.290000000000164349e+00 3.415279453089168804e+00
7.310000000000163922e+00 3.446223282732153059e+00
7.330000000000163496e+00 3.536732724693798513e+00
7.350000000000163070e+00 3.274016102873059442e+00
7.370000000000162643e+00 3.220980653818606321e+00
7.390000000000162217e+00 3.201610610193739159e+00
7.410000000000161791e+00 3.016238607288843632e+00
7.430000000000161364e+00 3.037838971750102868e+00
7.450000000000160938e+00 3.075695433469890272e+00
7.470000000000160512e+00 2.885292735260629460e+00
7.490000000000160085e+00 3.014353810857076432e+00
7.510000000000159659e+00 2.923972914771511888e+00
7.530000000000159233e+00 2.868877446051640856e+00
7.550000000000158806e+00 2.845075382472352032e+00
7.570000000000158380e+00 2.724459344003244965e+00
7.590000000000157954e+00 2.756225520598374334e+00
7.610000000000157527e+00 2.636738283805986072e+00
7.630000000000157101e+00 2.703885937718171206e+00
7.650000000000156675e+00 2.708293741132007604e+00
7.670000000000156248e+00 2.622485183470733006e+00
7.690000000000155822e+00 2.546575558606618106e+00
7.710000000000155396e+00 2.598526229613576710e+00
7.730000000000154969e+00 2.504148125917995849e+00
7.750000000000154543e+00 2.519667460927979885e+00
7.770000000000154117e+00 2.565638954411820105e+00
7.790000000000153690e+00 2.487507621312107009e+00
7.810000000000153264e+00 2.488251773888036311e+00
7.830000000000152838e+00 2.463689145130299796e+00
7.850000000000152411e+00 2.429826060281933042e+00
7.870000000000151985e+00 2.376717525552891175e+00
7.890000000000151559e+00 2.514440175099911468e+00
7.910000000000151132e+00 2.430969770884365388e+00
7.930000000000150706e+00 2.466202972224896151e+00
7.950000000000150280e+00 2.447825726719795369e+00
7.970000000000149853e+00 2.341022500972865572e+00
7.990000000000149427e+00 2.427981519744886629e+00
8.010000000000149001e+00 2.387959394245854572e+00
8.030000000000148574e+00 2.364681512540047770e+00
8.050000000000148148e+00 2.387073496386674432e+00
8.070000000000147722e+00 2.358490845082434895e+00
8.090000000000147296e+00 2.347776365339368176e+00
8.110000000000146869e+00 2.390326083801636248e+00
8.130000000000146443e+00 2.311648946583181097e+00
8.150000000000146017e+00 2.408562654591221541e+00
8.170000000000145590e+00 2.356404457764690985e+00
8.190000000000145164e+00 2.348160352358577008e+00
8.210000000000144738e+00 2.309144009139981524e+00
8.230000000000144311e+00 2.330019782931354033e+00
8.250000000000143885e+00 2.316275859773825552e+00
8.270000000000143459e+00 2.352766275147132546e+00
8.290000000000143032e+00 2.358823721102465409e+00
8.310000000000142606e+00 2.325400713975437128e+00
8.330000000000142180e+00 2.364839067799249239e+00
8.350000000000141753e+00 2.379263058286165133e+00
8.370000000000141327e+00 2.392938436772517719e+00
8.390000000000140901e+00 2.265133826202998524e+00
8.410000000000140474e+00 2.331958378534421339e+00
8.430000000000140048e+00 2.339805033093237618e+00
8.450000000000139622e+00 2.305774372490524637e+00
8.470000000000139195e+00 2.341420942836986985e+00
8.490000000000138769e+00 2.304967997401607516e+00
8.510000000000138343e+00 2.278992747212299719e+00
8.530000000000137916e+00 2.272580059627652638e+00
8.550000000000137490e+00 2.287433696884182410e+00
8.570000000000137064e+00 2.266178366589124860e+00
8.590000000000136637e+00 2.301401909092082754e+00
8.610000000000136211e+00 2.293970291724191757e+00
8.630000000000135785e+00 2.244290311527242121e+00
8.650000000000135358e+00 2.301293835702713952e+00
8.670000000000134932e+00 2.195542470308210703e+00
8.690000000000134506e+00 2.248012158242272296e+00
8.710000000000134079e+00 2.257775846495945871e+00
8.730000000000133653e+00 2.226398606003542557e+00
8.750000000000133227e+00 2.221523684688567091e+00
8.770000000000132800e+00 2.225164569730772257e+00
8.790000000000132374e+00 2.227587797153527394e+00
8.810000000000131948e+00 2.271045723033747965e+00
8.830000000000131521e+00 2.235738490216107710e+00
8.850000000000131095e+00 2.210240229078948904e+00
8.870000000000130669e+00 2.177765360375008896e+00
8.890000000000130242e+00 2.241972532134080431e+00
8.910000000000129816e+00 2.213849857978148261e+00
8.930000000000129390e+00 2.202294460426458933e+00
8.950000000000128964e+00 2.210451292023851266e+00
8.970000000000128537e+00 2.219998352159452182e+00
8.990000000000128111e+00 2.209345553194516310e+00
9.010000000000127685e+00 2.204399782912541017e+00
9.030000000000127258e+00 2.202510588359774868e+00
9.050000000000126832e+00 2.237439984571972129e+00
9.070000000000126406e+00 2.240856034381125461e+00
9.090000000000125979e+00 2.159370819154516674e+00
9.110000000000125553e+00 2.253242265288924351e+00
9.130000000000125127e+00 2.202403129265543491e+00
9.150000000000124700e+00 2.183095196967540286e+00
9.170000000000124274e+00 2.228418798764075337e+00
9.190000000000123848e+00 2.249219958472134184e+00
9.210000000000123421e+00 2.183725820138731955e+00
9.230000000000122995e+00 2.219504978220553149e+00
9.250000000000122569e+00 2.213178959812494906e+00
9.270000000000122142e+00 2.219662239851434737e+00
9.290000000000121716e+00 2.210057320029864325e+00
9.310000000000121290e+00 2.233014172770665606e+00
9.330000000000120863e+00 2.207324655790352086e+00
9.350000000000120437e+00 2.271500939114974305e+00
9.370000000000120011e+00 2.218553513856336146e+00
9.390000000000119584e+00 2.205950005821741833e+00
9.410000000000119158e+00 2.263210407570894755e+00
9.430000000000118732e+00 2.248412659182430939e+00
9.450000000000118305e+00 2.245608823594589243e+00
9.470000000000117879e+00 2.214571390034977494e+00
9.490000000000117453e+00 2.257982302503549921e+00
9.510000000000117026e+00 2.231185199302739175e+00
9.530000000000116600e+00 2.271267629031921587e+00
9.550000000000116174e+00 2.224721305232452373e+00
9.570000000000115747e+00 2.279379604815668703e+00
9.590000000000115321e+00 2.232318386422060374e+00
9.610000000000114895e+00 2.295232740235684687e+00
9.630000000000114468e+00 2.209409270705097850e+00
9.650000000000114042e+00 2.315352610395957189e+00
9.670000000000113616e+00 2.235019763316090202e+00
9.690000000000113189e+00 2.228888172899102127e+00
9.710000000000112763e+00 2.266794888571356914e+00
9.730000000000112337e+00 2.219005476411242572e+00
9.750000000000111910e+00 2.235510256597403878e+00
9.770000000000111484e+00 2.206010959080678013e+00
9.790000000000111058e+00 2.194502765333274041e+00
9.810000000000110632e+00 2.224732467947205361e+00
9.830000000000110205e+00 2.195485883722125386e+00
9.850000000000109779e+00 2.237187746267562449e+00
9.870000000000109353e+00 2.171064784154321359e+00
9.890000000000108926e+00 2.175323147500398679e+00
9.910000000000108500e+00 2.211237382058242940e+00
9.930000000000108074e+00 2.146720228503405714e+00
9.950000000000107647e+00 2.206671920110174323e+00
9.970000000000107221e+00 2.138178478978497221e+00
9.990000000000106795e+00 2.146223182009688202e+00
1.001000000000010637e+01 2.146341572486372584e+00
1.003000000000010594e+01 2.193721482111411269e+00
1.005000000000010552e+01 2.122162679525366524e+00
1.007000000000010509e+01 2.114055471179936863e+00
1.009000000000010466e+01 2.117061414501369754e+00
1.011000000000010424e+01 2.071594995000862305e+00
1.013000000000010381e+01 2.106737194473226271e+00
1.015000000000010338e+01 2.125827687803969912e+00
1.017000000000010296e+01 2.089700896395884744e+00
1.019000000000010253e+01 2.079244417593752114e+00
1.021000000000010210e+01 2.047393681472893245e+00
1.023000000000010168e+01 2.086470777081251615e+00
1.025000000000010125e+01 2.059372257555386998e+00
1.027000000000010083e+01 2.070636796800263024e+00
1.029000000000010040e+01 2.044057761946449503e+00
1.031000000000009997e+01 2.044593148742360977e+00
1.033000000000009955e+01 2.033652598272772671e+00
1.035000000000009912e+01 2.062253323398354432e+00
1.037000000000009869e+01 2.037045028813043501e+00
1.039000000000009827e+01 1.987825418540606126e+00
1.041000000000009784e+01 2.055007518250091980e+00
1.043000000000009742e+01 2.040934274105411728e+00
1.045000000000009699e+01 1.969158996892357738e+00
1.047000000000009656e+01 2.047607052553146012e+00
1.049000000000009614e+01 2.026360239878830516e+00
1.051000000000009571e+01 1.984242458097101203e+00
1.053000000000009528e+01 2.005382963272948516e+00
1.055000000000009486e+01 1.986556803413537908e+00
1.057000000000009443e+01 1.954452207563486255e+00
1.059000000000009400e+01 2.006917072882650199e+00
1.061000000000009358e+01 1.952952481933923234e+00
1.063000000000009315e+01 1.971406447408984963e+00
1.065000000000009273e+01 1.976663244898710925e+00
1.067000000000009230e+01 1.978148927350697805e+00
1.069000000000009187e+01 1.943994353859414437e+00
1.071000000000009145e+01 1.904196500805810155e+00
1.073000000000009102e+01 1.938280323009996753e+00
1.075000000000009059e+01 1.913442711416231568e+00
1.077000000000009017e+01 1.889074628772412723e+00
1.079000000000008974e+01 1.933204913646309864e+00
1.081000000000008932e+01 1.860423265953685235e+00
1.083000000000008889e+01 1.922154278854815601e+00
1.085000000000008846e+01 1.901298811131161504e+00
1.087000000000008804e+01 1.878203280190152036e+00
1.089000000000008761e+01 1.890182397336902964e+00
1.091000000000008718e+01 1.835997176904740957e+00
1.093000000000008676e+01 1.863381043492870148e+00
1.095000000000008633e+01 1.864965339979865577e+00
1.097000000000008590e+01 1.870996295969164169e+00
1.099000000000008548e+01 1.844474588444759311e+00
1.101000000000008505e+01 1.817625453181400230e+00
1.103000000000008463e+01 1.829382031299186195e+00
1.105000000000008420e+01 1.811535596251512059e+00
1.107000000000008377e+01 1.830193101854173054e+00
1.109000000000008335e+01 1.811498341285013858e+00
1.111000000000008292e+01 1.778427277431485098e+00
1.113000000000008249e+01 1.804125801129296658e+00
1.115000000000008207e+01 1.784621551465507494e+00
1.117000000000008164e+01 1.793975723826394697e+00
1.119000000000008122e+01 1.813006808691645100e+00
1.121000000000008079e+01 1.785909221178634931e+00
1.123000000000008036e+01 1.726972177979433143e+00
1.125000000000007994e+01 1.750144129157341411e+00
1.127000000000007951e+01 1.756842913119560867e+00
1.129000000000007908e+01 1.770258323486537888e+00
1.131000000000007866e+01 1.714008573392332035e+00
1.133000000000007823e+01 1.733705742746492362e+00
1.135000000000007780e+01 1.702546052370886409e+00
1.137000000000007738e+01 1.698436428624564787e+00
1.139000000000007695e+01 1.681343753290642118e+00
1.141000000000007653e+01 1.733016878483772061e+00
1.143000000000007610e+01 1.631376675456245762e+00
1.145000000000007567e+01 1.681511282656037665e+00
1.147000000000007525e+01 1.673846176891454984e+00
1.149000000000007482e+01 1.615041652557908325e+00
1.151000000000007439e+01 1.646636278011432974e+00
1.153000000000007397e+01 1.671439108462380085e+00
1.155000000000007354e+01 1.622670975281661043e+00
1.157000000000007311e+01 1.623693486725514168e+00
1.159000000000007269e+01 1.605291777027488820e+00
1.161000000000007226e+01 1.597723424096847644e+00
1.163000000000007184e+01 1.599187864865895925e+00
1.165000000000007141e+01 1.549967305195835365e+00
1.167000000000007098e+01 1.579893445716363587e+00
1.169000000000007056e+01 1.599855819233841459e+00
1.171000000000007013e+01 1.533003644601803606e+00
1.173000000000006970e+01 1.520418488393313616e+00
1.175000000000006928e+01 1.507447606410283969e+00
1.177000000000006885e+01 1.550367397853918749e+00
1.179000000000006843e+01 1.541591418311916817e+00
1.181000000000006800e+01 1.480439811916943293e+00
1.183000000000006757e+01 1.500772490753836230e+00
1.185000000000006715e+01 1.549634623675357759e+00
1.187000000000006672e+01 1.497094588370915247e+00
1.189000000000006629e+01 1.481328390039275078e+00
1.191000000000006587e+01 1.456087106398961994e+00
1.193000000000006544e+01 1.464098040167687520e+00
1.195000000000006501e+01 1.441642054159246955e+00
1.197000000000006459e+01 1.483770028279746134e+00
1.199000000000006416e+01 1.463800151768749780e+00
1.201000000000006374e+01 1.447252394054601377e+00
1.203000000000006331e+01 1.418086693328699743e+00
1.205000000000006288e+01 1.408316570302314163e+00
1.207000000000006246e+01 1.424956457302021029e+00
1.209000000000006203e+01 1.407843787329217333e+00
1.211000000000006160e+01 1.383394024584173376e+00
1.213000000000006118e+01 1.415987114478353126e+00
1.215000000000006075e+01 1.355175078698824809e+00
1.217000000000006033e+01 1.414353483272043466e+00
1.219000000000005990e+01 1.383431233611380984e+00
1.221000000000005947e+01 1.365370136155711567e+00
1.223000000000005905e+01 1.350544746801752405e+00
1.225000000000005862e+01 1.361258076858822719e+00
1.227000000000005819e+01 1.313396685020407739e+00
1.229000000000005777e+01 1.335462985341699493e+00
1.231000000000005734e+01 1.370122883009073922e+00
1.233000000000005691e+01 1.283693545419071658e+00
1.235000000000005649e+01 1.298131621907330224e+00
1.237000000000005606e+01 1.307176042532754989e+00
1.239000000000005564e+01 1.301774129400623758e+00
1.241000000000005521e+01 1.255126020550969335e+00
1.243000000000005478e+01 1.267202616030202789e+00
1.245000000000005436e+01 1.274369539374180516e+00
1.247000000000005393e+01 1.240299274439280897e+00
1.249000000000005350e+01 1.222612506548681477e+00
1.251000000000005308e+01 1.222465558345426917e+00
1.253000000000005265e+01 1.204879462460153983e+00
1.255000000000005222e+01 1.178887092500420231e+00
1.257000000000005180e+01 1.221428881894872642e+00
1.259000000000005137e+01 1.166237325082369880e+00
1.261000000000005095e+01 1.206979407422065886e+00
1.263000000000005052e+01 1.168269255769402548e+00
1.265000000000005009e+01 1.142939454505445873e+00
1.267000000000004967e+01 1.180055679147692382e+00
1.269000000000004924e+01 1.176844885938930663e+00
1.271000000000004881e+01 1.134465804094549446e+00
1.273000000000004839e+01 1.111005090832664299e+00
1.275000000000004796e+01 1.139978735795146525e+00
1.277000000000004754e+01 1.104038118016071435e+00
1.279000000000004711e+01 1.107118749630340959e+00
1.281000000000004668e+01 1.122408789567281628e+00
1.283000000000004626e+01 1.082284158936389629e+00
1.285000000000004583e+01 1.063757343826667645e+00
1.287000000000004540e+01 1.078445988653680354e+00
1.289000000000004498e+01 1.070397992181146618e+00
1.291000000000004455e+01 1.043405550572523266e+00
1.293000000000004412e+01 1.058638322234622509e+00
1.295000000000004370e+01 1.020575331800237739e+00
1.297000000000004327e+01 1.039315212627305529e+00
1.299000000000004285e+01 1.017602845456770932e+00
1.301000000000004242e+01 1.023613250425101873e+00
1.303000000000004199e+01 1.005138282961171914e+00
1.305000000000004157e+01 1.000237667688013365e+00
1.307000000000004114e+01 9.878495089950832808e-01
1.309000000000004071e+01 9.628351481712525972e-01
1.311000000000004029e+01 9.537726624497148142e-01
1.313000000000003986e+01 9.658894828762881746e-01
1.315000000000003944e+01 9.250117243461705163e-01
1.317000000000003901e+01 9.158236701566270233e-01
1.319000000000003858e+01 9.164476038010336278e-01
1.321000000000003816e+01 9.300761285052269178e-01
1.323000000000003773e+01 8.914401234805582330e-01
1.325000000000003730e+01 8.665319556445465476e-01
1.327000000000003688e+01 8.046437739133526224e-01
1.329000000000003645e+01 8.533655027652192748e-01
1.331000000000003602e+01 8.262546009817042236e-01
1.333000000000003560e+01 8.498841010084126069e-01
1.335000000000003517e+01 8.163097087638304661e-01
1.337000000000003475e+01 8.003678669950841096e-01
1.339000000000003432e+01 7.638120717522768333e-01
1.341000000000003389e+01 7.645698711998273334e-01
1.343000000000003347e+01 7.523528473460399102e-01
1.345000000000003304e+01 7.517158835026965802e-01
1.347000000000003261e+01 7.282141737641840695e-01
1.349000000000003219e+01 7.593041715591217766e-01
1.351000000000003176e+01 6.807733146799443968e-01
1.353000000000003133e+01 6.668191090377501018e-01
1.355000000000003091e+01 6.516252068602067515e-01
1.357000000000003048e+01 6.559260484545345049e-01
1.359000000000003006e+01 6.464269096087335020e-01
1.361000000000002963e+01 6.330087616766689740e-01
1.363000000000002920e+01 6.230992674598692105e-01
1.365000000000002878e+01 6.002275235657323904e-01
1.367000000000002835e+01 6.020621746089744875e-01
1.369000000000002792e+01 5.895654580040218251e-01
1.371000000000002750e+01 5.750975840555341279e-01
1.373000000000002707e+01 5.832194485541349893e-01
1.375000000000002665e+01 5.416211628158202895e-01
1.377000000000002622e+01 5.493368773204770905e-01
1.379000000000002579e+01 5.231040164024433059e-01
1.381000000000002537e+01 5.063255725582979094e-01
1.383000000000002494e+01 5.142962335639695848e-01
1.385000000000002451e+01 4.879501837842653011e-01
1.387000000000002409e+01 4.967045367346990536e-01
1.389000000000002366e+01 4.818632308796018671e-01
1.391000000000002323e+01 4.851936242001460009e-01
1.393000000000002281e+01 4.948367488566914330e-01
1.395000000000002238e+01 4.324342813957833265e-01
1.397000000000002196e+01 4.202619572074840493e-01
1.399000000000002153e+01 4.069886882651164162e-01
1.401000000000002110e+01 3.808246888013049336e-01
1.403000000000002068e+01 3.848621100682808605e-01
1.405000000000002025e+01 3.954539417528045164e-01
1.407000000000001982e+01 3.901906437982112785e-01
1.409000000000001940e+01 3.666317360152926974e-01
1.411000000000001897e+01 3.488201196645612234e-01
1.413000000000001855e+01 3.624849535193941374e-01
1.415000000000001812e+01 3.393807848261097271e-01
1.417000000000001769e+01 3.167026247727365296e-01
1.419000000000001727e+01 3.109811366336896477e-01
1.421000000000001684e+01 3.014041859957639624e-01
1.423000000000001641e+01 2.901096213418804526e-01
1.425000000000001599e+01 2.584520921969470919e-01
1.427000000000001556e+01 2.555304129422468207e-01
1.429000000000001513e+01 2.486066724541372841e-01
1.431000000000001471e+01 2.188965689644046808e-01
1.433000000000001428e+01 2.185513500541291787e-01
1.435000000000001386e+01 2.010011428141736667e-01
1.437000000000001343e+01 1.842991607044484614e-01
1.439000000000001300e+01 1.809752701908318995e-01
1.441000000000001258e+01 1.751196698712633171e-01
1.443000000000001215e+01 1.552245710012210844e-01
1.445000000000001172e+01 1.305257018177134742e-01
1.447000000000001130e+01 1.249283110118516310e-01
1.449000000000001087e+01 1.029074563890527011e-01
1.451000000000001044e+01 8.876192583835348926e-02
1.453000000000001002e+01 7.497762359465987014e-02
1.455000000000000959e+01 5.848796310267428966e-02
1.457000000000000917e+01 4.475091204450644400e-02
1.459000000000000874e+01 3.345016131349765054e-02
1.461000000000000831e+01 2.791325308536178954e-02
1.463000000000000789e+01 2.225682335820925242e-02
1.465000000000000746e+01 1.943581880578949470e-02
1.467000000000000703e+01 5.567766739326600843e-03
1.469000000000000661e+01 2.782116529383956219e-03
1.471000000000000618e+01 0.000000000000000000e+00
1.473000000000000576e+01 0.000000000000000000e+00
1.475000000000000533e+01 0.000000000000000000e+00
1.477000000000000490e+01 0.000000000000000000e+00
1.479000000000000448e+01 0.000000000000000000e+00
1.481000000000000405e+01 0.000000000000000000e+00
1.483000000000000362e+01 0.000000000000000000e+00
1.485000000000000320e+01 0.000000000000000000e+00
1.487000000000000277e+01 0.000000000000000000e+00
1.489000000000000234e+01 0.000000000000000000e+00
1.491000000000000192e+01 0.000000000000000000e+00
1.493000000000000149e+01 0.000000000000000000e+00
1.495000000000000107e+01 0.000000000000000000e+00
1.497000000000000064e+01 0.000000000000000000e+00
1.499000000000000021e+01 0.000000000000000000e+00
