# Redshift		Merger Rate Density [Gpc^-3yr^-1]
1.000000000031931770e-02 1.434156132849770948e+01
3.000000000031888964e-02 1.430809620128345472e+01
5.000000000031846331e-02 1.425715448920151296e+01
7.000000000031804392e-02 1.476052576866364952e+01
9.000000000031761760e-02 1.491190179078444444e+01
1.100000000003171913e-01 1.545163448516704996e+01
1.300000000003167511e-01 1.578883242800986331e+01
1.500000000003163247e-01 1.634231965086642546e+01
1.700000000003158984e-01 1.678017950253892465e+01
1.900000000003154721e-01 1.698622797425478481e+01
2.100000000003150458e-01 1.710873486092992835e+01
2.300000000003146194e-01 1.820597391603823567e+01
2.500000000003141931e-01 1.844022845161275725e+01
2.700000000003137668e-01 1.883740926506424884e+01
2.900000000003133405e-01 1.881369511415805462e+01
3.100000000003129141e-01 1.973601293128959000e+01
3.300000000003124878e-01 1.996161862177244473e+01
3.500000000003120615e-01 2.023141669440165202e+01
3.700000000003116352e-01 2.046157972566054184e+01
3.900000000003112088e-01 2.013183452441676735e+01
4.100000000003107825e-01 2.082279833633490895e+01
4.300000000003103562e-01 2.098060642988319913e+01
4.500000000003099299e-01 2.119238723786348189e+01
4.700000000003095035e-01 2.121430926277420070e+01
4.900000000003090772e-01 2.154629290699761057e+01
5.100000000003086509e-01 2.153432174838345858e+01
5.300000000003082246e-01 2.120677268550473471e+01
5.500000000003077982e-01 2.180187750689201565e+01
5.700000000003073719e-01 2.226747982153403171e+01
5.900000000003069456e-01 2.188272320807749338e+01
6.100000000003065193e-01 2.326031974927941448e+01
6.300000000003060929e-01 2.330336739556297587e+01
6.500000000003056666e-01 2.378555723145871070e+01
6.700000000003052403e-01 2.327400171287709441e+01
6.900000000003048140e-01 2.385435698032318186e+01
7.100000000003043876e-01 2.360694155568237562e+01
7.300000000003039613e-01 2.360276972879340818e+01
7.500000000003035350e-01 2.381499185716425870e+01
7.700000000003031086e-01 2.422346467481036214e+01
7.900000000003026823e-01 2.496818937456743726e+01
8.100000000003022560e-01 2.451877836545912004e+01
8.300000000003018297e-01 2.553291997017148063e+01
8.500000000003014033e-01 2.531704031982206615e+01
8.700000000003009770e-01 2.587425219079743499e+01
8.900000000003005507e-01 2.489952588360830887e+01
9.100000000003001244e-01 2.608646715726315080e+01
9.300000000002996980e-01 2.641025768709612009e+01
9.500000000002992717e-01 2.702743152349158251e+01
9.700000000002988454e-01 2.731839609485330200e+01
9.900000000002984191e-01 2.784268682344561086e+01
1.010000000000297993e+00 2.951537917126403698e+01
1.030000000000297566e+00 2.851386861735420553e+01
1.050000000000297140e+00 2.911339944578446648e+01
1.070000000000296714e+00 2.949366627117597872e+01
1.090000000000296287e+00 2.868218403248454962e+01
1.110000000000295861e+00 2.880726329324660284e+01
1.130000000000295435e+00 2.860820963875242740e+01
1.150000000000295008e+00 3.017531568082842242e+01
1.170000000000294582e+00 2.970875709255690822e+01
1.190000000000294156e+00 2.961089661016300667e+01
1.210000000000293729e+00 3.081119229516403379e+01
1.230000000000293303e+00 2.981436594518904926e+01
1.250000000000292877e+00 3.050435906394210406e+01
1.270000000000292451e+00 2.972783897321617630e+01
1.290000000000292024e+00 3.084775208185646989e+01
1.310000000000291598e+00 3.033061912778512692e+01
1.330000000000291172e+00 3.126892685648497761e+01
1.350000000000290745e+00 3.109953133127678981e+01
1.370000000000290319e+00 3.173986231771889521e+01
1.390000000000289893e+00 3.058547686802985410e+01
1.410000000000289466e+00 3.197046281884507479e+01
1.430000000000289040e+00 3.219649192607866439e+01
1.450000000000288614e+00 3.232431768646803505e+01
1.470000000000288187e+00 3.219767671223829808e+01
1.490000000000287761e+00 3.248265316053746687e+01
1.510000000000287335e+00 3.296318860626770686e+01
1.530000000000286908e+00 3.199116154904768905e+01
1.550000000000286482e+00 3.266927167210466365e+01
1.570000000000286056e+00 3.330087123549934347e+01
1.590000000000285629e+00 3.227837286104405479e+01
1.610000000000285203e+00 3.315601498267155023e+01
1.630000000000284777e+00 3.307401386669440058e+01
1.650000000000284350e+00 3.317373517836776387e+01
1.670000000000283924e+00 3.368701990361674348e+01
1.690000000000283498e+00 3.348223668930677377e+01
1.710000000000283071e+00 3.359971514685849314e+01
1.730000000000282645e+00 3.437269938182173235e+01
1.750000000000282219e+00 3.328460172662325078e+01
1.770000000000281792e+00 3.512149143843496546e+01
1.790000000000281366e+00 3.455016684041897435e+01
1.810000000000280940e+00 3.408476079124212532e+01
1.830000000000280513e+00 3.422344967395770965e+01
1.850000000000280087e+00 3.377293268851473584e+01
1.870000000000279661e+00 3.486088428123908756e+01
1.890000000000279234e+00 3.434026202510884929e+01
1.910000000000278808e+00 3.431636752553814063e+01
1.930000000000278382e+00 3.495566384378852831e+01
1.950000000000277955e+00 3.448541538300902687e+01
1.970000000000277529e+00 3.412736320492901143e+01
1.990000000000277103e+00 3.494997327699190492e+01
2.010000000000276899e+00 3.466046993436044943e+01
2.030000000000276472e+00 3.547049569214807718e+01
2.050000000000276046e+00 3.452848700714079655e+01
2.070000000000275620e+00 3.549257876007993673e+01
2.090000000000275193e+00 3.521129769447667712e+01
2.110000000000274767e+00 3.513808357597793730e+01
2.130000000000274341e+00 3.581593757299202707e+01
2.150000000000273914e+00 3.480686109239114501e+01
2.170000000000273488e+00 3.563382867317699265e+01
2.190000000000273062e+00 3.642968300916569291e+01
2.210000000000272635e+00 3.410007359367885016e+01
2.230000000000272209e+00 3.581639151876314031e+01
2.250000000000271783e+00 3.493515398683641848e+01
2.270000000000271356e+00 3.548354129903652421e+01
2.290000000000270930e+00 3.435973251433701847e+01
2.310000000000270504e+00 3.529772411308962887e+01
2.330000000000270077e+00 3.504292752331642902e+01
2.350000000000269651e+00 3.466410537104096079e+01
2.370000000000269225e+00 3.488110136300994668e+01
2.390000000000268798e+00 3.551838225038184760e+01
2.410000000000268372e+00 3.504876842237193557e+01
2.430000000000267946e+00 3.545289126307705629e+01
2.450000000000267519e+00 3.510709806315961146e+01
2.470000000000267093e+00 3.491186832540696372e+01
2.490000000000266667e+00 3.516230066279139521e+01
2.510000000000266240e+00 3.449170778356339895e+01
2.530000000000265814e+00 3.629461225373987077e+01
2.550000000000265388e+00 3.504958209654967050e+01
2.570000000000264961e+00 3.487318894820400317e+01
2.590000000000264535e+00 3.537649620658528704e+01
2.610000000000264109e+00 3.543585087898523511e+01
2.630000000000263682e+00 3.557450108939558930e+01
2.650000000000263256e+00 3.504204608622595885e+01
2.670000000000262830e+00 3.522832973109443344e+01
2.690000000000262403e+00 3.545349646530326027e+01
2.710000000000261977e+00 3.521501842678215155e+01
2.730000000000261551e+00 3.510426575223881684e+01
2.750000000000261124e+00 3.629396645169644131e+01
2.770000000000260698e+00 3.523552906955530517e+01
2.790000000000260272e+00 3.540904801497389798e+01
2.810000000000259845e+00 3.580589142595594865e+01
2.830000000000259419e+00 3.657681887035698765e+01
2.850000000000258993e+00 3.544640499645438325e+01
2.870000000000258567e+00 3.559914183894555606e+01
2.890000000000258140e+00 3.655775570957792553e+01
2.910000000000257714e+00 3.561884605389468561e+01
2.930000000000257288e+00 3.624875809876178323e+01
2.950000000000256861e+00 3.518146571978422799e+01
2.970000000000256435e+00 3.595114485384096525e+01
2.990000000000256009e+00 3.600179886739009305e+01
3.010000000000255582e+00 3.590789423072185116e+01
3.030000000000255156e+00 3.561452188517976225e+01
3.050000000000254730e+00 3.574754632742801164e+01
3.070000000000254303e+00 3.562220603001524921e+01
3.090000000000253877e+00 3.568555478472728026e+01
3.110000000000253451e+00 3.532431695708776687e+01
3.130000000000253024e+00 3.544398533942047891e+01
3.150000000000252598e+00 3.586493941275435304e+01
3.170000000000252172e+00 3.519179645807651724e+01
3.190000000000251745e+00 3.508657228944625217e+01
3.210000000000251319e+00 3.527605127850122813e+01
3.230000000000250893e+00 3.546606501626569496e+01
3.250000000000250466e+00 3.430190978444219496e+01
3.270000000000250040e+00 3.468737384237925880e+01
3.290000000000249614e+00 3.439494968841307099e+01
3.310000000000249187e+00 3.444505987372546940e+01
3.330000000000248761e+00 3.446629805972215621e+01
3.350000000000248335e+00 3.445924261464890748e+01
3.370000000000247908e+00 3.321249575450524816e+01
3.390000000000247482e+00 3.438821766933377688e+01
3.410000000000247056e+00 3.396919279371290656e+01
3.430000000000246629e+00 3.269926322466696433e+01
3.450000000000246203e+00 3.358643957447588235e+01
3.470000000000245777e+00 3.262721438370844140e+01
3.490000000000245350e+00 3.307741965137341822e+01
3.510000000000244924e+00 3.227066684513856387e+01
3.530000000000244498e+00 3.198363794877606026e+01
3.550000000000244071e+00 3.170351554959146867e+01
3.570000000000243645e+00 3.229721868043421296e+01
3.590000000000243219e+00 3.177515580348421054e+01
3.610000000000242792e+00 3.175013806734835953e+01
3.630000000000242366e+00 3.137048839345809981e+01
3.650000000000241940e+00 3.117317309149393267e+01
3.670000000000241513e+00 3.099807881239738805e+01
3.690000000000241087e+00 3.055685960498759002e+01
3.710000000000240661e+00 3.070951260617063738e+01
3.730000000000240234e+00 3.029323730001982184e+01
3.750000000000239808e+00 3.028361388181102853e+01
3.770000000000239382e+00 3.057857354158171503e+01
3.790000000000238956e+00 3.005571569363980089e+01
3.810000000000238529e+00 2.916382647137184847e+01
3.830000000000238103e+00 3.021239121314959775e+01
3.850000000000237677e+00 2.985025456982666725e+01
3.870000000000237250e+00 2.976515861974325716e+01
3.890000000000236824e+00 2.906100290832370092e+01
3.910000000000236398e+00 2.997688770525659052e+01
3.930000000000235971e+00 2.900528998098927858e+01
3.950000000000235545e+00 2.965685752100531047e+01
3.970000000000235119e+00 2.916188027802138549e+01
3.990000000000234692e+00 2.899427763813912051e+01
4.010000000000234266e+00 2.940481848515232244e+01
4.030000000000233840e+00 2.887892755549991008e+01
4.050000000000233413e+00 2.901448577054563316e+01
4.070000000000232987e+00 2.904706189118002868e+01
4.090000000000232561e+00 2.927300380795563584e+01
4.110000000000232134e+00 2.896986930728236942e+01
4.130000000000231708e+00 2.881123305916131727e+01
4.150000000000231282e+00 2.929620857134339929e+01
4.170000000000230855e+00 2.872487178387681794e+01
4.190000000000230429e+00 2.923181203143419538e+01
4.210000000000230003e+00 2.915963226420372933e+01
4.230000000000229576e+00 2.870266180309828741e+01
4.250000000000229150e+00 2.923972003597394576e+01
4.270000000000228724e+00 2.892255864066195770e+01
4.290000000000228297e+00 2.856784031215483211e+01
4.310000000000227871e+00 2.985967799000431810e+01
4.330000000000227445e+00 2.901383113336846975e+01
4.350000000000227018e+00 2.922532706682326875e+01
4.370000000000226592e+00 2.924492212577727202e+01
4.390000000000226166e+00 2.883231470203488911e+01
4.410000000000225739e+00 2.954437168173791051e+01
4.430000000000225313e+00 3.018837014373749028e+01
4.450000000000224887e+00 2.952884792276923065e+01
4.470000000000224460e+00 2.956376570481391042e+01
4.490000000000224034e+00 3.036515958683365923e+01
4.510000000000223608e+00 2.988317250385381030e+01
4.530000000000223181e+00 3.037155942725931013e+01
4.550000000000222755e+00 3.041766977918987536e+01
4.570000000000222329e+00 3.139677672806174513e+01
4.590000000000221902e+00 3.078222652393396075e+01
4.610000000000221476e+00 3.195265669185417323e+01
4.630000000000221050e+00 3.184517458237894516e+01
4.650000000000220624e+00 3.189019424771013789e+01
4.670000000000220197e+00 3.164975592638063873e+01
4.690000000000219771e+00 3.277422209631875205e+01
4.710000000000219345e+00 3.239584171740044383e+01
4.730000000000218918e+00 3.287369924818768396e+01
4.750000000000218492e+00 3.319962784756694418e+01
4.770000000000218066e+00 3.346278613530970603e+01
4.790000000000217639e+00 3.379948624947407154e+01
4.810000000000217213e+00 3.446477512539289023e+01
4.830000000000216787e+00 3.469478954208629773e+01
4.850000000000216360e+00 3.467775274770119864e+01
4.870000000000215934e+00 3.560450215796424800e+01
4.890000000000215508e+00 3.562987324589646221e+01
4.910000000000215081e+00 3.592330414463700805e+01
4.930000000000214655e+00 3.670284962951468088e+01
4.950000000000214229e+00 3.720341046783134686e+01
4.970000000000213802e+00 3.750733405783605434e+01
4.990000000000213376e+00 3.811212380697972435e+01
5.010000000000212950e+00 3.826757401548918125e+01
5.030000000000212523e+00 3.877484630963275691e+01
5.050000000000212097e+00 3.951234072426842658e+01
5.070000000000211671e+00 4.019092039383242110e+01
5.090000000000211244e+00 4.006592262949371985e+01
5.110000000000210818e+00 4.092990982420618451e+01
5.130000000000210392e+00 4.174888757863998734e+01
5.150000000000209965e+00 4.165390447780527694e+01
5.170000000000209539e+00 4.273275231872263191e+01
5.190000000000209113e+00 4.260047114019085512e+01
5.210000000000208686e+00 4.360345793470248310e+01
5.230000000000208260e+00 4.408086521778798783e+01
5.250000000000207834e+00 4.436601700482751198e+01
5.270000000000207407e+00 4.522792773029182456e+01
5.290000000000206981e+00 4.556842123773729014e+01
5.310000000000206555e+00 4.602408739669935045e+01
5.330000000000206128e+00 4.662452854185612239e+01
5.350000000000205702e+00 4.715248078530596842e+01
5.370000000000205276e+00 4.760999841613249828e+01
5.390000000000204849e+00 4.774555354032969490e+01
5.410000000000204423e+00 4.901681518852451092e+01
5.430000000000203997e+00 4.891703143861222003e+01
5.450000000000203570e+00 4.952562962575442640e+01
5.470000000000203144e+00 4.993325414535897266e+01
5.490000000000202718e+00 5.039236867987597890e+01
5.510000000000202292e+00 5.092337067060918798e+01
5.530000000000201865e+00 5.154743480126098376e+01
5.550000000000201439e+00 5.131050436400712300e+01
5.570000000000201013e+00 5.237362576336892772e+01
5.590000000000200586e+00 5.237240745766453642e+01
5.610000000000200160e+00 5.298527938333872100e+01
5.630000000000199734e+00 5.304376524256196035e+01
5.650000000000199307e+00 5.380421902802647338e+01
5.670000000000198881e+00 5.393766180202445781e+01
5.690000000000198455e+00 5.403099266257421363e+01
5.710000000000198028e+00 5.444886964615810854e+01
5.730000000000197602e+00 5.494941553764027731e+01
5.750000000000197176e+00 5.524366165121130479e+01
5.770000000000196749e+00 5.546604467483194867e+01
5.790000000000196323e+00 5.574635663244814054e+01
5.810000000000195897e+00 5.589254444870623217e+01
5.830000000000195470e+00 5.617036022784561311e+01
5.850000000000195044e+00 5.642952849947545246e+01
5.870000000000194618e+00 5.638557204300588666e+01
5.890000000000194191e+00 5.706649982501156870e+01
5.910000000000193765e+00 5.615023332758661923e+01
5.930000000000193339e+00 5.657216632643497434e+01
5.950000000000192912e+00 5.629436346924415346e+01
5.970000000000192486e+00 5.560856993434003925e+01
5.990000000000192060e+00 5.606436207199205057e+01
6.010000000000191633e+00 5.616469375241589290e+01
6.030000000000191207e+00 5.531957518891217518e+01
6.050000000000190781e+00 5.511373282365867965e+01
6.070000000000190354e+00 5.515594416836341196e+01
6.090000000000189928e+00 5.516104225128187721e+01
6.110000000000189502e+00 5.488838327295866293e+01
6.130000000000189075e+00 5.478255447153217261e+01
6.150000000000188649e+00 5.416129374612818737e+01
6.170000000000188223e+00 5.398500693964223984e+01
6.190000000000187796e+00 5.379069546576489813e+01
6.210000000000187370e+00 5.340833790657440261e+01
6.230000000000186944e+00 5.289344922369181035e+01
6.250000000000186517e+00 5.239681962944343496e+01
6.270000000000186091e+00 5.268697678079394109e+01
6.290000000000185665e+00 5.212735446073320844e+01
6.310000000000185238e+00 5.157173809968743683e+01
6.330000000000184812e+00 5.080454039612094164e+01
6.350000000000184386e+00 5.065404329813213735e+01
6.370000000000183960e+00 5.069372429676261049e+01
6.390000000000183533e+00 5.002088639099377332e+01
6.410000000000183107e+00 4.973811809899530800e+01
6.430000000000182681e+00 4.902830799502224579e+01
6.450000000000182254e+00 4.872342887446571780e+01
6.470000000000181828e+00 4.824376393824879727e+01
6.490000000000181402e+00 4.773998340478372171e+01
6.510000000000180975e+00 4.718707586555797917e+01
6.530000000000180549e+00 4.646457230267932914e+01
6.550000000000180123e+00 4.634468859595004631e+01
6.570000000000179696e+00 4.584891671038811722e+01
6.590000000000179270e+00 4.484512313486148827e+01
6.610000000000178844e+00 4.490224794459270896e+01
6.630000000000178417e+00 4.396825039157223358e+01
6.650000000000177991e+00 4.380693099336176033e+01
6.670000000000177565e+00 4.341571144014530859e+01
6.690000000000177138e+00 4.186489289425705351e+01
6.710000000000176712e+00 4.202626925250876866e+01
6.730000000000176286e+00 4.148089613325864633e+01
6.750000000000175859e+00 4.098865533523802895e+01
6.770000000000175433e+00 4.039135025962165315e+01
6.790000000000175007e+00 3.973837692177607295e+01
6.810000000000174580e+00 3.867309210618023485e+01
6.830000000000174154e+00 3.818892468981128729e+01
6.850000000000173728e+00 3.788987865362511798e+01
6.870000000000173301e+00 3.734666969261800773e+01
6.890000000000172875e+00 3.643057341650681735e+01
6.910000000000172449e+00 3.608961340298711207e+01
6.930000000000172022e+00 3.567212706540199463e+01
6.950000000000171596e+00 3.491850134153297347e+01
6.970000000000171170e+00 3.436226956757290196e+01
6.990000000000170743e+00 3.319181002364490496e+01
7.010000000000170317e+00 3.308044225608890798e+01
7.030000000000169891e+00 3.279359909218714364e+01
7.050000000000169464e+00 3.214321559432021758e+01
7.070000000000169038e+00 3.122142871948597431e+01
7.090000000000168612e+00 3.094323127633585457e+01
7.110000000000168185e+00 3.062865194179408235e+01
7.130000000000167759e+00 2.966530203174195535e+01
7.150000000000167333e+00 2.927088157818206327e+01
7.170000000000166906e+00 2.892398884645401580e+01
7.190000000000166480e+00 2.819857652809028892e+01
7.210000000000166054e+00 2.775348253738257043e+01
7.230000000000165628e+00 2.768937169813132826e+01
7.250000000000165201e+00 2.673493036274638968e+01
7.270000000000164775e+00 2.652833179123010865e+01
7.290000000000164349e+00 2.566891447859310915e+01
7.310000000000163922e+00 2.583518182205480329e+01
7.330000000000163496e+00 2.524630190149905573e+01
7.350000000000163070e+00 2.459408695881734985e+01
7.370000000000162643e+00 2.427209005177577339e+01
7.390000000000162217e+00 2.369663077885268976e+01
7.410000000000161791e+00 2.363495750506070792e+01
7.430000000000161364e+00 2.280647219628668765e+01
7.450000000000160938e+00 2.276835862411718381e+01
7.470000000000160512e+00 2.245733817531482757e+01
7.490000000000160085e+00 2.232731914899069992e+01
7.510000000000159659e+00 2.166125678987723191e+01
7.530000000000159233e+00 2.117454073095587930e+01
7.550000000000158806e+00 2.111846638094580442e+01
7.570000000000158380e+00 2.061306283505411585e+01
7.590000000000157954e+00 2.054019021313355609e+01
7.610000000000157527e+00 2.015783585248768972e+01
7.630000000000157101e+00 1.968988096912952557e+01
7.650000000000156675e+00 1.935361197349362072e+01
7.670000000000156248e+00 1.923698878535460111e+01
7.690000000000155822e+00 1.871260668394896598e+01
7.710000000000155396e+00 1.871555938041942113e+01
7.730000000000154969e+00 1.820263369920121477e+01
7.750000000000154543e+00 1.813395696110278266e+01
7.770000000000154117e+00 1.767431894351980404e+01
7.790000000000153690e+00 1.752307020683435468e+01
7.810000000000153264e+00 1.728948432754725317e+01
7.830000000000152838e+00 1.721663924016814562e+01
7.850000000000152411e+00 1.679150861457727828e+01
7.870000000000151985e+00 1.645417551223284747e+01
7.890000000000151559e+00 1.633041003163352300e+01
7.910000000000151132e+00 1.612580367756518029e+01
7.930000000000150706e+00 1.606763483073994436e+01
7.950000000000150280e+00 1.568452139974728432e+01
7.970000000000149853e+00 1.547350610885298394e+01
7.990000000000149427e+00 1.528776806502616026e+01
8.010000000000149001e+00 1.513773501298379287e+01
8.030000000000148574e+00 1.492193767887474465e+01
8.050000000000148148e+00 1.462903057186831290e+01
8.070000000000147722e+00 1.437805953103176115e+01
8.090000000000147296e+00 1.443731579298892242e+01
8.110000000000146869e+00 1.428892015722226638e+01
8.130000000000146443e+00 1.381718661665459003e+01
8.150000000000146017e+00 1.394491350695085430e+01
8.170000000000145590e+00 1.373825801466942131e+01
8.190000000000145164e+00 1.346212016540633627e+01
8.210000000000144738e+00 1.332164318387608049e+01
8.230000000000144311e+00 1.308240686519422091e+01
8.250000000000143885e+00 1.295329487944465541e+01
8.270000000000143459e+00 1.288110838172051231e+01
8.290000000000143032e+00 1.257759480934251073e+01
8.310000000000142606e+00 1.252055148904440784e+01
8.330000000000142180e+00 1.248221489929039763e+01
8.350000000000141753e+00 1.234217409395304976e+01
8.370000000000141327e+00 1.195696711619873653e+01
8.390000000000140901e+00 1.208512541774784488e+01
8.410000000000140474e+00 1.180214615374138987e+01
8.430000000000140048e+00 1.160634574325165325e+01
8.450000000000139622e+00 1.140367271522034187e+01
8.470000000000139195e+00 1.120986097950719973e+01
8.490000000000138769e+00 1.110272788305301894e+01
8.510000000000138343e+00 1.100567783883536244e+01
8.530000000000137916e+00 1.096278095682999698e+01
8.550000000000137490e+00 1.073317283656009025e+01
8.570000000000137064e+00 1.052050419818788463e+01
8.590000000000136637e+00 1.045955090200244086e+01
8.610000000000136211e+00 1.028118525190740407e+01
8.630000000000135785e+00 9.996573544999519001e+00
8.650000000000135358e+00 9.936648793055491424e+00
8.670000000000134932e+00 9.863795254784587740e+00
8.690000000000134506e+00 9.657968378759536066e+00
8.710000000000134079e+00 9.661221412258726104e+00
8.730000000000133653e+00 9.379454418034802288e+00
8.750000000000133227e+00 9.257619914695792929e+00
8.770000000000132800e+00 9.213089720047712206e+00
8.790000000000132374e+00 9.028896491410183245e+00
8.810000000000131948e+00 9.100955402194706778e+00
8.830000000000131521e+00 8.806319540052802708e+00
8.850000000000131095e+00 8.730240512848386203e+00
8.870000000000130669e+00 8.525927588007979452e+00
8.890000000000130242e+00 8.447191151226769890e+00
8.910000000000129816e+00 8.342156837438572836e+00
8.930000000000129390e+00 8.175506316999898715e+00
8.950000000000128964e+00 8.169511864116099531e+00
8.970000000000128537e+00 8.052369559465745397e+00
8.990000000000128111e+00 7.849574486108259919e+00
9.010000000000127685e+00 7.712421116781245978e+00
9.030000000000127258e+00 7.614811691112668868e+00
9.050000000000126832e+00 7.640437144076038578e+00
9.070000000000126406e+00 7.429578239445231880e+00
9.090000000000125979e+00 7.282997150975243805e+00
9.110000000000125553e+00 7.282857184347194313e+00
9.130000000000125127e+00 7.174432240814875072e+00
9.150000000000124700e+00 6.963909739142834177e+00
9.170000000000124274e+00 6.914801955385509125e+00
9.190000000000123848e+00 6.888194412211714024e+00
9.210000000000123421e+00 6.735151247152738385e+00
9.230000000000122995e+00 6.672165102187969765e+00
9.250000000000122569e+00 6.638840298955335228e+00
9.270000000000122142e+00 6.501929729254226409e+00
9.290000000000121716e+00 6.405184975702664651e+00
9.310000000000121290e+00 6.284176775410775129e+00
9.330000000000120863e+00 6.242457291368784134e+00
9.350000000000120437e+00 6.129456432544895250e+00
9.370000000000120011e+00 6.105637274013492544e+00
9.390000000000119584e+00 5.969117053295725839e+00
9.410000000000119158e+00 5.982380661797333410e+00
9.430000000000118732e+00 5.870665798058764651e+00
9.450000000000118305e+00 5.832355805449603636e+00
9.470000000000117879e+00 5.687869722064329281e+00
9.490000000000117453e+00 5.706602928116329743e+00
9.510000000000117026e+00 5.600523605806306371e+00
9.530000000000116600e+00 5.483002641825744483e+00
9.550000000000116174e+00 5.428800440918416292e+00
9.570000000000115747e+00 5.448801589822618752e+00
9.590000000000115321e+00 5.317344679112652628e+00
9.610000000000114895e+00 5.330655174379988814e+00
9.630000000000114468e+00 5.213828005921754993e+00
9.650000000000114042e+00 5.209113987885867658e+00
9.670000000000113616e+00 5.113445430791267121e+00
9.690000000000113189e+00 5.082254926853009280e+00
9.710000000000112763e+00 4.953404829705469581e+00
9.730000000000112337e+00 4.953110213945879359e+00
9.750000000000111910e+00 4.803296979728695071e+00
9.770000000000111484e+00 4.883372835337109308e+00
9.790000000000111058e+00 4.751003690153948078e+00
9.810000000000110632e+00 4.772693004537349459e+00
9.830000000000110205e+00 4.719851577308294743e+00
9.850000000000109779e+00 4.676017351796262211e+00
9.870000000000109353e+00 4.579325264542084106e+00
9.890000000000108926e+00 4.564306120588896398e+00
9.910000000000108500e+00 4.559417207824352225e+00
9.930000000000108074e+00 4.499908349576778654e+00
9.950000000000107647e+00 4.525585332812126715e+00
9.970000000000107221e+00 4.445601029409495197e+00
9.990000000000106795e+00 4.423412577834773707e+00
1.001000000000010637e+01 4.387691956453077857e+00
1.003000000000010594e+01 4.420117938651725531e+00
1.005000000000010552e+01 4.302360530939615124e+00
1.007000000000010509e+01 4.318610328012204569e+00
1.009000000000010466e+01 4.326755179499653714e+00
1.011000000000010424e+01 4.299765712698449427e+00
1.013000000000010381e+01 4.256509335501958979e+00
1.015000000000010338e+01 4.263067727108326821e+00
1.017000000000010296e+01 4.234446964364705579e+00
1.019000000000010253e+01 4.146679330946191122e+00
1.021000000000010210e+01 4.184336818269195568e+00
1.023000000000010168e+01 4.197570530637351638e+00
1.025000000000010125e+01 4.148545877616382604e+00
1.027000000000010083e+01 4.194108510796532130e+00
1.029000000000010040e+01 4.129366176168055347e+00
1.031000000000009997e+01 4.151554090213698700e+00
1.033000000000009955e+01 4.066671563943702772e+00
1.035000000000009912e+01 4.129450709557069388e+00
1.037000000000009869e+01 4.095889107656206285e+00
1.039000000000009827e+01 4.070632314459933454e+00
1.041000000000009784e+01 4.074095132153525256e+00
1.043000000000009742e+01 4.050917995078902933e+00
1.045000000000009699e+01 4.009390606124883405e+00
1.047000000000009656e+01 4.015854790430887888e+00
1.049000000000009614e+01 4.155480339118811095e+00
1.051000000000009571e+01 4.031139760782613379e+00
1.053000000000009528e+01 3.995845422367310551e+00
1.055000000000009486e+01 3.979631152936991434e+00
1.057000000000009443e+01 3.903975780739134649e+00
1.059000000000009400e+01 4.002050120876047501e+00
1.061000000000009358e+01 3.966552124091410558e+00
1.063000000000009315e+01 3.897602935062511431e+00
1.065000000000009273e+01 3.890977339723418194e+00
1.067000000000009230e+01 3.881418131938711102e+00
1.069000000000009187e+01 3.875959578609938117e+00
1.071000000000009145e+01 3.838775320393062795e+00
1.073000000000009102e+01 3.818430869262115390e+00
1.075000000000009059e+01 3.742865139086633874e+00
1.077000000000009017e+01 3.816050191611899400e+00
1.079000000000008974e+01 3.734362578013184830e+00
1.081000000000008932e+01 3.678888592310564309e+00
1.083000000000008889e+01 3.711709708087029824e+00
1.085000000000008846e+01 3.611714039397811771e+00
1.087000000000008804e+01 3.697444015777805681e+00
1.089000000000008761e+01 3.582708469511832750e+00
1.091000000000008718e+01 3.560984496393782450e+00
1.093000000000008676e+01 3.567388650469842215e+00
1.095000000000008633e+01 3.507740199355290134e+00
1.097000000000008590e+01 3.495798031330342059e+00
1.099000000000008548e+01 3.432416723063341557e+00
1.101000000000008505e+01 3.417437051636643464e+00
1.103000000000008463e+01 3.436133585621410802e+00
1.105000000000008420e+01 3.306169236485596130e+00
1.107000000000008377e+01 3.298654544988163018e+00
1.109000000000008335e+01 3.284678460571525793e+00
1.111000000000008292e+01 3.192848607960887541e+00
1.113000000000008249e+01 3.166170709872432099e+00
1.115000000000008207e+01 3.138309582314909640e+00
1.117000000000008164e+01 3.146474871903348625e+00
1.119000000000008122e+01 3.071848900061061372e+00
1.121000000000008079e+01 2.972785006790601869e+00
1.123000000000008036e+01 2.970002191926278012e+00
1.125000000000007994e+01 2.934288000596620094e+00
1.127000000000007951e+01 2.876215000346213024e+00
1.129000000000007908e+01 2.859444920439342841e+00
1.131000000000007866e+01 2.801784526095736361e+00
1.133000000000007823e+01 2.798940171136615085e+00
1.135000000000007780e+01 2.750851440107027202e+00
1.137000000000007738e+01 2.658892069692715410e+00
1.139000000000007695e+01 2.665073084623649002e+00
1.141000000000007653e+01 2.654213425509421853e+00
1.143000000000007610e+01 2.552337540900989410e+00
1.145000000000007567e+01 2.513855316826605790e+00
1.147000000000007525e+01 2.501886208616775686e+00
1.149000000000007482e+01 2.417263478240067265e+00
1.151000000000007439e+01 2.431091398298597994e+00
1.153000000000007397e+01 2.386107453268809575e+00
1.155000000000007354e+01 2.327757099869730339e+00
1.157000000000007311e+01 2.311414639963476070e+00
1.159000000000007269e+01 2.221691678824806893e+00
1.161000000000007226e+01 2.232698274170068942e+00
1.163000000000007184e+01 2.198537073015242704e+00
1.165000000000007141e+01 2.137616194164541739e+00
1.167000000000007098e+01 2.111619394161580843e+00
1.169000000000007056e+01 2.125430371894982073e+00
1.171000000000007013e+01 2.070697532168325417e+00
1.173000000000006970e+01 2.030755221507583919e+00
1.175000000000006928e+01 2.002196792055851216e+00
1.177000000000006885e+01 1.994378878157717194e+00
1.179000000000006843e+01 1.956488087556194744e+00
1.181000000000006800e+01 1.896939244909502831e+00
1.183000000000006757e+01 1.891522608313296772e+00
1.185000000000006715e+01 1.892613114873935576e+00
1.187000000000006672e+01 1.862277689490320798e+00
1.189000000000006629e+01 1.818773156589936546e+00
1.191000000000006587e+01 1.796120736849582178e+00
1.193000000000006544e+01 1.770120615162783295e+00
1.195000000000006501e+01 1.723670259717010156e+00
1.197000000000006459e+01 1.732417528972780119e+00
1.199000000000006416e+01 1.723759215812336931e+00
1.201000000000006374e+01 1.689639086014056213e+00
1.203000000000006331e+01 1.718423539880163053e+00
1.205000000000006288e+01 1.660845749973574259e+00
1.207000000000006246e+01 1.636526992714778306e+00
1.209000000000006203e+01 1.624158396385679382e+00
1.211000000000006160e+01 1.614218294388345853e+00
1.213000000000006118e+01 1.591963991927075606e+00
1.215000000000006075e+01 1.570763146960267198e+00
1.217000000000006033e+01 1.598822851763874286e+00
1.219000000000005990e+01 1.570826873704644466e+00
1.221000000000005947e+01 1.517649636353981757e+00
1.223000000000005905e+01 1.518850982554163176e+00
1.225000000000005862e+01 1.498143887691081755e+00
1.227000000000005819e+01 1.450650621867348278e+00
1.229000000000005777e+01 1.451366748142995933e+00
1.231000000000005734e+01 1.460356928299567425e+00
1.233000000000005691e+01 1.440489956657590387e+00
1.235000000000005649e+01 1.409598099355547252e+00
1.237000000000005606e+01 1.422531323155678207e+00
1.239000000000005564e+01 1.373610641597541981e+00
1.241000000000005521e+01 1.389042852519804194e+00
1.243000000000005478e+01 1.385018178963787205e+00
1.245000000000005436e+01 1.376819190621569433e+00
1.247000000000005393e+01 1.328344741226443304e+00
1.249000000000005350e+01 1.341761359570413426e+00
1.251000000000005308e+01 1.311925136594135344e+00
1.253000000000005265e+01 1.327668049883640178e+00
1.255000000000005222e+01 1.256982603689740019e+00
1.257000000000005180e+01 1.292612067236948992e+00
1.259000000000005137e+01 1.267455257471825858e+00
1.261000000000005095e+01 1.235145038542762475e+00
1.263000000000005052e+01 1.233872217338002786e+00
1.265000000000005009e+01 1.213508888561374288e+00
1.267000000000004967e+01 1.231704657357723942e+00
1.269000000000004924e+01 1.218391259603781585e+00
1.271000000000004881e+01 1.174679159630869885e+00
1.273000000000004839e+01 1.170522445885203489e+00
1.275000000000004796e+01 1.188655421951299918e+00
1.277000000000004754e+01 1.160982397204064709e+00
1.279000000000004711e+01 1.141275108034450758e+00
1.281000000000004668e+01 1.155264608080050381e+00
1.283000000000004626e+01 1.121438779849119216e+00
1.285000000000004583e+01 1.107780153127150280e+00
1.287000000000004540e+01 1.096987058857895381e+00
1.289000000000004498e+01 1.093752076175735111e+00
1.291000000000004455e+01 1.077910785527175896e+00
1.293000000000004412e+01 1.088009154857464189e+00
1.295000000000004370e+01 1.052699325595432445e+00
1.297000000000004327e+01 1.082388615914861463e+00
1.299000000000004285e+01 1.030839429060065093e+00
1.301000000000004242e+01 1.034668370160184647e+00
1.303000000000004199e+01 1.054619680996097486e+00
1.305000000000004157e+01 1.043220580046762214e+00
1.307000000000004114e+01 1.010730370108583243e+00
1.309000000000004071e+01 1.004295956278087765e+00
1.311000000000004029e+01 9.647037838082885841e-01
1.313000000000003986e+01 1.016780602952675139e+00
1.315000000000003944e+01 9.992819755834426720e-01
1.317000000000003901e+01 9.672942258289625173e-01
1.319000000000003858e+01 9.616516896166976691e-01
1.321000000000003816e+01 9.692013092051131595e-01
1.323000000000003773e+01 9.358368558075665922e-01
1.325000000000003730e+01 9.150956740043664217e-01
1.327000000000003688e+01 8.912797717629962202e-01
1.329000000000003645e+01 9.128795112943218770e-01
1.331000000000003602e+01 9.004232297894183557e-01
1.333000000000003560e+01 9.065934495369791790e-01
1.335000000000003517e+01 8.982025850710030346e-01
1.337000000000003475e+01 8.714112054694319598e-01
1.339000000000003432e+01 8.563922685129687906e-01
1.341000000000003389e+01 8.530774712498976342e-01
1.343000000000003347e+01 8.292843724040726006e-01
1.345000000000003304e+01 8.445394302598309144e-01
1.347000000000003261e+01 8.332877032792882499e-01
1.349000000000003219e+01 8.522159894360259447e-01
1.351000000000003176e+01 7.896350043972466537e-01
1.353000000000003133e+01 7.877047945465941448e-01
1.355000000000003091e+01 7.485034595789042955e-01
1.357000000000003048e+01 7.484215457915354142e-01
1.359000000000003006e+01 7.481547472547446231e-01
1.361000000000002963e+01 7.599824073761825005e-01
1.363000000000002920e+01 7.309779203035139394e-01
1.365000000000002878e+01 7.152127241742475272e-01
1.367000000000002835e+01 7.194822796765653061e-01
1.369000000000002792e+01 7.172877819752007111e-01
1.371000000000002750e+01 7.043683230225608050e-01
1.373000000000002707e+01 7.033011686405633567e-01
1.375000000000002665e+01 6.981460486352396577e-01
1.377000000000002622e+01 6.854394863983193087e-01
1.379000000000002579e+01 6.814527611703922183e-01
1.381000000000002537e+01 6.480078039942294144e-01
1.383000000000002494e+01 6.293617939144026119e-01
1.385000000000002451e+01 6.384479654015288164e-01
1.387000000000002409e+01 6.495826115233483966e-01
1.389000000000002366e+01 6.241075800157444009e-01
1.391000000000002323e+01 6.267795725608581447e-01
1.393000000000002281e+01 6.186913731759281498e-01
1.395000000000002238e+01 5.856581515082326383e-01
1.397000000000002196e+01 5.771084382510192068e-01
1.399000000000002153e+01 5.812552593023267988e-01
1.401000000000002110e+01 5.525476034598235664e-01
1.403000000000002068e+01 5.807556594864131672e-01
1.405000000000002025e+01 5.761933998845023552e-01
1.407000000000001982e+01 5.685651950770722607e-01
1.409000000000001940e+01 5.569491833953078563e-01
1.411000000000001897e+01 5.358643176476359793e-01
1.413000000000001855e+01 5.452961219117136160e-01
1.415000000000001812e+01 5.253900038130516759e-01
1.417000000000001769e+01 5.127393361658522108e-01
1.419000000000001727e+01 4.996761318283176045e-01
1.421000000000001684e+01 4.922310942686529134e-01
1.423000000000001641e+01 4.852758412502446994e-01
1.425000000000001599e+01 4.641302057479073651e-01
1.427000000000001556e+01 4.708050412516029404e-01
1.429000000000001513e+01 4.517414748618598930e-01
1.431000000000001471e+01 4.396615624043063164e-01
1.433000000000001428e+01 4.550680695796866515e-01
1.435000000000001386e+01 4.247744296998109959e-01
1.437000000000001343e+01 4.183924588394578592e-01
1.439000000000001300e+01 3.937296878488849017e-01
1.441000000000001258e+01 3.787984757253023416e-01
1.443000000000001215e+01 3.554497305872524882e-01
1.445000000000001172e+01 3.297563399707230669e-01
1.447000000000001130e+01 3.231106220205521296e-01
1.449000000000001087e+01 3.195910546698778054e-01
1.451000000000001044e+01 2.828399449051907100e-01
1.453000000000001002e+01 2.543332003981055855e-01
1.455000000000000959e+01 1.773661751997355762e-01
1.457000000000000917e+01 1.306627174216258569e-01
1.459000000000000874e+01 9.724628266742946225e-02
1.461000000000000831e+01 8.320700054297718029e-02
1.463000000000000789e+01 6.367524569334236106e-02
1.465000000000000746e+01 2.498582980772834708e-02
1.467000000000000703e+01 1.111427695091078173e-02
1.469000000000000661e+01 2.782116529383956219e-03
1.471000000000000618e+01 0.000000000000000000e+00
1.473000000000000576e+01 0.000000000000000000e+00
1.475000000000000533e+01 0.000000000000000000e+00
1.477000000000000490e+01 0.000000000000000000e+00
1.479000000000000448e+01 0.000000000000000000e+00
1.481000000000000405e+01 0.000000000000000000e+00
1.483000000000000362e+01 0.000000000000000000e+00
1.485000000000000320e+01 0.000000000000000000e+00
1.487000000000000277e+01 0.000000000000000000e+00
1.489000000000000234e+01 0.000000000000000000e+00
1.491000000000000192e+01 0.000000000000000000e+00
1.493000000000000149e+01 0.000000000000000000e+00
1.495000000000000107e+01 0.000000000000000000e+00
1.497000000000000064e+01 0.000000000000000000e+00
1.499000000000000021e+01 0.000000000000000000e+00
