# Redshift		Merger Rate Density [Gpc^-3yr^-1]
1.000000000031931770e-02 2.496658325221293495e+01
3.000000000031888964e-02 2.535128266667987518e+01
5.000000000031846331e-02 2.576265530417838789e+01
7.000000000031804392e-02 2.519111506038373705e+01
9.000000000031761760e-02 2.527899041258442736e+01
1.100000000003171913e-01 2.584053228790781986e+01
1.300000000003167511e-01 2.591695789271942374e+01
1.500000000003163247e-01 2.612351512834284506e+01
1.700000000003158984e-01 2.687456731968441659e+01
1.900000000003154721e-01 2.752982942442710979e+01
2.100000000003150458e-01 2.729825965038694591e+01
2.300000000003146194e-01 2.826950570123521445e+01
2.500000000003141931e-01 2.933052103455062820e+01
2.700000000003137668e-01 2.949050802511755620e+01
2.900000000003133405e-01 3.018299324489692026e+01
3.100000000003129141e-01 3.075855392130636545e+01
3.300000000003124878e-01 3.131566963914796631e+01
3.500000000003120615e-01 3.243481434997001145e+01
3.700000000003116352e-01 3.210592756935640324e+01
3.900000000003112088e-01 3.230654487596395796e+01
4.100000000003107825e-01 3.237125855735641977e+01
4.300000000003103562e-01 3.302499239242283124e+01
4.500000000003099299e-01 3.278935517506083386e+01
4.700000000003095035e-01 3.440081247790411112e+01
4.900000000003090772e-01 3.391906789611103079e+01
5.100000000003086509e-01 3.529142600188944101e+01
5.300000000003082246e-01 3.552561808000517374e+01
5.500000000003077982e-01 3.553199356974231904e+01
5.700000000003073719e-01 3.698174488861465647e+01
5.900000000003069456e-01 3.620524448667170958e+01
6.100000000003065193e-01 3.721530762528497149e+01
6.300000000003060929e-01 3.764656515203726173e+01
6.500000000003056666e-01 3.748709670022650897e+01
6.700000000003052403e-01 3.797871589251253965e+01
6.900000000003048140e-01 3.792579642764343362e+01
7.100000000003043876e-01 3.796276777821537252e+01
7.300000000003039613e-01 3.813972414049751336e+01
7.500000000003035350e-01 3.871981984490392392e+01
7.700000000003031086e-01 3.998310171428393289e+01
7.900000000003026823e-01 4.011253018699759565e+01
8.100000000003022560e-01 4.128210332150549533e+01
8.300000000003018297e-01 4.155617754178214085e+01
8.500000000003014033e-01 4.233172407130310688e+01
8.700000000003009770e-01 4.323934381162563767e+01
8.900000000003005507e-01 4.276346515938438131e+01
9.100000000003001244e-01 4.380996611548323472e+01
9.300000000002996980e-01 4.365920196225430061e+01
9.500000000002992717e-01 4.384630874205925721e+01
9.700000000002988454e-01 4.406026681332129868e+01
9.900000000002984191e-01 4.364723786411273920e+01
1.010000000000297993e+00 4.418412978487020126e+01
1.030000000000297566e+00 4.354784112073640046e+01
1.050000000000297140e+00 4.443594881773956473e+01
1.070000000000296714e+00 4.371831002005719569e+01
1.090000000000296287e+00 4.445042178068558769e+01
1.110000000000295861e+00 4.417418928421812296e+01
1.130000000000295435e+00 4.543486451219989419e+01
1.150000000000295008e+00 4.383928041159788336e+01
1.170000000000294582e+00 4.555767056195789166e+01
1.190000000000294156e+00 4.523009561024001357e+01
1.210000000000293729e+00 4.550029008448834134e+01
1.230000000000293303e+00 4.537523773084876666e+01
1.250000000000292877e+00 4.607334500239447550e+01
1.270000000000292451e+00 4.656176460192902766e+01
1.290000000000292024e+00 4.579326432311622597e+01
1.310000000000291598e+00 4.666027249465332716e+01
1.330000000000291172e+00 4.748237645225730574e+01
1.350000000000290745e+00 4.629003532443648083e+01
1.370000000000290319e+00 4.748812680439872480e+01
1.390000000000289893e+00 4.708227599503967298e+01
1.410000000000289466e+00 4.765806558957651617e+01
1.430000000000289040e+00 4.743120106576628103e+01
1.450000000000288614e+00 4.734240315944814625e+01
1.470000000000288187e+00 4.859784404056139806e+01
1.490000000000287761e+00 4.806896934928468568e+01
1.510000000000287335e+00 4.751816642932671186e+01
1.530000000000286908e+00 4.851681318329260506e+01
1.550000000000286482e+00 4.720904069893779820e+01
1.570000000000286056e+00 4.814101040251182440e+01
1.590000000000285629e+00 4.771671171172076953e+01
1.610000000000285203e+00 4.761520270296257706e+01
1.630000000000284777e+00 4.715869468297417910e+01
1.650000000000284350e+00 4.808441612521976793e+01
1.670000000000283924e+00 4.682615725185358713e+01
1.690000000000283498e+00 4.759996023463192216e+01
1.710000000000283071e+00 4.744783362722026254e+01
1.730000000000282645e+00 4.730978080767891925e+01
1.750000000000282219e+00 4.761403852505246448e+01
1.770000000000281792e+00 4.764173681760821211e+01
1.790000000000281366e+00 4.724502442482899767e+01
1.810000000000280940e+00 4.715710562243358339e+01
1.830000000000280513e+00 4.748409072220453453e+01
1.850000000000280087e+00 4.853947717608414791e+01
1.870000000000279661e+00 4.636923828875100639e+01
1.890000000000279234e+00 4.721003856921834085e+01
1.910000000000278808e+00 4.593194435666267594e+01
1.930000000000278382e+00 4.727575203843036178e+01
1.950000000000277955e+00 4.669320889971655220e+01
1.970000000000277529e+00 4.649308152450785059e+01
1.990000000000277103e+00 4.636671102152784130e+01
2.010000000000276899e+00 4.731146156853801443e+01
2.030000000000276472e+00 4.641217445438003608e+01
2.050000000000276046e+00 4.575580810245048724e+01
2.070000000000275620e+00 4.653860996529256511e+01
2.090000000000275193e+00 4.666496159187735060e+01
2.110000000000274767e+00 4.552138632102381166e+01
2.130000000000274341e+00 4.668354932744835395e+01
2.150000000000273914e+00 4.612819007865541465e+01
2.170000000000273488e+00 4.528485553945529318e+01
2.190000000000273062e+00 4.566253491982896406e+01
2.210000000000272635e+00 4.593477734519807143e+01
2.230000000000272209e+00 4.553818112682874641e+01
2.250000000000271783e+00 4.541433877546451470e+01
2.270000000000271356e+00 4.409641903007467079e+01
2.290000000000270930e+00 4.464466258282364208e+01
2.310000000000270504e+00 4.519116965052648283e+01
2.330000000000270077e+00 4.346748600929632289e+01
2.350000000000269651e+00 4.461604543120951405e+01
2.370000000000269225e+00 4.387729987492591732e+01
2.390000000000268798e+00 4.396917447140143764e+01
2.410000000000268372e+00 4.313733632076234414e+01
2.430000000000267946e+00 4.431421733300368260e+01
2.450000000000267519e+00 4.418982281336217710e+01
2.470000000000267093e+00 4.325883521094379347e+01
2.490000000000266667e+00 4.415252281718893812e+01
2.510000000000266240e+00 4.289361875016794556e+01
2.530000000000265814e+00 4.439085525916357966e+01
2.550000000000265388e+00 4.376716458760750328e+01
2.570000000000264961e+00 4.429685723805389586e+01
2.590000000000264535e+00 4.358543664306264276e+01
2.610000000000264109e+00 4.356925946987956166e+01
2.630000000000263682e+00 4.423549196166418085e+01
2.650000000000263256e+00 4.433572910449489513e+01
2.670000000000262830e+00 4.262782797534239876e+01
2.690000000000262403e+00 4.476056096165901010e+01
2.710000000000261977e+00 4.370848655723733600e+01
2.730000000000261551e+00 4.427286476651482161e+01
2.750000000000261124e+00 4.394899170931524424e+01
2.770000000000260698e+00 4.415025274268872124e+01
2.790000000000260272e+00 4.484241514315976218e+01
2.810000000000259845e+00 4.431035348231716142e+01
2.830000000000259419e+00 4.442760183384103811e+01
2.850000000000258993e+00 4.451243997883503312e+01
2.870000000000258567e+00 4.462767229875876751e+01
2.890000000000258140e+00 4.500655468636603729e+01
2.910000000000257714e+00 4.472014303926646761e+01
2.930000000000257288e+00 4.570318831076211552e+01
2.950000000000256861e+00 4.428998792389140959e+01
2.970000000000256435e+00 4.545434516939121039e+01
2.990000000000256009e+00 4.576551734481730449e+01
3.010000000000255582e+00 4.605235652970945637e+01
3.030000000000255156e+00 4.477782155436973710e+01
3.050000000000254730e+00 4.561363602275744000e+01
3.070000000000254303e+00 4.583006652700084516e+01
3.090000000000253877e+00 4.626935706555472194e+01
3.110000000000253451e+00 4.599290390444225807e+01
3.130000000000253024e+00 4.627656932851112970e+01
3.150000000000252598e+00 4.634149881697666018e+01
3.170000000000252172e+00 4.704209154060536235e+01
3.190000000000251745e+00 4.676250451412392550e+01
3.210000000000251319e+00 4.660564731073984035e+01
3.230000000000250893e+00 4.739028885288026061e+01
3.250000000000250466e+00 4.758984672978238706e+01
3.270000000000250040e+00 4.797263650585396988e+01
3.290000000000249614e+00 4.808911662300129564e+01
3.310000000000249187e+00 4.812004831785138492e+01
3.330000000000248761e+00 4.859092929960275598e+01
3.350000000000248335e+00 4.888092986620596747e+01
3.370000000000247908e+00 4.879130242537033979e+01
3.390000000000247482e+00 5.014605337596271539e+01
3.410000000000247056e+00 4.950968499036670778e+01
3.430000000000246629e+00 4.986647202077688235e+01
3.450000000000246203e+00 5.078010948426975091e+01
3.470000000000245777e+00 5.057051118404611145e+01
3.490000000000245350e+00 5.151137419126988704e+01
3.510000000000244924e+00 5.187350871103357264e+01
3.530000000000244498e+00 5.154971042990964492e+01
3.550000000000244071e+00 5.268120592500714849e+01
3.570000000000243645e+00 5.273729783734466992e+01
3.590000000000243219e+00 5.393005217621657010e+01
3.610000000000242792e+00 5.342376160265195040e+01
3.630000000000242366e+00 5.432941196859555077e+01
3.650000000000241940e+00 5.445254944234336847e+01
3.670000000000241513e+00 5.528050658149953023e+01
3.690000000000241087e+00 5.466442296033878279e+01
3.710000000000240661e+00 5.718687989080070366e+01
3.730000000000240234e+00 5.617132698777882638e+01
3.750000000000239808e+00 5.682478733216277078e+01
3.770000000000239382e+00 5.723120135142276865e+01
3.790000000000238956e+00 5.843344591161766033e+01
3.810000000000238529e+00 5.775983911702237350e+01
3.830000000000238103e+00 5.891233050555196371e+01
3.850000000000237677e+00 5.900674713938475691e+01
3.870000000000237250e+00 6.021418295576677338e+01
3.890000000000236824e+00 6.018430673603079128e+01
3.910000000000236398e+00 6.050929402596968032e+01
3.930000000000235971e+00 6.147019897213476014e+01
3.950000000000235545e+00 6.108175558450469822e+01
3.970000000000235119e+00 6.139031052131052490e+01
3.990000000000234692e+00 6.291060235654675381e+01
4.010000000000234266e+00 6.260884174022597648e+01
4.030000000000233840e+00 6.355408592914273669e+01
4.050000000000233413e+00 6.338625080407670964e+01
4.070000000000232987e+00 6.340336189054855254e+01
4.090000000000232561e+00 6.424155951153596789e+01
4.110000000000232134e+00 6.511007941865163673e+01
4.130000000000231708e+00 6.443983081469467322e+01
4.150000000000231282e+00 6.545168871144821310e+01
4.170000000000230855e+00 6.569225479692303793e+01
4.190000000000230429e+00 6.574900873543772661e+01
4.210000000000230003e+00 6.621301936788999853e+01
4.230000000000229576e+00 6.538551370862339240e+01
4.250000000000229150e+00 6.672049407372561802e+01
4.270000000000228724e+00 6.572707655364234824e+01
4.290000000000228297e+00 6.734340292139158635e+01
4.310000000000227871e+00 6.756390061967785243e+01
4.330000000000227445e+00 6.669230779543235599e+01
4.350000000000227018e+00 6.689893006169900502e+01
4.370000000000226592e+00 6.647082595549001383e+01
4.390000000000226166e+00 6.788257898760454623e+01
4.410000000000225739e+00 6.649546306660636219e+01
4.430000000000225313e+00 6.761529238304078149e+01
4.450000000000224887e+00 6.738649025285054961e+01
4.470000000000224460e+00 6.711053393281976298e+01
4.490000000000224034e+00 6.793376078735352053e+01
4.510000000000223608e+00 6.608284302784660724e+01
4.530000000000223181e+00 6.671454981875940859e+01
4.550000000000222755e+00 6.765077366558200822e+01
4.570000000000222329e+00 6.659830034693206358e+01
4.590000000000221902e+00 6.575244996754932458e+01
4.610000000000221476e+00 6.704848421466175523e+01
4.630000000000221050e+00 6.645048871680121749e+01
4.650000000000220624e+00 6.631635114033313982e+01
4.670000000000220197e+00 6.568251587806224734e+01
4.690000000000219771e+00 6.611625408317347308e+01
4.710000000000219345e+00 6.487106941569116714e+01
4.730000000000218918e+00 6.533917780469194270e+01
4.750000000000218492e+00 6.564753853247805182e+01
4.770000000000218066e+00 6.476600329383990129e+01
4.790000000000217639e+00 6.465377986538861421e+01
4.810000000000217213e+00 6.431813317903153404e+01
4.830000000000216787e+00 6.513369636742157809e+01
4.850000000000216360e+00 6.350341085174464695e+01
4.870000000000215934e+00 6.342443356424711709e+01
4.890000000000215508e+00 6.278971388780914253e+01
4.910000000000215081e+00 6.284121262792929485e+01
4.930000000000214655e+00 6.270613343613689494e+01
4.950000000000214229e+00 6.235213878631267193e+01
4.970000000000213802e+00 6.185180662477105074e+01
4.990000000000213376e+00 6.169366963166944373e+01
5.010000000000212950e+00 6.165090399704886437e+01
5.030000000000212523e+00 6.111192026186453319e+01
5.050000000000212097e+00 6.022137386862962671e+01
5.070000000000211671e+00 6.042331890480035383e+01
5.090000000000211244e+00 6.017530572001238909e+01
5.110000000000210818e+00 5.935331261681498916e+01
5.130000000000210392e+00 5.867918312896767219e+01
5.150000000000209965e+00 5.824260969085814565e+01
5.170000000000209539e+00 5.846303884152755614e+01
5.190000000000209113e+00 5.845069450059060046e+01
5.210000000000208686e+00 5.726299563597108033e+01
5.230000000000208260e+00 5.648686931258247768e+01
5.250000000000207834e+00 5.644096852258930852e+01
5.270000000000207407e+00 5.662206208251895134e+01
5.290000000000206981e+00 5.659419973522692970e+01
5.310000000000206555e+00 5.472953825721876342e+01
5.330000000000206128e+00 5.423422146031307278e+01
5.350000000000205702e+00 5.379444954573934012e+01
5.370000000000205276e+00 5.367248978237135049e+01
5.390000000000204849e+00 5.375155143943885605e+01
5.410000000000204423e+00 5.301871659947491366e+01
5.430000000000203997e+00 5.246610472075230547e+01
5.450000000000203570e+00 5.201114538498833184e+01
5.470000000000203144e+00 5.093333627443804090e+01
5.490000000000202718e+00 5.092083380248841706e+01
5.510000000000202292e+00 5.012343970271511751e+01
5.530000000000201865e+00 4.910887300416128198e+01
5.550000000000201439e+00 4.929484222866934573e+01
5.570000000000201013e+00 4.877065473166187815e+01
5.590000000000200586e+00 4.767188089748407265e+01
5.610000000000200160e+00 4.678269268724357488e+01
5.630000000000199734e+00 4.683796998313808047e+01
5.650000000000199307e+00 4.614484502324330606e+01
5.670000000000198881e+00 4.590601059705796416e+01
5.690000000000198455e+00 4.429491735631805938e+01
5.710000000000198028e+00 4.449028894856401450e+01
5.730000000000197602e+00 4.352095979461924458e+01
5.750000000000197176e+00 4.270899307281267454e+01
5.770000000000196749e+00 4.247998894800647918e+01
5.790000000000196323e+00 4.212885620976753387e+01
5.810000000000195897e+00 4.070982952798964050e+01
5.830000000000195470e+00 4.017171791012903270e+01
5.850000000000195044e+00 3.996544348148518111e+01
5.870000000000194618e+00 3.883502309162408750e+01
5.890000000000194191e+00 3.825560126598241339e+01
5.910000000000193765e+00 3.713796688165552240e+01
5.930000000000193339e+00 3.718055265222559314e+01
5.950000000000192912e+00 3.607837942054591451e+01
5.970000000000192486e+00 3.552731215492077865e+01
5.990000000000192060e+00 3.490442639777158007e+01
6.010000000000191633e+00 3.411846438458030661e+01
6.030000000000191207e+00 3.324597160318847955e+01
6.050000000000190781e+00 3.290239780129167713e+01
6.070000000000190354e+00 3.187428716837091969e+01
6.090000000000189928e+00 3.155776627310565985e+01
6.110000000000189502e+00 3.061787773072034824e+01
6.130000000000189075e+00 2.988602761238036720e+01
6.150000000000188649e+00 2.931339695672471990e+01
6.170000000000188223e+00 2.856888030707679249e+01
6.190000000000187796e+00 2.774603272117004948e+01
6.210000000000187370e+00 2.696547560257656784e+01
6.230000000000186944e+00 2.658978438145101819e+01
6.250000000000186517e+00 2.599037958816885663e+01
6.270000000000186091e+00 2.534684618492102359e+01
6.290000000000185665e+00 2.505204220540787929e+01
6.310000000000185238e+00 2.385099048684986656e+01
6.330000000000184812e+00 2.323101441250741672e+01
6.350000000000184386e+00 2.225454276729702130e+01
6.370000000000183960e+00 2.216084343344138929e+01
6.390000000000183533e+00 2.152454511657501612e+01
6.410000000000183107e+00 2.080775193531772160e+01
6.430000000000182681e+00 2.012607164598806619e+01
6.450000000000182254e+00 1.962971993944594828e+01
6.470000000000181828e+00 1.903089944884051476e+01
6.490000000000181402e+00 1.849213857925326820e+01
6.510000000000180975e+00 1.773905647114514750e+01
6.530000000000180549e+00 1.768569511480887968e+01
6.550000000000180123e+00 1.694312354053104741e+01
6.570000000000179696e+00 1.652970917678467089e+01
6.590000000000179270e+00 1.587882045313216572e+01
6.610000000000178844e+00 1.536542412693449045e+01
6.630000000000178417e+00 1.498781843881815057e+01
6.650000000000177991e+00 1.485589194384645140e+01
6.670000000000177565e+00 1.416851474820036394e+01
6.690000000000177138e+00 1.350599940958819722e+01
6.710000000000176712e+00 1.336921816408272790e+01
6.730000000000176286e+00 1.281222349492341905e+01
6.750000000000175859e+00 1.238657963862577027e+01
6.770000000000175433e+00 1.222943528963304161e+01
6.790000000000175007e+00 1.184792678019420542e+01
6.810000000000174580e+00 1.135290417319596123e+01
6.830000000000174154e+00 1.118746449074892624e+01
6.850000000000173728e+00 1.069971396125074925e+01
6.870000000000173301e+00 1.043421284168315566e+01
6.890000000000172875e+00 1.039166180229812220e+01
6.910000000000172449e+00 9.958468981597015102e+00
6.930000000000172022e+00 9.571475404981129032e+00
6.950000000000171596e+00 9.439706980089709987e+00
6.970000000000171170e+00 9.171978781590526708e+00
6.990000000000170743e+00 9.054970869861925564e+00
7.010000000000170317e+00 8.844675337685171002e+00
7.030000000000169891e+00 8.729947081438936607e+00
7.050000000000169464e+00 8.268409917986636160e+00
7.070000000000169038e+00 8.051384956357948042e+00
7.090000000000168612e+00 7.925120662248773762e+00
7.110000000000168185e+00 8.018139342979754502e+00
7.130000000000167759e+00 7.788681929256050296e+00
7.150000000000167333e+00 7.394362029271035475e+00
7.170000000000166906e+00 7.341186097133098443e+00
7.190000000000166480e+00 7.161395534085488457e+00
7.210000000000166054e+00 7.061717244583077147e+00
7.230000000000165628e+00 6.841613942521427738e+00
7.250000000000165201e+00 6.839778686613125380e+00
7.270000000000164775e+00 6.571578852691924766e+00
7.290000000000164349e+00 6.565610672873802400e+00
7.310000000000163922e+00 6.630192343721094339e+00
7.330000000000163496e+00 6.422256855397862729e+00
7.350000000000163070e+00 6.287401918879577778e+00
7.370000000000162643e+00 6.160230497892974277e+00
7.390000000000162217e+00 6.191182178906056599e+00
7.410000000000161791e+00 5.980436712292238610e+00
7.430000000000161364e+00 5.909134832937086301e+00
7.450000000000160938e+00 5.955119934227224299e+00
7.470000000000160512e+00 5.815000694356443844e+00
7.490000000000160085e+00 5.853357723440208993e+00
7.510000000000159659e+00 5.805921528400058484e+00
7.530000000000159233e+00 5.607823394112148030e+00
7.550000000000158806e+00 5.637491117596599821e+00
7.570000000000158380e+00 5.461306861985710803e+00
7.590000000000157954e+00 5.585042606421158240e+00
7.610000000000157527e+00 5.423608254287168862e+00
7.630000000000157101e+00 5.549488039457036059e+00
7.650000000000156675e+00 5.514854062409923152e+00
7.670000000000156248e+00 5.347061758828215439e+00
7.690000000000155822e+00 5.195690158501358624e+00
7.710000000000155396e+00 5.306638161523213881e+00
7.730000000000154969e+00 5.236156305772650121e+00
7.750000000000154543e+00 5.270225937245060166e+00
7.770000000000154117e+00 5.097677908621603748e+00
7.790000000000153690e+00 5.128982764694572261e+00
7.810000000000153264e+00 5.186211035487390930e+00
7.830000000000152838e+00 5.242396091046702900e+00
7.850000000000152411e+00 5.102788647120707566e+00
7.870000000000151985e+00 5.033191711329680018e+00
7.890000000000151559e+00 5.063088956488251746e+00
7.910000000000151132e+00 5.009454331000227967e+00
7.930000000000150706e+00 5.062169080430844126e+00
7.950000000000150280e+00 4.949514148684123427e+00
7.970000000000149853e+00 4.898755782740956022e+00
7.990000000000149427e+00 4.926588593348323109e+00
8.010000000000149001e+00 4.888709896736071592e+00
8.030000000000148574e+00 4.932104971173847829e+00
8.050000000000148148e+00 4.887739653841230769e+00
8.070000000000147722e+00 4.820680373186640111e+00
8.090000000000147296e+00 4.796767735704519531e+00
8.110000000000146869e+00 4.811833827700859878e+00
8.130000000000146443e+00 4.775300220330044532e+00
8.150000000000146017e+00 4.823340827706150691e+00
8.170000000000145590e+00 4.769707409126878517e+00
8.190000000000145164e+00 4.664061178546868192e+00
8.210000000000144738e+00 4.704285003094951456e+00
8.230000000000144311e+00 4.611206348529659493e+00
8.250000000000143885e+00 4.662079509763992213e+00
8.270000000000143459e+00 4.691305922209711987e+00
8.290000000000143032e+00 4.685305740878547454e+00
8.310000000000142606e+00 4.605149757229367147e+00
8.330000000000142180e+00 4.581076133352064872e+00
8.350000000000141753e+00 4.556500549849691772e+00
8.370000000000141327e+00 4.512084727047480648e+00
8.390000000000140901e+00 4.452821825476737772e+00
8.410000000000140474e+00 4.584106891849789811e+00
8.430000000000140048e+00 4.542147642445097055e+00
8.450000000000139622e+00 4.427018019740470933e+00
8.470000000000139195e+00 4.445144799776450384e+00
8.490000000000138769e+00 4.377456771293680937e+00
8.510000000000138343e+00 4.354481722182947045e+00
8.530000000000137916e+00 4.320936097616676186e+00
8.550000000000137490e+00 4.445311522802516180e+00
8.570000000000137064e+00 4.317348704713000807e+00
8.590000000000136637e+00 4.319528767577969219e+00
8.610000000000136211e+00 4.278008915702083748e+00
8.630000000000135785e+00 4.326599985453101205e+00
8.650000000000135358e+00 4.304765932114318794e+00
8.670000000000134932e+00 4.165785959297562790e+00
8.690000000000134506e+00 4.192464741178086207e+00
8.710000000000134079e+00 4.119455705110179444e+00
8.730000000000133653e+00 4.167660917406363907e+00
8.750000000000133227e+00 4.185974493581091416e+00
8.770000000000132800e+00 4.131403363858042965e+00
8.790000000000132374e+00 4.089223445721588135e+00
8.810000000000131948e+00 4.127642097722385550e+00
8.830000000000131521e+00 4.101338897841672271e+00
8.850000000000131095e+00 4.050844895947581570e+00
8.870000000000130669e+00 4.007784310315174459e+00
8.890000000000130242e+00 4.055938653881965728e+00
8.910000000000129816e+00 3.998719352985887099e+00
8.930000000000129390e+00 4.002410298356347873e+00
8.950000000000128964e+00 3.964581127073593336e+00
8.970000000000128537e+00 4.000342139567940158e+00
8.990000000000128111e+00 3.887146272683683623e+00
9.010000000000127685e+00 3.945113810014563072e+00
9.030000000000127258e+00 3.909042912143260384e+00
9.050000000000126832e+00 3.968678665518837079e+00
9.070000000000126406e+00 3.909271091878505633e+00
9.090000000000125979e+00 3.830696404250813814e+00
9.110000000000125553e+00 3.838247462190700343e+00
9.130000000000125127e+00 3.868669037654541398e+00
9.150000000000124700e+00 3.801713340700968224e+00
9.170000000000124274e+00 3.859642729801596506e+00
9.190000000000123848e+00 3.814437776807022118e+00
9.210000000000123421e+00 3.765004678747786215e+00
9.230000000000122995e+00 3.841666473099230483e+00
9.250000000000122569e+00 3.733830975799427687e+00
9.270000000000122142e+00 3.805176125773257034e+00
9.290000000000121716e+00 3.724243238979720427e+00
9.310000000000121290e+00 3.750323756497303762e+00
9.330000000000120863e+00 3.756264067615415314e+00
9.350000000000120437e+00 3.693155892435638687e+00
9.370000000000120011e+00 3.734058071782750066e+00
9.390000000000119584e+00 3.647441896381518944e+00
9.410000000000119158e+00 3.690162337159843098e+00
9.430000000000118732e+00 3.697438768810154652e+00
9.450000000000118305e+00 3.605523747965150072e+00
9.470000000000117879e+00 3.621894534499646046e+00
9.490000000000117453e+00 3.636532777775148162e+00
9.510000000000117026e+00 3.634480349940655053e+00
9.530000000000116600e+00 3.559064657686765276e+00
9.550000000000116174e+00 3.542368241054294487e+00
9.570000000000115747e+00 3.628016688655981259e+00
9.590000000000115321e+00 3.592229906727160138e+00
9.610000000000114895e+00 3.509444066250431149e+00
9.630000000000114468e+00 3.455669915076160503e+00
9.650000000000114042e+00 3.558948138766260705e+00
9.670000000000113616e+00 3.454082525003721482e+00
9.690000000000113189e+00 3.514174616829439213e+00
9.710000000000112763e+00 3.450235392591425754e+00
9.730000000000112337e+00 3.461773010619533686e+00
9.750000000000111910e+00 3.423757853021868858e+00
9.770000000000111484e+00 3.418119829194216752e+00
9.790000000000111058e+00 3.430810205032574611e+00
9.810000000000110632e+00 3.383838093161501970e+00
9.830000000000110205e+00 3.349102243753841357e+00
9.850000000000109779e+00 3.365105401325778178e+00
9.870000000000109353e+00 3.322759277542525869e+00
9.890000000000108926e+00 3.358519043883232857e+00
9.910000000000108500e+00 3.355543376766244812e+00
9.930000000000108074e+00 3.290280462707504849e+00
9.950000000000107647e+00 3.306197030614608234e+00
9.970000000000107221e+00 3.246063579318594350e+00
9.990000000000106795e+00 3.269866553711316293e+00
1.001000000000010637e+01 3.211227913602589634e+00
1.003000000000010594e+01 3.252138046442189623e+00
1.005000000000010552e+01 3.261644023804066261e+00
1.007000000000010509e+01 3.201171231124960492e+00
1.009000000000010466e+01 3.215267841531830761e+00
1.011000000000010424e+01 3.159660081421673539e+00
1.013000000000010381e+01 3.201226140477836601e+00
1.015000000000010338e+01 3.159089240545251531e+00
1.017000000000010296e+01 3.130478744217350506e+00
1.019000000000010253e+01 3.125213569193892038e+00
1.021000000000010210e+01 3.106054160785463036e+00
1.023000000000010168e+01 3.138795534654463371e+00
1.025000000000010125e+01 3.118693563160064741e+00
1.027000000000010083e+01 3.055543821555078754e+00
1.029000000000010040e+01 3.083446343641490728e+00
1.031000000000009997e+01 3.057672932811541511e+00
1.033000000000009955e+01 3.025800568911598987e+00
1.035000000000009912e+01 3.067188875447482754e+00
1.037000000000009869e+01 3.061725310013915013e+00
1.039000000000009827e+01 2.964509252665165739e+00
1.041000000000009784e+01 3.015135925716757814e+00
1.043000000000009742e+01 3.008983851524300590e+00
1.045000000000009699e+01 3.007830287269431135e+00
1.047000000000009656e+01 2.932305747741464685e+00
1.049000000000009614e+01 3.025379282877396214e+00
1.051000000000009571e+01 2.959405349362495663e+00
1.053000000000009528e+01 2.958149262925397149e+00
1.055000000000009486e+01 2.937731446158012183e+00
1.057000000000009443e+01 2.858381519506404178e+00
1.059000000000009400e+01 2.905893284986278413e+00
1.061000000000009358e+01 2.876549571307501996e+00
1.063000000000009315e+01 2.914404374430253242e+00
1.065000000000009273e+01 2.856556004603097332e+00
1.067000000000009230e+01 2.884414091837251615e+00
1.069000000000009187e+01 2.761072868857599616e+00
1.071000000000009145e+01 2.798400670484662900e+00
1.073000000000009102e+01 2.840488875760044163e+00
1.075000000000009059e+01 2.747121370501032445e+00
1.077000000000009017e+01 2.778997426151855521e+00
1.079000000000008974e+01 2.787459995442088445e+00
1.081000000000008932e+01 2.706171762309685924e+00
1.083000000000008889e+01 2.727093431671474999e+00
1.085000000000008846e+01 2.695869904206864121e+00
1.087000000000008804e+01 2.648513344461556063e+00
1.089000000000008761e+01 2.683830783926747454e+00
1.091000000000008718e+01 2.639735145387420268e+00
1.093000000000008676e+01 2.655515485034660728e+00
1.095000000000008633e+01 2.589811679586197180e+00
1.097000000000008590e+01 2.582038180742915578e+00
1.099000000000008548e+01 2.614302160776310835e+00
1.101000000000008505e+01 2.474547634746272706e+00
1.103000000000008463e+01 2.549753329887325393e+00
1.105000000000008420e+01 2.507749469654140029e+00
1.107000000000008377e+01 2.499030515074309289e+00
1.109000000000008335e+01 2.475850261211090864e+00
1.111000000000008292e+01 2.416560490875404810e+00
1.113000000000008249e+01 2.459109911282494121e+00
1.115000000000008207e+01 2.456554326993618975e+00
1.117000000000008164e+01 2.343847328456445833e+00
1.119000000000008122e+01 2.349896709760103342e+00
1.121000000000008079e+01 2.323384130235460532e+00
1.123000000000008036e+01 2.305935415370376163e+00
1.125000000000007994e+01 2.323578166090788599e+00
1.127000000000007951e+01 2.304718657279233973e+00
1.129000000000007908e+01 2.330204985740248702e+00
1.131000000000007866e+01 2.243019545899988199e+00
1.133000000000007823e+01 2.239576144060179796e+00
1.135000000000007780e+01 2.201071875160242275e+00
1.137000000000007738e+01 2.187652237122566401e+00
1.139000000000007695e+01 2.192601378984128324e+00
1.141000000000007653e+01 2.177511130743615020e+00
1.143000000000007610e+01 2.122751230530141697e+00
1.145000000000007567e+01 2.114652257876488139e+00
1.147000000000007525e+01 2.108087054266221561e+00
1.149000000000007482e+01 2.055820110379671828e+00
1.151000000000007439e+01 2.088637845320088893e+00
1.153000000000007397e+01 2.035592400541982983e+00
1.155000000000007354e+01 2.063946045223234105e+00
1.157000000000007311e+01 2.001702743763849046e+00
1.159000000000007269e+01 1.994712535850149626e+00
1.161000000000007226e+01 1.972283814816720326e+00
1.163000000000007184e+01 1.929785410688310776e+00
1.165000000000007141e+01 1.934466338536555474e+00
1.167000000000007098e+01 1.903172009391631558e+00
1.169000000000007056e+01 1.922629906240573616e+00
1.171000000000007013e+01 1.902317573850768051e+00
1.173000000000006970e+01 1.889875821693458358e+00
1.175000000000006928e+01 1.871200451104160445e+00
1.177000000000006885e+01 1.890896457915842044e+00
1.179000000000006843e+01 1.878319165409228608e+00
1.181000000000006800e+01 1.761803663715896917e+00
1.183000000000006757e+01 1.816959611087268778e+00
1.185000000000006715e+01 1.819717927224764775e+00
1.187000000000006672e+01 1.786812255424714779e+00
1.189000000000006629e+01 1.791834479295246085e+00
1.191000000000006587e+01 1.753195987468085137e+00
1.193000000000006544e+01 1.762997248544803774e+00
1.195000000000006501e+01 1.761176508568138344e+00
1.197000000000006459e+01 1.727634177921349767e+00
1.199000000000006416e+01 1.743241108951246288e+00
1.201000000000006374e+01 1.763116538375582909e+00
1.203000000000006331e+01 1.722000672022786061e+00
1.205000000000006288e+01 1.686586022945751884e+00
1.207000000000006246e+01 1.712215704862198207e+00
1.209000000000006203e+01 1.660429913627791798e+00
1.211000000000006160e+01 1.691059615750294176e+00
1.213000000000006118e+01 1.696830138799242826e+00
1.215000000000006075e+01 1.668312579446543209e+00
1.217000000000006033e+01 1.697048175349911592e+00
1.219000000000005990e+01 1.677103995678995041e+00
1.221000000000005947e+01 1.641305666798362095e+00
1.223000000000005905e+01 1.645649362460929632e+00
1.225000000000005862e+01 1.646441387776664156e+00
1.227000000000005819e+01 1.593034147360604891e+00
1.229000000000005777e+01 1.603357442578465353e+00
1.231000000000005734e+01 1.648818004377073487e+00
1.233000000000005691e+01 1.596168891507429688e+00
1.235000000000005649e+01 1.577991232192424542e+00
1.237000000000005606e+01 1.618590560194922645e+00
1.239000000000005564e+01 1.554091653470671464e+00
1.241000000000005521e+01 1.552550686934447421e+00
1.243000000000005478e+01 1.555687722113937133e+00
1.245000000000005436e+01 1.567388202096545946e+00
1.247000000000005393e+01 1.529393038041574782e+00
1.249000000000005350e+01 1.542535297280811513e+00
1.251000000000005308e+01 1.489457893463541405e+00
1.253000000000005265e+01 1.498165636053461869e+00
1.255000000000005222e+01 1.493946802562432952e+00
1.257000000000005180e+01 1.511453548318511642e+00
1.259000000000005137e+01 1.452972303784747066e+00
1.261000000000005095e+01 1.449738071782669335e+00
1.263000000000005052e+01 1.452510514767843652e+00
1.265000000000005009e+01 1.452187002364305757e+00
1.267000000000004967e+01 1.470997564297890525e+00
1.269000000000004924e+01 1.422270974913115715e+00
1.271000000000004881e+01 1.397517794129139013e+00
1.273000000000004839e+01 1.417672533420045511e+00
1.275000000000004796e+01 1.398936008341164383e+00
1.277000000000004754e+01 1.360057583191209840e+00
1.279000000000004711e+01 1.387493590514666142e+00
1.281000000000004668e+01 1.379065644223462783e+00
1.283000000000004626e+01 1.328448034723949789e+00
1.285000000000004583e+01 1.330620890225913566e+00
1.287000000000004540e+01 1.354390098335138681e+00
1.289000000000004498e+01 1.326260476019673451e+00
1.291000000000004455e+01 1.300993813893871476e+00
1.293000000000004412e+01 1.286779831049118528e+00
1.295000000000004370e+01 1.270053784978269373e+00
1.297000000000004327e+01 1.312270282489354178e+00
1.299000000000004285e+01 1.284833580406464781e+00
1.301000000000004242e+01 1.254195029548266449e+00
1.303000000000004199e+01 1.183945711221593422e+00
1.305000000000004157e+01 1.241722778289596762e+00
1.307000000000004114e+01 1.187638635721025349e+00
1.309000000000004071e+01 1.220413218984648163e+00
1.311000000000004029e+01 1.165143346756560616e+00
1.313000000000003986e+01 1.176271296804307198e+00
1.315000000000003944e+01 1.155776569694812572e+00
1.317000000000003901e+01 1.144059300120508382e+00
1.319000000000003858e+01 1.107117118197995076e+00
1.321000000000003816e+01 1.123376650970318691e+00
1.323000000000003773e+01 1.092998373337896734e+00
1.325000000000003730e+01 1.075185964076925460e+00
1.327000000000003688e+01 1.021243137404731716e+00
1.329000000000003645e+01 1.050225518589832374e+00
1.331000000000003602e+01 1.067200529401684195e+00
1.333000000000003560e+01 1.037214617108406234e+00
1.335000000000003517e+01 1.041763251301818904e+00
1.337000000000003475e+01 9.964153067426471111e-01
1.339000000000003432e+01 1.002550705067843051e+00
1.341000000000003389e+01 9.476685699321897305e-01
1.343000000000003347e+01 9.558163175499763131e-01
1.345000000000003304e+01 9.491599961983542277e-01
1.347000000000003261e+01 9.439704669983506324e-01
1.349000000000003219e+01 9.297605135469725335e-01
1.351000000000003176e+01 9.012652401515719447e-01
1.353000000000003133e+01 8.816900250336602296e-01
1.355000000000003091e+01 8.512518129315372883e-01
1.357000000000003048e+01 8.305634523807829961e-01
1.359000000000003006e+01 8.130146619452982559e-01
1.361000000000002963e+01 8.309064669094342603e-01
1.363000000000002920e+01 7.905657773454337622e-01
1.365000000000002878e+01 7.559247000697796315e-01
1.367000000000002835e+01 7.476721643933412764e-01
1.369000000000002792e+01 7.558158039445069809e-01
1.371000000000002750e+01 7.365767097504414274e-01
1.373000000000002707e+01 7.319270620807397654e-01
1.375000000000002665e+01 7.060719920846060260e-01
1.377000000000002622e+01 6.881327853456729038e-01
1.379000000000002579e+01 6.761426402012717940e-01
1.381000000000002537e+01 6.543989105229726100e-01
1.383000000000002494e+01 6.427171856153849339e-01
1.385000000000002451e+01 6.201699224105913233e-01
1.387000000000002409e+01 6.148194288403677765e-01
1.389000000000002366e+01 6.023405500276820534e-01
1.391000000000002323e+01 5.939431624041540125e-01
1.393000000000002281e+01 5.716771423404674035e-01
1.395000000000002238e+01 5.293084576320814527e-01
1.397000000000002196e+01 5.211072672687111496e-01
1.399000000000002153e+01 4.922060771995644401e-01
1.401000000000002110e+01 4.783708752089662619e-01
1.403000000000002068e+01 4.831449340653049540e-01
1.405000000000002025e+01 4.502935729051855129e-01
1.407000000000001982e+01 4.346484901846056625e-01
1.409000000000001940e+01 4.284892785688720895e-01
1.411000000000001897e+01 4.213747572708753664e-01
1.413000000000001855e+01 4.133348328681047956e-01
1.415000000000001812e+01 3.607866527950696622e-01
1.417000000000001769e+01 3.253156767547867867e-01
1.419000000000001727e+01 3.068871328754558259e-01
1.421000000000001684e+01 2.972416287801201706e-01
1.423000000000001641e+01 2.721233728590546352e-01
1.425000000000001599e+01 2.688778120770161650e-01
1.427000000000001556e+01 2.494989880394397341e-01
1.429000000000001513e+01 2.243594489363164579e-01
1.431000000000001471e+01 2.060124799486435510e-01
1.433000000000001428e+01 1.761182731787560574e-01
1.435000000000001386e+01 1.671674768167591973e-01
1.437000000000001343e+01 1.348010653221312360e-01
1.439000000000001300e+01 1.103218883791000776e-01
1.441000000000001258e+01 9.121340976763481212e-02
1.443000000000001215e+01 8.561793487461634433e-02
1.445000000000001172e+01 7.455112144897710347e-02
1.447000000000001130e+01 6.895265100861759644e-02
1.449000000000001087e+01 5.536919405554432960e-02
1.451000000000001044e+01 4.162477669972842326e-02
1.453000000000001002e+01 3.319717083419024967e-02
1.455000000000000959e+01 2.505622498029873996e-02
1.457000000000000917e+01 1.942273504407679430e-02
1.459000000000000874e+01 1.390240453080732359e-02
1.461000000000000831e+01 8.389019282025974786e-03
1.463000000000000789e+01 8.351802728646653615e-03
1.465000000000000746e+01 5.571388726743344358e-03
1.467000000000000703e+01 2.794511812688733974e-03
1.469000000000000661e+01 2.782116529383957086e-03
1.471000000000000618e+01 0.000000000000000000e+00
1.473000000000000576e+01 0.000000000000000000e+00
1.475000000000000533e+01 0.000000000000000000e+00
1.477000000000000490e+01 0.000000000000000000e+00
1.479000000000000448e+01 0.000000000000000000e+00
1.481000000000000405e+01 0.000000000000000000e+00
1.483000000000000362e+01 0.000000000000000000e+00
1.485000000000000320e+01 0.000000000000000000e+00
1.487000000000000277e+01 0.000000000000000000e+00
1.489000000000000234e+01 0.000000000000000000e+00
1.491000000000000192e+01 0.000000000000000000e+00
1.493000000000000149e+01 0.000000000000000000e+00
1.495000000000000107e+01 0.000000000000000000e+00
1.497000000000000064e+01 0.000000000000000000e+00
1.499000000000000021e+01 0.000000000000000000e+00
