# Redshift		Merger Rate Density [Gpc^-3yr^-1]
1.000000000031931770e-02 9.557932017030207561e+00
3.000000000031888964e-02 1.005424955586506996e+01
5.000000000031846331e-02 1.055368251903852261e+01
7.000000000031804392e-02 1.071448770658311211e+01
9.000000000031761760e-02 1.095603424878193621e+01
1.100000000003171913e-01 1.111777094334963678e+01
1.300000000003167511e-01 1.145982419304343658e+01
1.500000000003163247e-01 1.179858545334860764e+01
1.700000000003158984e-01 1.177989056217619179e+01
1.900000000003154721e-01 1.240448070447594908e+01
2.100000000003150458e-01 1.231339960906629472e+01
2.300000000003146194e-01 1.246821199930031021e+01
2.500000000003141931e-01 1.217279268410794479e+01
2.700000000003137668e-01 1.231230514238876772e+01
2.900000000003133405e-01 1.228305642408426834e+01
3.100000000003129141e-01 1.256079115082790842e+01
3.300000000003124878e-01 1.344122792420002277e+01
3.500000000003120615e-01 1.333474467620476211e+01
3.700000000003116352e-01 1.434640037135837964e+01
3.900000000003112088e-01 1.389651379936743147e+01
4.100000000003107825e-01 1.477945874875497978e+01
4.300000000003103562e-01 1.476875669728589457e+01
4.500000000003099299e-01 1.469052349260372914e+01
4.700000000003095035e-01 1.560980119518764297e+01
4.900000000003090772e-01 1.617239947698577041e+01
5.100000000003086509e-01 1.647779622315902515e+01
5.300000000003082246e-01 1.761773593621030898e+01
5.500000000003077982e-01 1.715075332763130689e+01
5.700000000003073719e-01 1.790663097610088528e+01
5.900000000003069456e-01 1.803818990178865533e+01
6.100000000003065193e-01 1.817301902271874781e+01
6.300000000003060929e-01 1.864830149152490435e+01
6.500000000003056666e-01 1.890534472776774422e+01
6.700000000003052403e-01 1.898837308590318784e+01
6.900000000003048140e-01 1.965322058440361630e+01
7.100000000003043876e-01 1.923490198574715748e+01
7.300000000003039613e-01 2.008011887680835983e+01
7.500000000003035350e-01 1.985990252186377703e+01
7.700000000003031086e-01 2.078552065758431766e+01
7.900000000003026823e-01 2.059710618331166643e+01
8.100000000003022560e-01 2.115774263066700556e+01
8.300000000003018297e-01 2.099952423768742449e+01
8.500000000003014033e-01 2.196458223048059111e+01
8.700000000003009770e-01 2.252454646695752416e+01
8.900000000003005507e-01 2.247873802907374596e+01
9.100000000003001244e-01 2.382094708557665896e+01
9.300000000002996980e-01 2.398038375990449467e+01
9.500000000002992717e-01 2.448008794529792098e+01
9.700000000002988454e-01 2.533515743808014875e+01
9.900000000002984191e-01 2.574962434642637277e+01
1.010000000000297993e+00 2.630660290637224463e+01
1.030000000000297566e+00 2.728193087225010061e+01
1.050000000000297140e+00 2.775451782817382451e+01
1.070000000000296714e+00 2.767539015892043253e+01
1.090000000000296287e+00 2.913888368892235903e+01
1.110000000000295861e+00 2.967061537632056201e+01
1.130000000000295435e+00 3.052296847797760648e+01
1.150000000000295008e+00 3.049183097053888503e+01
1.170000000000294582e+00 3.122976985267194294e+01
1.190000000000294156e+00 3.184415853559607257e+01
1.210000000000293729e+00 3.285913678873657773e+01
1.230000000000293303e+00 3.260208865036735659e+01
1.250000000000292877e+00 3.370984543371145037e+01
1.270000000000292451e+00 3.441677112445677267e+01
1.290000000000292024e+00 3.524047073777843053e+01
1.310000000000291598e+00 3.529019418044403977e+01
1.330000000000291172e+00 3.669634112860303077e+01
1.350000000000290745e+00 3.676516471022323884e+01
1.370000000000290319e+00 3.733311379195203727e+01
1.390000000000289893e+00 3.769963252591738723e+01
1.410000000000289466e+00 3.822066584558929492e+01
1.430000000000289040e+00 3.837047513128523235e+01
1.450000000000288614e+00 3.865504147818949576e+01
1.470000000000288187e+00 4.010948786264441424e+01
1.490000000000287761e+00 3.885157787412005348e+01
1.510000000000287335e+00 4.116338249832123353e+01
1.530000000000286908e+00 4.124969316115425499e+01
1.550000000000286482e+00 4.048242559922069717e+01
1.570000000000286056e+00 4.245663026383576977e+01
1.590000000000285629e+00 4.132952521591739981e+01
1.610000000000285203e+00 4.318290741952969114e+01
1.630000000000284777e+00 4.305799998342898505e+01
1.650000000000284350e+00 4.351485949468888492e+01
1.670000000000283924e+00 4.450366923212797587e+01
1.690000000000283498e+00 4.460128145611835748e+01
1.710000000000283071e+00 4.468082837634395332e+01
1.730000000000282645e+00 4.640275883111831945e+01
1.750000000000282219e+00 4.713078967863567215e+01
1.770000000000281792e+00 4.726646202137119701e+01
1.790000000000281366e+00 4.687277595195180169e+01
1.810000000000280940e+00 4.743356005767015660e+01
1.830000000000280513e+00 4.922685059130176199e+01
1.850000000000280087e+00 4.783248152863477998e+01
1.870000000000279661e+00 4.907361523977796480e+01
1.890000000000279234e+00 4.907801473318453134e+01
1.910000000000278808e+00 4.998967646235740148e+01
1.930000000000278382e+00 5.067109405910441922e+01
1.950000000000277955e+00 5.104353609398911118e+01
1.970000000000277529e+00 5.150230524135275800e+01
1.990000000000277103e+00 5.166222225845588412e+01
2.010000000000276899e+00 5.164232917404073220e+01
2.030000000000276472e+00 5.274665212428931227e+01
2.050000000000276046e+00 5.308632103607808261e+01
2.070000000000275620e+00 5.462203742885191815e+01
2.090000000000275193e+00 5.352913388740790879e+01
2.110000000000274767e+00 5.410119314202550811e+01
2.130000000000274341e+00 5.495019807624817787e+01
2.150000000000273914e+00 5.465942374676348692e+01
2.170000000000273488e+00 5.581237251883732142e+01
2.190000000000273062e+00 5.537945274767704262e+01
2.210000000000272635e+00 5.698332426386524929e+01
2.230000000000272209e+00 5.648670127249230433e+01
2.250000000000271783e+00 5.677849279422111550e+01
2.270000000000271356e+00 5.801024395766456365e+01
2.290000000000270930e+00 5.658320264761005092e+01
2.310000000000270504e+00 5.759873450646956883e+01
2.330000000000270077e+00 5.765935602271103022e+01
2.350000000000269651e+00 5.854453055535712025e+01
2.370000000000269225e+00 5.820950264542450014e+01
2.390000000000268798e+00 5.872512469663428902e+01
2.410000000000268372e+00 6.019759370637017071e+01
2.430000000000267946e+00 5.884047524333963963e+01
2.450000000000267519e+00 5.896823920389249452e+01
2.470000000000267093e+00 6.105488215038712241e+01
2.490000000000266667e+00 6.037453810180304004e+01
2.510000000000266240e+00 5.998981405367908337e+01
2.530000000000265814e+00 6.045396852797707510e+01
2.550000000000265388e+00 6.026315124652975186e+01
2.570000000000264961e+00 6.196617463875170984e+01
2.590000000000264535e+00 6.161471440400588762e+01
2.610000000000264109e+00 6.086316807152233110e+01
2.630000000000263682e+00 6.121734825095124677e+01
2.650000000000263256e+00 6.152873279239859272e+01
2.670000000000262830e+00 6.176175565431264403e+01
2.690000000000262403e+00 6.167258386802976133e+01
2.710000000000261977e+00 6.163057671133069704e+01
2.730000000000261551e+00 6.162957160701362369e+01
2.750000000000261124e+00 6.144821613626007206e+01
2.770000000000260698e+00 6.207257790761003236e+01
2.790000000000260272e+00 6.191007383893069971e+01
2.810000000000259845e+00 6.151509989109167975e+01
2.830000000000259419e+00 6.235861018359036478e+01
2.850000000000258993e+00 6.091387851557526290e+01
2.870000000000258567e+00 6.176329905295033029e+01
2.890000000000258140e+00 6.221207826738960733e+01
2.910000000000257714e+00 6.189140367110083218e+01
2.930000000000257288e+00 6.130154938768363593e+01
2.950000000000256861e+00 6.093061702871247576e+01
2.970000000000256435e+00 6.138053166547864947e+01
2.990000000000256009e+00 6.152969381776500057e+01
3.010000000000255582e+00 6.037875137587740682e+01
3.030000000000255156e+00 6.069212629197964759e+01
3.050000000000254730e+00 6.076946639049381105e+01
3.070000000000254303e+00 6.027026565506064770e+01
3.090000000000253877e+00 5.916984378678898793e+01
3.110000000000253451e+00 6.007627060715668676e+01
3.130000000000253024e+00 5.955913010587904921e+01
3.150000000000252598e+00 5.943903878009601272e+01
3.170000000000252172e+00 5.972366248233199570e+01
3.190000000000251745e+00 5.842040094265269090e+01
3.210000000000251319e+00 5.890310636205195038e+01
3.230000000000250893e+00 5.815760340341434187e+01
3.250000000000250466e+00 5.800208767170501289e+01
3.270000000000250040e+00 5.777179109102745969e+01
3.290000000000249614e+00 5.731567533712183860e+01
3.310000000000249187e+00 5.756068086777361259e+01
3.330000000000248761e+00 5.721701923553011682e+01
3.350000000000248335e+00 5.588894613179611781e+01
3.370000000000247908e+00 5.642126434817484437e+01
3.390000000000247482e+00 5.578392920408448674e+01
3.410000000000247056e+00 5.573262616665819280e+01
3.430000000000246629e+00 5.554604008850964902e+01
3.450000000000246203e+00 5.521635273471116534e+01
3.470000000000245777e+00 5.539846255896314631e+01
3.490000000000245350e+00 5.446136680112033446e+01
3.510000000000244924e+00 5.390790164736439039e+01
3.530000000000244498e+00 5.358945693121714271e+01
3.550000000000244071e+00 5.377164565351996828e+01
3.570000000000243645e+00 5.290893714261623160e+01
3.590000000000243219e+00 5.225742119736231217e+01
3.610000000000242792e+00 5.157373802987709865e+01
3.630000000000242366e+00 5.142036453899928716e+01
3.650000000000241940e+00 5.113877023995412685e+01
3.670000000000241513e+00 5.056669090619494966e+01
3.690000000000241087e+00 5.007794131046707520e+01
3.710000000000240661e+00 4.918447785515657245e+01
3.730000000000240234e+00 4.936157516853717198e+01
3.750000000000239808e+00 4.839190894373418672e+01
3.770000000000239382e+00 4.853442857503981145e+01
3.790000000000238956e+00 4.774861705403758805e+01
3.810000000000238529e+00 4.736881581649498685e+01
3.830000000000238103e+00 4.720425107792597430e+01
3.850000000000237677e+00 4.687556203393958754e+01
3.870000000000237250e+00 4.525526792633208117e+01
3.890000000000236824e+00 4.522070112788007634e+01
3.910000000000236398e+00 4.557433115500268883e+01
3.930000000000235971e+00 4.419062627318515268e+01
3.950000000000235545e+00 4.418838808737455537e+01
3.970000000000235119e+00 4.364665957640333716e+01
3.990000000000234692e+00 4.206071786181109218e+01
4.010000000000234266e+00 4.288185901606050976e+01
4.030000000000233840e+00 4.177039587262672171e+01
4.050000000000233413e+00 4.147373634578989510e+01
4.070000000000232987e+00 4.062032938905277746e+01
4.090000000000232561e+00 4.118525085755797477e+01
4.110000000000232134e+00 3.948433296637823986e+01
4.130000000000231708e+00 3.983916993674966989e+01
4.150000000000231282e+00 3.911056759259183480e+01
4.170000000000230855e+00 3.850660448937411928e+01
4.190000000000230429e+00 3.769888300496197076e+01
4.210000000000230003e+00 3.737551500788728021e+01
4.230000000000229576e+00 3.695781623619011214e+01
4.250000000000229150e+00 3.637602592776894284e+01
4.270000000000228724e+00 3.550202216992423132e+01
4.290000000000228297e+00 3.544123640622240146e+01
4.310000000000227871e+00 3.550282679794288043e+01
4.330000000000227445e+00 3.438737264510001523e+01
4.350000000000227018e+00 3.383869909660975139e+01
4.370000000000226592e+00 3.332161733877317999e+01
4.390000000000226166e+00 3.326971104745052799e+01
4.410000000000225739e+00 3.250851967777085605e+01
4.430000000000225313e+00 3.166387589435406014e+01
4.450000000000224887e+00 3.199615413751373438e+01
4.470000000000224460e+00 3.096987580680445618e+01
4.490000000000224034e+00 3.054760194124560968e+01
4.510000000000223608e+00 3.054505150992928719e+01
4.530000000000223181e+00 2.975197538702232691e+01
4.550000000000222755e+00 2.924915944325919526e+01
4.570000000000222329e+00 2.914726200282368040e+01
4.590000000000221902e+00 2.871703275332943761e+01
4.610000000000221476e+00 2.817946318329853739e+01
4.630000000000221050e+00 2.803460276068526014e+01
4.650000000000220624e+00 2.737361028398687424e+01
4.670000000000220197e+00 2.688564421862416154e+01
4.690000000000219771e+00 2.673750920699674438e+01
4.710000000000219345e+00 2.627931809480511305e+01
4.730000000000218918e+00 2.582325798035913778e+01
4.750000000000218492e+00 2.561283674776319330e+01
4.770000000000218066e+00 2.508402746651894333e+01
4.790000000000217639e+00 2.540044197727100084e+01
4.810000000000217213e+00 2.441672368987245534e+01
4.830000000000216787e+00 2.417899860746788576e+01
4.850000000000216360e+00 2.342676426739268436e+01
4.870000000000215934e+00 2.314346646992536449e+01
4.890000000000215508e+00 2.310433760569564754e+01
4.910000000000215081e+00 2.280001842605554785e+01
4.930000000000214655e+00 2.303262696461135661e+01
4.950000000000214229e+00 2.217385988166044442e+01
4.970000000000213802e+00 2.152848326180050265e+01
4.990000000000213376e+00 2.167234966857068201e+01
5.010000000000212950e+00 2.159033574398467437e+01
5.030000000000212523e+00 2.061023504912698456e+01
5.050000000000212097e+00 2.045577472826381182e+01
5.070000000000211671e+00 2.033845416400361472e+01
5.090000000000211244e+00 2.020081487054309122e+01
5.110000000000210818e+00 1.978113476081997391e+01
5.130000000000210392e+00 1.916117072935314880e+01
5.150000000000209965e+00 1.888661295811137109e+01
5.170000000000209539e+00 1.913303483241807257e+01
5.190000000000209113e+00 1.880384002423748768e+01
5.210000000000208686e+00 1.829182594185298782e+01
5.230000000000208260e+00 1.819321833710650793e+01
5.250000000000207834e+00 1.786010601369088491e+01
5.270000000000207407e+00 1.765891941428267486e+01
5.290000000000206981e+00 1.779845620174144472e+01
5.310000000000206555e+00 1.701330768331177623e+01
5.330000000000206128e+00 1.730650444635351448e+01
5.350000000000205702e+00 1.668894052444044718e+01
5.370000000000205276e+00 1.654943095681112908e+01
5.390000000000204849e+00 1.610500974599937507e+01
5.410000000000204423e+00 1.623410827102655318e+01
5.430000000000203997e+00 1.573834977801300994e+01
5.450000000000203570e+00 1.586413734113394547e+01
5.470000000000203144e+00 1.539099845779544751e+01
5.490000000000202718e+00 1.524301607198346531e+01
5.510000000000202292e+00 1.516186920093823609e+01
5.530000000000201865e+00 1.485740794133415399e+01
5.550000000000201439e+00 1.496079282043741721e+01
5.570000000000201013e+00 1.443851732723047832e+01
5.590000000000200586e+00 1.442663964106783148e+01
5.610000000000200160e+00 1.430072625506382522e+01
5.630000000000199734e+00 1.419481716449454112e+01
5.650000000000199307e+00 1.377152815285184317e+01
5.670000000000198881e+00 1.368872053212967543e+01
5.690000000000198455e+00 1.327324015927748846e+01
5.710000000000198028e+00 1.329023634063232606e+01
5.730000000000197602e+00 1.326578225316815285e+01
5.750000000000197176e+00 1.287912616252996045e+01
5.770000000000196749e+00 1.282901944394613025e+01
5.790000000000196323e+00 1.290648994322708987e+01
5.810000000000195897e+00 1.276151085869400426e+01
5.830000000000195470e+00 1.241468078557236510e+01
5.850000000000195044e+00 1.241333115599287140e+01
5.870000000000194618e+00 1.222041892619783887e+01
5.890000000000194191e+00 1.210176896738786212e+01
5.910000000000193765e+00 1.212786303001385946e+01
5.930000000000193339e+00 1.181504648269390323e+01
5.950000000000192912e+00 1.180531103865986431e+01
5.970000000000192486e+00 1.156453307149461729e+01
5.990000000000192060e+00 1.144137764994941797e+01
6.010000000000191633e+00 1.140299171815197177e+01
6.030000000000191207e+00 1.101864201190431025e+01
6.050000000000190781e+00 1.136812837205870608e+01
6.070000000000190354e+00 1.101552818877918760e+01
6.090000000000189928e+00 1.082539424704650521e+01
6.110000000000189502e+00 1.115902277865504288e+01
6.130000000000189075e+00 1.086449199629629447e+01
6.150000000000188649e+00 1.050424216804161581e+01
6.170000000000188223e+00 1.067330837955564959e+01
6.190000000000187796e+00 1.038050196141380255e+01
6.210000000000187370e+00 1.047322846204655278e+01
6.230000000000186944e+00 1.012289746241252253e+01
6.250000000000186517e+00 1.016008384551285282e+01
6.270000000000186091e+00 1.013568837775740050e+01
6.290000000000185665e+00 1.009961783672560287e+01
6.310000000000185238e+00 9.947838247658520316e+00
6.330000000000184812e+00 9.783671547245473832e+00
6.350000000000184386e+00 9.784938177651239855e+00
6.370000000000183960e+00 9.553009626141642840e+00
6.390000000000183533e+00 9.622731357272828134e+00
6.410000000000183107e+00 9.589321828981965723e+00
6.430000000000182681e+00 9.506670838361440445e+00
6.450000000000182254e+00 9.593476203304073024e+00
6.470000000000181828e+00 9.270452290477264157e+00
6.490000000000181402e+00 9.396385840375840459e+00
6.510000000000180975e+00 9.389461370830574083e+00
6.530000000000180549e+00 9.361368794931719250e+00
6.550000000000180123e+00 9.297980480172347129e+00
6.570000000000179696e+00 9.215546624477664039e+00
6.590000000000179270e+00 9.328148669927394110e+00
6.610000000000178844e+00 9.246531480016001225e+00
6.630000000000178417e+00 9.127689419784417169e+00
6.650000000000177991e+00 8.905087285264450259e+00
6.670000000000177565e+00 9.302641521789775325e+00
6.690000000000177138e+00 9.097805838155307967e+00
6.710000000000176712e+00 9.048350754813670349e+00
6.730000000000176286e+00 9.063078632177406391e+00
6.750000000000175859e+00 9.244387391294555556e+00
6.770000000000175433e+00 8.984119630994834793e+00
6.790000000000175007e+00 8.983253856184619579e+00
6.810000000000174580e+00 8.903309409522472961e+00
6.830000000000174154e+00 8.971978116312364193e+00
6.850000000000173728e+00 9.117448207109607239e+00
6.870000000000173301e+00 8.976239776395461334e+00
6.890000000000172875e+00 9.019765967757301439e+00
6.910000000000172449e+00 8.870611620135877118e+00
6.930000000000172022e+00 8.891793556036867940e+00
6.950000000000171596e+00 8.895621305583338412e+00
6.970000000000171170e+00 8.879984370954895567e+00
6.990000000000170743e+00 8.895339069117513375e+00
7.010000000000170317e+00 8.905394983944404430e+00
7.030000000000169891e+00 8.824640937330524793e+00
7.050000000000169464e+00 8.937616945798986023e+00
7.070000000000169038e+00 9.050765529942108145e+00
7.090000000000168612e+00 8.925125584766620435e+00
7.110000000000168185e+00 8.862499967373464571e+00
7.130000000000167759e+00 8.786067075986133901e+00
7.150000000000167333e+00 9.031500189843480797e+00
7.170000000000166906e+00 8.996537022785794591e+00
7.190000000000166480e+00 8.955641501247646019e+00
7.210000000000166054e+00 8.952875400812651208e+00
7.230000000000165628e+00 8.886033699749408044e+00
7.250000000000165201e+00 9.147164147153411307e+00
7.270000000000164775e+00 8.950348419564633673e+00
7.290000000000164349e+00 8.901252358437954371e+00
7.310000000000163922e+00 9.114171613360827706e+00
7.330000000000163496e+00 9.180157424597320315e+00
7.350000000000163070e+00 9.198756739314024600e+00
7.370000000000162643e+00 9.143116682558000363e+00
7.390000000000162217e+00 9.106399314250790411e+00
7.410000000000161791e+00 9.189070248134752816e+00
7.430000000000161364e+00 9.354596473027260828e+00
7.450000000000160938e+00 9.160891059981290496e+00
7.470000000000160512e+00 9.271884830143058309e+00
7.490000000000160085e+00 9.399715547215484079e+00
7.510000000000159659e+00 9.342989543302991251e+00
7.530000000000159233e+00 9.352372659585499903e+00
7.550000000000158806e+00 9.209574577700630371e+00
7.570000000000158380e+00 9.592707096036438230e+00
7.590000000000157954e+00 9.418431465867488583e+00
7.610000000000157527e+00 9.346034408238358182e+00
7.630000000000157101e+00 9.525602528110518108e+00
7.650000000000156675e+00 9.439328963073657874e+00
7.670000000000156248e+00 9.451247681119166799e+00
7.690000000000155822e+00 9.478968207890911657e+00
7.710000000000155396e+00 9.604387313511795199e+00
7.730000000000154969e+00 9.432215543617537890e+00
7.750000000000154543e+00 9.621438209883660164e+00
7.770000000000154117e+00 9.789570680068228725e+00
7.790000000000153690e+00 9.523143958493530903e+00
7.810000000000153264e+00 9.693148487100277322e+00
7.830000000000152838e+00 9.610932494494711875e+00
7.850000000000152411e+00 9.578346610314531162e+00
7.870000000000151985e+00 9.791449329551099368e+00
7.890000000000151559e+00 9.717657753462503933e+00
7.910000000000151132e+00 9.836004635899920245e+00
7.930000000000150706e+00 9.685986059665419035e+00
7.950000000000150280e+00 9.638781532732282997e+00
7.970000000000149853e+00 9.746792989676370311e+00
7.990000000000149427e+00 9.718356752943746457e+00
8.010000000000149001e+00 9.821382715181689704e+00
8.030000000000148574e+00 9.751286756107912623e+00
8.050000000000148148e+00 9.715865444113600091e+00
8.070000000000147722e+00 9.838312633186848899e+00
8.090000000000147296e+00 9.649970664882541627e+00
8.110000000000146869e+00 9.746772408536774179e+00
8.130000000000146443e+00 9.751025807431895842e+00
8.150000000000146017e+00 9.814019942346659420e+00
8.170000000000145590e+00 9.757256208784948370e+00
8.190000000000145164e+00 9.825436767429049922e+00
8.210000000000144738e+00 9.681760106709342395e+00
8.230000000000144311e+00 9.897471641175499713e+00
8.250000000000143885e+00 9.802731439422878168e+00
8.270000000000143459e+00 9.766474741267369808e+00
8.290000000000143032e+00 9.773883795547723352e+00
8.310000000000142606e+00 9.692580922345582550e+00
8.330000000000142180e+00 9.732999378571872029e+00
8.350000000000141753e+00 9.826253949978358548e+00
8.370000000000141327e+00 9.846079339161097010e+00
8.390000000000140901e+00 9.769322614119126058e+00
8.410000000000140474e+00 9.672360996280657375e+00
8.430000000000140048e+00 9.800250943718308960e+00
8.450000000000139622e+00 9.601409159054988152e+00
8.470000000000139195e+00 9.811215231845880069e+00
8.490000000000138769e+00 9.779004921424228058e+00
8.510000000000138343e+00 9.715721734053753167e+00
8.530000000000137916e+00 9.766453021459188477e+00
8.550000000000137490e+00 9.757211942586742737e+00
8.570000000000137064e+00 9.678018378200416549e+00
8.590000000000136637e+00 9.711273036351492749e+00
8.610000000000136211e+00 9.742412286884976069e+00
8.630000000000135785e+00 9.702166942674598005e+00
8.650000000000135358e+00 9.704643395205982515e+00
8.670000000000134932e+00 9.628714140483543460e+00
8.690000000000134506e+00 9.629817452750550899e+00
8.710000000000134079e+00 9.671127997797258402e+00
8.730000000000133653e+00 9.784855990140002291e+00
8.750000000000133227e+00 9.757152348800220309e+00
8.770000000000132800e+00 9.643977189151671681e+00
8.790000000000132374e+00 9.642849002189230134e+00
8.810000000000131948e+00 9.718925488007213787e+00
8.830000000000131521e+00 9.618070337569108119e+00
8.850000000000131095e+00 9.679072434519548906e+00
8.870000000000130669e+00 9.657070911679880965e+00
8.890000000000130242e+00 9.742968745040492706e+00
8.910000000000129816e+00 9.677665406146195082e+00
8.930000000000129390e+00 9.603786538752752122e+00
8.950000000000128964e+00 9.703943035279015916e+00
8.970000000000128537e+00 9.626635361976367378e+00
8.990000000000128111e+00 9.601649034318423759e+00
9.010000000000127685e+00 9.622172819514693387e+00
9.030000000000127258e+00 9.790687588062564117e+00
9.050000000000126832e+00 9.762291287439248677e+00
9.070000000000126406e+00 9.628358501921061574e+00
9.090000000000125979e+00 9.595867009381509050e+00
9.110000000000125553e+00 9.763446653358588634e+00
9.130000000000125127e+00 9.729220544878234733e+00
9.150000000000124700e+00 9.664773942278332086e+00
9.170000000000124274e+00 9.732979630328207676e+00
9.190000000000123848e+00 9.728182472006512427e+00
9.210000000000123421e+00 9.740989360715628820e+00
9.230000000000122995e+00 9.722234924980014625e+00
9.250000000000122569e+00 9.710687292400411508e+00
9.270000000000122142e+00 9.853234467062060631e+00
9.290000000000121716e+00 9.683652545212199314e+00
9.310000000000121290e+00 9.747503047524526565e+00
9.330000000000120863e+00 9.937653026507797804e+00
9.350000000000120437e+00 9.916383311630445618e+00
9.370000000000120011e+00 9.860630208802659169e+00
9.390000000000119584e+00 9.873605288793724455e+00
9.410000000000119158e+00 9.876322313010565068e+00
9.430000000000118732e+00 9.799357983559252361e+00
9.450000000000118305e+00 9.969843298608553894e+00
9.470000000000117879e+00 1.006198989268272825e+01
9.490000000000117453e+00 9.999373122136535841e+00
9.510000000000117026e+00 1.004237930700182879e+01
9.530000000000116600e+00 9.994235313907671170e+00
9.550000000000116174e+00 1.010965248031565977e+01
9.570000000000115747e+00 1.009488670359870532e+01
9.590000000000115321e+00 1.015869788499020032e+01
9.610000000000114895e+00 1.017288443541165854e+01
9.630000000000114468e+00 1.015221410518470080e+01
9.650000000000114042e+00 1.025134530004489442e+01
9.670000000000113616e+00 1.023451372064641518e+01
9.690000000000113189e+00 1.034295097854832868e+01
9.710000000000112763e+00 1.032028086406675982e+01
9.730000000000112337e+00 1.036164023317802396e+01
9.750000000000111910e+00 1.040001813646654938e+01
9.770000000000111484e+00 1.044980086465674241e+01
9.790000000000111058e+00 1.037369512267771654e+01
9.810000000000110632e+00 1.056235058517877690e+01
9.830000000000110205e+00 1.054572428924732819e+01
9.850000000000109779e+00 1.059279967863964700e+01
9.870000000000109353e+00 1.062658463049285196e+01
9.890000000000108926e+00 1.067881490279953383e+01
9.910000000000108500e+00 1.065639140602453772e+01
9.930000000000108074e+00 1.073065556208414151e+01
9.950000000000107647e+00 1.075151833274873781e+01
9.970000000000107221e+00 1.077026046210124299e+01
9.990000000000106795e+00 1.075270964229520843e+01
1.001000000000010637e+01 1.075245314783393979e+01
1.003000000000010594e+01 1.082472979786257739e+01
1.005000000000010552e+01 1.084074932347642317e+01
1.007000000000010509e+01 1.076956915485721922e+01
1.009000000000010466e+01 1.109911426857901340e+01
1.011000000000010424e+01 1.081976082540282036e+01
1.013000000000010381e+01 1.091223506539131982e+01
1.015000000000010338e+01 1.093763819809975857e+01
1.017000000000010296e+01 1.078367189928042436e+01
1.019000000000010253e+01 1.099717526819765290e+01
1.021000000000010210e+01 1.086268038213573739e+01
1.023000000000010168e+01 1.086545752017049260e+01
1.025000000000010125e+01 1.083436227298668264e+01
1.027000000000010083e+01 1.089866943766125473e+01
1.029000000000010040e+01 1.086007135724075390e+01
1.031000000000009997e+01 1.087117410979323928e+01
1.033000000000009955e+01 1.081789950963544378e+01
1.035000000000009912e+01 1.092081844382431477e+01
1.037000000000009869e+01 1.080424549870174644e+01
1.039000000000009827e+01 1.066254205966596835e+01
1.041000000000009784e+01 1.073556698274797938e+01
1.043000000000009742e+01 1.058357341989228928e+01
1.045000000000009699e+01 1.049971217683347824e+01
1.047000000000009656e+01 1.067922309538670689e+01
1.049000000000009614e+01 1.067380188653294759e+01
1.051000000000009571e+01 1.047088693351294708e+01
1.053000000000009528e+01 1.058239805971544101e+01
1.055000000000009486e+01 1.043115219744823285e+01
1.057000000000009443e+01 1.040486920031003315e+01
1.059000000000009400e+01 1.033351645965108823e+01
1.061000000000009358e+01 1.024442886816499509e+01
1.063000000000009315e+01 1.014426136418578395e+01
1.065000000000009273e+01 1.023964649000935978e+01
1.067000000000009230e+01 1.014090978939560905e+01
1.069000000000009187e+01 1.008040201638060651e+01
1.071000000000009145e+01 1.013869792245800561e+01
1.073000000000009102e+01 9.932780536211947009e+00
1.075000000000009059e+01 9.876804144311478240e+00
1.077000000000009017e+01 9.842373894405049839e+00
1.079000000000008974e+01 9.790543224030441749e+00
1.081000000000008932e+01 9.850663375344391071e+00
1.083000000000008889e+01 9.765604800686352505e+00
1.085000000000008846e+01 9.694534751392112071e+00
1.087000000000008804e+01 9.590287786378427271e+00
1.089000000000008761e+01 9.553065360543181228e+00
1.091000000000008718e+01 9.586923489710184043e+00
1.093000000000008676e+01 9.436414805435376252e+00
1.095000000000008633e+01 9.503118046314673606e+00
1.097000000000008590e+01 9.396994334214845424e+00
1.099000000000008548e+01 9.390633022170636224e+00
1.101000000000008505e+01 9.395847767143177265e+00
1.103000000000008463e+01 9.376736616881061082e+00
1.105000000000008420e+01 9.246402753224096216e+00
1.107000000000008377e+01 9.213167636814960204e+00
1.109000000000008335e+01 9.249234220132770190e+00
1.111000000000008292e+01 9.235488925129034854e+00
1.113000000000008249e+01 9.181261136870721984e+00
1.115000000000008207e+01 9.177404194688913108e+00
1.117000000000008164e+01 9.165264597549235503e+00
1.119000000000008122e+01 9.070191496262077990e+00
1.121000000000008079e+01 9.105202406160419315e+00
1.123000000000008036e+01 9.111324274025230707e+00
1.125000000000007994e+01 9.099786449617047523e+00
1.127000000000007951e+01 9.082294304703516730e+00
1.129000000000007908e+01 8.972291882519314754e+00
1.131000000000007866e+01 8.942279799113309835e+00
1.133000000000007823e+01 9.070047789210235578e+00
1.135000000000007780e+01 8.899147679050839699e+00
1.137000000000007738e+01 8.976093905248838212e+00
1.139000000000007695e+01 8.959798720699170715e+00
1.141000000000007653e+01 8.934040939430717643e+00
1.143000000000007610e+01 8.857132594454954599e+00
1.145000000000007567e+01 8.965944894573562252e+00
1.147000000000007525e+01 8.856591258620666096e+00
1.149000000000007482e+01 8.781226588846747561e+00
1.151000000000007439e+01 8.799611610634698877e+00
1.153000000000007397e+01 8.682251643079380798e+00
1.155000000000007354e+01 8.739941330275144082e+00
1.157000000000007311e+01 8.691755606151200908e+00
1.159000000000007269e+01 8.739373897763478283e+00
1.161000000000007226e+01 8.651376790017799578e+00
1.163000000000007184e+01 8.603668628004404795e+00
1.165000000000007141e+01 8.605650255751758237e+00
1.167000000000007098e+01 8.580602507180969951e+00
1.169000000000007056e+01 8.560649356431163426e+00
1.171000000000007013e+01 8.451831046350422483e+00
1.173000000000006970e+01 8.374047586373102092e+00
1.175000000000006928e+01 8.372529978054712885e+00
1.177000000000006885e+01 8.286005513514064447e+00
1.179000000000006843e+01 8.264888895285913861e+00
1.181000000000006800e+01 8.339813795569398280e+00
1.183000000000006757e+01 8.163723551118032162e+00
1.185000000000006715e+01 8.219669477659106605e+00
1.187000000000006672e+01 8.123157374308727086e+00
1.189000000000006629e+01 8.034808997725006563e+00
1.191000000000006587e+01 7.966282656415454078e+00
1.193000000000006544e+01 7.937558444558776571e+00
1.195000000000006501e+01 8.075552851903021079e+00
1.197000000000006459e+01 7.850827812325247734e+00
1.199000000000006416e+01 7.910732883788209158e+00
1.201000000000006374e+01 7.805937058196369627e+00
1.203000000000006331e+01 7.707001658736436056e+00
1.205000000000006288e+01 7.697771127410745429e+00
1.207000000000006246e+01 7.734902483158465181e+00
1.209000000000006203e+01 7.545941106000233489e+00
1.211000000000006160e+01 7.613037865888585998e+00
1.213000000000006118e+01 7.549530223757575875e+00
1.215000000000006075e+01 7.454322713802761236e+00
1.217000000000006033e+01 7.465518394613938291e+00
1.219000000000005990e+01 7.367284280360326676e+00
1.221000000000005947e+01 7.419348634245905849e+00
1.223000000000005905e+01 7.325153875913166246e+00
1.225000000000005862e+01 7.258367716010130088e+00
1.227000000000005819e+01 7.287818919728222156e+00
1.229000000000005777e+01 7.162897267996591211e+00
1.231000000000005734e+01 7.157719223630113703e+00
1.233000000000005691e+01 7.026214263646148872e+00
1.235000000000005649e+01 7.013049538678561845e+00
1.237000000000005606e+01 7.048962039992665574e+00
1.239000000000005564e+01 7.081901790568033483e+00
1.241000000000005521e+01 7.008379151843490362e+00
1.243000000000005478e+01 6.808074436636976756e+00
1.245000000000005436e+01 6.877531347638872639e+00
1.247000000000005393e+01 6.854685593170001923e+00
1.249000000000005350e+01 6.855372034089034727e+00
1.251000000000005308e+01 6.765699661800148590e+00
1.253000000000005265e+01 6.711946259200009202e+00
1.255000000000005222e+01 6.674444432303407559e+00
1.257000000000005180e+01 6.694802640151117146e+00
1.259000000000005137e+01 6.561937127401987979e+00
1.261000000000005095e+01 6.536095412254647741e+00
1.263000000000005052e+01 6.635993876117161072e+00
1.265000000000005009e+01 6.431969348803919573e+00
1.267000000000004967e+01 6.487803871587699334e+00
1.269000000000004924e+01 6.419199342999672098e+00
1.271000000000004881e+01 6.373805800653049580e+00
1.273000000000004839e+01 6.277820931061597776e+00
1.275000000000004796e+01 6.427888945407796761e+00
1.277000000000004754e+01 6.275870028966411773e+00
1.279000000000004711e+01 6.298611019943448852e+00
1.281000000000004668e+01 6.239199056257430875e+00
1.283000000000004626e+01 6.183165003674501392e+00
1.285000000000004583e+01 6.137611471139231334e+00
1.287000000000004540e+01 6.120438015141959731e+00
1.289000000000004498e+01 6.023742631551882276e+00
1.291000000000004455e+01 5.965277493120644259e+00
1.293000000000004412e+01 5.943241406772109769e+00
1.295000000000004370e+01 5.952670593966121970e+00
1.297000000000004327e+01 5.890847655958295626e+00
1.299000000000004285e+01 5.812768372540104700e+00
1.301000000000004242e+01 5.833346187561484264e+00
1.303000000000004199e+01 5.724349592633955375e+00
1.305000000000004157e+01 5.737098264018912985e+00
1.307000000000004114e+01 5.691093309861428473e+00
1.309000000000004071e+01 5.610277113326555209e+00
1.311000000000004029e+01 5.562097365453665176e+00
1.313000000000003986e+01 5.473328262106232245e+00
1.315000000000003944e+01 5.539861654113037659e+00
1.317000000000003901e+01 5.481624447057218852e+00
1.319000000000003858e+01 5.368688497834765982e+00
1.321000000000003816e+01 5.442941061209676690e+00
1.323000000000003773e+01 5.260170023578633725e+00
1.325000000000003730e+01 5.416444936718964875e+00
1.327000000000003688e+01 5.228010960130488272e+00
1.329000000000003645e+01 5.198945763641193096e+00
1.331000000000003602e+01 5.149704570081589772e+00
1.333000000000003560e+01 5.109299346277067499e+00
1.335000000000003517e+01 4.993491632315831374e+00
1.337000000000003475e+01 4.949492790495558125e+00
1.339000000000003432e+01 4.920755692530530467e+00
1.341000000000003389e+01 4.927796047068076390e+00
1.343000000000003347e+01 4.854711245314683232e+00
1.345000000000003304e+01 4.836195296901207641e+00
1.347000000000003261e+01 4.776807456120533146e+00
1.349000000000003219e+01 4.730969647835586933e+00
1.351000000000003176e+01 4.636934403561753903e+00
1.353000000000003133e+01 4.624087626454699951e+00
1.355000000000003091e+01 4.535219970480088847e+00
1.357000000000003048e+01 4.514259357183544097e+00
1.359000000000003006e+01 4.510608094886459085e+00
1.361000000000002963e+01 4.407432548524407245e+00
1.363000000000002920e+01 4.352929057179378169e+00
1.365000000000002878e+01 4.298252293583392003e+00
1.367000000000002835e+01 4.216306777176889398e+00
1.369000000000002792e+01 4.251088604989884168e+00
1.371000000000002750e+01 4.157454816533064701e+00
1.373000000000002707e+01 4.094930514412538969e+00
1.375000000000002665e+01 4.069679458063710342e+00
1.377000000000002622e+01 4.002300239435045093e+00
1.379000000000002579e+01 3.908743737193333789e+00
1.381000000000002537e+01 3.908024769537998377e+00
1.383000000000002494e+01 3.865869832094777525e+00
1.385000000000002451e+01 3.786908641587655833e+00
1.387000000000002409e+01 3.732619163943220020e+00
1.389000000000002366e+01 3.617032822551182747e+00
1.391000000000002323e+01 3.538500176682890519e+00
1.393000000000002281e+01 3.555113033523793931e+00
1.395000000000002238e+01 3.425248707909344326e+00
1.397000000000002196e+01 3.372240620334483463e+00
1.399000000000002153e+01 3.312932769581025116e+00
1.401000000000002110e+01 3.286006993447749380e+00
1.403000000000002068e+01 3.176217899832261882e+00
1.405000000000002025e+01 3.087321234809777604e+00
1.407000000000001982e+01 3.018473569747536445e+00
1.409000000000001940e+01 2.948213343881075588e+00
1.411000000000001897e+01 2.912784542881026617e+00
1.413000000000001855e+01 2.790506984566937909e+00
1.415000000000001812e+01 2.746552513440067678e+00
1.417000000000001769e+01 2.648954373947630447e+00
1.419000000000001727e+01 2.479224652718205135e+00
1.421000000000001684e+01 2.359199517896415799e+00
1.423000000000001641e+01 2.246952770165062674e+00
1.425000000000001599e+01 2.006639012950302003e+00
1.427000000000001556e+01 1.918824924352494410e+00
1.429000000000001513e+01 1.778913309655883790e+00
1.431000000000001471e+01 1.565558192891717271e+00
1.433000000000001428e+01 1.387794759593957261e+00
1.435000000000001386e+01 1.245398584413280885e+00
1.437000000000001343e+01 1.055005434142791021e+00
1.439000000000001300e+01 8.901248310803206998e-01
1.441000000000001258e+01 7.610115367363995409e-01
1.443000000000001215e+01 6.428480097668998194e-01
1.445000000000001172e+01 5.707460021455986743e-01
1.447000000000001130e+01 5.011526747564873929e-01
1.449000000000001087e+01 4.568404254466412184e-01
1.451000000000001044e+01 4.145583555047303581e-01
1.453000000000001002e+01 3.474113504062253388e-01
1.455000000000000959e+01 2.780417308324452108e-01
1.457000000000000917e+01 2.118103577763093270e-01
1.459000000000000874e+01 1.320134194569536346e-01
1.461000000000000831e+01 4.139220438526338558e-02
1.463000000000000789e+01 1.384184722218873183e-02
1.465000000000000746e+01 2.806978062163466119e-03
1.467000000000000703e+01 2.794511812688733974e-03
1.469000000000000661e+01 2.782116529383957086e-03
1.471000000000000618e+01 0.000000000000000000e+00
1.473000000000000576e+01 0.000000000000000000e+00
1.475000000000000533e+01 0.000000000000000000e+00
1.477000000000000490e+01 0.000000000000000000e+00
1.479000000000000448e+01 0.000000000000000000e+00
1.481000000000000405e+01 0.000000000000000000e+00
1.483000000000000362e+01 0.000000000000000000e+00
1.485000000000000320e+01 0.000000000000000000e+00
1.487000000000000277e+01 0.000000000000000000e+00
1.489000000000000234e+01 0.000000000000000000e+00
1.491000000000000192e+01 0.000000000000000000e+00
1.493000000000000149e+01 0.000000000000000000e+00
1.495000000000000107e+01 0.000000000000000000e+00
1.497000000000000064e+01 0.000000000000000000e+00
1.499000000000000021e+01 0.000000000000000000e+00
