# Redshift		Merger Rate Density [Gpc^-3yr^-1]
1.000000000031931770e-02 1.300558103002525634e+01
3.000000000031888964e-02 1.307220500157503018e+01
5.000000000031846331e-02 1.309040956670909139e+01
7.000000000031804392e-02 1.367884797779692718e+01
9.000000000031761760e-02 1.383312881977402853e+01
1.100000000003171913e-01 1.409356863240709146e+01
1.300000000003167511e-01 1.426983206211549771e+01
1.500000000003163247e-01 1.469549552454974517e+01
1.700000000003158984e-01 1.504439403513282691e+01
1.900000000003154721e-01 1.539617430317309044e+01
2.100000000003150458e-01 1.512525212537597596e+01
2.300000000003146194e-01 1.575802991377297069e+01
2.500000000003141931e-01 1.632542933972319332e+01
2.700000000003137668e-01 1.603406328210306597e+01
2.900000000003133405e-01 1.665164508417295153e+01
3.100000000003129141e-01 1.703774712695066995e+01
3.300000000003124878e-01 1.686012687443814428e+01
3.500000000003120615e-01 1.754107508672291971e+01
3.700000000003116352e-01 1.830854795261973678e+01
3.900000000003112088e-01 1.795916065513311466e+01
4.100000000003107825e-01 1.850253025928936168e+01
4.300000000003103562e-01 1.901735902391562050e+01
4.500000000003099299e-01 1.931816695800981165e+01
4.700000000003095035e-01 1.945022312265282949e+01
4.900000000003090772e-01 1.973943587341648964e+01
5.100000000003086509e-01 2.085245765116593830e+01
5.300000000003082246e-01 2.056282360400293641e+01
5.500000000003077982e-01 2.109124651614396129e+01
5.700000000003073719e-01 2.170722528267086204e+01
5.900000000003069456e-01 2.162619270099740021e+01
6.100000000003065193e-01 2.255211094588269560e+01
6.300000000003060929e-01 2.276798308691781614e+01
6.500000000003056666e-01 2.347419604493886069e+01
6.700000000003052403e-01 2.335404097688947544e+01
6.900000000003048140e-01 2.388600501237502272e+01
7.100000000003043876e-01 2.416437810606330672e+01
7.300000000003039613e-01 2.471549863923541324e+01
7.500000000003035350e-01 2.524645982970799452e+01
7.700000000003031086e-01 2.510823111041795386e+01
7.900000000003026823e-01 2.616870661695272915e+01
8.100000000003022560e-01 2.595936599616188545e+01
8.300000000003018297e-01 2.613620919934375664e+01
8.500000000003014033e-01 2.694605390152073809e+01
8.700000000003009770e-01 2.684826756327608877e+01
8.900000000003005507e-01 2.720021651197177093e+01
9.100000000003001244e-01 2.745760152616021443e+01
9.300000000002996980e-01 2.787490890250571596e+01
9.500000000002992717e-01 2.760442231221068354e+01
9.700000000002988454e-01 2.823068279946107495e+01
9.900000000002984191e-01 2.828596459280759134e+01
1.010000000000297993e+00 2.867787267920236260e+01
1.030000000000297566e+00 2.922197529647192482e+01
1.050000000000297140e+00 2.866788549109202577e+01
1.070000000000296714e+00 2.921332415575853503e+01
1.090000000000296287e+00 2.901564925839566200e+01
1.110000000000295861e+00 2.955980677936572576e+01
1.130000000000295435e+00 2.963569036021788605e+01
1.150000000000295008e+00 3.014216858447560909e+01
1.170000000000294582e+00 2.955583232733393118e+01
1.190000000000294156e+00 3.033445194543517331e+01
1.210000000000293729e+00 2.946632871588963454e+01
1.230000000000293303e+00 3.044350658904576079e+01
1.250000000000292877e+00 3.025715165902929726e+01
1.270000000000292451e+00 3.004746436639761953e+01
1.290000000000292024e+00 3.016655465590575247e+01
1.310000000000291598e+00 3.072496961709075336e+01
1.330000000000291172e+00 3.040686679865804720e+01
1.350000000000290745e+00 3.034665594426226320e+01
1.370000000000290319e+00 3.086691271850050100e+01
1.390000000000289893e+00 3.079117953418135656e+01
1.410000000000289466e+00 3.073369735274890502e+01
1.430000000000289040e+00 3.075726644240563346e+01
1.450000000000288614e+00 3.109762791149423933e+01
1.470000000000288187e+00 3.092745827889625687e+01
1.490000000000287761e+00 3.151864881758575265e+01
1.510000000000287335e+00 3.112129171275435624e+01
1.530000000000286908e+00 3.090102903687645863e+01
1.550000000000286482e+00 3.079157888800211040e+01
1.570000000000286056e+00 3.166143804167694853e+01
1.590000000000285629e+00 3.091044978402770127e+01
1.610000000000285203e+00 3.140240177689299728e+01
1.630000000000284777e+00 3.134464485280998147e+01
1.650000000000284350e+00 3.119037014336119640e+01
1.670000000000283924e+00 3.223255855313355056e+01
1.690000000000283498e+00 3.172630761172504776e+01
1.710000000000283071e+00 3.153173473189753295e+01
1.730000000000282645e+00 3.146467679128135941e+01
1.750000000000282219e+00 3.212431666410354580e+01
1.770000000000281792e+00 3.192492232235072791e+01
1.790000000000281366e+00 3.133910993715453230e+01
1.810000000000280940e+00 3.229178662023592494e+01
1.830000000000280513e+00 3.155207128935247951e+01
1.850000000000280087e+00 3.160806265240108104e+01
1.870000000000279661e+00 3.218061694680438478e+01
1.890000000000279234e+00 3.171487776763347455e+01
1.910000000000278808e+00 3.164133531951173595e+01
1.930000000000278382e+00 3.186163769354025987e+01
1.950000000000277955e+00 3.214706701379567022e+01
1.970000000000277529e+00 3.186244054663024272e+01
1.990000000000277103e+00 3.194568338255871254e+01
2.010000000000276899e+00 3.177846602208437687e+01
2.030000000000276472e+00 3.171840352654487560e+01
2.050000000000276046e+00 3.177987235011910627e+01
2.070000000000275620e+00 3.191314506332067680e+01
2.090000000000275193e+00 3.183242965123685764e+01
2.110000000000274767e+00 3.135217011608774129e+01
2.130000000000274341e+00 3.203568467764582550e+01
2.150000000000273914e+00 3.145956191096083288e+01
2.170000000000273488e+00 3.186812918072205392e+01
2.190000000000273062e+00 3.169742386964918524e+01
2.210000000000272635e+00 3.164900379502714856e+01
2.230000000000272209e+00 3.122178025622278952e+01
2.250000000000271783e+00 3.133952868165620487e+01
2.270000000000271356e+00 3.104667692414914626e+01
2.290000000000270930e+00 3.135007851699467807e+01
2.310000000000270504e+00 3.111105349964942945e+01
2.330000000000270077e+00 3.077962048448113208e+01
2.350000000000269651e+00 3.068035547090249082e+01
2.370000000000269225e+00 3.078928503950226059e+01
2.390000000000268798e+00 3.063321159199939814e+01
2.410000000000268372e+00 3.036430706216532371e+01
2.430000000000267946e+00 3.061175134528486197e+01
2.450000000000267519e+00 2.994448575679804847e+01
2.470000000000267093e+00 3.010413433267326155e+01
2.490000000000266667e+00 2.974775511794798888e+01
2.510000000000266240e+00 2.976208135494178464e+01
2.530000000000265814e+00 2.987187178455179293e+01
2.550000000000265388e+00 2.941591281225047183e+01
2.570000000000264961e+00 2.928321718506051141e+01
2.590000000000264535e+00 2.941481166148825466e+01
2.610000000000264109e+00 2.893482717676990035e+01
2.630000000000263682e+00 2.873385855081432538e+01
2.650000000000263256e+00 2.951813895334193560e+01
2.670000000000262830e+00 2.825155234293341877e+01
2.690000000000262403e+00 2.848632809559171974e+01
2.710000000000261977e+00 2.845704551921886605e+01
2.730000000000261551e+00 2.778571839606257043e+01
2.750000000000261124e+00 2.821924098739059872e+01
2.770000000000260698e+00 2.778055126718257384e+01
2.790000000000260272e+00 2.743797159949501463e+01
2.810000000000259845e+00 2.767819274130154383e+01
2.830000000000259419e+00 2.739354263780460741e+01
2.850000000000258993e+00 2.720907007335426897e+01
2.870000000000258567e+00 2.719772197824788051e+01
2.890000000000258140e+00 2.681965649443106514e+01
2.910000000000257714e+00 2.658913073100989521e+01
2.930000000000257288e+00 2.657258039416613116e+01
2.950000000000256861e+00 2.669219244078131936e+01
2.970000000000256435e+00 2.614759128219113649e+01
2.990000000000256009e+00 2.594403667584073148e+01
3.010000000000255582e+00 2.568998642284424960e+01
3.030000000000255156e+00 2.623070517547525071e+01
3.050000000000254730e+00 2.542608194127165078e+01
3.070000000000254303e+00 2.554636125918411693e+01
3.090000000000253877e+00 2.554674195674617820e+01
3.110000000000253451e+00 2.541944824507343270e+01
3.130000000000253024e+00 2.476326441902856246e+01
3.150000000000252598e+00 2.525906648817684896e+01
3.170000000000252172e+00 2.521800976913617021e+01
3.190000000000251745e+00 2.496444529413006563e+01
3.210000000000251319e+00 2.443928026769828321e+01
3.230000000000250893e+00 2.476310497989372905e+01
3.250000000000250466e+00 2.457054988455866251e+01
3.270000000000250040e+00 2.437686402910672001e+01
3.290000000000249614e+00 2.441626545167782680e+01
3.310000000000249187e+00 2.403443928894483506e+01
3.330000000000248761e+00 2.377280978827431213e+01
3.350000000000248335e+00 2.419500224753973328e+01
3.370000000000247908e+00 2.396196052929408538e+01
3.390000000000247482e+00 2.362416904007962870e+01
3.410000000000247056e+00 2.354270223700660480e+01
3.430000000000246629e+00 2.291982438852017268e+01
3.450000000000246203e+00 2.368601107197391542e+01
3.470000000000245777e+00 2.320464706321364190e+01
3.490000000000245350e+00 2.347375264747414647e+01
3.510000000000244924e+00 2.286899026865030038e+01
3.530000000000244498e+00 2.286954153394999878e+01
3.550000000000244071e+00 2.295404119352191330e+01
3.570000000000243645e+00 2.272955531962488962e+01
3.590000000000243219e+00 2.245181288111467310e+01
3.610000000000242792e+00 2.262571229926281546e+01
3.630000000000242366e+00 2.210319470751398541e+01
3.650000000000241940e+00 2.218859855355413657e+01
3.670000000000241513e+00 2.204967461228192960e+01
3.690000000000241087e+00 2.185729198037446608e+01
3.710000000000240661e+00 2.203505434256554807e+01
3.730000000000240234e+00 2.180309306945051517e+01
3.750000000000239808e+00 2.170724920277651648e+01
3.770000000000239382e+00 2.149712100304879314e+01
3.790000000000238956e+00 2.147913366617777342e+01
3.810000000000238529e+00 2.135213503368578714e+01
3.830000000000238103e+00 2.117671823006201137e+01
3.850000000000237677e+00 2.103381311601247816e+01
3.870000000000237250e+00 2.102924560185765657e+01
3.890000000000236824e+00 2.108670493894877040e+01
3.910000000000236398e+00 2.083153295069325495e+01
3.930000000000235971e+00 2.075049870609762692e+01
3.950000000000235545e+00 2.086086831677960518e+01
3.970000000000235119e+00 2.045015750336813554e+01
3.990000000000234692e+00 2.035013332805106145e+01
4.010000000000234266e+00 2.005209275995097684e+01
4.030000000000233840e+00 2.036780177198037833e+01
4.050000000000233413e+00 2.015303332421996885e+01
4.070000000000232987e+00 1.981876964982445344e+01
4.090000000000232561e+00 2.012799932181573936e+01
4.110000000000232134e+00 1.930297939552071540e+01
4.130000000000231708e+00 1.963474428374386349e+01
4.150000000000231282e+00 1.979444216574423265e+01
4.170000000000230855e+00 1.943481323089850576e+01
4.190000000000230429e+00 1.928843886380625250e+01
4.210000000000230003e+00 1.915023778768201623e+01
4.230000000000229576e+00 1.895341003726407436e+01
4.250000000000229150e+00 1.894684891488902778e+01
4.270000000000228724e+00 1.894956560072092699e+01
4.290000000000228297e+00 1.860530190884935919e+01
4.310000000000227871e+00 1.888968861331185423e+01
4.330000000000227445e+00 1.860653278260689802e+01
4.350000000000227018e+00 1.834818966100736759e+01
4.370000000000226592e+00 1.835407918514335535e+01
4.390000000000226166e+00 1.831566371297645190e+01
4.410000000000225739e+00 1.814978156765867112e+01
4.430000000000225313e+00 1.822827311155352348e+01
4.450000000000224887e+00 1.788876424228729078e+01
4.470000000000224460e+00 1.795389690214112122e+01
4.490000000000224034e+00 1.783990681935558342e+01
4.510000000000223608e+00 1.759198777992716245e+01
4.530000000000223181e+00 1.750617933523238889e+01
4.550000000000222755e+00 1.743866799809553569e+01
4.570000000000222329e+00 1.754176561625111219e+01
4.590000000000221902e+00 1.714798952877390548e+01
4.610000000000221476e+00 1.714550390546098768e+01
4.630000000000221050e+00 1.695054987850758366e+01
4.650000000000220624e+00 1.720012508870933488e+01
4.670000000000220197e+00 1.737182649758131348e+01
4.690000000000219771e+00 1.681317770866739636e+01
4.710000000000219345e+00 1.672124178462533095e+01
4.730000000000218918e+00 1.677363334723046862e+01
4.750000000000218492e+00 1.652638544774286089e+01
4.770000000000218066e+00 1.657580315688716510e+01
4.790000000000217639e+00 1.655009821457596075e+01
4.810000000000217213e+00 1.658953511955396110e+01
4.830000000000216787e+00 1.635601101058035667e+01
4.850000000000216360e+00 1.604117864858665854e+01
4.870000000000215934e+00 1.659724190424485002e+01
4.890000000000215508e+00 1.608054891953286258e+01
4.910000000000215081e+00 1.580417293105701582e+01
4.930000000000214655e+00 1.630375499071892165e+01
4.950000000000214229e+00 1.573487845454434186e+01
4.970000000000213802e+00 1.601321035260588133e+01
4.990000000000213376e+00 1.568861316646878201e+01
5.010000000000212950e+00 1.575535090984509523e+01
5.030000000000212523e+00 1.561248990052392926e+01
5.050000000000212097e+00 1.563057308166613169e+01
5.070000000000211671e+00 1.541148768380783984e+01
5.090000000000211244e+00 1.543693378473082412e+01
5.110000000000210818e+00 1.546290699035049165e+01
5.130000000000210392e+00 1.517025428755021288e+01
5.150000000000209965e+00 1.519885632387419427e+01
5.170000000000209539e+00 1.521480683437623149e+01
5.190000000000209113e+00 1.521661237413360190e+01
5.210000000000208686e+00 1.511773429059543616e+01
5.230000000000208260e+00 1.492453906905549665e+01
5.250000000000207834e+00 1.484155457927674959e+01
5.270000000000207407e+00 1.472745624197206205e+01
5.290000000000206981e+00 1.492331913821843514e+01
5.310000000000206555e+00 1.460818014701149181e+01
5.330000000000206128e+00 1.459451649653936656e+01
5.350000000000205702e+00 1.475993773052786473e+01
5.370000000000205276e+00 1.452376623650954102e+01
5.390000000000204849e+00 1.463944887680086104e+01
5.410000000000204423e+00 1.432225660055479288e+01
5.430000000000203997e+00 1.451638791369679637e+01
5.450000000000203570e+00 1.431616280939305064e+01
5.470000000000203144e+00 1.390850792479381148e+01
5.490000000000202718e+00 1.435572447336392266e+01
5.510000000000202292e+00 1.450227735218352265e+01
5.530000000000201865e+00 1.436262878277260668e+01
5.550000000000201439e+00 1.395985396571493276e+01
5.570000000000201013e+00 1.421567185719140980e+01
5.590000000000200586e+00 1.417780976537458848e+01
5.610000000000200160e+00 1.389264752506059786e+01
5.630000000000199734e+00 1.384605353938079730e+01
5.650000000000199307e+00 1.386502679839748353e+01
5.670000000000198881e+00 1.393117417148455495e+01
5.690000000000198455e+00 1.382328989911376738e+01
5.710000000000198028e+00 1.381807857848814436e+01
5.730000000000197602e+00 1.388932488203336391e+01
5.750000000000197176e+00 1.364210451495227439e+01
5.770000000000196749e+00 1.354627028423801249e+01
5.790000000000196323e+00 1.357972966065752729e+01
5.810000000000195897e+00 1.346156650209937489e+01
5.830000000000195470e+00 1.349860992854177155e+01
5.850000000000195044e+00 1.347472258398561706e+01
5.870000000000194618e+00 1.349108250372174744e+01
5.890000000000194191e+00 1.359545678486440501e+01
5.910000000000193765e+00 1.316614431322064505e+01
5.930000000000193339e+00 1.324285088797507193e+01
5.950000000000192912e+00 1.315238841595215646e+01
5.970000000000192486e+00 1.324804165740474637e+01
5.990000000000192060e+00 1.322552215268505904e+01
6.010000000000191633e+00 1.312167027065949831e+01
6.030000000000191207e+00 1.316213495713322068e+01
6.050000000000190781e+00 1.287369665793115203e+01
6.070000000000190354e+00 1.286776290279969182e+01
6.090000000000189928e+00 1.284955980668691033e+01
6.110000000000189502e+00 1.311671208641106290e+01
6.130000000000189075e+00 1.278301857131940977e+01
6.150000000000188649e+00 1.281192412067844444e+01
6.170000000000188223e+00 1.293355956403473783e+01
6.190000000000187796e+00 1.260986174195705800e+01
6.210000000000187370e+00 1.267919384616394396e+01
6.230000000000186944e+00 1.272794752865684487e+01
6.250000000000186517e+00 1.258990054667126834e+01
6.270000000000186091e+00 1.266934314093747105e+01
6.290000000000185665e+00 1.234956121952468422e+01
6.310000000000185238e+00 1.230502228822564881e+01
6.330000000000184812e+00 1.254711188183738990e+01
6.350000000000184386e+00 1.247549413786695638e+01
6.370000000000183960e+00 1.227573310609809987e+01
6.390000000000183533e+00 1.233538722739144866e+01
6.410000000000183107e+00 1.241969871043995433e+01
6.430000000000182681e+00 1.209960720082481345e+01
6.450000000000182254e+00 1.230474364043860369e+01
6.470000000000181828e+00 1.227451220920849906e+01
6.490000000000181402e+00 1.217449054688740162e+01
6.510000000000180975e+00 1.203097943133820813e+01
6.530000000000180549e+00 1.229526086997717904e+01
6.550000000000180123e+00 1.174167706926964883e+01
6.570000000000179696e+00 1.204373013654620195e+01
6.590000000000179270e+00 1.209284780406881410e+01
6.610000000000178844e+00 1.201362970948783726e+01
6.630000000000178417e+00 1.168752235012636653e+01
6.650000000000177991e+00 1.185443103723453362e+01
6.670000000000177565e+00 1.183574851865661870e+01
6.690000000000177138e+00 1.186897261505948897e+01
6.710000000000176712e+00 1.183857822004843641e+01
6.730000000000176286e+00 1.169098721031402022e+01
6.750000000000175859e+00 1.186805104340087880e+01
6.770000000000175433e+00 1.156086477249795585e+01
6.790000000000175007e+00 1.186103234211748969e+01
6.810000000000174580e+00 1.163427740875125238e+01
6.830000000000174154e+00 1.135936918307760912e+01
6.850000000000173728e+00 1.151502024563234805e+01
6.870000000000173301e+00 1.146370406166896849e+01
6.890000000000172875e+00 1.138019985786835697e+01
6.910000000000172449e+00 1.148184911714232648e+01
6.930000000000172022e+00 1.121379920034634381e+01
6.950000000000171596e+00 1.144581979772535085e+01
6.970000000000171170e+00 1.136699931861849322e+01
6.990000000000170743e+00 1.109900632414886879e+01
7.010000000000170317e+00 1.117786906318630002e+01
7.030000000000169891e+00 1.137070288552000186e+01
7.050000000000169464e+00 1.110750272868689592e+01
7.070000000000169038e+00 1.110287270092064915e+01
7.090000000000168612e+00 1.105499708726756403e+01
7.110000000000168185e+00 1.112761355595858603e+01
7.130000000000167759e+00 1.111966259686053249e+01
7.150000000000167333e+00 1.084536081120140416e+01
7.170000000000166906e+00 1.100340055630920943e+01
7.190000000000166480e+00 1.088786772684733783e+01
7.210000000000166054e+00 1.080271507824541466e+01
7.230000000000165628e+00 1.086654206453826177e+01
7.250000000000165201e+00 1.080917275728731397e+01
7.270000000000164775e+00 1.064328524439214085e+01
7.290000000000164349e+00 1.065859025919637837e+01
7.310000000000163922e+00 1.075879201647812877e+01
7.330000000000163496e+00 1.078239931161768439e+01
7.350000000000163070e+00 1.063464682450535115e+01
7.370000000000162643e+00 1.055798085790486240e+01
7.390000000000162217e+00 1.046558080229838517e+01
7.410000000000161791e+00 1.042668127178718329e+01
7.430000000000161364e+00 1.060290926828842295e+01
7.450000000000160938e+00 1.054729265551086392e+01
7.470000000000160512e+00 1.038590233820372610e+01
7.490000000000160085e+00 1.038340590322115276e+01
7.510000000000159659e+00 1.046536706614947398e+01
7.530000000000159233e+00 1.045733606016666251e+01
7.550000000000158806e+00 1.028187653768448406e+01
7.570000000000158380e+00 1.019495633939309798e+01
7.590000000000157954e+00 1.020997123701111953e+01
7.610000000000157527e+00 1.016419818904112482e+01
7.630000000000157101e+00 1.009291416333243419e+01
7.650000000000156675e+00 1.018607467736767092e+01
7.670000000000156248e+00 1.010994153776291427e+01
7.690000000000155822e+00 9.914971971133297757e+00
7.710000000000155396e+00 1.019119317791957435e+01
7.730000000000154969e+00 9.913135626647163079e+00
7.750000000000154543e+00 1.002179530265335394e+01
7.770000000000154117e+00 1.007524598323617759e+01
7.790000000000153690e+00 9.917275485540676172e+00
7.810000000000153264e+00 9.943245929763499191e+00
7.830000000000152838e+00 9.835377416900120906e+00
7.850000000000152411e+00 9.814874647131246022e+00
7.870000000000151985e+00 9.828571066916293120e+00
7.890000000000151559e+00 9.770072954874837734e+00
7.910000000000151132e+00 9.615352054219380662e+00
7.930000000000150706e+00 9.793215098604873603e+00
7.950000000000150280e+00 9.629917297186286973e+00
7.970000000000149853e+00 9.597678867313703677e+00
7.990000000000149427e+00 9.660985485039978116e+00
8.010000000000149001e+00 9.592902595051572945e+00
8.030000000000148574e+00 9.659502206331019636e+00
8.050000000000148148e+00 9.447920756187359714e+00
8.070000000000147722e+00 9.455556463602077244e+00
8.090000000000147296e+00 9.411799913009426533e+00
8.110000000000146869e+00 9.425066102170163163e+00
8.130000000000146443e+00 9.372949828676560458e+00
8.150000000000146017e+00 9.350229257674813610e+00
8.170000000000145590e+00 9.408117286895553377e+00
8.190000000000145164e+00 9.370001748131429054e+00
8.210000000000144738e+00 9.250974903933293803e+00
8.230000000000144311e+00 9.267496805909509305e+00
8.250000000000143885e+00 9.131641646270042045e+00
8.270000000000143459e+00 9.236807359495092129e+00
8.290000000000143032e+00 9.177597842531000083e+00
8.310000000000142606e+00 9.124113793415260076e+00
8.330000000000142180e+00 9.104987788603819965e+00
8.350000000000141753e+00 9.055440935120360635e+00
8.370000000000141327e+00 9.145023758260689917e+00
8.390000000000140901e+00 8.952541194602289920e+00
8.410000000000140474e+00 8.968045515643082055e+00
8.430000000000140048e+00 8.951101763627802299e+00
8.450000000000139622e+00 8.941231190524092654e+00
8.470000000000139195e+00 8.858903984563502476e+00
8.490000000000138769e+00 8.883133901245196640e+00
8.510000000000138343e+00 8.885575948106900768e+00
8.530000000000137916e+00 8.738036828574150761e+00
8.550000000000137490e+00 8.778501315891510615e+00
8.570000000000137064e+00 8.740591445089879841e+00
8.590000000000136637e+00 8.798437560868650920e+00
8.610000000000136211e+00 8.658967399719987412e+00
8.630000000000135785e+00 8.641233630088683171e+00
8.650000000000135358e+00 8.633727130309484465e+00
8.670000000000134932e+00 8.585563768089917502e+00
8.690000000000134506e+00 8.575123238902307321e+00
8.710000000000134079e+00 8.523586156755829535e+00
8.730000000000133653e+00 8.526474599631626461e+00
8.750000000000133227e+00 8.472264568265337914e+00
8.770000000000132800e+00 8.427504895042128297e+00
8.790000000000132374e+00 8.365358511103236694e+00
8.810000000000131948e+00 8.413230652132615006e+00
8.830000000000131521e+00 8.397421863944286358e+00
8.850000000000131095e+00 8.354394286651734447e+00
8.870000000000130669e+00 8.256831653365004797e+00
8.890000000000130242e+00 8.305570686614640152e+00
8.910000000000129816e+00 8.289370907337913152e+00
8.930000000000129390e+00 8.186934547409524754e+00
8.950000000000128964e+00 8.187782274787133829e+00
8.970000000000128537e+00 8.141757723675072000e+00
8.990000000000128111e+00 8.116200890887993680e+00
9.010000000000127685e+00 8.023806231243705511e+00
9.030000000000127258e+00 8.129272073777649155e+00
9.050000000000126832e+00 7.981066817836687477e+00
9.070000000000126406e+00 8.025456408754607196e+00
9.090000000000125979e+00 7.930585826201950184e+00
9.110000000000125553e+00 7.942102664822979108e+00
9.130000000000125127e+00 7.838912360629781695e+00
9.150000000000124700e+00 7.835481558758520038e+00
9.170000000000124274e+00 7.863032517026579349e+00
9.190000000000123848e+00 7.780302526925006568e+00
9.210000000000123421e+00 7.776613799024286067e+00
9.230000000000122995e+00 7.818640820849872775e+00
9.250000000000122569e+00 7.629858348588816064e+00
9.270000000000122142e+00 7.704693693826104806e+00
9.290000000000121716e+00 7.608231879739238757e+00
9.310000000000121290e+00 7.554562681162607873e+00
9.330000000000120863e+00 7.615538958857241525e+00
9.350000000000120437e+00 7.548026269390506471e+00
9.370000000000120011e+00 7.501785195572695741e+00
9.390000000000119584e+00 7.464753074369653518e+00
9.410000000000119158e+00 7.481410310068671521e+00
9.430000000000118732e+00 7.426657306260202596e+00
9.450000000000118305e+00 7.315644397460088655e+00
9.470000000000117879e+00 7.407599649378895812e+00
9.490000000000117453e+00 7.273599673795818177e+00
9.510000000000117026e+00 7.361803653937336378e+00
9.530000000000116600e+00 7.193868299575991720e+00
9.550000000000116174e+00 7.221618234201938158e+00
9.570000000000115747e+00 7.219286305792287806e+00
9.590000000000115321e+00 7.254268964679269516e+00
9.610000000000114895e+00 7.147659551522497878e+00
9.630000000000114468e+00 7.026018702689179385e+00
9.650000000000114042e+00 7.089264779148146012e+00
9.670000000000113616e+00 7.012509704674195987e+00
9.690000000000113189e+00 6.980528889561804284e+00
9.710000000000112763e+00 6.897621151087426128e+00
9.730000000000112337e+00 6.950908392152414628e+00
9.750000000000111910e+00 6.884935916366766051e+00
9.770000000000111484e+00 6.902107329805722280e+00
9.790000000000111058e+00 6.796642875044901722e+00
9.810000000000110632e+00 6.731200524838161670e+00
9.830000000000110205e+00 6.736672738744246658e+00
9.850000000000109779e+00 6.801395958185739055e+00
9.870000000000109353e+00 6.680527076781160645e+00
9.890000000000108926e+00 6.604081277698636399e+00
9.910000000000108500e+00 6.645478283384570695e+00
9.930000000000108074e+00 6.669969652601643872e+00
9.950000000000107647e+00 6.568916052271093875e+00
9.970000000000107221e+00 6.526627746371341132e+00
9.990000000000106795e+00 6.524748391021217842e+00
1.001000000000010637e+01 6.505719155565260259e+00
1.003000000000010594e+01 6.484954674806829189e+00
1.005000000000010552e+01 6.385834473054466720e+00
1.007000000000010509e+01 6.452747795395547215e+00
1.009000000000010466e+01 6.330022490413934833e+00
1.011000000000010424e+01 6.325576784619634019e+00
1.013000000000010381e+01 6.299583440318930805e+00
1.015000000000010338e+01 6.233941146724814253e+00
1.017000000000010296e+01 6.219345173559818640e+00
1.019000000000010253e+01 6.219540739054936651e+00
1.021000000000010210e+01 6.088527908940490896e+00
1.023000000000010168e+01 6.217138564406688772e+00
1.025000000000010125e+01 6.045091832319557490e+00
1.027000000000010083e+01 6.077140254646573148e+00
1.029000000000010040e+01 6.059504048662178732e+00
1.031000000000009997e+01 6.026879644926119717e+00
1.033000000000009955e+01 5.941280465822666557e+00
1.035000000000009912e+01 5.949927126706749725e+00
1.037000000000009869e+01 5.923312310674973880e+00
1.039000000000009827e+01 5.895708561336453712e+00
1.041000000000009784e+01 5.911874519901735070e+00
1.043000000000009742e+01 5.869502889926139666e+00
1.045000000000009699e+01 5.821817676921397400e+00
1.047000000000009656e+01 5.809187907932210848e+00
1.049000000000009614e+01 5.788752672683067146e+00
1.051000000000009571e+01 5.712844655141745775e+00
1.053000000000009528e+01 5.686508572796339145e+00
1.055000000000009486e+01 5.675464135186524928e+00
1.057000000000009443e+01 5.613071494782733595e+00
1.059000000000009400e+01 5.612356884126679546e+00
1.061000000000009358e+01 5.588659445665779657e+00
1.063000000000009315e+01 5.584051912123657146e+00
1.065000000000009273e+01 5.503803230160221993e+00
1.067000000000009230e+01 5.487377391106664781e+00
1.069000000000009187e+01 5.468167703958211057e+00
1.071000000000009145e+01 5.382123277481972501e+00
1.073000000000009102e+01 5.388454832367935765e+00
1.075000000000009059e+01 5.399546941403116307e+00
1.077000000000009017e+01 5.323080908651418142e+00
1.079000000000008974e+01 5.316082497889535574e+00
1.081000000000008932e+01 5.309598609201091612e+00
1.083000000000008889e+01 5.275690852488931881e+00
1.085000000000008846e+01 5.223626595658215521e+00
1.087000000000008804e+01 5.298119969015815833e+00
1.089000000000008761e+01 5.162402336178405271e+00
1.091000000000008718e+01 5.206468585792328518e+00
1.093000000000008676e+01 5.124860349046216790e+00
1.095000000000008633e+01 5.072950563992879580e+00
1.097000000000008590e+01 5.163920861335189016e+00
1.099000000000008548e+01 5.046965557873660302e+00
1.101000000000008505e+01 5.044960777802478091e+00
1.103000000000008463e+01 5.040193613160262487e+00
1.105000000000008420e+01 4.960474755447665807e+00
1.107000000000008377e+01 4.939052327800575348e+00
1.109000000000008335e+01 4.927419562321589730e+00
1.111000000000008292e+01 4.891078488766435584e+00
1.113000000000008249e+01 4.823627033979279055e+00
1.115000000000008207e+01 4.865306636045847455e+00
1.117000000000008164e+01 4.804156231017882028e+00
1.119000000000008122e+01 4.836511039090237496e+00
1.121000000000008079e+01 4.786867818821125553e+00
1.123000000000008036e+01 4.735820593801403078e+00
1.125000000000007994e+01 4.692992961147840703e+00
1.127000000000007951e+01 4.722508014983368696e+00
1.129000000000007908e+01 4.676433989259087376e+00
1.131000000000007866e+01 4.650745359189619954e+00
1.133000000000007823e+01 4.641419814916229569e+00
1.135000000000007780e+01 4.618635263528697799e+00
1.137000000000007738e+01 4.565830373563930067e+00
1.139000000000007695e+01 4.550668049097501999e+00
1.141000000000007653e+01 4.522344548525283336e+00
1.143000000000007610e+01 4.494911384950071032e+00
1.145000000000007567e+01 4.512091029730427749e+00
1.147000000000007525e+01 4.419633654494325548e+00
1.149000000000007482e+01 4.419522833088696423e+00
1.151000000000007439e+01 4.390090054824915100e+00
1.153000000000007397e+01 4.359569459870677122e+00
1.155000000000007354e+01 4.333427495558635378e+00
1.157000000000007311e+01 4.321638244846929489e+00
1.159000000000007269e+01 4.284025961679059691e+00
1.161000000000007226e+01 4.280470344742409949e+00
1.163000000000007184e+01 4.203215202208426149e+00
1.165000000000007141e+01 4.245775407734306839e+00
1.167000000000007098e+01 4.187511769096063929e+00
1.169000000000007056e+01 4.198975700333526184e+00
1.171000000000007013e+01 4.117569297523931304e+00
1.173000000000006970e+01 4.144683197800608454e+00
1.175000000000006928e+01 4.113480778126139548e+00
1.177000000000006885e+01 4.114939440957799732e+00
1.179000000000006843e+01 4.053535320150700727e+00
1.181000000000006800e+01 4.030626890102659843e+00
1.183000000000006757e+01 4.001453187726716543e+00
1.185000000000006715e+01 3.974342053660520957e+00
1.187000000000006672e+01 3.966871451435761031e+00
1.189000000000006629e+01 3.942294911769462562e+00
1.191000000000006587e+01 3.896212575501198039e+00
1.193000000000006544e+01 3.876990894750884209e+00
1.195000000000006501e+01 3.817170483725290442e+00
1.197000000000006459e+01 3.844758156454693321e+00
1.199000000000006416e+01 3.807068243827733678e+00
1.201000000000006374e+01 3.791880710607314242e+00
1.203000000000006331e+01 3.712558982271288333e+00
1.205000000000006288e+01 3.679877052239041824e+00
1.207000000000006246e+01 3.754221830085693323e+00
1.209000000000006203e+01 3.648762684653828359e+00
1.211000000000006160e+01 3.671347838512691197e+00
1.213000000000006118e+01 3.655201415889790084e+00
1.215000000000006075e+01 3.623396853017124108e+00
1.217000000000006033e+01 3.639045063036385308e+00
1.219000000000005990e+01 3.629799349126395125e+00
1.221000000000005947e+01 3.530851111320031599e+00
1.223000000000005905e+01 3.531965067473545883e+00
1.225000000000005862e+01 3.523794217166597242e+00
1.227000000000005819e+01 3.467044763444764310e+00
1.229000000000005777e+01 3.462391024879199808e+00
1.231000000000005734e+01 3.436256591119679182e+00
1.233000000000005691e+01 3.402203418075360641e+00
1.235000000000005649e+01 3.372475221277782431e+00
1.237000000000005606e+01 3.356744478513700614e+00
1.239000000000005564e+01 3.262506111049211732e+00
1.241000000000005521e+01 3.340828226979054349e+00
1.243000000000005478e+01 3.240650057915282822e+00
1.245000000000005436e+01 3.316419970591665933e+00
1.247000000000005393e+01 3.247047821200407025e+00
1.249000000000005350e+01 3.173230420601909074e+00
1.251000000000005308e+01 3.191731666334135742e+00
1.253000000000005265e+01 3.204418930448607039e+00
1.255000000000005222e+01 3.206907762337976475e+00
1.257000000000005180e+01 3.089199971757808694e+00
1.259000000000005137e+01 3.089698387722909168e+00
1.261000000000005095e+01 3.113795938178494982e+00
1.263000000000005052e+01 3.107483227782553481e+00
1.265000000000005009e+01 3.007686363210710923e+00
1.267000000000004967e+01 3.007779991643429351e+00
1.269000000000004924e+01 3.036823602716444359e+00
1.271000000000004881e+01 2.947180784487473559e+00
1.273000000000004839e+01 2.881165780716631541e+00
1.275000000000004796e+01 2.933962976015757285e+00
1.277000000000004754e+01 2.864240360795955898e+00
1.279000000000004711e+01 2.809987992459029638e+00
1.281000000000004668e+01 2.860485832401563844e+00
1.283000000000004626e+01 2.793792458823403546e+00
1.285000000000004583e+01 2.714318243187621160e+00
1.287000000000004540e+01 2.726687671281209369e+00
1.289000000000004498e+01 2.770323645770945920e+00
1.291000000000004455e+01 2.692761477763559341e+00
1.293000000000004412e+01 2.687351199476752495e+00
1.295000000000004370e+01 2.600602364300965252e+00
1.297000000000004327e+01 2.648242937920343820e+00
1.299000000000004285e+01 2.622580206898860844e+00
1.301000000000004242e+01 2.573368318542849309e+00
1.303000000000004199e+01 2.552764812925582660e+00
1.305000000000004157e+01 2.556497560790827794e+00
1.307000000000004114e+01 2.524128051313043297e+00
1.309000000000004071e+01 2.517342912043821990e+00
1.311000000000004029e+01 2.445810829060770075e+00
1.313000000000003986e+01 2.424476006953930618e+00
1.315000000000003944e+01 2.374843801643076180e+00
1.317000000000003901e+01 2.405440662199954893e+00
1.319000000000003858e+01 2.341680373775888224e+00
1.321000000000003816e+01 2.365518976605593515e+00
1.323000000000003773e+01 2.308845842601260578e+00
1.325000000000003730e+01 2.305964431777036250e+00
1.327000000000003688e+01 2.263439600406059959e+00
1.329000000000003645e+01 2.220141210618443051e+00
1.331000000000003602e+01 2.215852387554406278e+00
1.333000000000003560e+01 2.179148034742285134e+00
1.335000000000003517e+01 2.110520001370750354e+00
1.337000000000003475e+01 2.118694708901864399e+00
1.339000000000003432e+01 2.093954522724583711e+00
1.341000000000003389e+01 2.067301571387394343e+00
1.343000000000003347e+01 1.992489857699725864e+00
1.345000000000003304e+01 2.004217125266069655e+00
1.347000000000003261e+01 1.967356221290735840e+00
1.349000000000003219e+01 1.992363377809780900e+00
1.351000000000003176e+01 1.948871203251124617e+00
1.353000000000003133e+01 1.903105284420264276e+00
1.355000000000003091e+01 1.883847636462635311e+00
1.357000000000003048e+01 1.847024539694406053e+00
1.359000000000003006e+01 1.792365251117291614e+00
1.361000000000002963e+01 1.784695091402017209e+00
1.363000000000002920e+01 1.777011793255421468e+00
1.365000000000002878e+01 1.743619325347310456e+00
1.367000000000002835e+01 1.729727259318070365e+00
1.369000000000002792e+01 1.659020639450679013e+00
1.371000000000002750e+01 1.645713263099998880e+00
1.373000000000002707e+01 1.633808171390084052e+00
1.375000000000002665e+01 1.618549940450080493e+00
1.377000000000002622e+01 1.581671656903335554e+00
1.379000000000002579e+01 1.526496849141677270e+00
1.381000000000002537e+01 1.522616568301885520e+00
1.383000000000002494e+01 1.459558147103551917e+00
1.385000000000002451e+01 1.446241355682507113e+00
1.387000000000002409e+01 1.431191332538900518e+00
1.389000000000002366e+01 1.381489945836678945e+00
1.391000000000002323e+01 1.332776696094206015e+00
1.393000000000002281e+01 1.319849832074930340e+00
1.395000000000002238e+01 1.257879749917744316e+00
1.397000000000002196e+01 1.218621275338238163e+00
1.399000000000002153e+01 1.204032845117499084e+00
1.401000000000002110e+01 1.159148592166208358e+00
1.403000000000002068e+01 1.139876061518326988e+00
1.405000000000002025e+01 1.152782408487082799e+00
1.407000000000001982e+01 1.115115541067931648e+00
1.409000000000001940e+01 1.112890825783352522e+00
1.411000000000001897e+01 1.086024490541329657e+00
1.413000000000001855e+01 1.027696847970124283e+00
1.415000000000001812e+01 1.025302976389580678e+00
1.417000000000001769e+01 9.678162772592723284e-01
1.419000000000001727e+01 9.583811594542509527e-01
1.421000000000001684e+01 9.276411266480749651e-01
1.423000000000001641e+01 9.359976848881792488e-01
1.425000000000001599e+01 8.914918877359920835e-01
1.427000000000001556e+01 8.679874706347869839e-01
1.429000000000001513e+01 8.676738327402753193e-01
1.431000000000001471e+01 8.557492396559797099e-01
1.433000000000001428e+01 8.150301709914343773e-01
1.435000000000001386e+01 8.117654320684689617e-01
1.437000000000001343e+01 7.731179278785522690e-01
1.439000000000001300e+01 7.734853943861806913e-01
1.441000000000001258e+01 7.258711739669659879e-01
1.443000000000001215e+01 7.036488188827221268e-01
1.445000000000001172e+01 6.878874124758870279e-01
1.447000000000001130e+01 6.656147390629048033e-01
1.449000000000001087e+01 6.465656503895943485e-01
1.451000000000001044e+01 6.129854345691511108e-01
1.453000000000001002e+01 5.996691051295219843e-01
1.455000000000000959e+01 5.912877320775082879e-01
1.457000000000000917e+01 5.016663455152944318e-01
1.459000000000000874e+01 3.769357482661316872e-01
1.461000000000000831e+01 1.899365915538967775e-01
1.463000000000000789e+01 6.064821531550739636e-02
1.465000000000000746e+01 5.610939762705679547e-03
1.467000000000000703e+01 5.570976885897097053e-03
1.469000000000000661e+01 5.547575081279345136e-03
1.471000000000000618e+01 0.000000000000000000e+00
1.473000000000000576e+01 0.000000000000000000e+00
1.475000000000000533e+01 0.000000000000000000e+00
1.477000000000000490e+01 0.000000000000000000e+00
1.479000000000000448e+01 0.000000000000000000e+00
1.481000000000000405e+01 0.000000000000000000e+00
1.483000000000000362e+01 0.000000000000000000e+00
1.485000000000000320e+01 0.000000000000000000e+00
1.487000000000000277e+01 0.000000000000000000e+00
1.489000000000000234e+01 0.000000000000000000e+00
1.491000000000000192e+01 0.000000000000000000e+00
1.493000000000000149e+01 0.000000000000000000e+00
1.495000000000000107e+01 0.000000000000000000e+00
1.497000000000000064e+01 0.000000000000000000e+00
1.499000000000000021e+01 0.000000000000000000e+00
