# Redshift		Merger Rate Density [Gpc^-3yr^-1]
1.000000000031931770e-02 1.037130022316392086e+01
3.000000000031888964e-02 1.050318402759812386e+01
5.000000000031846331e-02 1.084280540111599933e+01
7.000000000031804392e-02 1.055626158058705322e+01
9.000000000031761760e-02 1.072689392523232321e+01
1.100000000003171913e-01 1.052277981884203584e+01
1.300000000003167511e-01 1.067031164560021317e+01
1.500000000003163247e-01 1.080916887905815038e+01
1.700000000003158984e-01 1.107234461394225455e+01
1.900000000003154721e-01 1.127120826710169510e+01
2.100000000003150458e-01 1.138900614414808743e+01
2.300000000003146194e-01 1.169175520429262960e+01
2.500000000003141931e-01 1.206741363468243833e+01
2.700000000003137668e-01 1.249022905590825872e+01
2.900000000003133405e-01 1.272790282782420590e+01
3.100000000003129141e-01 1.279323784670781805e+01
3.300000000003124878e-01 1.330521054960452609e+01
3.500000000003120615e-01 1.324339000279251088e+01
3.700000000003116352e-01 1.354943354340875672e+01
3.900000000003112088e-01 1.382501745529349613e+01
4.100000000003107825e-01 1.374828916432754866e+01
4.300000000003103562e-01 1.437438519319072405e+01
4.500000000003099299e-01 1.433840414315713652e+01
4.700000000003095035e-01 1.451176442111649223e+01
4.900000000003090772e-01 1.477076351506436325e+01
5.100000000003086509e-01 1.496542584999905046e+01
5.300000000003082246e-01 1.498411892092051012e+01
5.500000000003077982e-01 1.514858066621952482e+01
5.700000000003073719e-01 1.547286635774021590e+01
5.900000000003069456e-01 1.550252142514847442e+01
6.100000000003065193e-01 1.598048787786577485e+01
6.300000000003060929e-01 1.638343419903358011e+01
6.500000000003056666e-01 1.654335437204601789e+01
6.700000000003052403e-01 1.708448205152892641e+01
6.900000000003048140e-01 1.742596164501016176e+01
7.100000000003043876e-01 1.734329484594096726e+01
7.300000000003039613e-01 1.799081185424626028e+01
7.500000000003035350e-01 1.819804656810102728e+01
7.700000000003031086e-01 1.810610867495483944e+01
7.900000000003026823e-01 1.890566045250289662e+01
8.100000000003022560e-01 1.869995440828976285e+01
8.300000000003018297e-01 1.883956909614869701e+01
8.500000000003014033e-01 1.877256972622213382e+01
8.700000000003009770e-01 1.945324845427766647e+01
8.900000000003005507e-01 1.934002354566417736e+01
9.100000000003001244e-01 1.975352518905154042e+01
9.300000000002996980e-01 2.012830007892512540e+01
9.500000000002992717e-01 2.023305469489841002e+01
9.700000000002988454e-01 2.045630495667949589e+01
9.900000000002984191e-01 2.063028388235303368e+01
1.010000000000297993e+00 2.107469741437071065e+01
1.030000000000297566e+00 2.081140326419258457e+01
1.050000000000297140e+00 2.174597034137125462e+01
1.070000000000296714e+00 2.181051765116417940e+01
1.090000000000296287e+00 2.202820874473466617e+01
1.110000000000295861e+00 2.222456976674757456e+01
1.130000000000295435e+00 2.258594695798090157e+01
1.150000000000295008e+00 2.280879648090827416e+01
1.170000000000294582e+00 2.309432109573927150e+01
1.190000000000294156e+00 2.321395296902488781e+01
1.210000000000293729e+00 2.304649366230793461e+01
1.230000000000293303e+00 2.371572677694792830e+01
1.250000000000292877e+00 2.340418442750617700e+01
1.270000000000292451e+00 2.368250811527294530e+01
1.290000000000292024e+00 2.384359392382684106e+01
1.310000000000291598e+00 2.366682347747601511e+01
1.330000000000291172e+00 2.450722177385427258e+01
1.350000000000290745e+00 2.415668189802339683e+01
1.370000000000290319e+00 2.447603814539682432e+01
1.390000000000289893e+00 2.431641373459851252e+01
1.410000000000289466e+00 2.475949538032255859e+01
1.430000000000289040e+00 2.451451608721225028e+01
1.450000000000288614e+00 2.460205342201175682e+01
1.470000000000288187e+00 2.463778524375586443e+01
1.490000000000287761e+00 2.444088912551154635e+01
1.510000000000287335e+00 2.476152127717082152e+01
1.530000000000286908e+00 2.518189736123370537e+01
1.550000000000286482e+00 2.506208590988449458e+01
1.570000000000286056e+00 2.506180859440274489e+01
1.590000000000285629e+00 2.544528165475427173e+01
1.610000000000285203e+00 2.531540028612020521e+01
1.630000000000284777e+00 2.540134807667132222e+01
1.650000000000284350e+00 2.532456097964518449e+01
1.670000000000283924e+00 2.573969867946732037e+01
1.690000000000283498e+00 2.560726148301828076e+01
1.710000000000283071e+00 2.648665588336124799e+01
1.730000000000282645e+00 2.560164402268419792e+01
1.750000000000282219e+00 2.581989561581886150e+01
1.770000000000281792e+00 2.651042935608872853e+01
1.790000000000281366e+00 2.560253472658058271e+01
1.810000000000280940e+00 2.659814379029278086e+01
1.830000000000280513e+00 2.594416727554061808e+01
1.850000000000280087e+00 2.639469882288556590e+01
1.870000000000279661e+00 2.652014555008096153e+01
1.890000000000279234e+00 2.604343481462670340e+01
1.910000000000278808e+00 2.625215479045225209e+01
1.930000000000278382e+00 2.717537842435210749e+01
1.950000000000277955e+00 2.647394981624089283e+01
1.970000000000277529e+00 2.643318602697375397e+01
1.990000000000277103e+00 2.650241268137205708e+01
2.010000000000276899e+00 2.696347668134929876e+01
2.030000000000276472e+00 2.690279196663339789e+01
2.050000000000276046e+00 2.666783223105568013e+01
2.070000000000275620e+00 2.704153130094768542e+01
2.090000000000275193e+00 2.678181291237569894e+01
2.110000000000274767e+00 2.694704524057304695e+01
2.130000000000274341e+00 2.656061731786105540e+01
2.150000000000273914e+00 2.651081622066730148e+01
2.170000000000273488e+00 2.693831158405258108e+01
2.190000000000273062e+00 2.709827819946170635e+01
2.210000000000272635e+00 2.670191754579638044e+01
2.230000000000272209e+00 2.621639636026299058e+01
2.250000000000271783e+00 2.640587058035425017e+01
2.270000000000271356e+00 2.632391733563937919e+01
2.290000000000270930e+00 2.601809116798063215e+01
2.310000000000270504e+00 2.609586574688193750e+01
2.330000000000270077e+00 2.623156777616623359e+01
2.350000000000269651e+00 2.522845319011904053e+01
2.370000000000269225e+00 2.573657542747676175e+01
2.390000000000268798e+00 2.539997183048603091e+01
2.410000000000268372e+00 2.580511526497529573e+01
2.430000000000267946e+00 2.485575069973730677e+01
2.450000000000267519e+00 2.507059165798923672e+01
2.470000000000267093e+00 2.494438363166259265e+01
2.490000000000266667e+00 2.450819345696337237e+01
2.510000000000266240e+00 2.419707893257193376e+01
2.530000000000265814e+00 2.517584028324318268e+01
2.550000000000265388e+00 2.417650246231789524e+01
2.570000000000264961e+00 2.399145041534381306e+01
2.590000000000264535e+00 2.380339326181335480e+01
2.610000000000264109e+00 2.391560790920048873e+01
2.630000000000263682e+00 2.348521877424354187e+01
2.650000000000263256e+00 2.366582526085687732e+01
2.670000000000262830e+00 2.310191106154655927e+01
2.690000000000262403e+00 2.271955738402673930e+01
2.710000000000261977e+00 2.343213782778560983e+01
2.730000000000261551e+00 2.284732651204958032e+01
2.750000000000261124e+00 2.271429369172609114e+01
2.770000000000260698e+00 2.252274353687535324e+01
2.790000000000260272e+00 2.247590751229049033e+01
2.810000000000259845e+00 2.203815090798688203e+01
2.830000000000259419e+00 2.254409762406778839e+01
2.850000000000258993e+00 2.158782428739844050e+01
2.870000000000258567e+00 2.157932849739701453e+01
2.890000000000258140e+00 2.182759420945302153e+01
2.910000000000257714e+00 2.158008101400123735e+01
2.930000000000257288e+00 2.164463357402797783e+01
2.950000000000256861e+00 2.108381005782577944e+01
2.970000000000256435e+00 2.113036735566561575e+01
2.990000000000256009e+00 2.053354865679417074e+01
3.010000000000255582e+00 2.056276986497465842e+01
3.030000000000255156e+00 2.088003121438240939e+01
3.050000000000254730e+00 2.038273695318478218e+01
3.070000000000254303e+00 2.048593919415491627e+01
3.090000000000253877e+00 2.058564115189993871e+01
3.110000000000253451e+00 1.992715030407947907e+01
3.130000000000253024e+00 2.011824356041935857e+01
3.150000000000252598e+00 1.952896495474145766e+01
3.170000000000252172e+00 1.968021122405237833e+01
3.190000000000251745e+00 1.934763957130483547e+01
3.210000000000251319e+00 1.921394585874672600e+01
3.230000000000250893e+00 1.944058010967823336e+01
3.250000000000250466e+00 1.886322730953674309e+01
3.270000000000250040e+00 1.905336817331614796e+01
3.290000000000249614e+00 1.880314768228847200e+01
3.310000000000249187e+00 1.873712901369111350e+01
3.330000000000248761e+00 1.856986873199231169e+01
3.350000000000248335e+00 1.837962306448573102e+01
3.370000000000247908e+00 1.816453839167367690e+01
3.390000000000247482e+00 1.806100507115830922e+01
3.410000000000247056e+00 1.789303616768492233e+01
3.430000000000246629e+00 1.778763512320361428e+01
3.450000000000246203e+00 1.791202596539279313e+01
3.470000000000245777e+00 1.742894737014776041e+01
3.490000000000245350e+00 1.758733775782833675e+01
3.510000000000244924e+00 1.717552437304826185e+01
3.530000000000244498e+00 1.727347131754321552e+01
3.550000000000244071e+00 1.715294681786167175e+01
3.570000000000243645e+00 1.674402304240963346e+01
3.590000000000243219e+00 1.676773788000658527e+01
3.610000000000242792e+00 1.682892689356518545e+01
3.630000000000242366e+00 1.663278284711257271e+01
3.650000000000241940e+00 1.625604441987347926e+01
3.670000000000241513e+00 1.630999221502769814e+01
3.690000000000241087e+00 1.597838414378944094e+01
3.710000000000240661e+00 1.598893440554721579e+01
3.730000000000240234e+00 1.602741782671181880e+01
3.750000000000239808e+00 1.576043789496909575e+01
3.770000000000239382e+00 1.586198512093900881e+01
3.790000000000238956e+00 1.536888208562919367e+01
3.810000000000238529e+00 1.557105124598758650e+01
3.830000000000238103e+00 1.516152382387559250e+01
3.850000000000237677e+00 1.537243524682892826e+01
3.870000000000237250e+00 1.506319281222154238e+01
3.890000000000236824e+00 1.497283619513432029e+01
3.910000000000236398e+00 1.501594542982641478e+01
3.930000000000235971e+00 1.488320681713164362e+01
3.950000000000235545e+00 1.493350537949611656e+01
3.970000000000235119e+00 1.472595953930771273e+01
3.990000000000234692e+00 1.428052574758582871e+01
4.010000000000234266e+00 1.477936778670814810e+01
4.030000000000233840e+00 1.451003312552216329e+01
4.050000000000233413e+00 1.424677742536636949e+01
4.070000000000232987e+00 1.432373250451702695e+01
4.090000000000232561e+00 1.395090177352337513e+01
4.110000000000232134e+00 1.389544615159137742e+01
4.130000000000231708e+00 1.418031931126987821e+01
4.150000000000231282e+00 1.358940721750783709e+01
4.170000000000230855e+00 1.413082354030570365e+01
4.190000000000230429e+00 1.366670204105149189e+01
4.210000000000230003e+00 1.347780421236642923e+01
4.230000000000229576e+00 1.319572651645312433e+01
4.250000000000229150e+00 1.364258326932991849e+01
4.270000000000228724e+00 1.340592626678699872e+01
4.290000000000228297e+00 1.323092946112101487e+01
4.310000000000227871e+00 1.333265756749306341e+01
4.330000000000227445e+00 1.319022538436615655e+01
4.350000000000227018e+00 1.290517830450299996e+01
4.370000000000226592e+00 1.273711843407229694e+01
4.390000000000226166e+00 1.276691231034604890e+01
4.410000000000225739e+00 1.268303912525340493e+01
4.430000000000225313e+00 1.282794372427456153e+01
4.450000000000224887e+00 1.246090572176491484e+01
4.470000000000224460e+00 1.247144648642779252e+01
4.490000000000224034e+00 1.230644742321976182e+01
4.510000000000223608e+00 1.240825512477233517e+01
4.530000000000223181e+00 1.213664762474408576e+01
4.550000000000222755e+00 1.229434118951243349e+01
4.570000000000222329e+00 1.195718892943164313e+01
4.590000000000221902e+00 1.210448613239418947e+01
4.610000000000221476e+00 1.197446685864124660e+01
4.630000000000221050e+00 1.189381813963594148e+01
4.650000000000220624e+00 1.174883995268539572e+01
4.670000000000220197e+00 1.168436802543947906e+01
4.690000000000219771e+00 1.165229606338958490e+01
4.710000000000219345e+00 1.147431782672687817e+01
4.730000000000218918e+00 1.154501897953919887e+01
4.750000000000218492e+00 1.134932267921034388e+01
4.770000000000218066e+00 1.140042009513586763e+01
4.790000000000217639e+00 1.104469446174961433e+01
4.810000000000217213e+00 1.114619307818109917e+01
4.830000000000216787e+00 1.127076310610023846e+01
4.850000000000216360e+00 1.103237287346462736e+01
4.870000000000215934e+00 1.104633384569405941e+01
4.890000000000215508e+00 1.089196313602750976e+01
4.910000000000215081e+00 1.078258262797592693e+01
4.930000000000214655e+00 1.069971730428150281e+01
4.950000000000214229e+00 1.062318273552248726e+01
4.970000000000213802e+00 1.052429909627362647e+01
4.990000000000213376e+00 1.047962837910274381e+01
5.010000000000212950e+00 1.056800824225738644e+01
5.030000000000212523e+00 1.023571346080728617e+01
5.050000000000212097e+00 1.030030534198162151e+01
5.070000000000211671e+00 1.045605698269628725e+01
5.090000000000211244e+00 1.030800846783985847e+01
5.110000000000210818e+00 9.929513484220221287e+00
5.130000000000210392e+00 9.999668704447117307e+00
5.150000000000209965e+00 1.011714286235926785e+01
5.170000000000209539e+00 9.992711369706412938e+00
5.190000000000209113e+00 9.917983059505647958e+00
5.210000000000208686e+00 9.790042453707771486e+00
5.230000000000208260e+00 9.747838622241337347e+00
5.250000000000207834e+00 9.697872456415195686e+00
5.270000000000207407e+00 9.820426537887875895e+00
5.290000000000206981e+00 9.661940065096731090e+00
5.310000000000206555e+00 9.371173029138981647e+00
5.330000000000206128e+00 9.575124947746022741e+00
5.350000000000205702e+00 9.478643913730904202e+00
5.370000000000205276e+00 9.443636792598784524e+00
5.390000000000204849e+00 9.364944536746854453e+00
5.410000000000204423e+00 9.274646055428913627e+00
5.430000000000203997e+00 9.254509619666128728e+00
5.450000000000203570e+00 9.233715494881570507e+00
5.470000000000203144e+00 9.172705968191396053e+00
5.490000000000202718e+00 9.027177320826032414e+00
5.510000000000202292e+00 9.020465641638717003e+00
5.530000000000201865e+00 9.165192384324271302e+00
5.550000000000201439e+00 8.855388617530884687e+00
5.570000000000201013e+00 8.997261414861940310e+00
5.590000000000200586e+00 8.918280054853809702e+00
5.610000000000200160e+00 8.868892776054581262e+00
5.630000000000199734e+00 8.771621585563204704e+00
5.650000000000199307e+00 8.643363729188626721e+00
5.670000000000198881e+00 8.879251263300270480e+00
5.690000000000198455e+00 8.661540023223244233e+00
5.710000000000198028e+00 8.575869448902677661e+00
5.730000000000197602e+00 8.660494972425063054e+00
5.750000000000197176e+00 8.543991102793320636e+00
5.770000000000196749e+00 8.466705948216029398e+00
5.790000000000196323e+00 8.440381611290549202e+00
5.810000000000195897e+00 8.499127208510248721e+00
5.830000000000195470e+00 8.383320440009882191e+00
5.850000000000195044e+00 8.384801791510675173e+00
5.870000000000194618e+00 8.359213468650981582e+00
5.890000000000194191e+00 8.263415097979319057e+00
5.910000000000193765e+00 8.238163760462516194e+00
5.930000000000193339e+00 8.224249527064577237e+00
5.950000000000192912e+00 8.427390597498352065e+00
5.970000000000192486e+00 8.172518498811761845e+00
5.990000000000192060e+00 8.048286337769063437e+00
6.010000000000191633e+00 8.261671747532133736e+00
6.030000000000191207e+00 8.060396687444020714e+00
6.050000000000190781e+00 8.225557773589097010e+00
6.070000000000190354e+00 7.914661422730772777e+00
6.090000000000189928e+00 7.893904863969529728e+00
6.110000000000189502e+00 7.923830105820273140e+00
6.130000000000189075e+00 7.960170705996076457e+00
6.150000000000188649e+00 7.941470302532806613e+00
6.170000000000188223e+00 8.130505563276646086e+00
6.190000000000187796e+00 7.905541866264030659e+00
6.210000000000187370e+00 7.670075007537269229e+00
6.230000000000186944e+00 7.944203870387349653e+00
6.250000000000186517e+00 7.744006500003158600e+00
6.270000000000186091e+00 7.791673529835721368e+00
6.290000000000185665e+00 7.835231724998795499e+00
6.310000000000185238e+00 7.878263870821300863e+00
6.330000000000184812e+00 7.672279029418286989e+00
6.350000000000184386e+00 7.601530186953313617e+00
6.370000000000183960e+00 7.584766020003343989e+00
6.390000000000183533e+00 7.738438162545415722e+00
6.410000000000183107e+00 7.664387815407923021e+00
6.430000000000182681e+00 7.604571490281150759e+00
6.450000000000182254e+00 7.586532922502689402e+00
6.470000000000181828e+00 7.602538330549966084e+00
6.490000000000181402e+00 7.588398223015558663e+00
6.510000000000180975e+00 7.489437309331757220e+00
6.530000000000180549e+00 7.641290840546604457e+00
6.550000000000180123e+00 7.525518781597194895e+00
6.570000000000179696e+00 7.422057448810125635e+00
6.590000000000179270e+00 7.683196133650050719e+00
6.610000000000178844e+00 7.334329980246953262e+00
6.630000000000178417e+00 7.405186769304778593e+00
6.650000000000177991e+00 7.329875410020253668e+00
6.670000000000177565e+00 7.347730428221880494e+00
6.690000000000177138e+00 7.469313526964429961e+00
6.710000000000176712e+00 7.407325380768384981e+00
6.730000000000176286e+00 7.371590231411866867e+00
6.750000000000175859e+00 7.325356026173120760e+00
6.770000000000175433e+00 7.407143855822080347e+00
6.790000000000175007e+00 7.403498528470913165e+00
6.810000000000174580e+00 7.249428427946301490e+00
6.830000000000174154e+00 7.199830879573585030e+00
6.850000000000173728e+00 7.252461821996832647e+00
6.870000000000173301e+00 7.248852960940139312e+00
6.890000000000172875e+00 7.158782506677721535e+00
6.910000000000172449e+00 7.177402110891627274e+00
6.930000000000172022e+00 7.111576055493419979e+00
6.950000000000171596e+00 7.231765386384556571e+00
6.970000000000171170e+00 7.243122622551709355e+00
6.990000000000170743e+00 7.202275823947770661e+00
7.010000000000170317e+00 7.127790055351426624e+00
7.030000000000169891e+00 7.271104806291253553e+00
7.050000000000169464e+00 7.094623496809747465e+00
7.070000000000169038e+00 7.103155244922437106e+00
7.090000000000168612e+00 7.156944767334274538e+00
7.110000000000168185e+00 7.125267916038493077e+00
7.130000000000167759e+00 7.050145253833500547e+00
7.150000000000167333e+00 7.037948790313079961e+00
7.170000000000166906e+00 7.094447722996815919e+00
7.190000000000166480e+00 6.996348571652903914e+00
7.210000000000166054e+00 6.977016329237279102e+00
7.230000000000165628e+00 7.058464547788630306e+00
7.250000000000165201e+00 6.955314703623111328e+00
7.270000000000164775e+00 6.983272845293877040e+00
7.290000000000164349e+00 6.872115906333773339e+00
7.310000000000163922e+00 7.044739924583107715e+00
7.330000000000163496e+00 6.954649796369634096e+00
7.350000000000163070e+00 7.014401030445618801e+00
7.370000000000162643e+00 6.937374624216235297e+00
7.390000000000162217e+00 6.981649179347471978e+00
7.410000000000161791e+00 6.802516198073472076e+00
7.430000000000161364e+00 6.894380269242351922e+00
7.450000000000160938e+00 6.895323209423176891e+00
7.470000000000160512e+00 6.870669330684592069e+00
7.490000000000160085e+00 6.901915269597233227e+00
7.510000000000159659e+00 6.935665214309970850e+00
7.530000000000159233e+00 6.870349722147670590e+00
7.550000000000158806e+00 6.824699437490324705e+00
7.570000000000158380e+00 6.923583708528384228e+00
7.590000000000157954e+00 6.865976849260303716e+00
7.610000000000157527e+00 6.805961785878037240e+00
7.630000000000157101e+00 6.821388009771097494e+00
7.650000000000156675e+00 6.837855286043263980e+00
7.670000000000156248e+00 6.807614614090647720e+00
7.690000000000155822e+00 6.818914098614110131e+00
7.710000000000155396e+00 6.827033312207708704e+00
7.730000000000154969e+00 6.721006244204724922e+00
7.750000000000154543e+00 6.790168353405456436e+00
7.770000000000154117e+00 6.771507901241962557e+00
7.790000000000153690e+00 6.714424204011923969e+00
7.810000000000153264e+00 6.775146287433450709e+00
7.830000000000152838e+00 6.826107627924380417e+00
7.850000000000152411e+00 6.844488189377294418e+00
7.870000000000151985e+00 6.701919520672545261e+00
7.890000000000151559e+00 6.807430908851717533e+00
7.910000000000151132e+00 6.687474311235156677e+00
7.930000000000150706e+00 6.717804766447108555e+00
7.950000000000150280e+00 6.748975869478385903e+00
7.970000000000149853e+00 6.732739513655563890e+00
7.990000000000149427e+00 6.813041326659336150e+00
8.010000000000149001e+00 6.692126461734767773e+00
8.030000000000148574e+00 6.767857582466749733e+00
8.050000000000148148e+00 6.779944002850220031e+00
8.070000000000147722e+00 6.651222049362303324e+00
8.090000000000147296e+00 6.675183845185735265e+00
8.110000000000146869e+00 6.721653579478824803e+00
8.130000000000146443e+00 6.720828183049418314e+00
8.150000000000146017e+00 6.698527556989388287e+00
8.170000000000145590e+00 6.664453055526196046e+00
8.190000000000145164e+00 6.729635429295460547e+00
8.210000000000144738e+00 6.633091859037715921e+00
8.230000000000144311e+00 6.599998695407847116e+00
8.250000000000143885e+00 6.676200902836013640e+00
8.270000000000143459e+00 6.672165755882573990e+00
8.290000000000143032e+00 6.765991776548917258e+00
8.310000000000142606e+00 6.629874260491690485e+00
8.330000000000142180e+00 6.675131718796079028e+00
8.350000000000141753e+00 6.632995840202624116e+00
8.370000000000141327e+00 6.665145952107260463e+00
8.390000000000140901e+00 6.576932814254048409e+00
8.410000000000140474e+00 6.711757409913144734e+00
8.430000000000140048e+00 6.633293126228229752e+00
8.450000000000139622e+00 6.661399824079312637e+00
8.470000000000139195e+00 6.637713920393279565e+00
8.490000000000138769e+00 6.661652945980384821e+00
8.510000000000138343e+00 6.554462023265881676e+00
8.530000000000137916e+00 6.573717662791708882e+00
8.550000000000137490e+00 6.589186630386906884e+00
8.570000000000137064e+00 6.547580113947739200e+00
8.590000000000136637e+00 6.633287707572089076e+00
8.610000000000136211e+00 6.584703320604590182e+00
8.630000000000135785e+00 6.628771341654611682e+00
8.650000000000135358e+00 6.608244170614730351e+00
8.670000000000134932e+00 6.582624647534355056e+00
8.690000000000134506e+00 6.588894618728168062e+00
8.710000000000134079e+00 6.559653687126133725e+00
8.730000000000133653e+00 6.582597422868721182e+00
8.750000000000133227e+00 6.554954856296663301e+00
8.770000000000132800e+00 6.557122852301911387e+00
8.790000000000132374e+00 6.509532676884471236e+00
8.810000000000131948e+00 6.584813786856179796e+00
8.830000000000131521e+00 6.531750190151131008e+00
8.850000000000131095e+00 6.514419552334617336e+00
8.870000000000130669e+00 6.479595235454985946e+00
8.890000000000130242e+00 6.602108338261103881e+00
8.910000000000129816e+00 6.501907995350282299e+00
8.930000000000129390e+00 6.452210009765608767e+00
8.950000000000128964e+00 6.483312490027360653e+00
8.970000000000128537e+00 6.530118446766707052e+00
8.990000000000128111e+00 6.426301954667072991e+00
9.010000000000127685e+00 6.478802621747505874e+00
9.030000000000127258e+00 6.399082945749812623e+00
9.050000000000126832e+00 6.464710077136457400e+00
9.070000000000126406e+00 6.441622763235602456e+00
9.090000000000125979e+00 6.380792390460896080e+00
9.110000000000125553e+00 6.386192684621384785e+00
9.130000000000125127e+00 6.442138694183462633e+00
9.150000000000124700e+00 6.377742009296783365e+00
9.170000000000124274e+00 6.360404842788307533e+00
9.190000000000123848e+00 6.374791937919491502e+00
9.210000000000123421e+00 6.391292486990894695e+00
9.230000000000122995e+00 6.353098415387352205e+00
9.250000000000122569e+00 6.356054548174286722e+00
9.270000000000122142e+00 6.347061714738287286e+00
9.290000000000121716e+00 6.322658018943511316e+00
9.310000000000121290e+00 6.290005241485108201e+00
9.330000000000120863e+00 6.259082155203663511e+00
9.350000000000120437e+00 6.280973672868912061e+00
9.370000000000120011e+00 6.301824720021061310e+00
9.390000000000119584e+00 6.282161575274503029e+00
9.410000000000119158e+00 6.205004264003927794e+00
9.430000000000118732e+00 6.249764694350654182e+00
9.450000000000118305e+00 6.224746664283975051e+00
9.470000000000117879e+00 6.178847628298616002e+00
9.490000000000117453e+00 6.175958213591393076e+00
9.510000000000117026e+00 6.191533522365438635e+00
9.530000000000116600e+00 6.201215823535642713e+00
9.550000000000116174e+00 6.117671525009003020e+00
9.570000000000115747e+00 6.178334895565150475e+00
9.590000000000115321e+00 6.135840459644247957e+00
9.610000000000114895e+00 6.125414198685149358e+00
9.630000000000114468e+00 6.062021624681679377e+00
9.650000000000114042e+00 6.083312679957346703e+00
9.670000000000113616e+00 6.029484001127727311e+00
9.690000000000113189e+00 6.083210780383131677e+00
9.710000000000112763e+00 6.014935334690576951e+00
9.730000000000112337e+00 6.025856288507799974e+00
9.750000000000111910e+00 6.038209345767588943e+00
9.770000000000111484e+00 6.004820859664744326e+00
9.790000000000111058e+00 5.963921236243938218e+00
9.810000000000110632e+00 5.887249667715799717e+00
9.830000000000110205e+00 5.974985802152597891e+00
9.850000000000109779e+00 5.902669638087711945e+00
9.870000000000109353e+00 5.918896487771981185e+00
9.890000000000108926e+00 5.894522038669154362e+00
9.910000000000108500e+00 5.903504595971850399e+00
9.930000000000108074e+00 5.830151540170701807e+00
9.950000000000107647e+00 5.840034738682365223e+00
9.970000000000107221e+00 5.817739945563985771e+00
9.990000000000106795e+00 5.803360433774424010e+00
1.001000000000010637e+01 5.777861776416907347e+00
1.003000000000010594e+01 5.752321260102839062e+00
1.005000000000010552e+01 5.744091776508027714e+00
1.007000000000010509e+01 5.737116439732545814e+00
1.009000000000010466e+01 5.796102022459026948e+00
1.011000000000010424e+01 5.644482868438917222e+00
1.013000000000010381e+01 5.694754266875086124e+00
1.015000000000010338e+01 5.671493575485370364e+00
1.017000000000010296e+01 5.627225039838701370e+00
1.019000000000010253e+01 5.593857749334563145e+00
1.021000000000010210e+01 5.564888256134651101e+00
1.023000000000010168e+01 5.646531421700156095e+00
1.025000000000010125e+01 5.539230069930929368e+00
1.027000000000010083e+01 5.529005424601867169e+00
1.029000000000010040e+01 5.535474275192764360e+00
1.031000000000009997e+01 5.509155809883225174e+00
1.033000000000009955e+01 5.424288761572337414e+00
1.035000000000009912e+01 5.487258477216826691e+00
1.037000000000009869e+01 5.475059138231445743e+00
1.039000000000009827e+01 5.394833680433998246e+00
1.041000000000009784e+01 5.430978579780860294e+00
1.043000000000009742e+01 5.399361325236066378e+00
1.045000000000009699e+01 5.344201709831027713e+00
1.047000000000009656e+01 5.355329330227483808e+00
1.049000000000009614e+01 5.337345541477348299e+00
1.051000000000009571e+01 5.332071777785378330e+00
1.053000000000009528e+01 5.282904395859307378e+00
1.055000000000009486e+01 5.241953633655809242e+00
1.057000000000009443e+01 5.207725446860980156e+00
1.059000000000009400e+01 5.239867151162618697e+00
1.061000000000009358e+01 5.187540015095327028e+00
1.063000000000009315e+01 5.201202652589222986e+00
1.065000000000009273e+01 5.174291395776960734e+00
1.067000000000009230e+01 5.108302697975166673e+00
1.069000000000009187e+01 5.106535061430591327e+00
1.071000000000009145e+01 5.075091818735138816e+00
1.073000000000009102e+01 5.068241707485750425e+00
1.075000000000009059e+01 5.037804436542701048e+00
1.077000000000009017e+01 4.972181519915760184e+00
1.079000000000008974e+01 5.044668518960148340e+00
1.081000000000008932e+01 4.966295787698372877e+00
1.083000000000008889e+01 4.988431913912638294e+00
1.085000000000008846e+01 4.911834875020392843e+00
1.087000000000008804e+01 4.899241547284870713e+00
1.089000000000008761e+01 4.849179447234429396e+00
1.091000000000008718e+01 4.866555494444211760e+00
1.093000000000008676e+01 4.858182800744579311e+00
1.095000000000008633e+01 4.869761610364848892e+00
1.097000000000008590e+01 4.812444296869689886e+00
1.099000000000008548e+01 4.762739860907863054e+00
1.101000000000008505e+01 4.725276877003292242e+00
1.103000000000008463e+01 4.731169427352526213e+00
1.105000000000008420e+01 4.715061853253693869e+00
1.107000000000008377e+01 4.717078188343501566e+00
1.109000000000008335e+01 4.698451180744090294e+00
1.111000000000008292e+01 4.648101897018863227e+00
1.113000000000008249e+01 4.601510146292248749e+00
1.115000000000008207e+01 4.626027770722983767e+00
1.117000000000008164e+01 4.619661703766649197e+00
1.119000000000008122e+01 4.534350538802413233e+00
1.121000000000008079e+01 4.537909902149217523e+00
1.123000000000008036e+01 4.497837685551178133e+00
1.125000000000007994e+01 4.545918345734247801e+00
1.127000000000007951e+01 4.504823756320779360e+00
1.129000000000007908e+01 4.470456112741263865e+00
1.131000000000007866e+01 4.472586593080133177e+00
1.133000000000007823e+01 4.409705970245432205e+00
1.135000000000007780e+01 4.442532708151940568e+00
1.137000000000007738e+01 4.396064836774186801e+00
1.139000000000007695e+01 4.424379558755095587e+00
1.141000000000007653e+01 4.343245190640823594e+00
1.143000000000007610e+01 4.282971761091845408e+00
1.145000000000007567e+01 4.292183784362427978e+00
1.147000000000007525e+01 4.305437484825162642e+00
1.149000000000007482e+01 4.244704529374044633e+00
1.151000000000007439e+01 4.239039056953176399e+00
1.153000000000007397e+01 4.250496285222203241e+00
1.155000000000007354e+01 4.197148916989368317e+00
1.157000000000007311e+01 4.209923096876134530e+00
1.159000000000007269e+01 4.154495443276532640e+00
1.161000000000007226e+01 4.130645885161780662e+00
1.163000000000007184e+01 4.161503578775168855e+00
1.165000000000007141e+01 4.078891193275607563e+00
1.167000000000007098e+01 4.137521627787856815e+00
1.169000000000007056e+01 4.065138959122316820e+00
1.171000000000007013e+01 4.045376821177757876e+00
1.173000000000006970e+01 4.033364492271230617e+00
1.175000000000006928e+01 4.046956324469618949e+00
1.177000000000006885e+01 3.975048329598210195e+00
1.179000000000006843e+01 4.010685357611398771e+00
1.181000000000006800e+01 3.906776812165983603e+00
1.183000000000006757e+01 3.943708118658964423e+00
1.185000000000006715e+01 3.965199231215160047e+00
1.187000000000006672e+01 3.875029350673208750e+00
1.189000000000006629e+01 3.966836747413857278e+00
1.191000000000006587e+01 3.868691266206271351e+00
1.193000000000006544e+01 3.797503773348580580e+00
1.195000000000006501e+01 3.845804434719862996e+00
1.197000000000006459e+01 3.836369404173828546e+00
1.199000000000006416e+01 3.855920307569109529e+00
1.201000000000006374e+01 3.821662549012401211e+00
1.203000000000006331e+01 3.744240792401809514e+00
1.205000000000006288e+01 3.750399601129073002e+00
1.207000000000006246e+01 3.756711649129717667e+00
1.209000000000006203e+01 3.735507557189949424e+00
1.211000000000006160e+01 3.703902576922655676e+00
1.213000000000006118e+01 3.698527142351331509e+00
1.215000000000006075e+01 3.646730098370832174e+00
1.217000000000006033e+01 3.680222680632293741e+00
1.219000000000005990e+01 3.691960644425721583e+00
1.221000000000005947e+01 3.615070011199726263e+00
1.223000000000005905e+01 3.633397262962707153e+00
1.225000000000005862e+01 3.688918363225453412e+00
1.227000000000005819e+01 3.600220134594434462e+00
1.229000000000005777e+01 3.597436824168125824e+00
1.231000000000005734e+01 3.591892743544961686e+00
1.233000000000005691e+01 3.583046798253115117e+00
1.235000000000005649e+01 3.504684449058035334e+00
1.237000000000005606e+01 3.505652849136459803e+00
1.239000000000005564e+01 3.488675662008952738e+00
1.241000000000005521e+01 3.523172739745060955e+00
1.243000000000005478e+01 3.475167829885099202e+00
1.245000000000005436e+01 3.467925529053682343e+00
1.247000000000005393e+01 3.445099102425777104e+00
1.249000000000005350e+01 3.410557831822983665e+00
1.251000000000005308e+01 3.394997262189751286e+00
1.253000000000005265e+01 3.452276932556023858e+00
1.255000000000005222e+01 3.409117642598923581e+00
1.257000000000005180e+01 3.381494570821371948e+00
1.259000000000005137e+01 3.364833262523596602e+00
1.261000000000005095e+01 3.328793089958133944e+00
1.263000000000005052e+01 3.343441629808589610e+00
1.265000000000005009e+01 3.315150905536548898e+00
1.267000000000004967e+01 3.337566942697894223e+00
1.269000000000004924e+01 3.323074357650648736e+00
1.271000000000004881e+01 3.248277841284409106e+00
1.273000000000004839e+01 3.284042471702189214e+00
1.275000000000004796e+01 3.254245228381734467e+00
1.277000000000004754e+01 3.195574604468611746e+00
1.279000000000004711e+01 3.169641593901692200e+00
1.281000000000004668e+01 3.198207574475220749e+00
1.283000000000004626e+01 3.172838265005822667e+00
1.285000000000004583e+01 3.142198083672739450e+00
1.287000000000004540e+01 3.135246397332003720e+00
1.289000000000004498e+01 3.181491887014694875e+00
1.291000000000004455e+01 3.118143107628676969e+00
1.293000000000004412e+01 3.132635200819657850e+00
1.295000000000004370e+01 3.097753877668782518e+00
1.297000000000004327e+01 3.101996923572302833e+00
1.299000000000004285e+01 3.062982943637483135e+00
1.301000000000004242e+01 3.026832599883899189e+00
1.303000000000004199e+01 3.054033554915011273e+00
1.305000000000004157e+01 3.013979089344959839e+00
1.307000000000004114e+01 2.986920070578277908e+00
1.309000000000004071e+01 2.980120556725263992e+00
1.311000000000004029e+01 2.975817664418808572e+00
1.313000000000003986e+01 2.943126996884678270e+00
1.315000000000003944e+01 2.937567056070896854e+00
1.317000000000003901e+01 2.908274305787775571e+00
1.319000000000003858e+01 2.921750710815370411e+00
1.321000000000003816e+01 2.928838833258483376e+00
1.323000000000003773e+01 2.884511825083562631e+00
1.325000000000003730e+01 2.834812085478172428e+00
1.327000000000003688e+01 2.814850362329754496e+00
1.329000000000003645e+01 2.824683818609420971e+00
1.331000000000003602e+01 2.786504902805622574e+00
1.333000000000003560e+01 2.805767944753666310e+00
1.335000000000003517e+01 2.775436017378369424e+00
1.337000000000003475e+01 2.789954622564287057e+00
1.339000000000003432e+01 2.712770855536570824e+00
1.341000000000003389e+01 2.698697965690130207e+00
1.343000000000003347e+01 2.670322950144639051e+00
1.345000000000003304e+01 2.699509817236974030e+00
1.347000000000003261e+01 2.648666800876389171e+00
1.349000000000003219e+01 2.679625733061260728e+00
1.351000000000003176e+01 2.618340067654895353e+00
1.353000000000003133e+01 2.614162970217106974e+00
1.355000000000003091e+01 2.572585096074741173e+00
1.357000000000003048e+01 2.591691065180724340e+00
1.359000000000003006e+01 2.565722100086784252e+00
1.361000000000002963e+01 2.543833605294647526e+00
1.363000000000002920e+01 2.471444475746856106e+00
1.365000000000002878e+01 2.418871756726059807e+00
1.367000000000002835e+01 2.463365733009904801e+00
1.369000000000002792e+01 2.445108582753396043e+00
1.371000000000002750e+01 2.438581380099616780e+00
1.373000000000002707e+01 2.444469210549114813e+00
1.375000000000002665e+01 2.384805832884287824e+00
1.377000000000002622e+01 2.369654576748439379e+00
1.379000000000002579e+01 2.348824764439425561e+00
1.381000000000002537e+01 2.330428674650169452e+00
1.383000000000002494e+01 2.297685144186628392e+00
1.385000000000002451e+01 2.259963023071013044e+00
1.387000000000002409e+01 2.292419843698046744e+00
1.389000000000002366e+01 2.262826557429153951e+00
1.391000000000002323e+01 2.208223528543933334e+00
1.393000000000002281e+01 2.167556747799547878e+00
1.395000000000002238e+01 2.190003203535295651e+00
1.397000000000002196e+01 2.144429098557736779e+00
1.399000000000002153e+01 2.143403800438329565e+00
1.401000000000002110e+01 2.090619301687686615e+00
1.403000000000002068e+01 2.100091547461074182e+00
1.405000000000002025e+01 2.115971812336829405e+00
1.407000000000001982e+01 2.036955463849252190e+00
1.409000000000001940e+01 2.016892322031192730e+00
1.411000000000001897e+01 1.953427692573771468e+00
1.413000000000001855e+01 1.992176392165246890e+00
1.415000000000001812e+01 1.969412074905142918e+00
1.417000000000001769e+01 1.937658260297763002e+00
1.419000000000001727e+01 1.903471554251962239e+00
1.421000000000001684e+01 1.869192409119124987e+00
1.423000000000001641e+01 1.828202587360837850e+00
1.425000000000001599e+01 1.814002582783368123e+00
1.427000000000001556e+01 1.763892055617682031e+00
1.429000000000001513e+01 1.745866997591800418e+00
1.431000000000001471e+01 1.712483656540140009e+00
1.433000000000001428e+01 1.693707252041590339e+00
1.435000000000001386e+01 1.606502268628617225e+00
1.437000000000001343e+01 1.547934979595740668e+00
1.439000000000001300e+01 1.545860498033860386e+00
1.441000000000001258e+01 1.525472502107159789e+00
1.443000000000001215e+01 1.407854032606823624e+00
1.445000000000001172e+01 1.405361482418407526e+00
1.447000000000001130e+01 1.207449213630644058e+00
1.449000000000001087e+01 1.063830910594479651e+00
1.451000000000001044e+01 8.245237915074732360e-01
1.453000000000001002e+01 6.057459751037632678e-01
1.455000000000000959e+01 3.767090446971408380e-01
1.457000000000000917e+01 2.451365867002115728e-01
1.459000000000000874e+01 1.679243674783925389e-01
1.461000000000000831e+01 8.548226429640409796e-02
1.463000000000000789e+01 5.235581528764951531e-02
1.465000000000000746e+01 1.107391622123825997e-02
1.467000000000000703e+01 2.785488572875234690e-03
1.469000000000000661e+01 2.773787617494380929e-03
1.471000000000000618e+01 7.172781839902555690e-11
1.473000000000000576e+01 0.000000000000000000e+00
1.475000000000000533e+01 0.000000000000000000e+00
1.477000000000000490e+01 0.000000000000000000e+00
1.479000000000000448e+01 0.000000000000000000e+00
1.481000000000000405e+01 0.000000000000000000e+00
1.483000000000000362e+01 0.000000000000000000e+00
1.485000000000000320e+01 0.000000000000000000e+00
1.487000000000000277e+01 0.000000000000000000e+00
1.489000000000000234e+01 0.000000000000000000e+00
1.491000000000000192e+01 0.000000000000000000e+00
1.493000000000000149e+01 0.000000000000000000e+00
1.495000000000000107e+01 0.000000000000000000e+00
1.497000000000000064e+01 0.000000000000000000e+00
1.499000000000000021e+01 0.000000000000000000e+00
