# Redshift		Merger Rate Density [Gpc^-3yr^-1]
1.000000000031931770e-02 3.243667989702415753e+02
3.000000000031888964e-02 3.350413811244098383e+02
5.000000000031846331e-02 3.436485331899916105e+02
7.000000000031804392e-02 3.546319850523024684e+02
9.000000000031761760e-02 3.644509278214484311e+02
1.100000000003171913e-01 3.750176768119182498e+02
1.300000000003167511e-01 3.855887609059302008e+02
1.500000000003163247e-01 3.970164766987966800e+02
1.700000000003158984e-01 4.060152735836007878e+02
1.900000000003154721e-01 4.173606127086569586e+02
2.100000000003150458e-01 4.285736474800386873e+02
2.300000000003146194e-01 4.408309521562647433e+02
2.500000000003141931e-01 4.514114501661496774e+02
2.700000000003137668e-01 4.607439503868581596e+02
2.900000000003133405e-01 4.725071968082883700e+02
3.100000000003129141e-01 4.848134882338837883e+02
3.300000000003124878e-01 4.933978476527026373e+02
3.500000000003120615e-01 5.078752689455091058e+02
3.700000000003116352e-01 5.158143044712813889e+02
3.900000000003112088e-01 5.277721009762805124e+02
4.100000000003107825e-01 5.395567916077876589e+02
4.300000000003103562e-01 5.464491600102186339e+02
4.500000000003099299e-01 5.614212900536464304e+02
4.700000000003095035e-01 5.740836193390881590e+02
4.900000000003090772e-01 5.807511296570994546e+02
5.100000000003086509e-01 5.930124036829798797e+02
5.300000000003082246e-01 6.046571812019521985e+02
5.500000000003077982e-01 6.146684135951365988e+02
5.700000000003073719e-01 6.250938445762460560e+02
5.900000000003069456e-01 6.361844335922384062e+02
6.100000000003065193e-01 6.492846808354419181e+02
6.300000000003060929e-01 6.537767972376449279e+02
6.500000000003056666e-01 6.695561579869714706e+02
6.700000000003052403e-01 6.770916022712906397e+02
6.900000000003048140e-01 6.872555464280449087e+02
7.100000000003043876e-01 6.952415334320710372e+02
7.300000000003039613e-01 7.046274473093319557e+02
7.500000000003035350e-01 7.156386126073927016e+02
7.700000000003031086e-01 7.234705413027177201e+02
7.900000000003026823e-01 7.339786346266307646e+02
8.100000000003022560e-01 7.389171038879746902e+02
8.300000000003018297e-01 7.466778537684842831e+02
8.500000000003014033e-01 7.585984579234713010e+02
8.700000000003009770e-01 7.641626822703617563e+02
8.900000000003005507e-01 7.692256939379208234e+02
9.100000000003001244e-01 7.819365685971072253e+02
9.300000000002996980e-01 7.828548976420856889e+02
9.500000000002992717e-01 7.963406133108657059e+02
9.700000000002988454e-01 7.982316136788646190e+02
9.900000000002984191e-01 8.096166326830010576e+02
1.010000000000297993e+00 8.095826582029209249e+02
1.030000000000297566e+00 8.163546404655172637e+02
1.050000000000297140e+00 8.222144162290005625e+02
1.070000000000296714e+00 8.321398385427926314e+02
1.090000000000296287e+00 8.330011294186615487e+02
1.110000000000295861e+00 8.382189016047432233e+02
1.130000000000295435e+00 8.433639595163537024e+02
1.150000000000295008e+00 8.447909448755373205e+02
1.170000000000294582e+00 8.492929237711475707e+02
1.190000000000294156e+00 8.523756001003939673e+02
1.210000000000293729e+00 8.614029246978370793e+02
1.230000000000293303e+00 8.581795483288478863e+02
1.250000000000292877e+00 8.599159697589418556e+02
1.270000000000292451e+00 8.630515512209104827e+02
1.290000000000292024e+00 8.681442438874602203e+02
1.310000000000291598e+00 8.656275657012067768e+02
1.330000000000291172e+00 8.701120825561689571e+02
1.350000000000290745e+00 8.680032108996579154e+02
1.370000000000290319e+00 8.673434211119184738e+02
1.390000000000289893e+00 8.712635197666629665e+02
1.410000000000289466e+00 8.729592743709454226e+02
1.430000000000289040e+00 8.707785276131464798e+02
1.450000000000288614e+00 8.680334159149460902e+02
1.470000000000288187e+00 8.699814218522690226e+02
1.490000000000287761e+00 8.657957419643777257e+02
1.510000000000287335e+00 8.654846503248754743e+02
1.530000000000286908e+00 8.608013823765445522e+02
1.550000000000286482e+00 8.669267766579903309e+02
1.570000000000286056e+00 8.597141544459316265e+02
1.590000000000285629e+00 8.569230184525014238e+02
1.610000000000285203e+00 8.539278291713559383e+02
1.630000000000284777e+00 8.479992727671027524e+02
1.650000000000284350e+00 8.473674226592326022e+02
1.670000000000283924e+00 8.423075700874660470e+02
1.690000000000283498e+00 8.424482681677970959e+02
1.710000000000283071e+00 8.331459571095994079e+02
1.730000000000282645e+00 8.304090615106603082e+02
1.750000000000282219e+00 8.208221545253701379e+02
1.770000000000281792e+00 8.213976930665852478e+02
1.790000000000281366e+00 8.118424681366824416e+02
1.810000000000280940e+00 8.074543989141178599e+02
1.830000000000280513e+00 8.030129611987475755e+02
1.850000000000280087e+00 7.959524171353546080e+02
1.870000000000279661e+00 7.931460319482903287e+02
1.890000000000279234e+00 7.837407542952532822e+02
1.910000000000278808e+00 7.774568745560283105e+02
1.930000000000278382e+00 7.695996175090601810e+02
1.950000000000277955e+00 7.620668466298161547e+02
1.970000000000277529e+00 7.579718645362273719e+02
1.990000000000277103e+00 7.494797771032550600e+02
2.010000000000276899e+00 7.411548760908566464e+02
2.030000000000276472e+00 7.365137739981455525e+02
2.050000000000276046e+00 7.279562443404994383e+02
2.070000000000275620e+00 7.178250737430406616e+02
2.090000000000275193e+00 7.103928915132291877e+02
2.110000000000274767e+00 7.059031487849290443e+02
2.130000000000274341e+00 6.959618499104901730e+02
2.150000000000273914e+00 6.915829921824239364e+02
2.170000000000273488e+00 6.793678176210148649e+02
2.190000000000273062e+00 6.714175982546809109e+02
2.210000000000272635e+00 6.650835851746131766e+02
2.230000000000272209e+00 6.546340707112834707e+02
2.250000000000271783e+00 6.514230566250399761e+02
2.270000000000271356e+00 6.408931897008585565e+02
2.290000000000270930e+00 6.328330229703410623e+02
2.310000000000270504e+00 6.255073449448505016e+02
2.330000000000270077e+00 6.148586609981177844e+02
2.350000000000269651e+00 6.097092523401524886e+02
2.370000000000269225e+00 6.042870910757189904e+02
2.390000000000268798e+00 5.912623055530190186e+02
2.410000000000268372e+00 5.850977034486597859e+02
2.430000000000267946e+00 5.744658054511641012e+02
2.450000000000267519e+00 5.677351789805184126e+02
2.470000000000267093e+00 5.632305924523088834e+02
2.490000000000266667e+00 5.509214215503557170e+02
2.510000000000266240e+00 5.452458852938532345e+02
2.530000000000265814e+00 5.383613408651040118e+02
2.550000000000265388e+00 5.259389097655949854e+02
2.570000000000264961e+00 5.203826501798654363e+02
2.590000000000264535e+00 5.132871715434923772e+02
2.610000000000264109e+00 5.036823835109932475e+02
2.630000000000263682e+00 5.011516046723287445e+02
2.650000000000263256e+00 4.929593811998821025e+02
2.670000000000262830e+00 4.853800145025258530e+02
2.690000000000262403e+00 4.785481912435373602e+02
2.710000000000261977e+00 4.700521326506854507e+02
2.730000000000261551e+00 4.634881294216444303e+02
2.750000000000261124e+00 4.559690226950118017e+02
2.770000000000260698e+00 4.480578318207656139e+02
2.790000000000260272e+00 4.416625755580114401e+02
2.810000000000259845e+00 4.331726182932061420e+02
2.830000000000259419e+00 4.277860559619842888e+02
2.850000000000258993e+00 4.230417696684518205e+02
2.870000000000258567e+00 4.154375250414184961e+02
2.890000000000258140e+00 4.110049315275625190e+02
2.910000000000257714e+00 4.035145462006307184e+02
2.930000000000257288e+00 3.944616676474354904e+02
2.950000000000256861e+00 3.885127852373756809e+02
2.970000000000256435e+00 3.839861124141529558e+02
2.990000000000256009e+00 3.762468842740353807e+02
3.010000000000255582e+00 3.699076408707545625e+02
3.030000000000255156e+00 3.649859848407260756e+02
3.050000000000254730e+00 3.584963191645337020e+02
3.070000000000254303e+00 3.525707739608463953e+02
3.090000000000253877e+00 3.472143983523267821e+02
3.110000000000253451e+00 3.409090099664686591e+02
3.130000000000253024e+00 3.370280648270349388e+02
3.150000000000252598e+00 3.309646950657456728e+02
3.170000000000252172e+00 3.259773195987820031e+02
3.190000000000251745e+00 3.206777399299508033e+02
3.210000000000251319e+00 3.148441246610645408e+02
3.230000000000250893e+00 3.085957592834852790e+02
3.250000000000250466e+00 3.050010188423526643e+02
3.270000000000250040e+00 3.010598026359637629e+02
3.290000000000249614e+00 2.956512400103797518e+02
3.310000000000249187e+00 2.906907960359037588e+02
3.330000000000248761e+00 2.852996935515378141e+02
3.350000000000248335e+00 2.821932425331862646e+02
3.370000000000247908e+00 2.773344332564263368e+02
3.390000000000247482e+00 2.719467861420831696e+02
3.410000000000247056e+00 2.686334751293960608e+02
3.430000000000246629e+00 2.647529293778862325e+02
3.450000000000246203e+00 2.597210962043766926e+02
3.470000000000245777e+00 2.549113712164707408e+02
3.490000000000245350e+00 2.541132613690151629e+02
3.510000000000244924e+00 2.463682801763622194e+02
3.530000000000244498e+00 2.441362039082957835e+02
3.550000000000244071e+00 2.404882434833048137e+02
3.570000000000243645e+00 2.361748668676086709e+02
3.590000000000243219e+00 2.331907304963969523e+02
3.610000000000242792e+00 2.282453768720035612e+02
3.630000000000242366e+00 2.248226442250836499e+02
3.650000000000241940e+00 2.216320502683081202e+02
3.670000000000241513e+00 2.181944503927262247e+02
3.690000000000241087e+00 2.139287896751957021e+02
3.710000000000240661e+00 2.112976398395372257e+02
3.730000000000240234e+00 2.084760838281330280e+02
3.750000000000239808e+00 2.058314959470049246e+02
3.770000000000239382e+00 2.006954110189560367e+02
3.790000000000238956e+00 1.975237759422715840e+02
3.810000000000238529e+00 1.954319460630769356e+02
3.830000000000238103e+00 1.918648952968372896e+02
3.850000000000237677e+00 1.886724706946244225e+02
3.870000000000237250e+00 1.857897096101135048e+02
3.890000000000236824e+00 1.828918025606851643e+02
3.910000000000236398e+00 1.810308327076633645e+02
3.930000000000235971e+00 1.765896494313371932e+02
3.950000000000235545e+00 1.751872292008260388e+02
3.970000000000235119e+00 1.720956750125637313e+02
3.990000000000234692e+00 1.683505182109700513e+02
4.010000000000234266e+00 1.657568112836066234e+02
4.030000000000233840e+00 1.643460198863189703e+02
4.050000000000233413e+00 1.599749638000633638e+02
4.070000000000232987e+00 1.587230535122374420e+02
4.090000000000232561e+00 1.553290782738143321e+02
4.110000000000232134e+00 1.532334088069061124e+02
4.130000000000231708e+00 1.516442721197008154e+02
4.150000000000231282e+00 1.493335582252186953e+02
4.170000000000230855e+00 1.453331576452230820e+02
4.190000000000230429e+00 1.432396095232838604e+02
4.210000000000230003e+00 1.416126735474913403e+02
4.230000000000229576e+00 1.397624062661895721e+02
4.250000000000229150e+00 1.371215132960785752e+02
4.270000000000228724e+00 1.340097984505389945e+02
4.290000000000228297e+00 1.327811545518065941e+02
4.310000000000227871e+00 1.306694642326447422e+02
4.330000000000227445e+00 1.288125147000918957e+02
4.350000000000227018e+00 1.253191957919708273e+02
4.370000000000226592e+00 1.236700264467484516e+02
4.390000000000226166e+00 1.217600801027314645e+02
4.410000000000225739e+00 1.198929078744334333e+02
4.430000000000225313e+00 1.179437144919406535e+02
4.450000000000224887e+00 1.159705183117981022e+02
4.470000000000224460e+00 1.138985146787393319e+02
4.490000000000224034e+00 1.121934048579208394e+02
4.510000000000223608e+00 1.102622469847823368e+02
4.530000000000223181e+00 1.088218718646470364e+02
4.550000000000222755e+00 1.060198760064900654e+02
4.570000000000222329e+00 1.049463790379054444e+02
4.590000000000221902e+00 1.030057682501599174e+02
4.610000000000221476e+00 1.018857456288713479e+02
4.630000000000221050e+00 9.981488590213196233e+01
4.650000000000220624e+00 9.726649198196254531e+01
4.670000000000220197e+00 9.573206707929145409e+01
4.690000000000219771e+00 9.476872576367925660e+01
4.710000000000219345e+00 9.315259498753009382e+01
4.730000000000218918e+00 9.180759631384928809e+01
4.750000000000218492e+00 8.986439205247833684e+01
4.770000000000218066e+00 8.781264905144342947e+01
4.790000000000217639e+00 8.699643771789476432e+01
4.810000000000217213e+00 8.574188670698153203e+01
4.830000000000216787e+00 8.374954173861709705e+01
4.850000000000216360e+00 8.234898372689664825e+01
4.870000000000215934e+00 8.023359236665649519e+01
4.890000000000215508e+00 7.946509471791691226e+01
4.910000000000215081e+00 7.789689598030462037e+01
4.930000000000214655e+00 7.697344148754970661e+01
4.950000000000214229e+00 7.533615028174499173e+01
4.970000000000213802e+00 7.379119988471597935e+01
4.990000000000213376e+00 7.241851451770723713e+01
5.010000000000212950e+00 7.158942233717009174e+01
5.030000000000212523e+00 6.993340033743115214e+01
5.050000000000212097e+00 6.850302165472682248e+01
5.070000000000211671e+00 6.736940752542054156e+01
5.090000000000211244e+00 6.662325882588515924e+01
5.110000000000210818e+00 6.481669881160422619e+01
5.130000000000210392e+00 6.354972277145159865e+01
5.150000000000209965e+00 6.277365652849089628e+01
5.170000000000209539e+00 6.096953294940247048e+01
5.190000000000209113e+00 6.073479774285640076e+01
5.210000000000208686e+00 5.906478303755223891e+01
5.230000000000208260e+00 5.774070489468225276e+01
5.250000000000207834e+00 5.669117314611482783e+01
5.270000000000207407e+00 5.608231038267323498e+01
5.290000000000206981e+00 5.501685185943293988e+01
5.310000000000206555e+00 5.369451361573555204e+01
5.330000000000206128e+00 5.226055046613016231e+01
5.350000000000205702e+00 5.190770700858234932e+01
5.370000000000205276e+00 5.069510392076774963e+01
5.390000000000204849e+00 4.987593316983554104e+01
5.410000000000204423e+00 4.882281989523565358e+01
5.430000000000203997e+00 4.764423159427163768e+01
5.450000000000203570e+00 4.692871481926898269e+01
5.470000000000203144e+00 4.581635914327272019e+01
5.490000000000202718e+00 4.512028217101341454e+01
5.510000000000202292e+00 4.457388115848884524e+01
5.530000000000201865e+00 4.310587541904875053e+01
5.550000000000201439e+00 4.213826832754620710e+01
5.570000000000201013e+00 4.188213631020693839e+01
5.590000000000200586e+00 4.075718078939141975e+01
5.610000000000200160e+00 3.992045689521903995e+01
5.630000000000199734e+00 3.923422875876553206e+01
5.650000000000199307e+00 3.828468578954651491e+01
5.670000000000198881e+00 3.784141391601932014e+01
5.690000000000198455e+00 3.690967839763915492e+01
5.710000000000198028e+00 3.581623315030479660e+01
5.730000000000197602e+00 3.537528009237064452e+01
5.750000000000197176e+00 3.447526293350522764e+01
5.770000000000196749e+00 3.391847888352914708e+01
5.790000000000196323e+00 3.335881013291572117e+01
5.810000000000195897e+00 3.231699322629116011e+01
5.830000000000195470e+00 3.181063608905121498e+01
5.850000000000195044e+00 3.118636434797230095e+01
5.870000000000194618e+00 3.060194679873192669e+01
5.890000000000194191e+00 3.017307269393871394e+01
5.910000000000193765e+00 2.908229002109133532e+01
5.930000000000193339e+00 2.879295454047319680e+01
5.950000000000192912e+00 2.792261693489273355e+01
5.970000000000192486e+00 2.721362044683108294e+01
5.990000000000192060e+00 2.665765737941109847e+01
6.010000000000191633e+00 2.644589664708223964e+01
6.030000000000191207e+00 2.593227210787686587e+01
6.050000000000190781e+00 2.516615157376098111e+01
6.070000000000190354e+00 2.460001801763352702e+01
6.090000000000189928e+00 2.391173259162238907e+01
6.110000000000189502e+00 2.371805371227750925e+01
6.130000000000189075e+00 2.305008221989974970e+01
6.150000000000188649e+00 2.269377529293869244e+01
6.170000000000188223e+00 2.205587412099741940e+01
6.190000000000187796e+00 2.157115871263346563e+01
6.210000000000187370e+00 2.107397700833356069e+01
6.230000000000186944e+00 2.052389640362340373e+01
6.250000000000186517e+00 2.020014085599042275e+01
6.270000000000186091e+00 1.967675358976268996e+01
6.290000000000185665e+00 1.953731150395356764e+01
6.310000000000185238e+00 1.876889995800783595e+01
6.330000000000184812e+00 1.845889593466937839e+01
6.350000000000184386e+00 1.806730411809171244e+01
6.370000000000183960e+00 1.748900221918515641e+01
6.390000000000183533e+00 1.734858996937391851e+01
6.410000000000183107e+00 1.677533494359277810e+01
6.430000000000182681e+00 1.668058676851269340e+01
6.450000000000182254e+00 1.608982555629438949e+01
6.470000000000181828e+00 1.580067111830853399e+01
6.490000000000181402e+00 1.533542064133331806e+01
6.510000000000180975e+00 1.491701729689385125e+01
6.530000000000180549e+00 1.482520152497731125e+01
6.550000000000180123e+00 1.450457074700456594e+01
6.570000000000179696e+00 1.393847817604132366e+01
6.590000000000179270e+00 1.392688864631180401e+01
6.610000000000178844e+00 1.325264554375967663e+01
6.630000000000178417e+00 1.313568375394347321e+01
6.650000000000177991e+00 1.286587092106702812e+01
6.670000000000177565e+00 1.250760965089466836e+01
6.690000000000177138e+00 1.233997492772649629e+01
6.710000000000176712e+00 1.196430197822708585e+01
6.730000000000176286e+00 1.180445080161953619e+01
6.750000000000175859e+00 1.149406696687617924e+01
6.770000000000175433e+00 1.118761863534751733e+01
6.790000000000175007e+00 1.097006164218936419e+01
6.810000000000174580e+00 1.071803344021808790e+01
6.830000000000174154e+00 1.049817390717260501e+01
6.850000000000173728e+00 1.030079093698761206e+01
6.870000000000173301e+00 1.007945321447958342e+01
6.890000000000172875e+00 9.859942426809755744e+00
6.910000000000172449e+00 9.540291861846345256e+00
6.930000000000172022e+00 9.318372981021619594e+00
6.950000000000171596e+00 9.273759410124716496e+00
6.970000000000171170e+00 9.012165102363004721e+00
6.990000000000170743e+00 8.702287741199453919e+00
7.010000000000170317e+00 8.613925002908956685e+00
7.030000000000169891e+00 8.652289043507888522e+00
7.050000000000169464e+00 8.175311338024970453e+00
7.070000000000169038e+00 8.153494340082868774e+00
7.090000000000168612e+00 7.928371064587136807e+00
7.110000000000168185e+00 7.859381374406242848e+00
7.130000000000167759e+00 7.648786234911192139e+00
7.150000000000167333e+00 7.366700418502540870e+00
7.170000000000166906e+00 7.363228270683089605e+00
7.190000000000166480e+00 7.205068342513819779e+00
7.210000000000166054e+00 6.980701210787169764e+00
7.230000000000165628e+00 6.919847184678155294e+00
7.250000000000165201e+00 6.731565096749810628e+00
7.270000000000164775e+00 6.628364236883323990e+00
7.290000000000164349e+00 6.494287701234495280e+00
7.310000000000163922e+00 6.404179052579744180e+00
7.330000000000163496e+00 6.347464671449970730e+00
7.350000000000163070e+00 6.139270181853782482e+00
7.370000000000162643e+00 6.091847279650963287e+00
7.390000000000162217e+00 5.948066378957602041e+00
7.410000000000161791e+00 5.743228209213786073e+00
7.430000000000161364e+00 5.780681797435847535e+00
7.450000000000160938e+00 5.691238224007476809e+00
7.470000000000160512e+00 5.500090151920720594e+00
7.490000000000160085e+00 5.508617948328200953e+00
7.510000000000159659e+00 5.406218282477720294e+00
7.530000000000159233e+00 5.312776208013468171e+00
7.550000000000158806e+00 5.243871587245671151e+00
7.570000000000158380e+00 5.097287906755389564e+00
7.590000000000157954e+00 5.057583696934440098e+00
7.610000000000157527e+00 4.921773520279240088e+00
7.630000000000157101e+00 4.904682963121002715e+00
7.650000000000156675e+00 4.861760211463998615e+00
7.670000000000156248e+00 4.784003826838229223e+00
7.690000000000155822e+00 4.638768647977417281e+00
7.710000000000155396e+00 4.654313629513153749e+00
7.730000000000154969e+00 4.508570715291806863e+00
7.750000000000154543e+00 4.484337356372442684e+00
7.770000000000154117e+00 4.477086609608895706e+00
7.790000000000153690e+00 4.412818148683340880e+00
7.810000000000153264e+00 4.323608997393882269e+00
7.830000000000152838e+00 4.274996474479691777e+00
7.850000000000152411e+00 4.195147899214829224e+00
7.870000000000151985e+00 4.146852974064526798e+00
7.890000000000151559e+00 4.141111089349776897e+00
7.910000000000151132e+00 4.060721876356416793e+00
7.930000000000150706e+00 4.039998339724692578e+00
7.950000000000150280e+00 4.010557273996878891e+00
7.970000000000149853e+00 3.927734436938141727e+00
7.990000000000149427e+00 3.907486386722335059e+00
8.010000000000149001e+00 3.880840269269451692e+00
8.030000000000148574e+00 3.790298346160976717e+00
8.050000000000148148e+00 3.782723420563610883e+00
8.070000000000147722e+00 3.724400000904094732e+00
8.090000000000147296e+00 3.724449257662048929e+00
8.110000000000146869e+00 3.713568473798776193e+00
8.130000000000146443e+00 3.606841925345787736e+00
8.150000000000146017e+00 3.656567773344099770e+00
8.170000000000145590e+00 3.563969940625842714e+00
8.190000000000145164e+00 3.569920275381658126e+00
8.210000000000144738e+00 3.481928273324592205e+00
8.230000000000144311e+00 3.501081097049654201e+00
8.250000000000143885e+00 3.437633111364446492e+00
8.270000000000143459e+00 3.471439629813799499e+00
8.290000000000143032e+00 3.451123296451060085e+00
8.310000000000142606e+00 3.363265980548095335e+00
8.330000000000142180e+00 3.390163802035535134e+00
8.350000000000141753e+00 3.389010287206782657e+00
8.370000000000141327e+00 3.360477787999451849e+00
8.390000000000140901e+00 3.268783590657112548e+00
8.410000000000140474e+00 3.300819527427222955e+00
8.430000000000140048e+00 3.254502374924566510e+00
8.450000000000139622e+00 3.238939934105471874e+00
8.470000000000139195e+00 3.217154908386365086e+00
8.490000000000138769e+00 3.182787069302866811e+00
8.510000000000138343e+00 3.176327114461612755e+00
8.530000000000137916e+00 3.119345343747062849e+00
8.550000000000137490e+00 3.125947138305885886e+00
8.570000000000137064e+00 3.126684395995269483e+00
8.590000000000136637e+00 3.093906377903178573e+00
8.610000000000136211e+00 3.097284489442476918e+00
8.630000000000135785e+00 3.019576559351934364e+00
8.650000000000135358e+00 3.059823232941591531e+00
8.670000000000134932e+00 3.043013964488427536e+00
8.690000000000134506e+00 2.992815631441876789e+00
8.710000000000134079e+00 2.989961184146357365e+00
8.730000000000133653e+00 3.004142794233150227e+00
8.750000000000133227e+00 2.950608328616126652e+00
8.770000000000132800e+00 2.924806784507048452e+00
8.790000000000132374e+00 2.922246976854347533e+00
8.810000000000131948e+00 2.950245863353406772e+00
8.830000000000131521e+00 2.913106647829999396e+00
8.850000000000131095e+00 2.894686840465819255e+00
8.870000000000130669e+00 2.871948118142150452e+00
8.890000000000130242e+00 2.905122799845692327e+00
8.910000000000129816e+00 2.858717380003575226e+00
8.930000000000129390e+00 2.848818068464569198e+00
8.950000000000128964e+00 2.830308224247252369e+00
8.970000000000128537e+00 2.822880568376153310e+00
8.990000000000128111e+00 2.810014231274289287e+00
9.010000000000127685e+00 2.802014639411591457e+00
9.030000000000127258e+00 2.795503858467034863e+00
9.050000000000126832e+00 2.796677597313693919e+00
9.070000000000126406e+00 2.814827144361880418e+00
9.090000000000125979e+00 2.720395101293928697e+00
9.110000000000125553e+00 2.774701548004370188e+00
9.130000000000125127e+00 2.749040753667338688e+00
9.150000000000124700e+00 2.743722892049835327e+00
9.170000000000124274e+00 2.719044679532491848e+00
9.190000000000123848e+00 2.744810229278619396e+00
9.210000000000123421e+00 2.692587048355214119e+00
9.230000000000122995e+00 2.703120653685372243e+00
9.250000000000122569e+00 2.684052098156116450e+00
9.270000000000122142e+00 2.688554279322560525e+00
9.290000000000121716e+00 2.658151837885590396e+00
9.310000000000121290e+00 2.664990556627616858e+00
9.330000000000120863e+00 2.630144434789469798e+00
9.350000000000120437e+00 2.688410418682426251e+00
9.370000000000120011e+00 2.644760913072549346e+00
9.390000000000119584e+00 2.612639604048940356e+00
9.410000000000119158e+00 2.636259020301269462e+00
9.430000000000118732e+00 2.634696654503052127e+00
9.450000000000118305e+00 2.611947403604559348e+00
9.470000000000117879e+00 2.606935416420557150e+00
9.490000000000117453e+00 2.591791802837435377e+00
9.510000000000117026e+00 2.564263749770873790e+00
9.530000000000116600e+00 2.616598784159385627e+00
9.550000000000116174e+00 2.561498433347429327e+00
9.570000000000115747e+00 2.601998588877681762e+00
9.590000000000115321e+00 2.571585172758044546e+00
9.610000000000114895e+00 2.581280084477619585e+00
9.630000000000114468e+00 2.541763832873659368e+00
9.650000000000114042e+00 2.576159493926385213e+00
9.670000000000113616e+00 2.514104049846431987e+00
9.690000000000113189e+00 2.534492273154033359e+00
9.710000000000112763e+00 2.558324726822041484e+00
9.730000000000112337e+00 2.488305870328131775e+00
9.750000000000111910e+00 2.526614206282356445e+00
9.770000000000111484e+00 2.498527670926766309e+00
9.790000000000111058e+00 2.467497225211798373e+00
9.810000000000110632e+00 2.473731275880338920e+00
9.830000000000110205e+00 2.503196380019476752e+00
9.850000000000109779e+00 2.473003260349287302e+00
9.870000000000109353e+00 2.426975661080108093e+00
9.890000000000108926e+00 2.421450902329953525e+00
9.910000000000108500e+00 2.471724359661021886e+00
9.930000000000108074e+00 2.436710333086071323e+00
9.950000000000107647e+00 2.451433716913028693e+00
9.970000000000107221e+00 2.374798247869563284e+00
9.990000000000106795e+00 2.406685656959659525e+00
1.001000000000010637e+01 2.413657112903073276e+00
1.003000000000010594e+01 2.396347315472103112e+00
1.005000000000010552e+01 2.389593122163732986e+00
1.007000000000010509e+01 2.382456274259371121e+00
1.009000000000010466e+01 2.359686606550862820e+00
1.011000000000010424e+01 2.355486717992853141e+00
1.013000000000010381e+01 2.352049041842922517e+00
1.015000000000010338e+01 2.341962550599974602e+00
1.017000000000010296e+01 2.320835395492165443e+00
1.019000000000010253e+01 2.337127403824572625e+00
1.021000000000010210e+01 2.298654922667635603e+00
1.023000000000010168e+01 2.324640524559150823e+00
1.025000000000010125e+01 2.277387913314776746e+00
1.027000000000010083e+01 2.299910784689727539e+00
1.029000000000010040e+01 2.276195582488284241e+00
1.031000000000009997e+01 2.289409399192270822e+00
1.033000000000009955e+01 2.249494059969854298e+00
1.035000000000009912e+01 2.258054183209364130e+00
1.037000000000009869e+01 2.240082579349400138e+00
1.039000000000009827e+01 2.223991023969257519e+00
1.041000000000009784e+01 2.242702169409781288e+00
1.043000000000009742e+01 2.243352741371445358e+00
1.045000000000009699e+01 2.194627546969943221e+00
1.047000000000009656e+01 2.260765604287042319e+00
1.049000000000009614e+01 2.187554446840535682e+00
1.051000000000009571e+01 2.151447477255759022e+00
1.053000000000009528e+01 2.207362355223111194e+00
1.055000000000009486e+01 2.191643370869292173e+00
1.057000000000009443e+01 2.140773616281804070e+00
1.059000000000009400e+01 2.168125650203671650e+00
1.061000000000009358e+01 2.112660272755070068e+00
1.063000000000009315e+01 2.147341864360603925e+00
1.065000000000009273e+01 2.171951995422536363e+00
1.067000000000009230e+01 2.115769399653548266e+00
1.069000000000009187e+01 2.087392107340141578e+00
1.071000000000009145e+01 2.072285887274832206e+00
1.073000000000009102e+01 2.066765574705812902e+00
1.075000000000009059e+01 2.052717513312154463e+00
1.077000000000009017e+01 2.038608100142235813e+00
1.079000000000008974e+01 2.078007263265922777e+00
1.081000000000008932e+01 2.023914704850735991e+00
1.083000000000008889e+01 2.030679507705920983e+00
1.085000000000008846e+01 2.027834738168246886e+00
1.087000000000008804e+01 1.993721405843330352e+00
1.089000000000008761e+01 2.018953586913863063e+00
1.091000000000008718e+01 1.983005003574241032e+00
1.093000000000008676e+01 1.969142418029108610e+00
1.095000000000008633e+01 1.997298825633482711e+00
1.097000000000008590e+01 1.975431373801663115e+00
1.099000000000008548e+01 1.948182391729053053e+00
1.101000000000008505e+01 1.945586719448539670e+00
1.103000000000008463e+01 1.915815359131605167e+00
1.105000000000008420e+01 1.909641781413362160e+00
1.107000000000008377e+01 1.916798649333395277e+00
1.109000000000008335e+01 1.922510749721037193e+00
1.111000000000008292e+01 1.878689475041799950e+00
1.113000000000008249e+01 1.882030260058231264e+00
1.115000000000008207e+01 1.878556579915783731e+00
1.117000000000008164e+01 1.900877742346763988e+00
1.119000000000008122e+01 1.874354265483784587e+00
1.121000000000008079e+01 1.873294313974956271e+00
1.123000000000008036e+01 1.821821698272764634e+00
1.125000000000007994e+01 1.837001251602984553e+00
1.127000000000007951e+01 1.851174839327292432e+00
1.129000000000007908e+01 1.826957025935062706e+00
1.131000000000007866e+01 1.787945983536308736e+00
1.133000000000007823e+01 1.782245455076221230e+00
1.135000000000007780e+01 1.779068734215555336e+00
1.137000000000007738e+01 1.769538808024378129e+00
1.139000000000007695e+01 1.774865447465645563e+00
1.141000000000007653e+01 1.769593327407843475e+00
1.143000000000007610e+01 1.710050119530538870e+00
1.145000000000007567e+01 1.740350254201181723e+00
1.147000000000007525e+01 1.701669285544394228e+00
1.149000000000007482e+01 1.696453730122104764e+00
1.151000000000007439e+01 1.728368766157999170e+00
1.153000000000007397e+01 1.720589817860400217e+00
1.155000000000007354e+01 1.653177347484066972e+00
1.157000000000007311e+01 1.663419390255150176e+00
1.159000000000007269e+01 1.654539651723732963e+00
1.161000000000007226e+01 1.618183396934642415e+00
1.163000000000007184e+01 1.651976615914072744e+00
1.165000000000007141e+01 1.593350997268454528e+00
1.167000000000007098e+01 1.618736790586849494e+00
1.169000000000007056e+01 1.623007254734070148e+00
1.171000000000007013e+01 1.580357905055883805e+00
1.173000000000006970e+01 1.561983109484359700e+00
1.175000000000006928e+01 1.544916611138927420e+00
1.177000000000006885e+01 1.558673602680892722e+00
1.179000000000006843e+01 1.567398976938126465e+00
1.181000000000006800e+01 1.504323248774009469e+00
1.183000000000006757e+01 1.511222148719481240e+00
1.185000000000006715e+01 1.559867536088863638e+00
1.187000000000006672e+01 1.507245953471109345e+00
1.189000000000006629e+01 1.478577846135045393e+00
1.191000000000006587e+01 1.468333881182454448e+00
1.193000000000006544e+01 1.474500299272345716e+00
1.195000000000006501e+01 1.451957868970676246e+00
1.197000000000006459e+01 1.466915362815588875e+00
1.199000000000006416e+01 1.453271536712450684e+00
1.201000000000006374e+01 1.449157759971125170e+00
1.203000000000006331e+01 1.410773317585616082e+00
1.205000000000006288e+01 1.406425181001159652e+00
1.207000000000006246e+01 1.417588163715245875e+00
1.209000000000006203e+01 1.391673348920060338e+00
1.211000000000006160e+01 1.389035969013385330e+00
1.213000000000006118e+01 1.392788897732170295e+00
1.215000000000006075e+01 1.333052560227077743e+00
1.217000000000006033e+01 1.393657491619484823e+00
1.219000000000005990e+01 1.351817314717946861e+00
1.221000000000005947e+01 1.346717359361959687e+00
1.223000000000005905e+01 1.314918102897027374e+00
1.225000000000005862e+01 1.330458081969178918e+00
1.227000000000005819e+01 1.283070597264157842e+00
1.229000000000005777e+01 1.310812314296302183e+00
1.231000000000005734e+01 1.335945062375234249e+00
1.233000000000005691e+01 1.253644699993710310e+00
1.235000000000005649e+01 1.268993066452630547e+00
1.237000000000005606e+01 1.274412676805130484e+00
1.239000000000005564e+01 1.269809827298499894e+00
1.241000000000005521e+01 1.217037930428213954e+00
1.243000000000005478e+01 1.228516582502452659e+00
1.245000000000005436e+01 1.230811135450854188e+00
1.247000000000005393e+01 1.201485832461346215e+00
1.249000000000005350e+01 1.186614006487675343e+00
1.251000000000005308e+01 1.183015346314690630e+00
1.253000000000005265e+01 1.160985684643071503e+00
1.255000000000005222e+01 1.142564420057539998e+00
1.257000000000005180e+01 1.177994022395128626e+00
1.259000000000005137e+01 1.128951180644300889e+00
1.261000000000005095e+01 1.165390290315167388e+00
1.263000000000005052e+01 1.131224325667000263e+00
1.265000000000005009e+01 1.102554430006222663e+00
1.267000000000004967e+01 1.138192474620317585e+00
1.269000000000004924e+01 1.132723054812913466e+00
1.271000000000004881e+01 1.096475537638720077e+00
1.273000000000004839e+01 1.073195677262514414e+00
1.275000000000004796e+01 1.099475310385655158e+00
1.277000000000004754e+01 1.067190218138682090e+00
1.279000000000004711e+01 1.070518835780646105e+00
1.281000000000004668e+01 1.080624247897966184e+00
1.283000000000004626e+01 1.043762977470478859e+00
1.285000000000004583e+01 1.031294281989290740e+00
1.287000000000004540e+01 1.041735055337251747e+00
1.289000000000004498e+01 1.034715641795854069e+00
1.291000000000004455e+01 1.010092286514170157e+00
1.293000000000004412e+01 1.021315971719801707e+00
1.295000000000004370e+01 9.890673478642429961e-01
1.297000000000004327e+01 1.007217589256530044e+00
1.299000000000004285e+01 9.860971187534124383e-01
1.301000000000004242e+01 9.927752709097112938e-01
1.303000000000004199e+01 9.761194867809356301e-01
1.305000000000004157e+01 9.700895490968354240e-01
1.307000000000004114e+01 9.606620822944801352e-01
1.309000000000004071e+01 9.350047512134777028e-01
1.311000000000004029e+01 9.282464089747540781e-01
1.313000000000003986e+01 9.390868363980162670e-01
1.315000000000003944e+01 9.005879159855800786e-01
1.317000000000003901e+01 8.940198819564629806e-01
1.319000000000003858e+01 8.926602233957111610e-01
1.321000000000003816e+01 9.033724731619463544e-01
1.323000000000003773e+01 8.697370029488039611e-01
1.325000000000003730e+01 8.491008054298050389e-01
1.327000000000003688e+01 7.890132281517177049e-01
1.329000000000003645e+01 8.331016688349477395e-01
1.331000000000003602e+01 8.084247976527679791e-01
1.333000000000003560e+01 8.299262562874719640e-01
1.335000000000003517e+01 7.990855759190913510e-01
1.337000000000003475e+01 7.840720147083851677e-01
1.339000000000003432e+01 7.522806135729692700e-01
1.341000000000003389e+01 7.531296431105308775e-01
1.343000000000003347e+01 7.362988093907041343e-01
1.345000000000003304e+01 7.383628759491476234e-01
1.347000000000003261e+01 7.150393154738732271e-01
1.349000000000003219e+01 7.441934058357305704e-01
1.351000000000003176e+01 6.702189959227519145e-01
1.353000000000003133e+01 6.566078422680491355e-01
1.355000000000003091e+01 6.421593860559078326e-01
1.357000000000003048e+01 6.464926461081604847e-01
1.359000000000003006e+01 6.375722462826755033e-01
1.361000000000002963e+01 6.232041275533712898e-01
1.363000000000002920e+01 6.146929338690808597e-01
1.365000000000002878e+01 5.917361425772263983e-01
1.367000000000002835e+01 5.941257866543095956e-01
1.369000000000002792e+01 5.842950842367683473e-01
1.371000000000002750e+01 5.678431867810468381e-01
1.373000000000002707e+01 5.753972628517555199e-01
1.375000000000002665e+01 5.361394258673658486e-01
1.377000000000002622e+01 5.438645549554943504e-01
1.379000000000002579e+01 5.172738230917531821e-01
1.381000000000002537e+01 5.023444676309688495e-01
1.383000000000002494e+01 5.080450560578895214e-01
1.385000000000002451e+01 4.841101920353183541e-01
1.387000000000002409e+01 4.909332326364382326e-01
1.389000000000002366e+01 4.776560672170828137e-01
1.391000000000002323e+01 4.809570053762626252e-01
1.393000000000002281e+01 4.902347732500685340e-01
1.395000000000002238e+01 4.295850833020095627e-01
1.397000000000002196e+01 4.173454903178359099e-01
1.399000000000002153e+01 4.040334433821162197e-01
1.401000000000002110e+01 3.785531678936943645e-01
1.403000000000002068e+01 3.819492345358649898e-01
1.405000000000002025e+01 3.915392840721677037e-01
1.407000000000001982e+01 3.869981787640264792e-01
1.409000000000001940e+01 3.640919521722574270e-01
1.411000000000001897e+01 3.464017265741158869e-01
1.413000000000001855e+01 3.596267227208712614e-01
1.415000000000001812e+01 3.382321054875493949e-01
1.417000000000001769e+01 3.155510742880098807e-01
1.419000000000001727e+01 3.092643788416596928e-01
1.421000000000001684e+01 3.006363214214258228e-01
1.423000000000001641e+01 2.886767438553579646e-01
1.425000000000001599e+01 2.578415545064407510e-01
1.427000000000001556e+01 2.546159858917600993e-01
1.429000000000001513e+01 2.475777719307995783e-01
1.431000000000001471e+01 2.186036808296656919e-01
1.433000000000001428e+01 2.181827162384268881e-01
1.435000000000001386e+01 2.007888822460393019e-01
1.437000000000001343e+01 1.842884627785844609e-01
1.439000000000001300e+01 1.810340752034243494e-01
1.441000000000001258e+01 1.748201265077461708e-01
1.443000000000001215e+01 1.551905543784239117e-01
1.445000000000001172e+01 1.308543596992255698e-01
1.447000000000001130e+01 1.251164453067298565e-01
1.449000000000001087e+01 1.031681537980052021e-01
1.451000000000001044e+01 8.867068160775995467e-02
1.453000000000001002e+01 7.507104000981543179e-02
1.455000000000000959e+01 5.850427262425065417e-02
1.457000000000000917e+01 4.474100932351241650e-02
1.459000000000000874e+01 3.356630451196493392e-02
1.461000000000000831e+01 2.773349449047524812e-02
1.463000000000000789e+01 2.215277932332803193e-02
1.465000000000000746e+01 1.917655095233354937e-02
1.467000000000000703e+01 5.445770373807596806e-03
1.469000000000000661e+01 2.722368791983540565e-03
1.471000000000000618e+01 1.174689185690754379e-10
1.473000000000000576e+01 0.000000000000000000e+00
1.475000000000000533e+01 0.000000000000000000e+00
1.477000000000000490e+01 0.000000000000000000e+00
1.479000000000000448e+01 0.000000000000000000e+00
1.481000000000000405e+01 0.000000000000000000e+00
1.483000000000000362e+01 0.000000000000000000e+00
1.485000000000000320e+01 0.000000000000000000e+00
1.487000000000000277e+01 0.000000000000000000e+00
1.489000000000000234e+01 0.000000000000000000e+00
1.491000000000000192e+01 0.000000000000000000e+00
1.493000000000000149e+01 0.000000000000000000e+00
1.495000000000000107e+01 0.000000000000000000e+00
1.497000000000000064e+01 0.000000000000000000e+00
1.499000000000000021e+01 0.000000000000000000e+00
