# Redshift		Merger Rate Density [Gpc^-3yr^-1]
1.000000000031931770e-02 2.054542689734052274e+01
3.000000000031888964e-02 2.089115930226393303e+01
5.000000000031846331e-02 2.103730253895718150e+01
7.000000000031804392e-02 2.164150922563603530e+01
9.000000000031761760e-02 2.182200236489073220e+01
1.100000000003171913e-01 2.220663773707866895e+01
1.300000000003167511e-01 2.282162225146462120e+01
1.500000000003163247e-01 2.344120728995257963e+01
1.700000000003158984e-01 2.395068684897558242e+01
1.900000000003154721e-01 2.452863232204412824e+01
2.100000000003150458e-01 2.474235651959210003e+01
2.300000000003146194e-01 2.573245575795933604e+01
2.500000000003141931e-01 2.577271049666953928e+01
2.700000000003137668e-01 2.632082669820822929e+01
2.900000000003133405e-01 2.666268778422456975e+01
3.100000000003129141e-01 2.748614811363983534e+01
3.300000000003124878e-01 2.765385387234005066e+01
3.500000000003120615e-01 2.799819468301578596e+01
3.700000000003116352e-01 2.858851566369718356e+01
3.900000000003112088e-01 2.844553992069892345e+01
4.100000000003107825e-01 2.945362864218422061e+01
4.300000000003103562e-01 2.989548937469339407e+01
4.500000000003099299e-01 3.019199150498745610e+01
4.700000000003095035e-01 3.058177146490531939e+01
4.900000000003090772e-01 3.123895032657237891e+01
5.100000000003086509e-01 3.155754779765733886e+01
5.300000000003082246e-01 3.161391446053293208e+01
5.500000000003077982e-01 3.235337460654906749e+01
5.700000000003073719e-01 3.277693514960484578e+01
5.900000000003069456e-01 3.275025562629694065e+01
6.100000000003065193e-01 3.388840320395152617e+01
6.300000000003060929e-01 3.410756623516563479e+01
6.500000000003056666e-01 3.483131499565052280e+01
6.700000000003052403e-01 3.476255066898399804e+01
6.900000000003048140e-01 3.597057461026391678e+01
7.100000000003043876e-01 3.573670896673289121e+01
7.300000000003039613e-01 3.601771033127649702e+01
7.500000000003035350e-01 3.694550845471488287e+01
7.700000000003031086e-01 3.746134995038813997e+01
7.900000000003026823e-01 3.830712812557993630e+01
8.100000000003022560e-01 3.792712283029338494e+01
8.300000000003018297e-01 3.919949446415400729e+01
8.500000000003014033e-01 3.935818146316612598e+01
8.700000000003009770e-01 4.019983315757426823e+01
8.900000000003005507e-01 3.982119156499427248e+01
9.100000000003001244e-01 4.093576616287914050e+01
9.300000000002996980e-01 4.143229363087142758e+01
9.500000000002992717e-01 4.252088526722594963e+01
9.700000000002988454e-01 4.249333836850505719e+01
9.900000000002984191e-01 4.283159048942064828e+01
1.010000000000297993e+00 4.437048493625032108e+01
1.030000000000297566e+00 4.398760012286042809e+01
1.050000000000297140e+00 4.407570850255562078e+01
1.070000000000296714e+00 4.546645365756545232e+01
1.090000000000296287e+00 4.493023991280116292e+01
1.110000000000295861e+00 4.564245321171096492e+01
1.130000000000295435e+00 4.552812815256933021e+01
1.150000000000295008e+00 4.683262173944084594e+01
1.170000000000294582e+00 4.649920233021169480e+01
1.190000000000294156e+00 4.745199854287048424e+01
1.210000000000293729e+00 4.797359046698044693e+01
1.230000000000293303e+00 4.777142973995440656e+01
1.250000000000292877e+00 4.870882819010260789e+01
1.270000000000292451e+00 4.798035899425815387e+01
1.290000000000292024e+00 4.937571750604169551e+01
1.310000000000291598e+00 4.910297611017968933e+01
1.330000000000291172e+00 5.033953725424962755e+01
1.350000000000290745e+00 5.034335964315945944e+01
1.370000000000290319e+00 5.095609858544331416e+01
1.390000000000289893e+00 5.003743704314175744e+01
1.410000000000289466e+00 5.130513738683643510e+01
1.430000000000289040e+00 5.177155974900016133e+01
1.450000000000288614e+00 5.217544086156370753e+01
1.470000000000288187e+00 5.190312660614871731e+01
1.490000000000287761e+00 5.266890345072717139e+01
1.510000000000287335e+00 5.315891218984981492e+01
1.530000000000286908e+00 5.239107906277538262e+01
1.550000000000286482e+00 5.376749533309315154e+01
1.570000000000286056e+00 5.450684904624346672e+01
1.590000000000285629e+00 5.348099853252765712e+01
1.610000000000285203e+00 5.441583554229047337e+01
1.630000000000284777e+00 5.439317721982610720e+01
1.650000000000284350e+00 5.483451735558008266e+01
1.670000000000283924e+00 5.524723332034172785e+01
1.690000000000283498e+00 5.493351556312494210e+01
1.710000000000283071e+00 5.526578573778879644e+01
1.730000000000282645e+00 5.646729116617611766e+01
1.750000000000282219e+00 5.565570874504282273e+01
1.770000000000281792e+00 5.689587247066089049e+01
1.790000000000281366e+00 5.675617881115702801e+01
1.810000000000280940e+00 5.655088645007938197e+01
1.830000000000280513e+00 5.744801656482755448e+01
1.850000000000280087e+00 5.596263978728878641e+01
1.870000000000279661e+00 5.803031693796774704e+01
1.890000000000279234e+00 5.754295294196008825e+01
1.910000000000278808e+00 5.719744480874390291e+01
1.930000000000278382e+00 5.839901003651379341e+01
1.950000000000277955e+00 5.811562111321627810e+01
1.970000000000277529e+00 5.791401384475715730e+01
1.990000000000277103e+00 5.872074106421738549e+01
2.010000000000276899e+00 5.788118334758038230e+01
2.030000000000276472e+00 5.916229234348173094e+01
2.050000000000276046e+00 5.856807399477181519e+01
2.070000000000275620e+00 5.891602363187272573e+01
2.090000000000275193e+00 5.874247606084465190e+01
2.110000000000274767e+00 5.895913433631697842e+01
2.130000000000274341e+00 5.960300685743766991e+01
2.150000000000273914e+00 5.902737141722224123e+01
2.170000000000273488e+00 5.948963380708121207e+01
2.190000000000273062e+00 5.986618395978658924e+01
2.210000000000272635e+00 5.884164217178189915e+01
2.230000000000272209e+00 6.018028663814568091e+01
2.250000000000271783e+00 5.899515530444190858e+01
2.270000000000271356e+00 6.003102329634787537e+01
2.290000000000270930e+00 5.850761535935721014e+01
2.310000000000270504e+00 6.008750947293732025e+01
2.330000000000270077e+00 5.943151621771728799e+01
2.350000000000269651e+00 5.890596074445549135e+01
2.370000000000269225e+00 5.948928270981822664e+01
2.390000000000268798e+00 5.996511505750739701e+01
2.410000000000268372e+00 5.960623503582525018e+01
2.430000000000267946e+00 5.961006780092505863e+01
2.450000000000267519e+00 5.939965793012088113e+01
2.470000000000267093e+00 5.930973206863014013e+01
2.490000000000266667e+00 5.963122760467356898e+01
2.510000000000266240e+00 5.879792600221666987e+01
2.530000000000265814e+00 6.021291723473907354e+01
2.550000000000265388e+00 5.953492940172712622e+01
2.570000000000264961e+00 5.914801805454644068e+01
2.590000000000264535e+00 5.964419027759409886e+01
2.610000000000264109e+00 5.956680425391959233e+01
2.630000000000263682e+00 5.898847698471066536e+01
2.650000000000263256e+00 5.938706816720022630e+01
2.670000000000262830e+00 5.916955586539977929e+01
2.690000000000262403e+00 5.855241030888275588e+01
2.710000000000261977e+00 5.852576958238051219e+01
2.730000000000261551e+00 5.867671810354900686e+01
2.750000000000261124e+00 5.875909367326459432e+01
2.770000000000260698e+00 5.845752655000562470e+01
2.790000000000260272e+00 5.809108590921290016e+01
2.810000000000259845e+00 5.841324223316411235e+01
2.830000000000259419e+00 5.865083722743738548e+01
2.850000000000258993e+00 5.803972930924052775e+01
2.870000000000258567e+00 5.748551292546346048e+01
2.890000000000258140e+00 5.812779459496159262e+01
2.910000000000257714e+00 5.761186633991509609e+01
2.930000000000257288e+00 5.778303227051558366e+01
2.950000000000256861e+00 5.694093359302561907e+01
2.970000000000256435e+00 5.716810764739852146e+01
2.990000000000256009e+00 5.744348002451140900e+01
3.010000000000255582e+00 5.730599228170451198e+01
3.030000000000255156e+00 5.719461287572555364e+01
3.050000000000254730e+00 5.700788697223176626e+01
3.070000000000254303e+00 5.705828010617205592e+01
3.090000000000253877e+00 5.634633868549739333e+01
3.110000000000253451e+00 5.662038161863348762e+01
3.130000000000253024e+00 5.640343467558637514e+01
3.150000000000252598e+00 5.700615463948138739e+01
3.170000000000252172e+00 5.626564810114502535e+01
3.190000000000251745e+00 5.647517425780714007e+01
3.210000000000251319e+00 5.639654181508215913e+01
3.230000000000250893e+00 5.645410654681244011e+01
3.250000000000250466e+00 5.554639892137714696e+01
3.270000000000250040e+00 5.592413567646271133e+01
3.290000000000249614e+00 5.595621437432589573e+01
3.310000000000249187e+00 5.578548977531146846e+01
3.330000000000248761e+00 5.597849965960483587e+01
3.350000000000248335e+00 5.578803018493501753e+01
3.370000000000247908e+00 5.512131372374852845e+01
3.390000000000247482e+00 5.584548299940793470e+01
3.410000000000247056e+00 5.553156094230857320e+01
3.430000000000246629e+00 5.489604028303237016e+01
3.450000000000246203e+00 5.590366250565654127e+01
3.470000000000245777e+00 5.475997195442038645e+01
3.490000000000245350e+00 5.540095457484583363e+01
3.510000000000244924e+00 5.489366606789812408e+01
3.530000000000244498e+00 5.447102939659585985e+01
3.550000000000244071e+00 5.496778201664685781e+01
3.570000000000243645e+00 5.485498569056701967e+01
3.590000000000243219e+00 5.509018948038923469e+01
3.610000000000242792e+00 5.496127798503144390e+01
3.630000000000242366e+00 5.441000132847529613e+01
3.650000000000241940e+00 5.474409430907997631e+01
3.670000000000241513e+00 5.482128318909732201e+01
3.690000000000241087e+00 5.428080375137272995e+01
3.710000000000240661e+00 5.466623719104391199e+01
3.730000000000240234e+00 5.429527998310411618e+01
3.750000000000239808e+00 5.439047756083096630e+01
3.770000000000239382e+00 5.469164529043705869e+01
3.790000000000238956e+00 5.445693837175241470e+01
3.810000000000238529e+00 5.399009638459830285e+01
3.830000000000238103e+00 5.479405660383052634e+01
3.850000000000237677e+00 5.429069642358242476e+01
3.870000000000237250e+00 5.445529394560866621e+01
3.890000000000236824e+00 5.439945923241414505e+01
3.910000000000236398e+00 5.509726057518589926e+01
3.930000000000235971e+00 5.423060600424432920e+01
3.950000000000235545e+00 5.507189548828002046e+01
3.970000000000235119e+00 5.449936215877800549e+01
3.990000000000234692e+00 5.462903390577474028e+01
4.010000000000234266e+00 5.447688745459335991e+01
4.030000000000233840e+00 5.461002106662136413e+01
4.050000000000233413e+00 5.453924273512659227e+01
4.070000000000232987e+00 5.474215133445242998e+01
4.090000000000232561e+00 5.453112688323294321e+01
4.110000000000232134e+00 5.445700804121743488e+01
4.130000000000231708e+00 5.443374119328358773e+01
4.150000000000231282e+00 5.494185904751760319e+01
4.170000000000230855e+00 5.446244400493728222e+01
4.190000000000230429e+00 5.481454953848416523e+01
4.210000000000230003e+00 5.484144189330755381e+01
4.230000000000229576e+00 5.470191160526400864e+01
4.250000000000229150e+00 5.499701202896292784e+01
4.270000000000228724e+00 5.476410093334416729e+01
4.290000000000228297e+00 5.444541583418496344e+01
4.310000000000227871e+00 5.502612844871968889e+01
4.330000000000227445e+00 5.475713998825409590e+01
4.350000000000227018e+00 5.490126752903040597e+01
4.370000000000226592e+00 5.480973033433236452e+01
4.390000000000226166e+00 5.438783389360079212e+01
4.410000000000225739e+00 5.500643740332485265e+01
4.430000000000225313e+00 5.540349316189058015e+01
4.450000000000224887e+00 5.462200001647290293e+01
4.470000000000224460e+00 5.459019386976221000e+01
4.490000000000224034e+00 5.551393594327563363e+01
4.510000000000223608e+00 5.520756283733089731e+01
4.530000000000223181e+00 5.512480261698692630e+01
4.550000000000222755e+00 5.512028701011314524e+01
4.570000000000222329e+00 5.569479383959981789e+01
4.590000000000221902e+00 5.517752609882528958e+01
4.610000000000221476e+00 5.588615508730087811e+01
4.630000000000221050e+00 5.572199352980518938e+01
4.650000000000220624e+00 5.536694835424525252e+01
4.670000000000220197e+00 5.465345134421374240e+01
4.690000000000219771e+00 5.554603750878158053e+01
4.710000000000219345e+00 5.461270069082821976e+01
4.730000000000218918e+00 5.494879244151002240e+01
4.750000000000218492e+00 5.459381697878993123e+01
4.770000000000218066e+00 5.493514790781988211e+01
4.790000000000217639e+00 5.469749697463278437e+01
4.810000000000217213e+00 5.490680481139151681e+01
4.830000000000216787e+00 5.485533006946072732e+01
4.850000000000216360e+00 5.431481956532407196e+01
4.870000000000215934e+00 5.470138364013081400e+01
4.890000000000215508e+00 5.438255107585783321e+01
4.910000000000215081e+00 5.429175505127376766e+01
4.930000000000214655e+00 5.431937583761195043e+01
4.950000000000214229e+00 5.453679154042683308e+01
4.970000000000213802e+00 5.430896318826386704e+01
4.990000000000213376e+00 5.452515300934640408e+01
5.010000000000212950e+00 5.410153909674087913e+01
5.030000000000212523e+00 5.396061264997670293e+01
5.050000000000212097e+00 5.416625311306205504e+01
5.070000000000211671e+00 5.435482045436545917e+01
5.090000000000211244e+00 5.363582655715858039e+01
5.110000000000210818e+00 5.385059380741726898e+01
5.130000000000210392e+00 5.409974233392411946e+01
5.150000000000209965e+00 5.337784504603912694e+01
5.170000000000209539e+00 5.365598762730095217e+01
5.190000000000209113e+00 5.341946842884025415e+01
5.210000000000208686e+00 5.333892900313605878e+01
5.230000000000208260e+00 5.328927793773102195e+01
5.250000000000207834e+00 5.296914560035014574e+01
5.270000000000207407e+00 5.325275681354739987e+01
5.290000000000206981e+00 5.297366862032139068e+01
5.310000000000206555e+00 5.276030532876654178e+01
5.330000000000206128e+00 5.291046405756603832e+01
5.350000000000205702e+00 5.277825932196463299e+01
5.370000000000205276e+00 5.246588817097419621e+01
5.390000000000204849e+00 5.223210192568680554e+01
5.410000000000204423e+00 5.249922758306779258e+01
5.430000000000203997e+00 5.208590402982295586e+01
5.450000000000203570e+00 5.199154700862408163e+01
5.470000000000203144e+00 5.175169809008350086e+01
5.490000000000202718e+00 5.185873604826703342e+01
5.510000000000202292e+00 5.179933015560136056e+01
5.530000000000201865e+00 5.162782156303669723e+01
5.550000000000201439e+00 5.105512870562106542e+01
5.570000000000201013e+00 5.133253380440439173e+01
5.590000000000200586e+00 5.084202214072153225e+01
5.610000000000200160e+00 5.102182647415024519e+01
5.630000000000199734e+00 5.069910442582025922e+01
5.650000000000199307e+00 5.065465922645018537e+01
5.670000000000198881e+00 5.039194208512025597e+01
5.690000000000198455e+00 5.013064557685578393e+01
5.710000000000198028e+00 5.009948536966876276e+01
5.730000000000197602e+00 5.003000080895381529e+01
5.750000000000197176e+00 4.987383186637654831e+01
5.770000000000196749e+00 4.964107792934976260e+01
5.790000000000196323e+00 4.959622060529778764e+01
5.810000000000195897e+00 4.945232195894539018e+01
5.830000000000195470e+00 4.927747604376251900e+01
5.850000000000195044e+00 4.904109764483722955e+01
5.870000000000194618e+00 4.865121635152838309e+01
5.890000000000194191e+00 4.895869512762191533e+01
5.910000000000193765e+00 4.786814136241510198e+01
5.930000000000193339e+00 4.785355810448150748e+01
5.950000000000192912e+00 4.764480311288512127e+01
5.970000000000192486e+00 4.701888392820372076e+01
5.990000000000192060e+00 4.710852050010885250e+01
6.010000000000191633e+00 4.686281855766076632e+01
6.030000000000191207e+00 4.599508587477913579e+01
6.050000000000190781e+00 4.578356961532301028e+01
6.070000000000190354e+00 4.564634542736052225e+01
6.090000000000189928e+00 4.540883620014135147e+01
6.110000000000189502e+00 4.513202021313835388e+01
6.130000000000189075e+00 4.478186385111684586e+01
6.150000000000188649e+00 4.433141490033970911e+01
6.170000000000188223e+00 4.415990176551873247e+01
6.190000000000187796e+00 4.390846183187678520e+01
6.210000000000187370e+00 4.346626608821271276e+01
6.230000000000186944e+00 4.297682984279918372e+01
6.250000000000186517e+00 4.259286096555752721e+01
6.270000000000186091e+00 4.275192136528154663e+01
6.290000000000185665e+00 4.233865622591377331e+01
6.310000000000185238e+00 4.176662949425367088e+01
6.330000000000184812e+00 4.118728992597497296e+01
6.350000000000184386e+00 4.106796641228299904e+01
6.370000000000183960e+00 4.104993303920862502e+01
6.390000000000183533e+00 4.065444877460234352e+01
6.410000000000183107e+00 4.039547725796013822e+01
6.430000000000182681e+00 3.982698538363598573e+01
6.450000000000182254e+00 3.962044410561226471e+01
6.470000000000181828e+00 3.930183349806129200e+01
6.490000000000181402e+00 3.890816311843568087e+01
6.510000000000180975e+00 3.849185281003239822e+01
6.530000000000180549e+00 3.804480910351628609e+01
6.550000000000180123e+00 3.788023028635512901e+01
6.570000000000179696e+00 3.760837418360354434e+01
6.590000000000179270e+00 3.694205466138819105e+01
6.610000000000178844e+00 3.697413839486031861e+01
6.630000000000178417e+00 3.633554868050857323e+01
6.650000000000177991e+00 3.627929649590794980e+01
6.670000000000177565e+00 3.610408729821352836e+01
6.690000000000177138e+00 3.501119064692057492e+01
6.710000000000176712e+00 3.521745308938329799e+01
6.730000000000176286e+00 3.480656561922889836e+01
6.750000000000175859e+00 3.463176452131511240e+01
6.770000000000175433e+00 3.420098211751521688e+01
6.790000000000175007e+00 3.378298516014932318e+01
6.810000000000174580e+00 3.316961443877569593e+01
6.830000000000174154e+00 3.289194938055146622e+01
6.850000000000173728e+00 3.264011122642454410e+01
6.870000000000173301e+00 3.237908503014622141e+01
6.890000000000172875e+00 3.179158592643118197e+01
6.910000000000172449e+00 3.160754281348309647e+01
6.930000000000172022e+00 3.132396248808968409e+01
6.950000000000171596e+00 3.092062337376442471e+01
6.970000000000171170e+00 3.052697289453763574e+01
6.990000000000170743e+00 2.980755553484024034e+01
7.010000000000170317e+00 2.968399338708099933e+01
7.030000000000169891e+00 2.952416955164726176e+01
7.050000000000169464e+00 2.915831075206987322e+01
7.070000000000169038e+00 2.853077179343980774e+01
7.090000000000168612e+00 2.839731539441941877e+01
7.110000000000168185e+00 2.812812221936160739e+01
7.130000000000167759e+00 2.756065667373743011e+01
7.150000000000167333e+00 2.732786017677174684e+01
7.170000000000166906e+00 2.700564080138284240e+01
7.190000000000166480e+00 2.652398828896652105e+01
7.210000000000166054e+00 2.620672997606841648e+01
7.230000000000165628e+00 2.619558384245609162e+01
7.250000000000165201e+00 2.555002468632875434e+01
7.270000000000164775e+00 2.534027349307622856e+01
7.290000000000164349e+00 2.477124795746921748e+01
7.310000000000163922e+00 2.481792529161124250e+01
7.330000000000163496e+00 2.444784532245702735e+01
7.350000000000163070e+00 2.387631430909432595e+01
7.370000000000162643e+00 2.364668921463367468e+01
7.390000000000162217e+00 2.334139194360544423e+01
7.410000000000161791e+00 2.317628842205787976e+01
7.430000000000161364e+00 2.254201636776219075e+01
7.450000000000160938e+00 2.247670608530548364e+01
7.470000000000160512e+00 2.225675751638866728e+01
7.490000000000160085e+00 2.210391048390138735e+01
7.510000000000159659e+00 2.148898325086047834e+01
7.530000000000159233e+00 2.115046429408208439e+01
7.550000000000158806e+00 2.115729500009305752e+01
7.570000000000158380e+00 2.066463382272668881e+01
7.590000000000157954e+00 2.055557670537610448e+01
7.610000000000157527e+00 2.029573152920698220e+01
7.630000000000157101e+00 1.987196866958290542e+01
7.650000000000156675e+00 1.959129527271385740e+01
7.670000000000156248e+00 1.944067523995930458e+01
7.690000000000155822e+00 1.898467604701211897e+01
7.710000000000155396e+00 1.893885749641571081e+01
7.730000000000154969e+00 1.842671791733383557e+01
7.750000000000154543e+00 1.837162532584309460e+01
7.770000000000154117e+00 1.793288129515184082e+01
7.790000000000153690e+00 1.780510334124206295e+01
7.810000000000153264e+00 1.749666074569524454e+01
7.830000000000152838e+00 1.740847648512522738e+01
7.850000000000152411e+00 1.698094784815472025e+01
7.870000000000151985e+00 1.672028043584609591e+01
7.890000000000151559e+00 1.648982869418095021e+01
7.910000000000151132e+00 1.627556890993411898e+01
7.930000000000150706e+00 1.617905560911866658e+01
7.950000000000150280e+00 1.580820152586799132e+01
7.970000000000149853e+00 1.556169923635926011e+01
7.990000000000149427e+00 1.535653718240117094e+01
8.010000000000149001e+00 1.521132237835310086e+01
8.030000000000148574e+00 1.495777245859548721e+01
8.050000000000148148e+00 1.470020402595550912e+01
8.070000000000147722e+00 1.443762914354571691e+01
8.090000000000147296e+00 1.440713171340854082e+01
8.110000000000146869e+00 1.420691425436722533e+01
8.130000000000146443e+00 1.379318834532551108e+01
8.150000000000146017e+00 1.382930194028433135e+01
8.170000000000145590e+00 1.357501360700434212e+01
8.190000000000145164e+00 1.339649304209263292e+01
8.210000000000144738e+00 1.318852884590031849e+01
8.230000000000144311e+00 1.299107032471644452e+01
8.250000000000143885e+00 1.277450211350082299e+01
8.270000000000143459e+00 1.270457170643284073e+01
8.290000000000143032e+00 1.242476920642457650e+01
8.310000000000142606e+00 1.230462641063252427e+01
8.330000000000142180e+00 1.223485672457641371e+01
8.350000000000141753e+00 1.209323165666175903e+01
8.370000000000141327e+00 1.174776063242411617e+01
8.390000000000140901e+00 1.178787700267376515e+01
8.410000000000140474e+00 1.151177599887044067e+01
8.430000000000140048e+00 1.136383840443753357e+01
8.450000000000139622e+00 1.117046486403057060e+01
8.470000000000139195e+00 1.097586794914798958e+01
8.490000000000138769e+00 1.086705615847479400e+01
8.510000000000138343e+00 1.074789231174360182e+01
8.530000000000137916e+00 1.066514735864099173e+01
8.550000000000137490e+00 1.043803862942666427e+01
8.570000000000137064e+00 1.027890900623838988e+01
8.590000000000136637e+00 1.022215676864142608e+01
8.610000000000136211e+00 1.006632715507279130e+01
8.630000000000135785e+00 9.760071278701934361e+00
8.650000000000135358e+00 9.678831771331397604e+00
8.670000000000134932e+00 9.661388451563039936e+00
8.690000000000134506e+00 9.468895952054188214e+00
8.710000000000134079e+00 9.457504293450419652e+00
8.730000000000133653e+00 9.236928543604916442e+00
8.750000000000133227e+00 9.104761058011229480e+00
8.770000000000132800e+00 9.021901811782532477e+00
8.790000000000132374e+00 8.919924901334104206e+00
8.810000000000131948e+00 8.947175470097675998e+00
8.830000000000131521e+00 8.678311659459476246e+00
8.850000000000131095e+00 8.609552628604074442e+00
8.870000000000130669e+00 8.471492525001002249e+00
8.890000000000130242e+00 8.397510842510975237e+00
8.910000000000129816e+00 8.285110472156272721e+00
8.930000000000129390e+00 8.125447655056779794e+00
8.950000000000128964e+00 8.143644843575216896e+00
8.970000000000128537e+00 8.025015702725019295e+00
8.990000000000128111e+00 7.857144230652084005e+00
9.010000000000127685e+00 7.740124584666572716e+00
9.030000000000127258e+00 7.665326064114993621e+00
9.050000000000126832e+00 7.659301812175004720e+00
9.070000000000126406e+00 7.518804866422816424e+00
9.090000000000125979e+00 7.381252856856058031e+00
9.110000000000125553e+00 7.362063884061021746e+00
9.130000000000125127e+00 7.275110397631083359e+00
9.150000000000124700e+00 7.112791095484396031e+00
9.170000000000124274e+00 7.078871677954778896e+00
9.190000000000123848e+00 7.001535529548783998e+00
9.210000000000123421e+00 6.890917239883744827e+00
9.230000000000122995e+00 6.838418142760095186e+00
9.250000000000122569e+00 6.810644969285205796e+00
9.270000000000122142e+00 6.706212549959857050e+00
9.290000000000121716e+00 6.605744335439847958e+00
9.310000000000121290e+00 6.510809639474956612e+00
9.330000000000120863e+00 6.469783438133729803e+00
9.350000000000120437e+00 6.362637012280646154e+00
9.370000000000120011e+00 6.346559269040746187e+00
9.390000000000119584e+00 6.238094446482747024e+00
9.410000000000119158e+00 6.217419317310135085e+00
9.430000000000118732e+00 6.130087470097135061e+00
9.450000000000118305e+00 6.094219171111000755e+00
9.470000000000117879e+00 5.996991835702791818e+00
9.490000000000117453e+00 5.987120223051597634e+00
9.510000000000117026e+00 5.920325891533664731e+00
9.530000000000116600e+00 5.813131361922167173e+00
9.550000000000116174e+00 5.758530771383282953e+00
9.570000000000115747e+00 5.740117949788800189e+00
9.590000000000115321e+00 5.696219589484890378e+00
9.610000000000114895e+00 5.652769797106364180e+00
9.630000000000114468e+00 5.555751139249336390e+00
9.650000000000114042e+00 5.552566974755151818e+00
9.670000000000113616e+00 5.454865760059071533e+00
9.690000000000113189e+00 5.414974510539776631e+00
9.710000000000112763e+00 5.328242220866028944e+00
9.730000000000112337e+00 5.297396518204718241e+00
9.750000000000111910e+00 5.198659707102589067e+00
9.770000000000111484e+00 5.251125193253714407e+00
9.790000000000111058e+00 5.112425771104203598e+00
9.810000000000110632e+00 5.130311071820207403e+00
9.830000000000110205e+00 5.079885083847917038e+00
9.850000000000109779e+00 5.013936350014851051e+00
9.870000000000109353e+00 4.936479081844122874e+00
9.890000000000108926e+00 4.911631381649786299e+00
9.910000000000108500e+00 4.894118570599590434e+00
9.930000000000108074e+00 4.850295112349241045e+00
9.950000000000107647e+00 4.841181986308968455e+00
9.970000000000107221e+00 4.739541245528828384e+00
9.990000000000106795e+00 4.733316366070392966e+00
1.001000000000010637e+01 4.689519774727402890e+00
1.003000000000010594e+01 4.662207689249092901e+00
1.005000000000010552e+01 4.584437494066577301e+00
1.007000000000010509e+01 4.586005829195342720e+00
1.009000000000010466e+01 4.566393793783362298e+00
1.011000000000010424e+01 4.499186739047094541e+00
1.013000000000010381e+01 4.448660729771207301e+00
1.015000000000010338e+01 4.443154091579534004e+00
1.017000000000010296e+01 4.392100406459825024e+00
1.019000000000010253e+01 4.317819285279416164e+00
1.021000000000010210e+01 4.299765423509078310e+00
1.023000000000010168e+01 4.305836329542271024e+00
1.025000000000010125e+01 4.221009421149509500e+00
1.027000000000010083e+01 4.248290522615231879e+00
1.029000000000010040e+01 4.176487211527208032e+00
1.031000000000009997e+01 4.176110814811389460e+00
1.033000000000009955e+01 4.067014972007406470e+00
1.035000000000009912e+01 4.095409079169439082e+00
1.037000000000009869e+01 4.050094326036258963e+00
1.039000000000009827e+01 3.995682817612359994e+00
1.041000000000009784e+01 3.991083600225991734e+00
1.043000000000009742e+01 3.946952931812250931e+00
1.045000000000009699e+01 3.878277335426165262e+00
1.047000000000009656e+01 3.872381453355331349e+00
1.049000000000009614e+01 3.932388782065925348e+00
1.051000000000009571e+01 3.822805992975121470e+00
1.053000000000009528e+01 3.786915866712691869e+00
1.055000000000009486e+01 3.743794154767237092e+00
1.057000000000009443e+01 3.674409877104882760e+00
1.059000000000009400e+01 3.721069210031556551e+00
1.061000000000009358e+01 3.648704409931629478e+00
1.063000000000009315e+01 3.610497113473815745e+00
1.065000000000009273e+01 3.605262435650153030e+00
1.067000000000009230e+01 3.554818589025786846e+00
1.069000000000009187e+01 3.542264673462474089e+00
1.071000000000009145e+01 3.484593401584705319e+00
1.073000000000009102e+01 3.455040151604183318e+00
1.075000000000009059e+01 3.402519029976212472e+00
1.077000000000009017e+01 3.437795945355441862e+00
1.079000000000008974e+01 3.366836461720567719e+00
1.081000000000008932e+01 3.321023270908902703e+00
1.083000000000008889e+01 3.302594541514825011e+00
1.085000000000008846e+01 3.239940846966303134e+00
1.087000000000008804e+01 3.292974430806042463e+00
1.089000000000008761e+01 3.191799538852652773e+00
1.091000000000008718e+01 3.182941549024552064e+00
1.093000000000008676e+01 3.165212885406048837e+00
1.095000000000008633e+01 3.135548302014851352e+00
1.097000000000008590e+01 3.104860694735705362e+00
1.099000000000008548e+01 3.049786832825866156e+00
1.101000000000008505e+01 3.051889682765414946e+00
1.103000000000008463e+01 3.051777865996522898e+00
1.105000000000008420e+01 2.958567084396710012e+00
1.107000000000008377e+01 2.965190371551256643e+00
1.109000000000008335e+01 2.965557923999240675e+00
1.111000000000008292e+01 2.876663776738881406e+00
1.113000000000008249e+01 2.869298880103380966e+00
1.115000000000008207e+01 2.840846756948763208e+00
1.117000000000008164e+01 2.843496496492228687e+00
1.119000000000008122e+01 2.796618381972526546e+00
1.121000000000008079e+01 2.727071150601816818e+00
1.123000000000008036e+01 2.730768768299614457e+00
1.125000000000007994e+01 2.698069848626725165e+00
1.127000000000007951e+01 2.654316260532235905e+00
1.129000000000007908e+01 2.656218868056476001e+00
1.131000000000007866e+01 2.615375184953230292e+00
1.133000000000007823e+01 2.614842643241038989e+00
1.135000000000007780e+01 2.583495097765494464e+00
1.137000000000007738e+01 2.520553810589106991e+00
1.139000000000007695e+01 2.547128266289151899e+00
1.141000000000007653e+01 2.511965222970218292e+00
1.143000000000007610e+01 2.449121065922433615e+00
1.145000000000007567e+01 2.419860490041873202e+00
1.147000000000007525e+01 2.412224498159795338e+00
1.149000000000007482e+01 2.360637010042048622e+00
1.151000000000007439e+01 2.377540633509964696e+00
1.153000000000007397e+01 2.340237047557002459e+00
1.155000000000007354e+01 2.296298871635140681e+00
1.157000000000007311e+01 2.281450295348244506e+00
1.159000000000007269e+01 2.211871313792558524e+00
1.161000000000007226e+01 2.224380177842251616e+00
1.163000000000007184e+01 2.204812832109963150e+00
1.165000000000007141e+01 2.160763903497962879e+00
1.167000000000007098e+01 2.142867671233511295e+00
1.169000000000007056e+01 2.149813525909707312e+00
1.171000000000007013e+01 2.120214858789927437e+00
1.173000000000006970e+01 2.071341381499435919e+00
1.175000000000006928e+01 2.049805709071778725e+00
1.177000000000006885e+01 2.034911780687728822e+00
1.179000000000006843e+01 2.020971093944710084e+00
1.181000000000006800e+01 1.969841670577445747e+00
1.183000000000006757e+01 1.957866213708495895e+00
1.185000000000006715e+01 1.948299754032721376e+00
1.187000000000006672e+01 1.926748770405099620e+00
1.189000000000006629e+01 1.892778638364587707e+00
1.191000000000006587e+01 1.865909804383946602e+00
1.193000000000006544e+01 1.855381452090096861e+00
1.195000000000006501e+01 1.802028224230475484e+00
1.197000000000006459e+01 1.810582166902731327e+00
1.199000000000006416e+01 1.799538576053370420e+00
1.201000000000006374e+01 1.777842678947514798e+00
1.203000000000006331e+01 1.772669540318067005e+00
1.205000000000006288e+01 1.729152233108173453e+00
1.207000000000006246e+01 1.718022563237079137e+00
1.209000000000006203e+01 1.700527227470290281e+00
1.211000000000006160e+01 1.686256830110264504e+00
1.213000000000006118e+01 1.662954209271708672e+00
1.215000000000006075e+01 1.638271604913718038e+00
1.217000000000006033e+01 1.661213553168081614e+00
1.219000000000005990e+01 1.637981643673013465e+00
1.221000000000005947e+01 1.572302247496806693e+00
1.223000000000005905e+01 1.566163138529750087e+00
1.225000000000005862e+01 1.557553446498685989e+00
1.227000000000005819e+01 1.511782614602290797e+00
1.229000000000005777e+01 1.500976085764104795e+00
1.231000000000005734e+01 1.511231256762143094e+00
1.233000000000005691e+01 1.484074562196527003e+00
1.235000000000005649e+01 1.458092342722503432e+00
1.237000000000005606e+01 1.467850437933747365e+00
1.239000000000005564e+01 1.418962778338300978e+00
1.241000000000005521e+01 1.424874848057834598e+00
1.243000000000005478e+01 1.424627913696994375e+00
1.245000000000005436e+01 1.412681090231287184e+00
1.247000000000005393e+01 1.362934377536162645e+00
1.249000000000005350e+01 1.378264310138026305e+00
1.251000000000005308e+01 1.344111329890261830e+00
1.253000000000005265e+01 1.354840550327737203e+00
1.255000000000005222e+01 1.287470628876808076e+00
1.257000000000005180e+01 1.318727977758406000e+00
1.259000000000005137e+01 1.299274068586049324e+00
1.261000000000005095e+01 1.263045567433754179e+00
1.263000000000005052e+01 1.262141218088040917e+00
1.265000000000005009e+01 1.235373561622908900e+00
1.267000000000004967e+01 1.259925439977965800e+00
1.269000000000004924e+01 1.238897792586179269e+00
1.271000000000004881e+01 1.199461059362463278e+00
1.273000000000004839e+01 1.193605257375205841e+00
1.275000000000004796e+01 1.214260104936944362e+00
1.277000000000004754e+01 1.183342936157940173e+00
1.279000000000004711e+01 1.163963822866081133e+00
1.281000000000004668e+01 1.170243874092694814e+00
1.283000000000004626e+01 1.143899885756153756e+00
1.285000000000004583e+01 1.130272013410112519e+00
1.287000000000004540e+01 1.119544767450527889e+00
1.289000000000004498e+01 1.111824573978651420e+00
1.291000000000004455e+01 1.102614170182665276e+00
1.293000000000004412e+01 1.102779284000212856e+00
1.295000000000004370e+01 1.072699705362601064e+00
1.297000000000004327e+01 1.099466385263987878e+00
1.299000000000004285e+01 1.055132025056063405e+00
1.301000000000004242e+01 1.055157995772398660e+00
1.303000000000004199e+01 1.071588044628775993e+00
1.305000000000004157e+01 1.056431904782198616e+00
1.307000000000004114e+01 1.029039696113378533e+00
1.309000000000004071e+01 1.022891783299386903e+00
1.311000000000004029e+01 9.834659328223950281e-01
1.313000000000003986e+01 1.031431784721274836e+00
1.315000000000003944e+01 1.013791849324666261e+00
1.317000000000003901e+01 9.840190261535635141e-01
1.319000000000003858e+01 9.770040993198084722e-01
1.321000000000003816e+01 9.812942606946682966e-01
1.323000000000003773e+01 9.538439208274395176e-01
1.325000000000003730e+01 9.313016005266077091e-01
1.327000000000003688e+01 9.076782210189240363e-01
1.329000000000003645e+01 9.261813892464122455e-01
1.331000000000003602e+01 9.114765628780154838e-01
1.333000000000003560e+01 9.172861997671764023e-01
1.335000000000003517e+01 9.090824418808023388e-01
1.337000000000003475e+01 8.835070824322402983e-01
1.339000000000003432e+01 8.688451962086309877e-01
1.341000000000003389e+01 8.645887475496684127e-01
1.343000000000003347e+01 8.394090570733717671e-01
1.345000000000003304e+01 8.533029796461323313e-01
1.347000000000003261e+01 8.417875225189856980e-01
1.349000000000003219e+01 8.601640846848607191e-01
1.351000000000003176e+01 7.958049156572946092e-01
1.353000000000003133e+01 7.935895383488742461e-01
1.355000000000003091e+01 7.583714743058159735e-01
1.357000000000003048e+01 7.565651447026990883e-01
1.359000000000003006e+01 7.555292513744392702e-01
1.361000000000002963e+01 7.657761005546840360e-01
1.363000000000002920e+01 7.376358182722246859e-01
1.365000000000002878e+01 7.206077485587755183e-01
1.367000000000002835e+01 7.263480395072872131e-01
1.369000000000002792e+01 7.218101098909874835e-01
1.371000000000002750e+01 7.103745948456725579e-01
1.373000000000002707e+01 7.076813377838478969e-01
1.375000000000002665e+01 7.028052992746519623e-01
1.377000000000002622e+01 6.898759767365310047e-01
1.379000000000002579e+01 6.848878406628323701e-01
1.381000000000002537e+01 6.530445703322637074e-01
1.383000000000002494e+01 6.332396267139327461e-01
1.385000000000002451e+01 6.418610962928553709e-01
1.387000000000002409e+01 6.525106638086378696e-01
1.389000000000002366e+01 6.278493916552493337e-01
1.391000000000002323e+01 6.295701383743973478e-01
1.393000000000002281e+01 6.212406568070919510e-01
1.395000000000002238e+01 5.883497844035000535e-01
1.397000000000002196e+01 5.797533557019245443e-01
1.399000000000002153e+01 5.832142045800301489e-01
1.401000000000002110e+01 5.548120484329353008e-01
1.403000000000002068e+01 5.827265717441809656e-01
1.405000000000002025e+01 5.775877880832921418e-01
1.407000000000001982e+01 5.701321884499019887e-01
1.409000000000001940e+01 5.582834149633124632e-01
1.411000000000001897e+01 5.374285977480881549e-01
1.413000000000001855e+01 5.464025006114733296e-01
1.415000000000001812e+01 5.269287389372124819e-01
1.417000000000001769e+01 5.140381989315552236e-01
1.419000000000001727e+01 5.009086909467068693e-01
1.421000000000001684e+01 4.935772810370959163e-01
1.423000000000001641e+01 4.861856667386534880e-01
1.425000000000001599e+01 4.652133471408690379e-01
1.427000000000001556e+01 4.716189481903546032e-01
1.429000000000001513e+01 4.524500153918146750e-01
1.431000000000001471e+01 4.404970970968266064e-01
1.433000000000001428e+01 4.556692011226829431e-01
1.435000000000001386e+01 4.254522593441332767e-01
1.437000000000001343e+01 4.189897157793580074e-01
1.439000000000001300e+01 3.942933247970741295e-01
1.441000000000001258e+01 3.793349817682816205e-01
1.443000000000001215e+01 3.560984926296700825e-01
1.445000000000001172e+01 3.303541199033103726e-01
1.447000000000001130e+01 3.234812082322312543e-01
1.449000000000001087e+01 3.199355351024582572e-01
1.451000000000001044e+01 2.831560401215343359e-01
1.453000000000001002e+01 2.545722087110400822e-01
1.455000000000000959e+01 1.776676461214457270e-01
1.457000000000000917e+01 1.308927911673080091e-01
1.459000000000000874e+01 9.738976921102311668e-02
1.461000000000000831e+01 8.331120871681924056e-02
1.463000000000000789e+01 6.371513836565026456e-02
1.465000000000000746e+01 2.496078813226618523e-02
1.467000000000000703e+01 1.108905591157221746e-02
1.469000000000000661e+01 2.773787466625490632e-03
1.471000000000000618e+01 4.022700130181863012e-14
1.473000000000000576e+01 0.000000000000000000e+00
1.475000000000000533e+01 0.000000000000000000e+00
1.477000000000000490e+01 0.000000000000000000e+00
1.479000000000000448e+01 0.000000000000000000e+00
1.481000000000000405e+01 0.000000000000000000e+00
1.483000000000000362e+01 0.000000000000000000e+00
1.485000000000000320e+01 0.000000000000000000e+00
1.487000000000000277e+01 0.000000000000000000e+00
1.489000000000000234e+01 0.000000000000000000e+00
1.491000000000000192e+01 0.000000000000000000e+00
1.493000000000000149e+01 0.000000000000000000e+00
1.495000000000000107e+01 0.000000000000000000e+00
1.497000000000000064e+01 0.000000000000000000e+00
1.499000000000000021e+01 0.000000000000000000e+00
