# Redshift		Merger Rate Density [Gpc^-3yr^-1]
1.000000000031931770e-02 3.296768820906208930e+01
3.000000000031888964e-02 3.346942629585505813e+01
5.000000000031846331e-02 3.433393123447739015e+01
7.000000000031804392e-02 3.432531150436452805e+01
9.000000000031761760e-02 3.489775260335875373e+01
1.100000000003171913e-01 3.536989505655314048e+01
1.300000000003167511e-01 3.595044490261349779e+01
1.500000000003163247e-01 3.610505290810684187e+01
1.700000000003158984e-01 3.678378865314590485e+01
1.900000000003154721e-01 3.786971407217141206e+01
2.100000000003150458e-01 3.788852828562072972e+01
2.300000000003146194e-01 3.863864245516091955e+01
2.500000000003141931e-01 3.939769786677656782e+01
2.700000000003137668e-01 3.950672422977657305e+01
2.900000000003133405e-01 3.993519044672550677e+01
3.100000000003129141e-01 4.053740637277517322e+01
3.300000000003124878e-01 4.084698028229141897e+01
3.500000000003120615e-01 4.177709884107117944e+01
3.700000000003116352e-01 4.188940330000311008e+01
3.900000000003112088e-01 4.250326878756250437e+01
4.100000000003107825e-01 4.278289664293963313e+01
4.300000000003103562e-01 4.383290317119398338e+01
4.500000000003099299e-01 4.374310593279930970e+01
4.700000000003095035e-01 4.535176350505863496e+01
4.900000000003090772e-01 4.517937397384775267e+01
5.100000000003086509e-01 4.597317268018814929e+01
5.300000000003082246e-01 4.632299824627042284e+01
5.500000000003077982e-01 4.646359391697605190e+01
5.700000000003073719e-01 4.745941296959616551e+01
5.900000000003069456e-01 4.724211316976423092e+01
6.100000000003065193e-01 4.857375482300147240e+01
6.300000000003060929e-01 4.856344690887687676e+01
6.500000000003056666e-01 4.940258039979103444e+01
6.700000000003052403e-01 4.983104533770921307e+01
6.900000000003048140e-01 5.063605573975945617e+01
7.100000000003043876e-01 5.131363130553811658e+01
7.300000000003039613e-01 5.128927172798284317e+01
7.500000000003035350e-01 5.261440826011556737e+01
7.700000000003031086e-01 5.347360656900544029e+01
7.900000000003026823e-01 5.357283540042708836e+01
8.100000000003022560e-01 5.485725155316976753e+01
8.300000000003018297e-01 5.485149346326834774e+01
8.500000000003014033e-01 5.601111955707364842e+01
8.700000000003009770e-01 5.714940081372518677e+01
8.900000000003005507e-01 5.593410628390971340e+01
9.100000000003001244e-01 5.751045648382578435e+01
9.300000000002996980e-01 5.761029449404838942e+01
9.500000000002992717e-01 5.864758071159933905e+01
9.700000000002988454e-01 5.846053327999457139e+01
9.900000000002984191e-01 5.885744631617102129e+01
1.010000000000297993e+00 5.983591555290824715e+01
1.030000000000297566e+00 5.966914918984029725e+01
1.050000000000297140e+00 6.024099174400393508e+01
1.070000000000296714e+00 6.031166944132283447e+01
1.090000000000296287e+00 6.118562347509319466e+01
1.110000000000295861e+00 6.115675852896426079e+01
1.130000000000295435e+00 6.219706652615172260e+01
1.150000000000295008e+00 6.175502401569814737e+01
1.170000000000294582e+00 6.249746088919514619e+01
1.190000000000294156e+00 6.273415094786925295e+01
1.210000000000293729e+00 6.315042818106552858e+01
1.230000000000293303e+00 6.294154614762757660e+01
1.250000000000292877e+00 6.378948535839507628e+01
1.270000000000292451e+00 6.455826736078105910e+01
1.290000000000292024e+00 6.373044011415009891e+01
1.310000000000291598e+00 6.464575120791111829e+01
1.330000000000291172e+00 6.517497290580996605e+01
1.350000000000290745e+00 6.475228650911834904e+01
1.370000000000290319e+00 6.559238858668810224e+01
1.390000000000289893e+00 6.542123877745619609e+01
1.410000000000289466e+00 6.557811363955782724e+01
1.430000000000289040e+00 6.588978681943848414e+01
1.450000000000288614e+00 6.668270385741094231e+01
1.470000000000288187e+00 6.651243600685896240e+01
1.490000000000287761e+00 6.699597507134808438e+01
1.510000000000287335e+00 6.727342836789081559e+01
1.530000000000286908e+00 6.713218374494577745e+01
1.550000000000286482e+00 6.693440280556271205e+01
1.570000000000286056e+00 6.788953623099314427e+01
1.590000000000285629e+00 6.780467019841891840e+01
1.610000000000285203e+00 6.740554074582112776e+01
1.630000000000284777e+00 6.721354560792053690e+01
1.650000000000284350e+00 6.856440370435429088e+01
1.670000000000283924e+00 6.727191477813092035e+01
1.690000000000283498e+00 6.805626716506739626e+01
1.710000000000283071e+00 6.808972823243202299e+01
1.730000000000282645e+00 6.840671075769961362e+01
1.750000000000282219e+00 6.814533006335534537e+01
1.770000000000281792e+00 6.854988683723669851e+01
1.790000000000281366e+00 6.819618199913512058e+01
1.810000000000280940e+00 6.855297068289499407e+01
1.830000000000280513e+00 6.869098503621545149e+01
1.850000000000280087e+00 6.949626895867574206e+01
1.870000000000279661e+00 6.823015748515257428e+01
1.890000000000279234e+00 6.892059987619344952e+01
1.910000000000278808e+00 6.759389507682934095e+01
1.930000000000278382e+00 6.881252847455965593e+01
1.950000000000277955e+00 6.884259248975567402e+01
1.970000000000277529e+00 6.856258176542236527e+01
1.990000000000277103e+00 6.827418634537259834e+01
2.010000000000276899e+00 6.894745546159661842e+01
2.030000000000276472e+00 6.853691065626428269e+01
2.050000000000276046e+00 6.787510692769930642e+01
2.070000000000275620e+00 6.816429768050097948e+01
2.090000000000275193e+00 6.848817134635307013e+01
2.110000000000274767e+00 6.715659508712668924e+01
2.130000000000274341e+00 6.821153270952621028e+01
2.150000000000273914e+00 6.838667272782764428e+01
2.170000000000273488e+00 6.715460245450111643e+01
2.190000000000273062e+00 6.788277333149113701e+01
2.210000000000272635e+00 6.783992609380794647e+01
2.230000000000272209e+00 6.740233679867705519e+01
2.250000000000271783e+00 6.723581037356552770e+01
2.270000000000271356e+00 6.650527170455211490e+01
2.290000000000270930e+00 6.636499082709131869e+01
2.310000000000270504e+00 6.733378794532524125e+01
2.330000000000270077e+00 6.599155995109721573e+01
2.350000000000269651e+00 6.629709912592898036e+01
2.370000000000269225e+00 6.585320352067653005e+01
2.390000000000268798e+00 6.626124807588462318e+01
2.410000000000268372e+00 6.585535640411541181e+01
2.430000000000267946e+00 6.604263070077769271e+01
2.450000000000267519e+00 6.619722126480162672e+01
2.470000000000267093e+00 6.490335703316759464e+01
2.490000000000266667e+00 6.538559026464513124e+01
2.510000000000266240e+00 6.474715109092826992e+01
2.530000000000265814e+00 6.541503453682977920e+01
2.550000000000265388e+00 6.486048562144482332e+01
2.570000000000264961e+00 6.422133055477523556e+01
2.590000000000264535e+00 6.308204304329970569e+01
2.610000000000264109e+00 6.338224885596800107e+01
2.630000000000263682e+00 6.372808698823027385e+01
2.650000000000263256e+00 6.306327370150406608e+01
2.670000000000262830e+00 6.172754855589539602e+01
2.690000000000262403e+00 6.260555076716455147e+01
2.710000000000261977e+00 6.207644408760855015e+01
2.730000000000261551e+00 6.164792514334519069e+01
2.750000000000261124e+00 6.150255149482996586e+01
2.770000000000260698e+00 6.133796102302215303e+01
2.790000000000260272e+00 6.157678831660278007e+01
2.810000000000259845e+00 6.068964221300284123e+01
2.830000000000259419e+00 5.982901245064476115e+01
2.850000000000258993e+00 6.033236446304785261e+01
2.870000000000258567e+00 5.996123887185418511e+01
2.890000000000258140e+00 5.924172877488713596e+01
2.910000000000257714e+00 5.971520137805832462e+01
2.930000000000257288e+00 5.930783999214864366e+01
2.950000000000256861e+00 5.787619847505057891e+01
2.970000000000256435e+00 5.862525294218200145e+01
2.990000000000256009e+00 5.766860542835756576e+01
3.010000000000255582e+00 5.806517241695662790e+01
3.030000000000255156e+00 5.645520210026659669e+01
3.050000000000254730e+00 5.703216369089101789e+01
3.070000000000254303e+00 5.632440732408666406e+01
3.090000000000253877e+00 5.622188279160417324e+01
3.110000000000253451e+00 5.574107556502269034e+01
3.130000000000253024e+00 5.537401275027741576e+01
3.150000000000252598e+00 5.491805704980047409e+01
3.170000000000252172e+00 5.499910492618462854e+01
3.190000000000251745e+00 5.387549858358017474e+01
3.210000000000251319e+00 5.380027939557199801e+01
3.230000000000250893e+00 5.382814826266150732e+01
3.250000000000250466e+00 5.291948939663144102e+01
3.270000000000250040e+00 5.301237923376085348e+01
3.290000000000249614e+00 5.290120707796071287e+01
3.310000000000249187e+00 5.229247141471561378e+01
3.330000000000248761e+00 5.166926752661368027e+01
3.350000000000248335e+00 5.172944339526716107e+01
3.370000000000247908e+00 5.075646661325402675e+01
3.390000000000247482e+00 5.086670978372222152e+01
3.410000000000247056e+00 5.019102694465338033e+01
3.430000000000246629e+00 4.949859659006241230e+01
3.450000000000246203e+00 4.971993704520259882e+01
3.470000000000245777e+00 4.880096029522661638e+01
3.490000000000245350e+00 4.920059982487173755e+01
3.510000000000244924e+00 4.828930900717413266e+01
3.530000000000244498e+00 4.750629885250109652e+01
3.550000000000244071e+00 4.750280654988069529e+01
3.570000000000243645e+00 4.749974149441311511e+01
3.590000000000243219e+00 4.721437978083665143e+01
3.610000000000242792e+00 4.623070736712910644e+01
3.630000000000242366e+00 4.605993765597266787e+01
3.650000000000241940e+00 4.540117548287844329e+01
3.670000000000241513e+00 4.544513534332762106e+01
3.690000000000241087e+00 4.436061727623167172e+01
3.710000000000240661e+00 4.517494944540758439e+01
3.730000000000240234e+00 4.399080140498278979e+01
3.750000000000239808e+00 4.339773300267453493e+01
3.770000000000239382e+00 4.315313467833382077e+01
3.790000000000238956e+00 4.339326989563196690e+01
3.810000000000238529e+00 4.246880633223441492e+01
3.830000000000238103e+00 4.193843772272863646e+01
3.850000000000237677e+00 4.177076418000622482e+01
3.870000000000237250e+00 4.104947266092879232e+01
3.890000000000236824e+00 4.110057180234200302e+01
3.910000000000236398e+00 4.056688794879431015e+01
3.930000000000235971e+00 4.009003256632719570e+01
3.950000000000235545e+00 3.936447410155746240e+01
3.970000000000235119e+00 3.908571852501822974e+01
3.990000000000234692e+00 3.921758633536352789e+01
4.010000000000234266e+00 3.852210473557605752e+01
4.030000000000233840e+00 3.788225874732820131e+01
4.050000000000233413e+00 3.745584904616426059e+01
4.070000000000232987e+00 3.718695852780714262e+01
4.090000000000232561e+00 3.654937410746972404e+01
4.110000000000232134e+00 3.677321608534612807e+01
4.130000000000231708e+00 3.566323157866161608e+01
4.150000000000231282e+00 3.550929345840146567e+01
4.170000000000230855e+00 3.522243906250221102e+01
4.190000000000230429e+00 3.481650410463856105e+01
4.210000000000230003e+00 3.431670689929200790e+01
4.230000000000229576e+00 3.376719327430470230e+01
4.250000000000229150e+00 3.379397747166171229e+01
4.270000000000228724e+00 3.299558497805023194e+01
4.290000000000228297e+00 3.297524949429839580e+01
4.310000000000227871e+00 3.271988564141656042e+01
4.330000000000227445e+00 3.178567970798690112e+01
4.350000000000227018e+00 3.169152842630581191e+01
4.370000000000226592e+00 3.157703520362957761e+01
4.390000000000226166e+00 3.104130890682916544e+01
4.410000000000225739e+00 3.020477096135097383e+01
4.430000000000225313e+00 3.023962402066499422e+01
4.450000000000224887e+00 2.961837206415217949e+01
4.470000000000224460e+00 2.976686344627512781e+01
4.490000000000224034e+00 2.917779883991214973e+01
4.510000000000223608e+00 2.835961971923659775e+01
4.530000000000223181e+00 2.817426751888495318e+01
4.550000000000222755e+00 2.783607513288562885e+01
4.570000000000222329e+00 2.714570940452334114e+01
4.590000000000221902e+00 2.637690261390541835e+01
4.610000000000221476e+00 2.585751680984239087e+01
4.630000000000221050e+00 2.568944480202009117e+01
4.650000000000220624e+00 2.516206077420449105e+01
4.670000000000220197e+00 2.478548470898730471e+01
4.690000000000219771e+00 2.468680121053719390e+01
4.710000000000219345e+00 2.381791935388822168e+01
4.730000000000218918e+00 2.382437784001044179e+01
4.750000000000218492e+00 2.337742973368169430e+01
4.770000000000218066e+00 2.270925515519465421e+01
4.790000000000217639e+00 2.281899205246816109e+01
4.810000000000217213e+00 2.242345249352139547e+01
4.830000000000216787e+00 2.216026025934684895e+01
4.850000000000216360e+00 2.148928645890340050e+01
4.870000000000215934e+00 2.136507298007153111e+01
4.890000000000215508e+00 2.058353781112926129e+01
4.910000000000215081e+00 2.042793664956032629e+01
4.930000000000214655e+00 1.981876560208694471e+01
4.950000000000214229e+00 1.977052774704318594e+01
4.970000000000213802e+00 1.926890361091968273e+01
4.990000000000213376e+00 1.890991218919076644e+01
5.010000000000212950e+00 1.856581199663560255e+01
5.030000000000212523e+00 1.818412151960687950e+01
5.050000000000212097e+00 1.778803624038038933e+01
5.070000000000211671e+00 1.765520492827928578e+01
5.090000000000211244e+00 1.740627881299407775e+01
5.110000000000210818e+00 1.690212901943511525e+01
5.130000000000210392e+00 1.643087565144275430e+01
5.150000000000209965e+00 1.620943581027500713e+01
5.170000000000209539e+00 1.599610176143900908e+01
5.190000000000209113e+00 1.564653123074519847e+01
5.210000000000208686e+00 1.520084997056361686e+01
5.230000000000208260e+00 1.483444124814983134e+01
5.250000000000207834e+00 1.458040912149157187e+01
5.270000000000207407e+00 1.442925508457383188e+01
5.290000000000206981e+00 1.400708998663906790e+01
5.310000000000206555e+00 1.368954207484732422e+01
5.330000000000206128e+00 1.345568000178167267e+01
5.350000000000205702e+00 1.314663662447670234e+01
5.370000000000205276e+00 1.289176401938762240e+01
5.390000000000204849e+00 1.257972758179284689e+01
5.410000000000204423e+00 1.224293933071875529e+01
5.430000000000203997e+00 1.225502961438432514e+01
5.450000000000203570e+00 1.192867737501678249e+01
5.470000000000203144e+00 1.179050615230614163e+01
5.490000000000202718e+00 1.140549932590413995e+01
5.510000000000202292e+00 1.102514856063508475e+01
5.530000000000201865e+00 1.083189549436096044e+01
5.550000000000201439e+00 1.048708760172496746e+01
5.570000000000201013e+00 1.052098186989660178e+01
5.590000000000200586e+00 1.025045928554339447e+01
5.610000000000200160e+00 9.943419441053663377e+00
5.630000000000199734e+00 9.718986427196815825e+00
5.650000000000199307e+00 9.447816619587824150e+00
5.670000000000198881e+00 9.141070824146922291e+00
5.690000000000198455e+00 8.943670083458421516e+00
5.710000000000198028e+00 9.053192923046536222e+00
5.730000000000197602e+00 8.647719026248054774e+00
5.750000000000197176e+00 8.382928116707144994e+00
5.770000000000196749e+00 8.216358187899063026e+00
5.790000000000196323e+00 7.897360630198589249e+00
5.810000000000195897e+00 7.752652104438825020e+00
5.830000000000195470e+00 7.523039092165213049e+00
5.850000000000195044e+00 7.272539620683625472e+00
5.870000000000194618e+00 7.063204353115424716e+00
5.890000000000194191e+00 6.862145154825279647e+00
5.910000000000193765e+00 6.708357473646971769e+00
5.930000000000193339e+00 6.553327875875025299e+00
5.950000000000192912e+00 6.333182424113542375e+00
5.970000000000192486e+00 6.333427329413956919e+00
5.990000000000192060e+00 6.076181459634768522e+00
6.010000000000191633e+00 5.967138651765803381e+00
6.030000000000191207e+00 5.789932776009856674e+00
6.050000000000190781e+00 5.590311251633488077e+00
6.070000000000190354e+00 5.514582264911526366e+00
6.090000000000189928e+00 5.372909367646310663e+00
6.110000000000189502e+00 5.228271413902616516e+00
6.130000000000189075e+00 5.156029344608139553e+00
6.150000000000188649e+00 4.967943322247071691e+00
6.170000000000188223e+00 4.818387389357194905e+00
6.190000000000187796e+00 4.715978137220301569e+00
6.210000000000187370e+00 4.660048857143824108e+00
6.230000000000186944e+00 4.461858094496037985e+00
6.250000000000186517e+00 4.306070458648125765e+00
6.270000000000186091e+00 4.180983178082273710e+00
6.290000000000185665e+00 4.157169509821511788e+00
6.310000000000185238e+00 3.977929226573714949e+00
6.330000000000184812e+00 3.909011450486592931e+00
6.350000000000184386e+00 3.825188096681546579e+00
6.370000000000183960e+00 3.728694606613715212e+00
6.390000000000183533e+00 3.698311404035601768e+00
6.410000000000183107e+00 3.530761280721672168e+00
6.430000000000182681e+00 3.421368016259519695e+00
6.450000000000182254e+00 3.346314309742147497e+00
6.470000000000181828e+00 3.350775380450883745e+00
6.490000000000181402e+00 3.171307716681752709e+00
6.510000000000180975e+00 3.098655579213513089e+00
6.530000000000180549e+00 3.130225360206227769e+00
6.550000000000180123e+00 2.963672609689833148e+00
6.570000000000179696e+00 2.846821723303016416e+00
6.590000000000179270e+00 2.839273564764118518e+00
6.610000000000178844e+00 2.733429201921476981e+00
6.630000000000178417e+00 2.684650585545592882e+00
6.650000000000177991e+00 2.639714147735164662e+00
6.670000000000177565e+00 2.559148792675613127e+00
6.690000000000177138e+00 2.493262206697981043e+00
6.710000000000176712e+00 2.479213139564963253e+00
6.730000000000176286e+00 2.429789252836489499e+00
6.750000000000175859e+00 2.293973920002622791e+00
6.770000000000175433e+00 2.290495798752227419e+00
6.790000000000175007e+00 2.253963706754875673e+00
6.810000000000174580e+00 2.139275152765540700e+00
6.830000000000174154e+00 2.152916365076556371e+00
6.850000000000173728e+00 2.022571566496510709e+00
6.870000000000173301e+00 2.016777202491244037e+00
6.890000000000172875e+00 1.952821292344500081e+00
6.910000000000172449e+00 1.928203937747414054e+00
6.930000000000172022e+00 1.904621372548034097e+00
6.950000000000171596e+00 1.871858761252781722e+00
6.970000000000171170e+00 1.768217089270258668e+00
6.990000000000170743e+00 1.792220306256537388e+00
7.010000000000170317e+00 1.754188199555521965e+00
7.030000000000169891e+00 1.748896017211459153e+00
7.050000000000169464e+00 1.657592801109562863e+00
7.070000000000169038e+00 1.632615029762819248e+00
7.090000000000168612e+00 1.629347341006040839e+00
7.110000000000168185e+00 1.655193590724757913e+00
7.130000000000167759e+00 1.519354880764512750e+00
7.150000000000167333e+00 1.550045824437398245e+00
7.170000000000166906e+00 1.480143343166853143e+00
7.190000000000166480e+00 1.477548130478086197e+00
7.210000000000166054e+00 1.472134515244368336e+00
7.230000000000165628e+00 1.424555559511289760e+00
7.250000000000165201e+00 1.406628349010957457e+00
7.270000000000164775e+00 1.387427996786766649e+00
7.290000000000164349e+00 1.326263939962853966e+00
7.310000000000163922e+00 1.327446429025022079e+00
7.330000000000163496e+00 1.343972737336749157e+00
7.350000000000163070e+00 1.291934886835544916e+00
7.370000000000162643e+00 1.247277196974107438e+00
7.390000000000162217e+00 1.297795342660343909e+00
7.410000000000161791e+00 1.217946936539371139e+00
7.430000000000161364e+00 1.230057561273268485e+00
7.450000000000160938e+00 1.183651305112672025e+00
7.470000000000160512e+00 1.184849407866081838e+00
7.490000000000160085e+00 1.201381644149476458e+00
7.510000000000159659e+00 1.146450698595704809e+00
7.530000000000159233e+00 1.137869827081875229e+00
7.550000000000158806e+00 1.127615938735872403e+00
7.570000000000158380e+00 1.110435709699425066e+00
7.590000000000157954e+00 1.116586175693189853e+00
7.610000000000157527e+00 1.119350350260273519e+00
7.630000000000157101e+00 1.101150043114046628e+00
7.650000000000156675e+00 1.118680524833977064e+00
7.670000000000156248e+00 1.049575241141671444e+00
7.690000000000155822e+00 1.033623703554105155e+00
7.710000000000155396e+00 1.055637983983559236e+00
7.730000000000154969e+00 1.038313901894660773e+00
7.750000000000154543e+00 9.872700256235080740e-01
7.770000000000154117e+00 1.004324081568816363e+00
7.790000000000153690e+00 1.021757926891244894e+00
7.810000000000153264e+00 1.000271090652070649e+00
7.830000000000152838e+00 1.016634817340311914e+00
7.850000000000152411e+00 9.562300493369538801e-01
7.870000000000151985e+00 9.851564937154027035e-01
7.890000000000151559e+00 9.768928423983990195e-01
7.910000000000151132e+00 9.620251641334421899e-01
7.930000000000150706e+00 9.538906420219467330e-01
7.950000000000150280e+00 9.319963787724276916e-01
7.970000000000149853e+00 9.210436358736059370e-01
7.990000000000149427e+00 9.241658395789633662e-01
8.010000000000149001e+00 9.345594827885820299e-01
8.030000000000148574e+00 9.121473620790361281e-01
8.050000000000148148e+00 8.737559705410956612e-01
8.070000000000147722e+00 9.056380983541268970e-01
8.090000000000147296e+00 8.794901732504255554e-01
8.110000000000146869e+00 8.602339189388363838e-01
8.130000000000146443e+00 8.620786240280499113e-01
8.150000000000146017e+00 8.522099379621290716e-01
8.170000000000145590e+00 8.349143162068157764e-01
8.190000000000145164e+00 8.427515050325788959e-01
8.210000000000144738e+00 8.305314049680970756e-01
8.230000000000144311e+00 8.097926333037687163e-01
8.250000000000143885e+00 8.148235116425632807e-01
8.270000000000143459e+00 7.950008147100547928e-01
8.290000000000143032e+00 7.902548540224970663e-01
8.310000000000142606e+00 8.058817015167029085e-01
8.330000000000142180e+00 7.679813899414127398e-01
8.350000000000141753e+00 7.582518154387213327e-01
8.370000000000141327e+00 7.318202941882022694e-01
8.390000000000140901e+00 7.879182616523882077e-01
8.410000000000140474e+00 7.443510017598856665e-01
8.430000000000140048e+00 7.240960976795732806e-01
8.450000000000139622e+00 7.295158792273850334e-01
8.470000000000139195e+00 7.106090133512069640e-01
8.490000000000138769e+00 7.240767303914406039e-01
8.510000000000138343e+00 6.867683705150599005e-01
8.530000000000137916e+00 7.018810941950723858e-01
8.550000000000137490e+00 7.230004725191396808e-01
8.570000000000137064e+00 6.863473443240961647e-01
8.590000000000136637e+00 6.755655044027705225e-01
8.610000000000136211e+00 6.730927320855688567e-01
8.630000000000135785e+00 6.729211202484508547e-01
8.650000000000135358e+00 6.562377881516011646e-01
8.670000000000134932e+00 6.717198277463809486e-01
8.690000000000134506e+00 6.647691694800047513e-01
8.710000000000134079e+00 6.358730417946470981e-01
8.730000000000133653e+00 6.210790863934755324e-01
8.750000000000133227e+00 6.128558389511015170e-01
8.770000000000132800e+00 6.319907370643922384e-01
8.790000000000132374e+00 6.175588038966536297e-01
8.810000000000131948e+00 6.101114218963290536e-01
8.830000000000131521e+00 6.061695449105378719e-01
8.850000000000131095e+00 6.019367456803321748e-01
8.870000000000130669e+00 5.852023622096609312e-01
8.890000000000130242e+00 5.958021005186776575e-01
8.910000000000129816e+00 5.940833827992083593e-01
8.930000000000129390e+00 6.079968913289982568e-01
8.950000000000128964e+00 5.806384812919027638e-01
8.970000000000128537e+00 6.148359532592825305e-01
8.990000000000128111e+00 5.454297133196100988e-01
9.010000000000127685e+00 5.629136612825500485e-01
9.030000000000127258e+00 5.945984701415198970e-01
9.050000000000126832e+00 5.551183413529204858e-01
9.070000000000126406e+00 5.725366664142960138e-01
9.090000000000125979e+00 5.471259635518025410e-01
9.110000000000125553e+00 5.412489595590687097e-01
9.130000000000125127e+00 5.531716036018700100e-01
9.150000000000124700e+00 5.625507813836740922e-01
9.170000000000124274e+00 5.395579718694701876e-01
9.190000000000123848e+00 5.595688213584220083e-01
9.210000000000123421e+00 5.501137114874221634e-01
9.230000000000122995e+00 5.395465329471537119e-01
9.250000000000122569e+00 5.318613895778130374e-01
9.270000000000122142e+00 5.390496520735776897e-01
9.290000000000121716e+00 5.292872150069807269e-01
9.310000000000121290e+00 5.178760018256650666e-01
9.330000000000120863e+00 5.295008022518726820e-01
9.350000000000120437e+00 5.222378911012899305e-01
9.370000000000120011e+00 5.267896131937017667e-01
9.390000000000119584e+00 5.009716691157899415e-01
9.410000000000119158e+00 5.069327771906428914e-01
9.430000000000118732e+00 5.185698476069203755e-01
9.450000000000118305e+00 4.993794447602214470e-01
9.470000000000117879e+00 5.186134109506728151e-01
9.490000000000117453e+00 5.057747663404406069e-01
9.510000000000117026e+00 4.928893289100222952e-01
9.530000000000116600e+00 4.867668537100371950e-01
9.550000000000116174e+00 4.834575355688115472e-01
9.570000000000115747e+00 4.880882798508320297e-01
9.590000000000115321e+00 4.985552367859542588e-01
9.610000000000114895e+00 4.775062199171545285e-01
9.630000000000114468e+00 4.819038613291926065e-01
9.650000000000114042e+00 4.733926390536859485e-01
9.670000000000113616e+00 4.839213164904270226e-01
9.690000000000113189e+00 4.742318679853517738e-01
9.710000000000112763e+00 4.653951844306140062e-01
9.730000000000112337e+00 4.769355398902913601e-01
9.750000000000111910e+00 4.776741079767849452e-01
9.770000000000111484e+00 4.478689023590162188e-01
9.790000000000111058e+00 4.738912023048312272e-01
9.810000000000110632e+00 4.607073221948134734e-01
9.830000000000110205e+00 4.713381782057095015e-01
9.850000000000109779e+00 4.695388078649878061e-01
9.870000000000109353e+00 4.521957864331613286e-01
9.890000000000108926e+00 4.542848600736324460e-01
9.910000000000108500e+00 4.636446282144516262e-01
9.930000000000108074e+00 4.447973473913005571e-01
9.950000000000107647e+00 4.456766663891184588e-01
9.970000000000107221e+00 4.518153215357221808e-01
9.990000000000106795e+00 4.483039032576009442e-01
1.001000000000010637e+01 4.469397692107823228e-01
1.003000000000010594e+01 4.357876502719436607e-01
1.005000000000010552e+01 4.486403357273444081e-01
1.007000000000010509e+01 4.490356235205994473e-01
1.009000000000010466e+01 4.458034060549362354e-01
1.011000000000010424e+01 4.264117419542688414e-01
1.013000000000010381e+01 4.452835019033962727e-01
1.015000000000010338e+01 4.308477610913438172e-01
1.017000000000010296e+01 4.412331685011839366e-01
1.019000000000010253e+01 4.380967094781315629e-01
1.021000000000010210e+01 4.490005250338087728e-01
1.023000000000010168e+01 4.336041474580252797e-01
1.025000000000010125e+01 4.440253338497254232e-01
1.027000000000010083e+01 4.412702392820324615e-01
1.029000000000010040e+01 4.406401574192516657e-01
1.031000000000009997e+01 4.408672178630284599e-01
1.033000000000009955e+01 4.237861206648578238e-01
1.035000000000009912e+01 4.277235610721651926e-01
1.037000000000009869e+01 4.315541447250759721e-01
1.039000000000009827e+01 4.266893311596111071e-01
1.041000000000009784e+01 4.336566398603315942e-01
1.043000000000009742e+01 4.334637156471087827e-01
1.045000000000009699e+01 4.324474181255723026e-01
1.047000000000009656e+01 4.409728780158446715e-01
1.049000000000009614e+01 4.229274341174995566e-01
1.051000000000009571e+01 4.374676597577762949e-01
1.053000000000009528e+01 4.367685339542283773e-01
1.055000000000009486e+01 4.206136042854523582e-01
1.057000000000009443e+01 4.220126091404635682e-01
1.059000000000009400e+01 4.353122346360693840e-01
1.061000000000009358e+01 4.275470063760805628e-01
1.063000000000009315e+01 4.409098528502464198e-01
1.065000000000009273e+01 4.266909391179848354e-01
1.067000000000009230e+01 4.310786439193344255e-01
1.069000000000009187e+01 4.310196193601382730e-01
1.071000000000009145e+01 4.203915825466957301e-01
1.073000000000009102e+01 4.372397289360873129e-01
1.075000000000009059e+01 4.239308269011229924e-01
1.077000000000009017e+01 4.296407559612217542e-01
1.079000000000008974e+01 4.353602596360555688e-01
1.081000000000008932e+01 4.325128838388384578e-01
1.083000000000008889e+01 4.222123579699090801e-01
1.085000000000008846e+01 4.292488191361861216e-01
1.087000000000008804e+01 4.351047219499160068e-01
1.089000000000008761e+01 4.401161536913756889e-01
1.091000000000008718e+01 4.268656775831559114e-01
1.093000000000008676e+01 4.161570717268872621e-01
1.095000000000008633e+01 4.425415893168309633e-01
1.097000000000008590e+01 4.276659168503302855e-01
1.099000000000008548e+01 4.425153605214414143e-01
1.101000000000008505e+01 4.189093494739731804e-01
1.103000000000008463e+01 4.199007033251794807e-01
1.105000000000008420e+01 4.288431237045710054e-01
1.107000000000008377e+01 4.202408911324982399e-01
1.109000000000008335e+01 4.269923478985357956e-01
1.111000000000008292e+01 4.159785920372816581e-01
1.113000000000008249e+01 4.352208769420077838e-01
1.115000000000008207e+01 4.359897018738680963e-01
1.117000000000008164e+01 4.157253106690396161e-01
1.119000000000008122e+01 4.173161837270842889e-01
1.121000000000008079e+01 4.276055549232785635e-01
1.123000000000008036e+01 4.349068592995818938e-01
1.125000000000007994e+01 4.237465510902170829e-01
1.127000000000007951e+01 4.065267173812777135e-01
1.129000000000007908e+01 4.374132629345725554e-01
1.131000000000007866e+01 4.166107888296185502e-01
1.133000000000007823e+01 4.396487528651187304e-01
1.135000000000007780e+01 4.084442085435894265e-01
1.137000000000007738e+01 4.108922227248571479e-01
1.139000000000007695e+01 4.217237737437307676e-01
1.141000000000007653e+01 4.039095353499802532e-01
1.143000000000007610e+01 4.241603936520687568e-01
1.145000000000007567e+01 4.150304987091070763e-01
1.147000000000007525e+01 4.263618340784184890e-01
1.149000000000007482e+01 4.096204026402170961e-01
1.151000000000007439e+01 4.168922498490523210e-01
1.153000000000007397e+01 4.115483665406405867e-01
1.155000000000007354e+01 4.137910231401263905e-01
1.157000000000007311e+01 3.965670947954585412e-01
1.159000000000007269e+01 4.107324280414743622e-01
1.161000000000007226e+01 3.825230349238445959e-01
1.163000000000007184e+01 3.993073506015676899e-01
1.165000000000007141e+01 3.895127801666613543e-01
1.167000000000007098e+01 4.036833587130678747e-01
1.169000000000007056e+01 3.861190200917570814e-01
1.171000000000007013e+01 4.139068529411986663e-01
1.173000000000006970e+01 4.014570527223073060e-01
1.175000000000006928e+01 3.888915214780784280e-01
1.177000000000006885e+01 3.839406270094276596e-01
1.179000000000006843e+01 3.940157360983840285e-01
1.181000000000006800e+01 3.680273149397655930e-01
1.183000000000006757e+01 3.724661696079660245e-01
1.185000000000006715e+01 3.831560700298698441e-01
1.187000000000006672e+01 3.737966575353574017e-01
1.189000000000006629e+01 3.783555146840023586e-01
1.191000000000006587e+01 3.708369668674884601e-01
1.193000000000006544e+01 3.549954142918568811e-01
1.195000000000006501e+01 3.740737782394809030e-01
1.197000000000006459e+01 3.654434414602044656e-01
1.199000000000006416e+01 3.565013570123254927e-01
1.201000000000006374e+01 3.879664342434987478e-01
1.203000000000006331e+01 3.652935732233933419e-01
1.205000000000006288e+01 3.442191498230041113e-01
1.207000000000006246e+01 3.628415189409613384e-01
1.209000000000006203e+01 3.569807525699453810e-01
1.211000000000006160e+01 3.714394133820162480e-01
1.213000000000006118e+01 3.399078918713764885e-01
1.215000000000006075e+01 3.592973814055510640e-01
1.217000000000006033e+01 3.559263554992112000e-01
1.219000000000005990e+01 3.601500238692403877e-01
1.221000000000005947e+01 3.439530255355225941e-01
1.223000000000005905e+01 3.448374206387296859e-01
1.225000000000005862e+01 3.392160275229899602e-01
1.227000000000005819e+01 3.419566413179231934e-01
1.229000000000005777e+01 3.287355500728941782e-01
1.231000000000005734e+01 3.271282398853462281e-01
1.233000000000005691e+01 3.250223101962201877e-01
1.235000000000005649e+01 3.345769914071798912e-01
1.237000000000005606e+01 3.312869420548572585e-01
1.239000000000005564e+01 3.210820848144712025e-01
1.241000000000005521e+01 3.345945923475573403e-01
1.243000000000005478e+01 3.152159725991542927e-01
1.245000000000005436e+01 3.105366256704339967e-01
1.247000000000005393e+01 3.084135803386454100e-01
1.249000000000005350e+01 3.078451625547619641e-01
1.251000000000005308e+01 3.046730024544986315e-01
1.253000000000005265e+01 3.005588700384973500e-01
1.255000000000005222e+01 3.281497583039073573e-01
1.257000000000005180e+01 2.944199059907029459e-01
1.259000000000005137e+01 2.909118456774754669e-01
1.261000000000005095e+01 2.951866500188530251e-01
1.263000000000005052e+01 2.793273665493860025e-01
1.265000000000005009e+01 3.035406767444471798e-01
1.267000000000004967e+01 3.168937914976606152e-01
1.269000000000004924e+01 2.608369499098143196e-01
1.271000000000004881e+01 2.915445399288799644e-01
1.273000000000004839e+01 2.860064807351297977e-01
1.275000000000004796e+01 2.812508166212723815e-01
1.277000000000004754e+01 2.729208552301505830e-01
1.279000000000004711e+01 2.756170825325143792e-01
1.281000000000004668e+01 2.643365027961518399e-01
1.283000000000004626e+01 2.821266970729328638e-01
1.285000000000004583e+01 2.603187268219719352e-01
1.287000000000004540e+01 2.737849428791534478e-01
1.289000000000004498e+01 2.476445050558714889e-01
1.291000000000004455e+01 2.717362959447470194e-01
1.293000000000004412e+01 2.691239367842016561e-01
1.295000000000004370e+01 2.501498134706939824e-01
1.297000000000004327e+01 2.560464917798219164e-01
1.299000000000004285e+01 2.500371234322298353e-01
1.301000000000004242e+01 2.500954887825497797e-01
1.303000000000004199e+01 2.249871421962540419e-01
1.305000000000004157e+01 2.379893911452241051e-01
1.307000000000004114e+01 2.279711737533517690e-01
1.309000000000004071e+01 2.289499372499680385e-01
1.311000000000004029e+01 2.180686538870097169e-01
1.313000000000003986e+01 2.236251091526810786e-01
1.315000000000003944e+01 2.220216748474626023e-01
1.317000000000003901e+01 2.283168278897615144e-01
1.319000000000003858e+01 2.181082650437982384e-01
1.321000000000003816e+01 2.153011921121706640e-01
1.323000000000003773e+01 2.015878205847496940e-01
1.325000000000003730e+01 2.136834497692043366e-01
1.327000000000003688e+01 1.942035360495358576e-01
1.329000000000003645e+01 2.086805469851637229e-01
1.331000000000003602e+01 2.014027886227255926e-01
1.333000000000003560e+01 1.990284475316227708e-01
1.335000000000003517e+01 1.914053938301278068e-01
1.337000000000003475e+01 1.902313411833775891e-01
1.339000000000003432e+01 1.822904203207827423e-01
1.341000000000003389e+01 1.759302458466233399e-01
1.343000000000003347e+01 1.835741959747839158e-01
1.345000000000003304e+01 1.758032045507035568e-01
1.347000000000003261e+01 1.672561458117866051e-01
1.349000000000003219e+01 1.659060943333293126e-01
1.351000000000003176e+01 1.624234449772887223e-01
1.353000000000003133e+01 1.620811909994851474e-01
1.355000000000003091e+01 1.580936601360401206e-01
1.357000000000003048e+01 1.641666315387019515e-01
1.359000000000003006e+01 1.715067071002831511e-01
1.361000000000002963e+01 1.626187757205880269e-01
1.363000000000002920e+01 1.529226844169015720e-01
1.365000000000002878e+01 1.488174391540762476e-01
1.367000000000002835e+01 1.439991928664469401e-01
1.369000000000002792e+01 1.428760421027580607e-01
1.371000000000002750e+01 1.422324001160761020e-01
1.373000000000002707e+01 1.392122186374371851e-01
1.375000000000002665e+01 1.361297258493273099e-01
1.377000000000002622e+01 1.299171863829245155e-01
1.379000000000002579e+01 1.302297146912631820e-01
1.381000000000002537e+01 1.311050124110507975e-01
1.383000000000002494e+01 1.255105178872766569e-01
1.385000000000002451e+01 1.202225977402769791e-01
1.387000000000002409e+01 1.201378103240367812e-01
1.389000000000002366e+01 1.113352233301242028e-01
1.391000000000002323e+01 1.188279468345929818e-01
1.393000000000002281e+01 1.237521678105675677e-01
1.395000000000002238e+01 1.048334643956801981e-01
1.397000000000002196e+01 1.074764943582212362e-01
1.399000000000002153e+01 1.045242712950994191e-01
1.401000000000002110e+01 1.016515914598271758e-01
1.403000000000002068e+01 9.295956974861895039e-02
1.405000000000002025e+01 9.479993792222576876e-02
1.407000000000001982e+01 8.192270756137856602e-02
1.409000000000001940e+01 7.405127204825806553e-02
1.411000000000001897e+01 8.165743901440550290e-02
1.413000000000001855e+01 8.231827353736415054e-02
1.415000000000001812e+01 7.072054453912503258e-02
1.417000000000001769e+01 6.516026463524417223e-02
1.419000000000001727e+01 6.489131052351201911e-02
1.421000000000001684e+01 6.176998003801674464e-02
1.423000000000001641e+01 6.187820569839863616e-02
1.425000000000001599e+01 5.849963554598886645e-02
1.427000000000001556e+01 6.618012696647665449e-02
1.429000000000001513e+01 6.064725269869786217e-02
1.431000000000001471e+01 5.312579152350844353e-02
1.433000000000001428e+01 4.476115013903815554e-02
1.435000000000001386e+01 3.902872973524397493e-02
1.437000000000001343e+01 3.632580511956137043e-02
1.439000000000001300e+01 3.094732690574210701e-02
1.441000000000001258e+01 2.810475127266351056e-02
1.443000000000001215e+01 2.802430206864437237e-02
1.445000000000001172e+01 2.513447564946259816e-02
1.447000000000001130e+01 1.971902745369523077e-02
1.449000000000001087e+01 1.963875241473726427e-02
1.451000000000001044e+01 2.235939882473236481e-02
1.453000000000001002e+01 1.674274235500404495e-02
1.455000000000000959e+01 1.396020443607504449e-02
1.457000000000000917e+01 1.389992822123988989e-02
1.459000000000000874e+01 1.112278669884085233e-02
1.461000000000000831e+01 8.356531266224306864e-03
1.463000000000000789e+01 8.373948586605860223e-03
1.465000000000000746e+01 5.540986500363115873e-03
1.467000000000000703e+01 2.764952461439780258e-03
1.469000000000000661e+01 0.000000000000000000e+00
1.471000000000000618e+01 0.000000000000000000e+00
1.473000000000000576e+01 0.000000000000000000e+00
1.475000000000000533e+01 0.000000000000000000e+00
1.477000000000000490e+01 0.000000000000000000e+00
1.479000000000000448e+01 0.000000000000000000e+00
1.481000000000000405e+01 0.000000000000000000e+00
1.483000000000000362e+01 0.000000000000000000e+00
1.485000000000000320e+01 0.000000000000000000e+00
1.487000000000000277e+01 0.000000000000000000e+00
1.489000000000000234e+01 0.000000000000000000e+00
1.491000000000000192e+01 0.000000000000000000e+00
1.493000000000000149e+01 0.000000000000000000e+00
1.495000000000000107e+01 0.000000000000000000e+00
1.497000000000000064e+01 0.000000000000000000e+00
1.499000000000000021e+01 0.000000000000000000e+00
