# Redshift		Merger Rate Density [Gpc^-3yr^-1]
1.000000000031931770e-02 1.135771794985832770e+02
3.000000000031888964e-02 1.140004974594075264e+02
5.000000000031846331e-02 1.147467926930118693e+02
7.000000000031804392e-02 1.168413649740384841e+02
9.000000000031761760e-02 1.173711130094290525e+02
1.100000000003171913e-01 1.180893943335961183e+02
1.300000000003167511e-01 1.196990628187412256e+02
1.500000000003163247e-01 1.200488772540515612e+02
1.700000000003158984e-01 1.217039190371060187e+02
1.900000000003154721e-01 1.224791569795917354e+02
2.100000000003150458e-01 1.244789144610024891e+02
2.300000000003146194e-01 1.241557451969348307e+02
2.500000000003141931e-01 1.266013288856169794e+02
2.700000000003137668e-01 1.270528075886161758e+02
2.900000000003133405e-01 1.273215177787473777e+02
3.100000000003129141e-01 1.285037950120485846e+02
3.300000000003124878e-01 1.302597499810239299e+02
3.500000000003120615e-01 1.303450518933053388e+02
3.700000000003116352e-01 1.310378096905735106e+02
3.900000000003112088e-01 1.317263113682134019e+02
4.100000000003107825e-01 1.329091414248761396e+02
4.300000000003103562e-01 1.327157978361244659e+02
4.500000000003099299e-01 1.332463543287048537e+02
4.700000000003095035e-01 1.336503491786187965e+02
4.900000000003090772e-01 1.345939196837962015e+02
5.100000000003086509e-01 1.349929448861317951e+02
5.300000000003082246e-01 1.342216574778170184e+02
5.500000000003077982e-01 1.354159784563871085e+02
5.700000000003073719e-01 1.357630309550323773e+02
5.900000000003069456e-01 1.354756581203978101e+02
6.100000000003065193e-01 1.358674139164849635e+02
6.300000000003060929e-01 1.355709430455901554e+02
6.500000000003056666e-01 1.360904987355366984e+02
6.700000000003052403e-01 1.361643112628598260e+02
6.900000000003048140e-01 1.348121738173225026e+02
7.100000000003043876e-01 1.363596668309590143e+02
7.300000000003039613e-01 1.357391485207479036e+02
7.500000000003035350e-01 1.360736267313251062e+02
7.700000000003031086e-01 1.355150980190349799e+02
7.900000000003026823e-01 1.363625730645191254e+02
8.100000000003022560e-01 1.360810127552247479e+02
8.300000000003018297e-01 1.348399283629952663e+02
8.500000000003014033e-01 1.366469852445800086e+02
8.700000000003009770e-01 1.355435618678129401e+02
8.900000000003005507e-01 1.352166300873384728e+02
9.100000000003001244e-01 1.363701913848642562e+02
9.300000000002996980e-01 1.348497952770603376e+02
9.500000000002992717e-01 1.352906665272057580e+02
9.700000000002988454e-01 1.359181686466379233e+02
9.900000000002984191e-01 1.342519699544639593e+02
1.010000000000297993e+00 1.349926675279472477e+02
1.030000000000297566e+00 1.350685913973457559e+02
1.050000000000297140e+00 1.334743203935523184e+02
1.070000000000296714e+00 1.333875181660911551e+02
1.090000000000296287e+00 1.344666942362590021e+02
1.110000000000295861e+00 1.336793510227257400e+02
1.130000000000295435e+00 1.327772305201742427e+02
1.150000000000295008e+00 1.328313120754825434e+02
1.170000000000294582e+00 1.313158527182342823e+02
1.190000000000294156e+00 1.320433202207563852e+02
1.210000000000293729e+00 1.313171729435005943e+02
1.230000000000293303e+00 1.316307134650442947e+02
1.250000000000292877e+00 1.303602127566607578e+02
1.270000000000292451e+00 1.307452639643026089e+02
1.290000000000292024e+00 1.287913761742529744e+02
1.310000000000291598e+00 1.293045416232830291e+02
1.330000000000291172e+00 1.289643323197120139e+02
1.350000000000290745e+00 1.286296337158780148e+02
1.370000000000290319e+00 1.278441951250962916e+02
1.390000000000289893e+00 1.262741396855918907e+02
1.410000000000289466e+00 1.264218341217283808e+02
1.430000000000289040e+00 1.251866940716927274e+02
1.450000000000288614e+00 1.256468786095149710e+02
1.470000000000288187e+00 1.253147621897092989e+02
1.490000000000287761e+00 1.231227343554103584e+02
1.510000000000287335e+00 1.238474402977143427e+02
1.530000000000286908e+00 1.217059455697136201e+02
1.550000000000286482e+00 1.222502047264962641e+02
1.570000000000286056e+00 1.213402728390282590e+02
1.590000000000285629e+00 1.210440386012328133e+02
1.610000000000285203e+00 1.191116901088755213e+02
1.630000000000284777e+00 1.184568709805756725e+02
1.650000000000284350e+00 1.180282782768238121e+02
1.670000000000283924e+00 1.170039217703558307e+02
1.690000000000283498e+00 1.154728367122036303e+02
1.710000000000283071e+00 1.168450888889766475e+02
1.730000000000282645e+00 1.149127388307946234e+02
1.750000000000282219e+00 1.146481784478648223e+02
1.770000000000281792e+00 1.125175280265852678e+02
1.790000000000281366e+00 1.122501790262432166e+02
1.810000000000280940e+00 1.116487161353072111e+02
1.830000000000280513e+00 1.108043340105824086e+02
1.850000000000280087e+00 1.098014868565274327e+02
1.870000000000279661e+00 1.092846142143187649e+02
1.890000000000279234e+00 1.082757496268348660e+02
1.910000000000278808e+00 1.068025636586477560e+02
1.930000000000278382e+00 1.064555541052807968e+02
1.950000000000277955e+00 1.053994865225715643e+02
1.970000000000277529e+00 1.042466581861479114e+02
1.990000000000277103e+00 1.037765262174443848e+02
2.010000000000276899e+00 1.031795736250187900e+02
2.030000000000276472e+00 1.015016382377805115e+02
2.050000000000276046e+00 1.004232451741379606e+02
2.070000000000275620e+00 1.003583554013989243e+02
2.090000000000275193e+00 9.886957127439704607e+01
2.110000000000274767e+00 9.822698743794893517e+01
2.130000000000274341e+00 9.698122283167791124e+01
2.150000000000273914e+00 9.573813191728321215e+01
2.170000000000273488e+00 9.586223778402982987e+01
2.190000000000273062e+00 9.449906495680282603e+01
2.210000000000272635e+00 9.307060153984774331e+01
2.230000000000272209e+00 9.162238758799024652e+01
2.250000000000271783e+00 9.119854764760921739e+01
2.270000000000271356e+00 9.074000499865358904e+01
2.290000000000270930e+00 8.905063350890119978e+01
2.310000000000270504e+00 8.888867808704378604e+01
2.330000000000270077e+00 8.687595297071183609e+01
2.350000000000269651e+00 8.699690127692886676e+01
2.370000000000269225e+00 8.529417234988686403e+01
2.390000000000268798e+00 8.427983206570532104e+01
2.410000000000268372e+00 8.315821267140455575e+01
2.430000000000267946e+00 8.323967011058599041e+01
2.450000000000267519e+00 8.139118980286681904e+01
2.470000000000267093e+00 8.021542217930296204e+01
2.490000000000266667e+00 7.975880438858877142e+01
2.510000000000266240e+00 7.861211634656466174e+01
2.530000000000265814e+00 7.814005129374154990e+01
2.550000000000265388e+00 7.702947566072541008e+01
2.570000000000264961e+00 7.636070982734253221e+01
2.590000000000264535e+00 7.522465673325085334e+01
2.610000000000264109e+00 7.352825803920433145e+01
2.630000000000263682e+00 7.282813480021124519e+01
2.650000000000263256e+00 7.325188386740884994e+01
2.670000000000262830e+00 7.119226774080824782e+01
2.690000000000262403e+00 7.043067737923699667e+01
2.710000000000261977e+00 6.965903531756144673e+01
2.730000000000261551e+00 6.884794989754979611e+01
2.750000000000261124e+00 6.784944367579970503e+01
2.770000000000260698e+00 6.742065926392491804e+01
2.790000000000260272e+00 6.627826994702984109e+01
2.810000000000259845e+00 6.534944275350478904e+01
2.830000000000259419e+00 6.512914097131277913e+01
2.850000000000258993e+00 6.362442027401248623e+01
2.870000000000258567e+00 6.307028299987775455e+01
2.890000000000258140e+00 6.229898328823075104e+01
2.910000000000257714e+00 6.148907674987862748e+01
2.930000000000257288e+00 6.139008667916335327e+01
2.950000000000256861e+00 5.997448886380578870e+01
2.970000000000256435e+00 5.951971006045264545e+01
2.990000000000256009e+00 5.883258858661994140e+01
3.010000000000255582e+00 5.778162750981478268e+01
3.030000000000255156e+00 5.735077030745990356e+01
3.050000000000254730e+00 5.652454156922928519e+01
3.070000000000254303e+00 5.635756321785199674e+01
3.090000000000253877e+00 5.499846285256136014e+01
3.110000000000253451e+00 5.457451653106372902e+01
3.130000000000253024e+00 5.412111667330005815e+01
3.150000000000252598e+00 5.343970469477777385e+01
3.170000000000252172e+00 5.262952253147200565e+01
3.190000000000251745e+00 5.179152433254786558e+01
3.210000000000251319e+00 5.107142020051604447e+01
3.230000000000250893e+00 5.091993832162976474e+01
3.250000000000250466e+00 5.000928913323309644e+01
3.270000000000250040e+00 4.992251264472808003e+01
3.290000000000249614e+00 4.886331146512718249e+01
3.310000000000249187e+00 4.891260161133307349e+01
3.330000000000248761e+00 4.758710295104248900e+01
3.350000000000248335e+00 4.733309156060219181e+01
3.370000000000247908e+00 4.709506506706789963e+01
3.390000000000247482e+00 4.634463687902091067e+01
3.410000000000247056e+00 4.546902318241703966e+01
3.430000000000246629e+00 4.515688067347553414e+01
3.450000000000246203e+00 4.472981822834266552e+01
3.470000000000245777e+00 4.402971401484342806e+01
3.490000000000245350e+00 4.389875900687147237e+01
3.510000000000244924e+00 4.351300251245631756e+01
3.530000000000244498e+00 4.310027497648862038e+01
3.550000000000244071e+00 4.230382735624984036e+01
3.570000000000243645e+00 4.205054679461886025e+01
3.590000000000243219e+00 4.121843815727531535e+01
3.610000000000242792e+00 4.144330916269298370e+01
3.630000000000242366e+00 4.032080169795641211e+01
3.650000000000241940e+00 4.064761891159410112e+01
3.670000000000241513e+00 3.954437727536797098e+01
3.690000000000241087e+00 3.923954412202698450e+01
3.710000000000240661e+00 3.951368958460263769e+01
3.730000000000240234e+00 3.841665458525586274e+01
3.750000000000239808e+00 3.845836939730228465e+01
3.770000000000239382e+00 3.761202565955789368e+01
3.790000000000238956e+00 3.728217249577046744e+01
3.810000000000238529e+00 3.690657941868445846e+01
3.830000000000238103e+00 3.674428434691017031e+01
3.850000000000237677e+00 3.674771471894288766e+01
3.870000000000237250e+00 3.570203730007930432e+01
3.890000000000236824e+00 3.577461876584863631e+01
3.910000000000236398e+00 3.537243192579370543e+01
3.930000000000235971e+00 3.479143382391708883e+01
3.950000000000235545e+00 3.481120898191153401e+01
3.970000000000235119e+00 3.431325701237106074e+01
3.990000000000234692e+00 3.399637693335369448e+01
4.010000000000234266e+00 3.389952116351527422e+01
4.030000000000233840e+00 3.347226376493912881e+01
4.050000000000233413e+00 3.299790798401846814e+01
4.070000000000232987e+00 3.255386518015272657e+01
4.090000000000232561e+00 3.245793135350162117e+01
4.110000000000232134e+00 3.217411522432873738e+01
4.130000000000231708e+00 3.161940305745249091e+01
4.150000000000231282e+00 3.170586898359491812e+01
4.170000000000230855e+00 3.143956404428159601e+01
4.190000000000230429e+00 3.125089340941372740e+01
4.210000000000230003e+00 3.059202098630404976e+01
4.230000000000229576e+00 3.079709231608597264e+01
4.250000000000229150e+00 3.028359651445185818e+01
4.270000000000228724e+00 3.007522390445259930e+01
4.290000000000228297e+00 2.969361553861455150e+01
4.310000000000227871e+00 2.965195563597319151e+01
4.330000000000227445e+00 2.945318390819144483e+01
4.350000000000227018e+00 2.896678684718973784e+01
4.370000000000226592e+00 2.860306328986707314e+01
4.390000000000226166e+00 2.857001263462849394e+01
4.410000000000225739e+00 2.810692804739738904e+01
4.430000000000225313e+00 2.814961819220599537e+01
4.450000000000224887e+00 2.783160987334354530e+01
4.470000000000224460e+00 2.784559437957127059e+01
4.490000000000224034e+00 2.736444937752655093e+01
4.510000000000223608e+00 2.730218385433330042e+01
4.530000000000223181e+00 2.727823155697352320e+01
4.550000000000222755e+00 2.678722781980983925e+01
4.570000000000222329e+00 2.655703008520984909e+01
4.590000000000221902e+00 2.670379666455921708e+01
4.610000000000221476e+00 2.621893847858012094e+01
4.630000000000221050e+00 2.615107773432782068e+01
4.650000000000220624e+00 2.612797294728150632e+01
4.670000000000220197e+00 2.560251149225948808e+01
4.690000000000219771e+00 2.522854384982287357e+01
4.710000000000219345e+00 2.532280276409903763e+01
4.730000000000218918e+00 2.501949497030923553e+01
4.750000000000218492e+00 2.493542602033326716e+01
4.770000000000218066e+00 2.488059086717620261e+01
4.790000000000217639e+00 2.467337548759366328e+01
4.810000000000217213e+00 2.445926131254243785e+01
4.830000000000216787e+00 2.436581416596624905e+01
4.850000000000216360e+00 2.400129910431970970e+01
4.870000000000215934e+00 2.404922107713056434e+01
4.890000000000215508e+00 2.378419567423459213e+01
4.910000000000215081e+00 2.375830408968839080e+01
4.930000000000214655e+00 2.348758113637896372e+01
4.950000000000214229e+00 2.335827117164848588e+01
4.970000000000213802e+00 2.328043659171879298e+01
4.990000000000213376e+00 2.293505698790084324e+01
5.010000000000212950e+00 2.303702280289806481e+01
5.030000000000212523e+00 2.249109857344637575e+01
5.050000000000212097e+00 2.292896711479403749e+01
5.070000000000211671e+00 2.267590969957331026e+01
5.090000000000211244e+00 2.240886656926711140e+01
5.110000000000210818e+00 2.227246091577003284e+01
5.130000000000210392e+00 2.205967375405281672e+01
5.150000000000209965e+00 2.194467995264007598e+01
5.170000000000209539e+00 2.148285335390354334e+01
5.190000000000209113e+00 2.163098066083052728e+01
5.210000000000208686e+00 2.142914841303019813e+01
5.230000000000208260e+00 2.144094055958326095e+01
5.250000000000207834e+00 2.142318489193384679e+01
5.270000000000207407e+00 2.106249179722592046e+01
5.290000000000206981e+00 2.115814603603980970e+01
5.310000000000206555e+00 2.101798160340884536e+01
5.330000000000206128e+00 2.088299150284967709e+01
5.350000000000205702e+00 2.074340440666075835e+01
5.370000000000205276e+00 2.050225423169684902e+01
5.390000000000204849e+00 2.059814764655916619e+01
5.410000000000204423e+00 2.041516997346267104e+01
5.430000000000203997e+00 2.017509921277459384e+01
5.450000000000203570e+00 2.021996326166530977e+01
5.470000000000203144e+00 1.990864615531252113e+01
5.490000000000202718e+00 1.993788369907123936e+01
5.510000000000202292e+00 2.008385213885884468e+01
5.530000000000201865e+00 1.979831254286704123e+01
5.550000000000201439e+00 1.966861253233406615e+01
5.570000000000201013e+00 1.964492993702532786e+01
5.590000000000200586e+00 1.945173920080274144e+01
5.610000000000200160e+00 1.937319942421957819e+01
5.630000000000199734e+00 1.937474755205087007e+01
5.650000000000199307e+00 1.916787709585603139e+01
5.670000000000198881e+00 1.921160878203233935e+01
5.690000000000198455e+00 1.911149398893341456e+01
5.710000000000198028e+00 1.900487325199688016e+01
5.730000000000197602e+00 1.887615195012389790e+01
5.750000000000197176e+00 1.842971963404064084e+01
5.770000000000196749e+00 1.893969822272053349e+01
5.790000000000196323e+00 1.864830752572039785e+01
5.810000000000195897e+00 1.837023894095091592e+01
5.830000000000195470e+00 1.858090806123506056e+01
5.850000000000195044e+00 1.832986261001739337e+01
5.870000000000194618e+00 1.830069726678067354e+01
5.890000000000194191e+00 1.832807269846385978e+01
5.910000000000193765e+00 1.804326072013315141e+01
5.930000000000193339e+00 1.791856346483009332e+01
5.950000000000192912e+00 1.816000643892560618e+01
5.970000000000192486e+00 1.778575967334244723e+01
5.990000000000192060e+00 1.798030495011403573e+01
6.010000000000191633e+00 1.786118851282418518e+01
6.030000000000191207e+00 1.760148510198644800e+01
6.050000000000190781e+00 1.779234948121101212e+01
6.070000000000190354e+00 1.763512479090203300e+01
6.090000000000189928e+00 1.744719492370021996e+01
6.110000000000189502e+00 1.748363009845573401e+01
6.130000000000189075e+00 1.741424849710278622e+01
6.150000000000188649e+00 1.736843798961147201e+01
6.170000000000188223e+00 1.741711183459619861e+01
6.190000000000187796e+00 1.705566265313554553e+01
6.210000000000187370e+00 1.714073863779999485e+01
6.230000000000186944e+00 1.708709483806283558e+01
6.250000000000186517e+00 1.706970443478012101e+01
6.270000000000186091e+00 1.707512934646481995e+01
6.290000000000185665e+00 1.682751541293501063e+01
6.310000000000185238e+00 1.690489805180374816e+01
6.330000000000184812e+00 1.670593527477442208e+01
6.350000000000184386e+00 1.678387976495957901e+01
6.370000000000183960e+00 1.663199227662665081e+01
6.390000000000183533e+00 1.679117463693195589e+01
6.410000000000183107e+00 1.678202252146711970e+01
6.430000000000182681e+00 1.653674211121265714e+01
6.450000000000182254e+00 1.656117867180253711e+01
6.470000000000181828e+00 1.651239944917996993e+01
6.490000000000181402e+00 1.647006641274647265e+01
6.510000000000180975e+00 1.632985539656621299e+01
6.530000000000180549e+00 1.637117588669507029e+01
6.550000000000180123e+00 1.638009433572030815e+01
6.570000000000179696e+00 1.614356662127283215e+01
6.590000000000179270e+00 1.638702731040553573e+01
6.610000000000178844e+00 1.612958354223937718e+01
6.630000000000178417e+00 1.601139288899333479e+01
6.650000000000177991e+00 1.619110762342994292e+01
6.670000000000177565e+00 1.604737763217774216e+01
6.690000000000177138e+00 1.599114105078874992e+01
6.710000000000176712e+00 1.607396044020429926e+01
6.730000000000176286e+00 1.596929514864232402e+01
6.750000000000175859e+00 1.581654244353140371e+01
6.770000000000175433e+00 1.590563904716399968e+01
6.790000000000175007e+00 1.585813416132030262e+01
6.810000000000174580e+00 1.587707676970943282e+01
6.830000000000174154e+00 1.570482309720539504e+01
6.850000000000173728e+00 1.571800056463495388e+01
6.870000000000173301e+00 1.568035459566267420e+01
6.890000000000172875e+00 1.565620583012775846e+01
6.910000000000172449e+00 1.559454014567172031e+01
6.930000000000172022e+00 1.555028150521286534e+01
6.950000000000171596e+00 1.551551409230529543e+01
6.970000000000171170e+00 1.550807071929129144e+01
6.990000000000170743e+00 1.524377293270010725e+01
7.010000000000170317e+00 1.543890610592455026e+01
7.030000000000169891e+00 1.538704940906250407e+01
7.050000000000169464e+00 1.533970988250473511e+01
7.070000000000169038e+00 1.528437507647164395e+01
7.090000000000168612e+00 1.515479976323405253e+01
7.110000000000168185e+00 1.522913370335584027e+01
7.130000000000167759e+00 1.534941348972267328e+01
7.150000000000167333e+00 1.509570806199354465e+01
7.170000000000166906e+00 1.501070942338655101e+01
7.190000000000166480e+00 1.509246209149677931e+01
7.210000000000166054e+00 1.503079313024955077e+01
7.230000000000165628e+00 1.506782710830334437e+01
7.250000000000165201e+00 1.505192095016029263e+01
7.270000000000164775e+00 1.487392168268233839e+01
7.290000000000164349e+00 1.488244055004658506e+01
7.310000000000163922e+00 1.491610266958618780e+01
7.330000000000163496e+00 1.489050236455836718e+01
7.350000000000163070e+00 1.484008635711699498e+01
7.370000000000162643e+00 1.482394741325359711e+01
7.390000000000162217e+00 1.484988057077262447e+01
7.410000000000161791e+00 1.468356599216459202e+01
7.430000000000161364e+00 1.460731778273162540e+01
7.450000000000160938e+00 1.464972680304829566e+01
7.470000000000160512e+00 1.460557213246514507e+01
7.490000000000160085e+00 1.469235291730127813e+01
7.510000000000159659e+00 1.472472705295296613e+01
7.530000000000159233e+00 1.460314074252185179e+01
7.550000000000158806e+00 1.450380363637962233e+01
7.570000000000158380e+00 1.439662765922469667e+01
7.590000000000157954e+00 1.436894696589779663e+01
7.610000000000157527e+00 1.445981963774862145e+01
7.630000000000157101e+00 1.435497917501010079e+01
7.650000000000156675e+00 1.432143629453480571e+01
7.670000000000156248e+00 1.438057313767723500e+01
7.690000000000155822e+00 1.423132566859286108e+01
7.710000000000155396e+00 1.429194835637324523e+01
7.730000000000154969e+00 1.416988131608260559e+01
7.750000000000154543e+00 1.419095073451954114e+01
7.770000000000154117e+00 1.412930423027177085e+01
7.790000000000153690e+00 1.416030680517854279e+01
7.810000000000153264e+00 1.419931710030397731e+01
7.830000000000152838e+00 1.407170068587205591e+01
7.850000000000152411e+00 1.403208716035780768e+01
7.870000000000151985e+00 1.401230675725258124e+01
7.890000000000151559e+00 1.396329289132859763e+01
7.910000000000151132e+00 1.392526190325503066e+01
7.930000000000150706e+00 1.388436513194592514e+01
7.950000000000150280e+00 1.391446422153641649e+01
7.970000000000149853e+00 1.383836725884014207e+01
7.990000000000149427e+00 1.374809720798863921e+01
8.010000000000149001e+00 1.373553377676343601e+01
8.030000000000148574e+00 1.371565728457346189e+01
8.050000000000148148e+00 1.380494672998421812e+01
8.070000000000147722e+00 1.369208882589764542e+01
8.090000000000147296e+00 1.365908596436280042e+01
8.110000000000146869e+00 1.369880149596841257e+01
8.130000000000146443e+00 1.353399805612699325e+01
8.150000000000146017e+00 1.357606444823096226e+01
8.170000000000145590e+00 1.355775648515881571e+01
8.190000000000145164e+00 1.348218940215127404e+01
8.210000000000144738e+00 1.330589052254670968e+01
8.230000000000144311e+00 1.341614126259387341e+01
8.250000000000143885e+00 1.335681014327341920e+01
8.270000000000143459e+00 1.336786473808079379e+01
8.290000000000143032e+00 1.328623587104487846e+01
8.310000000000142606e+00 1.328446374597388591e+01
8.330000000000142180e+00 1.333668745709644909e+01
8.350000000000141753e+00 1.317136431523335105e+01
8.370000000000141327e+00 1.324168390306482479e+01
8.390000000000140901e+00 1.308410952884997869e+01
8.410000000000140474e+00 1.306969028657396947e+01
8.430000000000140048e+00 1.307347812607418192e+01
8.450000000000139622e+00 1.304597667823417417e+01
8.470000000000139195e+00 1.293255456722741847e+01
8.490000000000138769e+00 1.295607722784003002e+01
8.510000000000138343e+00 1.284210149039310878e+01
8.530000000000137916e+00 1.270534619932556630e+01
8.550000000000137490e+00 1.291626076087052866e+01
8.570000000000137064e+00 1.277153908698582363e+01
8.590000000000136637e+00 1.281302855304330279e+01
8.610000000000136211e+00 1.259984013920959356e+01
8.630000000000135785e+00 1.254099135464941028e+01
8.650000000000135358e+00 1.259418828849238281e+01
8.670000000000134932e+00 1.269511848411874233e+01
8.690000000000134506e+00 1.249901691915110291e+01
8.710000000000134079e+00 1.243470598511910552e+01
8.730000000000133653e+00 1.236485236953412148e+01
8.750000000000133227e+00 1.241010059790643538e+01
8.770000000000132800e+00 1.232503280927949341e+01
8.790000000000132374e+00 1.224395056162677520e+01
8.810000000000131948e+00 1.225610657737146525e+01
8.830000000000131521e+00 1.223050326444398728e+01
8.850000000000131095e+00 1.221453722692940147e+01
8.870000000000130669e+00 1.205672357271743778e+01
8.890000000000130242e+00 1.207976123896083820e+01
8.910000000000129816e+00 1.196527085712589056e+01
8.930000000000129390e+00 1.188710608445884809e+01
8.950000000000128964e+00 1.194427796565311262e+01
8.970000000000128537e+00 1.191876331359362595e+01
8.990000000000128111e+00 1.174102961797592215e+01
9.010000000000127685e+00 1.176937063964686025e+01
9.030000000000127258e+00 1.167717457065541353e+01
9.050000000000126832e+00 1.164272680513886904e+01
9.070000000000126406e+00 1.163073040772163225e+01
9.090000000000125979e+00 1.138968667903160714e+01
9.110000000000125553e+00 1.155608794109972415e+01
9.130000000000125127e+00 1.141864382790349630e+01
9.150000000000124700e+00 1.135134688590698815e+01
9.170000000000124274e+00 1.119312808358405498e+01
9.190000000000123848e+00 1.129948711388482252e+01
9.210000000000123421e+00 1.121026486766768038e+01
9.230000000000122995e+00 1.110351004061262614e+01
9.250000000000122569e+00 1.106956385996893033e+01
9.270000000000122142e+00 1.104054539871932761e+01
9.290000000000121716e+00 1.096072738768327959e+01
9.310000000000121290e+00 1.085974157816412600e+01
9.330000000000120863e+00 1.081955735981462219e+01
9.350000000000120437e+00 1.086557932549722061e+01
9.370000000000120011e+00 1.065591044308910362e+01
9.390000000000119584e+00 1.068644295055247717e+01
9.410000000000119158e+00 1.069604117332610649e+01
9.430000000000118732e+00 1.051071981928183874e+01
9.450000000000118305e+00 1.058415124023440335e+01
9.470000000000117879e+00 1.042145470972975829e+01
9.490000000000117453e+00 1.040498046402347398e+01
9.510000000000117026e+00 1.034919076943984528e+01
9.530000000000116600e+00 1.025386490759314029e+01
9.550000000000116174e+00 1.022359768056889351e+01
9.570000000000115747e+00 1.014540051243774421e+01
9.590000000000115321e+00 1.013031534824290780e+01
9.610000000000114895e+00 1.001962507438031835e+01
9.630000000000114468e+00 9.931884292676759429e+00
9.650000000000114042e+00 1.000893998789066330e+01
9.670000000000113616e+00 9.786609916113620855e+00
9.690000000000113189e+00 9.825154865071942467e+00
9.710000000000112763e+00 9.700611544422066856e+00
9.730000000000112337e+00 9.681024563506428038e+00
9.750000000000111910e+00 9.604958094434200788e+00
9.770000000000111484e+00 9.436147775161174422e+00
9.790000000000111058e+00 9.443888269976687511e+00
9.810000000000110632e+00 9.427828873980258706e+00
9.830000000000110205e+00 9.385806641408837692e+00
9.850000000000109779e+00 9.337515077539563890e+00
9.870000000000109353e+00 9.186029614079959771e+00
9.890000000000108926e+00 9.105722015618551879e+00
9.910000000000108500e+00 9.160326518658230555e+00
9.930000000000108074e+00 9.094655905635804061e+00
9.950000000000107647e+00 8.935157142292624144e+00
9.970000000000107221e+00 8.953856454979115753e+00
9.990000000000106795e+00 8.945456172520584559e+00
1.001000000000010637e+01 8.814188847331248411e+00
1.003000000000010594e+01 8.684983654167066192e+00
1.005000000000010552e+01 8.624962084706309540e+00
1.007000000000010509e+01 8.687551030883586378e+00
1.009000000000010466e+01 8.551472832387142731e+00
1.011000000000010424e+01 8.461146271448168221e+00
1.013000000000010381e+01 8.436406838324902679e+00
1.015000000000010338e+01 8.448258836585766929e+00
1.017000000000010296e+01 8.347495532367069870e+00
1.019000000000010253e+01 8.202877090467692867e+00
1.021000000000010210e+01 8.133638190434718140e+00
1.023000000000010168e+01 8.196885446217832438e+00
1.025000000000010125e+01 8.027075026754989295e+00
1.027000000000010083e+01 8.015149213913346671e+00
1.029000000000010040e+01 7.932710819014145542e+00
1.031000000000009997e+01 7.916730510641328600e+00
1.033000000000009955e+01 7.811877419723952443e+00
1.035000000000009912e+01 7.794618622249764428e+00
1.037000000000009869e+01 7.737175969960357058e+00
1.039000000000009827e+01 7.648924917140112356e+00
1.041000000000009784e+01 7.608800897783715378e+00
1.043000000000009742e+01 7.588645371232030534e+00
1.045000000000009699e+01 7.531036422434017830e+00
1.047000000000009656e+01 7.393006822289806657e+00
1.049000000000009614e+01 7.441092630629261073e+00
1.051000000000009571e+01 7.275301507605973939e+00
1.053000000000009528e+01 7.262948473852857134e+00
1.055000000000009486e+01 7.213466843597259093e+00
1.057000000000009443e+01 7.137438744461426232e+00
1.059000000000009400e+01 7.120485494465845555e+00
1.061000000000009358e+01 7.023881511968792069e+00
1.063000000000009315e+01 6.992138304168380003e+00
1.065000000000009273e+01 6.993430068666302013e+00
1.067000000000009230e+01 6.879813529081521217e+00
1.069000000000009187e+01 6.733947054058401882e+00
1.071000000000009145e+01 6.718590076782625431e+00
1.073000000000009102e+01 6.690890081630510799e+00
1.075000000000009059e+01 6.658113403448098211e+00
1.077000000000009017e+01 6.588973787546549055e+00
1.079000000000008974e+01 6.565119305464906851e+00
1.081000000000008932e+01 6.469852029988990338e+00
1.083000000000008889e+01 6.386116744439790160e+00
1.085000000000008846e+01 6.326074746371128654e+00
1.087000000000008804e+01 6.395159173826557186e+00
1.089000000000008761e+01 6.308627800366967797e+00
1.091000000000008718e+01 6.271816598779032859e+00
1.093000000000008676e+01 6.172842232613238167e+00
1.095000000000008633e+01 6.136047515972809840e+00
1.097000000000008590e+01 6.056796850126562326e+00
1.099000000000008548e+01 6.083141943282262432e+00
1.101000000000008505e+01 5.966087552203462430e+00
1.103000000000008463e+01 5.930153513397470100e+00
1.105000000000008420e+01 5.913145721698866097e+00
1.107000000000008377e+01 5.927957300299216747e+00
1.109000000000008335e+01 5.758228898366975379e+00
1.111000000000008292e+01 5.710335758492804281e+00
1.113000000000008249e+01 5.720977820399563818e+00
1.115000000000008207e+01 5.709734624913752832e+00
1.117000000000008164e+01 5.613431433287028760e+00
1.119000000000008122e+01 5.556630769521403224e+00
1.121000000000008079e+01 5.549172697570953439e+00
1.123000000000008036e+01 5.493125280441223168e+00
1.125000000000007994e+01 5.426260094826932168e+00
1.127000000000007951e+01 5.372562202133472908e+00
1.129000000000007908e+01 5.403342598130432606e+00
1.131000000000007866e+01 5.338866656709279290e+00
1.133000000000007823e+01 5.255831195911188303e+00
1.135000000000007780e+01 5.278035564038732197e+00
1.137000000000007738e+01 5.194680509241295319e+00
1.139000000000007695e+01 5.224219216592734583e+00
1.141000000000007653e+01 5.109179106542119264e+00
1.143000000000007610e+01 5.108603351972423212e+00
1.145000000000007567e+01 5.046434437160274733e+00
1.147000000000007525e+01 5.013383992046395399e+00
1.149000000000007482e+01 4.956926713261443851e+00
1.151000000000007439e+01 4.938813341657768419e+00
1.153000000000007397e+01 4.925594463624634933e+00
1.155000000000007354e+01 4.851291030734067533e+00
1.157000000000007311e+01 4.786936789893507793e+00
1.159000000000007269e+01 4.778522549096406280e+00
1.161000000000007226e+01 4.715586907513634074e+00
1.163000000000007184e+01 4.651035248233831076e+00
1.165000000000007141e+01 4.711936863041985113e+00
1.167000000000007098e+01 4.615454931258167193e+00
1.169000000000007056e+01 4.607546434690800830e+00
1.171000000000007013e+01 4.542651158598602912e+00
1.173000000000006970e+01 4.553309912121232372e+00
1.175000000000006928e+01 4.502408481734303081e+00
1.177000000000006885e+01 4.474175764830332191e+00
1.179000000000006843e+01 4.510613800565944409e+00
1.181000000000006800e+01 4.381860233617681288e+00
1.183000000000006757e+01 4.410001097097667078e+00
1.185000000000006715e+01 4.361682494998658122e+00
1.187000000000006672e+01 4.300056823513988213e+00
1.189000000000006629e+01 4.244423531110547820e+00
1.191000000000006587e+01 4.303796242773837655e+00
1.193000000000006544e+01 4.249549754378440625e+00
1.195000000000006501e+01 4.143251510420559391e+00
1.197000000000006459e+01 4.106920332129176288e+00
1.199000000000006416e+01 4.105885655915298749e+00
1.201000000000006374e+01 4.100360812479551420e+00
1.203000000000006331e+01 4.032703185996830086e+00
1.205000000000006288e+01 4.034443407629633604e+00
1.207000000000006246e+01 3.955964918380848516e+00
1.209000000000006203e+01 3.941984557600262562e+00
1.211000000000006160e+01 3.950279195382560005e+00
1.213000000000006118e+01 3.904086978721770684e+00
1.215000000000006075e+01 3.890572188174715507e+00
1.217000000000006033e+01 3.881008568940485848e+00
1.219000000000005990e+01 3.857908545319493232e+00
1.221000000000005947e+01 3.820300754178214575e+00
1.223000000000005905e+01 3.766166473925133484e+00
1.225000000000005862e+01 3.753211565638424396e+00
1.227000000000005819e+01 3.651327302614961301e+00
1.229000000000005777e+01 3.692376330691721886e+00
1.231000000000005734e+01 3.676912838939692563e+00
1.233000000000005691e+01 3.630148797331891330e+00
1.235000000000005649e+01 3.604213799731451395e+00
1.237000000000005606e+01 3.557786410416371226e+00
1.239000000000005564e+01 3.509363610544536716e+00
1.241000000000005521e+01 3.518749534076273555e+00
1.243000000000005478e+01 3.483827071590047009e+00
1.245000000000005436e+01 3.450707834264444163e+00
1.247000000000005393e+01 3.418479734411445037e+00
1.249000000000005350e+01 3.400709008619516194e+00
1.251000000000005308e+01 3.334215091454350244e+00
1.253000000000005265e+01 3.375885201519088774e+00
1.255000000000005222e+01 3.321028477591249750e+00
1.257000000000005180e+01 3.278898997050923914e+00
1.259000000000005137e+01 3.283288122778242890e+00
1.261000000000005095e+01 3.230511267935928466e+00
1.263000000000005052e+01 3.223264898639460529e+00
1.265000000000005009e+01 3.176863471663818217e+00
1.267000000000004967e+01 3.159105194644326264e+00
1.269000000000004924e+01 3.180000478495078386e+00
1.271000000000004881e+01 3.125730186037991576e+00
1.273000000000004839e+01 3.022639417017173535e+00
1.275000000000004796e+01 3.056806042909478549e+00
1.277000000000004754e+01 3.016883979125495774e+00
1.279000000000004711e+01 2.997422460981751691e+00
1.281000000000004668e+01 2.994557924079719324e+00
1.283000000000004626e+01 2.971055637752021639e+00
1.285000000000004583e+01 2.895177879665483900e+00
1.287000000000004540e+01 2.860548641887686649e+00
1.289000000000004498e+01 2.854978153672302010e+00
1.291000000000004455e+01 2.872561686144084803e+00
1.293000000000004412e+01 2.797217475561901256e+00
1.295000000000004370e+01 2.803942256090843355e+00
1.297000000000004327e+01 2.777976211264558071e+00
1.299000000000004285e+01 2.773224855002493605e+00
1.301000000000004242e+01 2.693646227714121544e+00
1.303000000000004199e+01 2.646611232096435451e+00
1.305000000000004157e+01 2.675608254057419533e+00
1.307000000000004114e+01 2.652689908086338644e+00
1.309000000000004071e+01 2.568990212018334773e+00
1.311000000000004029e+01 2.552180831485717949e+00
1.313000000000003986e+01 2.550155996468782327e+00
1.315000000000003944e+01 2.532544256291683560e+00
1.317000000000003901e+01 2.460379691844335692e+00
1.319000000000003858e+01 2.428873157176936193e+00
1.321000000000003816e+01 2.409254395696889262e+00
1.323000000000003773e+01 2.349445404970012419e+00
1.325000000000003730e+01 2.364185784125123924e+00
1.327000000000003688e+01 2.301474649024978447e+00
1.329000000000003645e+01 2.295370656054267489e+00
1.331000000000003602e+01 2.248452610702079468e+00
1.333000000000003560e+01 2.211287032038484757e+00
1.335000000000003517e+01 2.229689161808909859e+00
1.337000000000003475e+01 2.166218423883333966e+00
1.339000000000003432e+01 2.181268462776963624e+00
1.341000000000003389e+01 2.097492472919836093e+00
1.343000000000003347e+01 2.071498594283901706e+00
1.345000000000003304e+01 2.020684492709641233e+00
1.347000000000003261e+01 2.018270627854160004e+00
1.349000000000003219e+01 1.946229716594426895e+00
1.351000000000003176e+01 1.919702012329135510e+00
1.353000000000003133e+01 1.873117091950989410e+00
1.355000000000003091e+01 1.863517693607730452e+00
1.357000000000003048e+01 1.822447538459546656e+00
1.359000000000003006e+01 1.740271456937875216e+00
1.361000000000002963e+01 1.715095037577110793e+00
1.363000000000002920e+01 1.704882953568518600e+00
1.365000000000002878e+01 1.626779801533089209e+00
1.367000000000002835e+01 1.601865634094922219e+00
1.369000000000002792e+01 1.559652612059102994e+00
1.371000000000002750e+01 1.538980936891168882e+00
1.373000000000002707e+01 1.488157301319108949e+00
1.375000000000002665e+01 1.490538883269402648e+00
1.377000000000002622e+01 1.418963824242051697e+00
1.379000000000002579e+01 1.417920120062208467e+00
1.381000000000002537e+01 1.349530702961400097e+00
1.383000000000002494e+01 1.349386231552100801e+00
1.385000000000002451e+01 1.308393682140093217e+00
1.387000000000002409e+01 1.268839400475014756e+00
1.389000000000002366e+01 1.254564799365269323e+00
1.391000000000002323e+01 1.182985696975040968e+00
1.393000000000002281e+01 1.176769113881722895e+00
1.395000000000002238e+01 1.118100516071363959e+00
1.397000000000002196e+01 1.063545291014698080e+00
1.399000000000002153e+01 1.031625685382459467e+00
1.401000000000002110e+01 9.576333072714831030e-01
1.403000000000002068e+01 9.476114261025228025e-01
1.405000000000002025e+01 9.220377541655007114e-01
1.407000000000001982e+01 8.690971599098780143e-01
1.409000000000001940e+01 8.604980482132924546e-01
1.411000000000001897e+01 8.375032391908433516e-01
1.413000000000001855e+01 8.027445725001419730e-01
1.415000000000001812e+01 7.649808867055174488e-01
1.417000000000001769e+01 7.078923086686567112e-01
1.419000000000001727e+01 6.869218215168595432e-01
1.421000000000001684e+01 6.694341278508971760e-01
1.423000000000001641e+01 6.263175032938448350e-01
1.425000000000001599e+01 6.097252083172017834e-01
1.427000000000001556e+01 5.647232839079312505e-01
1.429000000000001513e+01 5.441608112340784453e-01
1.431000000000001471e+01 5.201304776586829215e-01
1.433000000000001428e+01 4.809971053739855451e-01
1.435000000000001386e+01 4.685393315449034590e-01
1.437000000000001343e+01 4.295755630459125451e-01
1.439000000000001300e+01 4.103358213516671293e-01
1.441000000000001258e+01 3.735828308492220584e-01
1.443000000000001215e+01 3.612785046795299326e-01
1.445000000000001172e+01 3.094630586999507216e-01
1.447000000000001130e+01 3.055573120185581804e-01
1.449000000000001087e+01 2.696817798143827938e-01
1.451000000000001044e+01 2.521527624340471063e-01
1.453000000000001002e+01 2.345208847890950521e-01
1.455000000000000959e+01 2.305818055509765152e-01
1.457000000000000917e+01 2.070351928265916353e-01
1.459000000000000874e+01 1.460368165810857766e-01
1.461000000000000831e+01 7.162743545241027909e-02
1.463000000000000789e+01 2.203780973414156200e-02
1.465000000000000746e+01 8.341431349345221000e-03
1.467000000000000703e+01 5.445982507838604755e-03
1.469000000000000661e+01 2.722566323911407727e-03
1.471000000000000618e+01 1.839993700958690394e-07
1.473000000000000576e+01 1.243401422284010050e-18
1.475000000000000533e+01 0.000000000000000000e+00
1.477000000000000490e+01 0.000000000000000000e+00
1.479000000000000448e+01 0.000000000000000000e+00
1.481000000000000405e+01 0.000000000000000000e+00
1.483000000000000362e+01 0.000000000000000000e+00
1.485000000000000320e+01 0.000000000000000000e+00
1.487000000000000277e+01 0.000000000000000000e+00
1.489000000000000234e+01 0.000000000000000000e+00
1.491000000000000192e+01 0.000000000000000000e+00
1.493000000000000149e+01 0.000000000000000000e+00
1.495000000000000107e+01 0.000000000000000000e+00
1.497000000000000064e+01 0.000000000000000000e+00
1.499000000000000021e+01 0.000000000000000000e+00
