# Redshift		Merger Rate Density [Gpc^-3yr^-1]
1.000000000031931770e-02 4.368208946506894819e+01
3.000000000031888964e-02 4.457901506724075347e+01
5.000000000031846331e-02 4.576336479462904094e+01
7.000000000031804392e-02 4.609449630753797322e+01
9.000000000031761760e-02 4.708346740453858104e+01
1.100000000003171913e-01 4.779020449657698322e+01
1.300000000003167511e-01 4.868039879969531825e+01
1.500000000003163247e-01 4.920767963712683724e+01
1.700000000003158984e-01 4.995146764292342567e+01
1.900000000003154721e-01 5.122782118789965722e+01
2.100000000003150458e-01 5.156003971916437933e+01
2.300000000003146194e-01 5.246553794528077930e+01
2.500000000003141931e-01 5.353653953165713375e+01
2.700000000003137668e-01 5.409514268876540655e+01
2.900000000003133405e-01 5.459159401208602702e+01
3.100000000003129141e-01 5.568614687718931577e+01
3.300000000003124878e-01 5.634106727079474553e+01
3.500000000003120615e-01 5.742497583030890240e+01
3.700000000003116352e-01 5.800485813616377584e+01
3.900000000003112088e-01 5.897767631356473572e+01
4.100000000003107825e-01 5.978230762029330236e+01
4.300000000003103562e-01 6.118171079688079317e+01
4.500000000003099299e-01 6.154435114864482159e+01
4.700000000003095035e-01 6.321410443689997294e+01
4.900000000003090772e-01 6.366179585912066585e+01
5.100000000003086509e-01 6.486486446067168288e+01
5.300000000003082246e-01 6.573965671806733724e+01
5.500000000003077982e-01 6.645694587952587540e+01
5.700000000003073719e-01 6.760404638903047214e+01
5.900000000003069456e-01 6.835851681338462527e+01
6.100000000003065193e-01 7.002029489960993658e+01
6.300000000003060929e-01 7.034306649078753537e+01
6.500000000003056666e-01 7.237502247539333666e+01
6.700000000003052403e-01 7.283700107384873945e+01
6.900000000003048140e-01 7.431807123745690546e+01
7.100000000003043876e-01 7.546061350608080431e+01
7.300000000003039613e-01 7.565454488221357110e+01
7.500000000003035350e-01 7.756025837627922215e+01
7.700000000003031086e-01 7.887465201331161779e+01
7.900000000003026823e-01 7.921251710268246882e+01
8.100000000003022560e-01 8.098965115919516222e+01
8.300000000003018297e-01 8.129473032452065695e+01
8.500000000003014033e-01 8.310604018081627942e+01
8.700000000003009770e-01 8.439089273414116121e+01
8.900000000003005507e-01 8.374407903058562397e+01
9.100000000003001244e-01 8.605515488118822987e+01
9.300000000002996980e-01 8.632241657960487657e+01
9.500000000002992717e-01 8.804512411205952560e+01
9.700000000002988454e-01 8.842790735504645738e+01
9.900000000002984191e-01 8.949958091574593766e+01
1.010000000000297993e+00 9.115470526422248554e+01
1.030000000000297566e+00 9.094576007606112000e+01
1.050000000000297140e+00 9.224522182422421679e+01
1.070000000000296714e+00 9.265907901970221872e+01
1.090000000000296287e+00 9.441538585655791849e+01
1.110000000000295861e+00 9.484853777704522315e+01
1.130000000000295435e+00 9.628766777871791760e+01
1.150000000000295008e+00 9.640362967495336477e+01
1.170000000000294582e+00 9.725832346602024359e+01
1.190000000000294156e+00 9.817836798817607757e+01
1.210000000000293729e+00 9.933786362260003955e+01
1.230000000000293303e+00 9.938899891196577130e+01
1.250000000000292877e+00 1.006019957626458705e+02
1.270000000000292451e+00 1.021216976636126077e+02
1.290000000000292024e+00 1.012744532436701235e+02
1.310000000000291598e+00 1.031501690119809496e+02
1.330000000000291172e+00 1.038257171058240544e+02
1.350000000000290745e+00 1.042611460850035598e+02
1.370000000000290319e+00 1.047983056181761725e+02
1.390000000000289893e+00 1.058005650030087992e+02
1.410000000000289466e+00 1.055353045490056019e+02
1.430000000000289040e+00 1.064479131305914592e+02
1.450000000000288614e+00 1.079793813770094175e+02
1.470000000000288187e+00 1.076974681551988766e+02
1.490000000000287761e+00 1.086680285761266447e+02
1.510000000000287335e+00 1.096381746276486808e+02
1.530000000000286908e+00 1.092809494519622149e+02
1.550000000000286482e+00 1.101318258730522786e+02
1.570000000000286056e+00 1.108778685413671781e+02
1.590000000000285629e+00 1.114176833269057028e+02
1.610000000000285203e+00 1.110450957402634344e+02
1.630000000000284777e+00 1.113751225206627140e+02
1.650000000000284350e+00 1.130114423512873856e+02
1.670000000000283924e+00 1.124536591404480532e+02
1.690000000000283498e+00 1.130927648962855017e+02
1.710000000000283071e+00 1.132433467849726867e+02
1.730000000000282645e+00 1.141387980684317967e+02
1.750000000000282219e+00 1.136340091021440912e+02
1.770000000000281792e+00 1.148020069891538526e+02
1.790000000000281366e+00 1.143394240367723285e+02
1.810000000000280940e+00 1.149203962784823432e+02
1.830000000000280513e+00 1.149904904707857867e+02
1.850000000000280087e+00 1.162559762584891558e+02
1.870000000000279661e+00 1.151367407137013288e+02
1.890000000000279234e+00 1.159178760258957368e+02
1.910000000000278808e+00 1.149572015805127165e+02
1.930000000000278382e+00 1.158699500399440296e+02
1.950000000000277955e+00 1.162574752837388132e+02
1.970000000000277529e+00 1.157261168239727880e+02
1.990000000000277103e+00 1.154215885667452994e+02
2.010000000000276899e+00 1.161031625997932082e+02
2.030000000000276472e+00 1.159372791025928109e+02
2.050000000000276046e+00 1.156235723748706476e+02
2.070000000000275620e+00 1.151306894594276713e+02
2.090000000000275193e+00 1.154734648720183543e+02
2.110000000000274767e+00 1.143687050300778623e+02
2.130000000000274341e+00 1.156811722484023619e+02
2.150000000000273914e+00 1.151828064285672610e+02
2.170000000000273488e+00 1.138051783103522325e+02
2.190000000000273062e+00 1.148762904318985107e+02
2.210000000000272635e+00 1.143370393593212242e+02
2.230000000000272209e+00 1.135910576254881192e+02
2.250000000000271783e+00 1.129864943297695135e+02
2.270000000000271356e+00 1.124774800629189428e+02
2.290000000000270930e+00 1.121495377273387248e+02
2.310000000000270504e+00 1.133922689337806844e+02
2.330000000000270077e+00 1.115047409894951755e+02
2.350000000000269651e+00 1.113938652502255451e+02
2.370000000000269225e+00 1.104807145950420733e+02
2.390000000000268798e+00 1.109306662203145066e+02
2.410000000000268372e+00 1.108520600344906342e+02
2.430000000000267946e+00 1.100331277230873752e+02
2.450000000000267519e+00 1.104119297483481716e+02
2.470000000000267093e+00 1.090690416948739880e+02
2.490000000000266667e+00 1.085044327226826084e+02
2.510000000000266240e+00 1.084165171313164961e+02
2.530000000000265814e+00 1.080195232030875019e+02
2.550000000000265388e+00 1.072854821580840081e+02
2.570000000000264961e+00 1.053712217000837938e+02
2.590000000000264535e+00 1.040716586154621552e+02
2.610000000000264109e+00 1.045661738761008337e+02
2.630000000000263682e+00 1.040283275151277707e+02
2.650000000000263256e+00 1.026052242034409687e+02
2.670000000000262830e+00 1.016144101211979063e+02
2.690000000000262403e+00 1.014366861559014836e+02
2.710000000000261977e+00 1.006625069659167622e+02
2.730000000000261551e+00 9.990521120041074710e+01
2.750000000000261124e+00 9.954950070524536443e+01
2.770000000000260698e+00 9.881896244248520134e+01
2.790000000000260272e+00 9.852278656755767372e+01
2.810000000000259845e+00 9.719683497875401201e+01
2.830000000000259419e+00 9.575907736251298275e+01
2.850000000000258993e+00 9.615944987470385286e+01
2.870000000000258567e+00 9.490074399123538740e+01
2.890000000000258140e+00 9.403281131538331294e+01
2.910000000000257714e+00 9.395487616150170140e+01
2.930000000000257288e+00 9.335769335831625426e+01
2.950000000000256861e+00 9.201961044736279405e+01
2.970000000000256435e+00 9.159801237983326416e+01
2.990000000000256009e+00 8.987957153587382209e+01
3.010000000000255582e+00 9.033315946406598584e+01
3.030000000000255156e+00 8.850516392467309856e+01
3.050000000000254730e+00 8.843336338634753702e+01
3.070000000000254303e+00 8.753766224394063045e+01
3.090000000000253877e+00 8.721006419353844308e+01
3.110000000000253451e+00 8.606601832128035312e+01
3.130000000000253024e+00 8.512959097811985032e+01
3.150000000000252598e+00 8.463168537856189744e+01
3.170000000000252172e+00 8.436287530822531266e+01
3.190000000000251745e+00 8.291228833140952759e+01
3.210000000000251319e+00 8.206076392865625735e+01
3.230000000000250893e+00 8.182857550972610738e+01
3.250000000000250466e+00 8.086906022933567328e+01
3.270000000000250040e+00 8.055857307136162149e+01
3.290000000000249614e+00 7.978765370469270124e+01
3.310000000000249187e+00 7.904051558120450238e+01
3.330000000000248761e+00 7.838598786278309660e+01
3.350000000000248335e+00 7.763116815715038399e+01
3.370000000000247908e+00 7.632705636344512357e+01
3.390000000000247482e+00 7.594881319898698280e+01
3.410000000000247056e+00 7.531742719315536760e+01
3.430000000000246629e+00 7.442061956067652773e+01
3.450000000000246203e+00 7.398522024536880792e+01
3.470000000000245777e+00 7.296821739948703112e+01
3.490000000000245350e+00 7.315866700302352399e+01
3.510000000000244924e+00 7.196378726547244753e+01
3.530000000000244498e+00 7.081399175123978296e+01
3.550000000000244071e+00 7.031563669328083677e+01
3.570000000000243645e+00 6.991245471688087321e+01
3.590000000000243219e+00 6.970237078248057117e+01
3.610000000000242792e+00 6.813395166559858751e+01
3.630000000000242366e+00 6.777804739448409066e+01
3.650000000000241940e+00 6.704374956547914621e+01
3.670000000000241513e+00 6.687756285784234933e+01
3.690000000000241087e+00 6.558246616288766973e+01
3.710000000000240661e+00 6.561747431920140627e+01
3.730000000000240234e+00 6.441629303556094044e+01
3.750000000000239808e+00 6.353739567504798913e+01
3.770000000000239382e+00 6.326790573075505364e+01
3.790000000000238956e+00 6.279983244001428488e+01
3.810000000000238529e+00 6.196476879480164257e+01
3.830000000000238103e+00 6.134311393779307764e+01
3.850000000000237677e+00 6.113920303491007502e+01
3.870000000000237250e+00 6.006935071315894703e+01
3.890000000000236824e+00 5.974219888913004439e+01
3.910000000000236398e+00 5.895194110180437264e+01
3.930000000000235971e+00 5.858824576098900394e+01
3.950000000000235545e+00 5.768253261736588655e+01
3.970000000000235119e+00 5.736346694796812784e+01
3.990000000000234692e+00 5.669736286717057538e+01
4.010000000000234266e+00 5.607973641998840719e+01
4.030000000000233840e+00 5.501018788978836938e+01
4.050000000000233413e+00 5.468545169988151855e+01
4.070000000000232987e+00 5.430221459364086911e+01
4.090000000000232561e+00 5.395115688850354019e+01
4.110000000000232134e+00 5.345291080877159118e+01
4.130000000000231708e+00 5.247100017961088980e+01
4.150000000000231282e+00 5.215239761870824253e+01
4.170000000000230855e+00 5.135751073689478119e+01
4.190000000000230429e+00 5.131384770817037122e+01
4.210000000000230003e+00 5.020394739044669308e+01
4.230000000000229576e+00 5.004570540403958034e+01
4.250000000000229150e+00 4.955431970178543821e+01
4.270000000000228724e+00 4.908967119011094127e+01
4.290000000000228297e+00 4.837852859654110205e+01
4.310000000000227871e+00 4.829644708736321945e+01
4.330000000000227445e+00 4.745833989996495461e+01
4.350000000000227018e+00 4.672021003530079497e+01
4.370000000000226592e+00 4.663982962394517529e+01
4.390000000000226166e+00 4.621503808800986235e+01
4.410000000000225739e+00 4.531253298534628726e+01
4.430000000000225313e+00 4.525561628664661384e+01
4.450000000000224887e+00 4.414232164631435751e+01
4.470000000000224460e+00 4.408917038443733816e+01
4.490000000000224034e+00 4.374974088040561071e+01
4.510000000000223608e+00 4.282677494065178081e+01
4.530000000000223181e+00 4.285352858292083056e+01
4.550000000000222755e+00 4.219395134282996906e+01
4.570000000000222329e+00 4.092826686071525444e+01
4.590000000000221902e+00 4.065264930541598432e+01
4.610000000000221476e+00 4.033275178661721583e+01
4.630000000000221050e+00 4.034611429182663755e+01
4.650000000000220624e+00 3.917109119196476996e+01
4.670000000000220197e+00 3.867328090007503505e+01
4.690000000000219771e+00 3.875301001457703620e+01
4.710000000000219345e+00 3.788920897978663760e+01
4.730000000000218918e+00 3.776531368538135780e+01
4.750000000000218492e+00 3.710995884221897967e+01
4.770000000000218066e+00 3.641634340555597049e+01
4.790000000000217639e+00 3.631568334818634014e+01
4.810000000000217213e+00 3.590441997435883081e+01
4.830000000000216787e+00 3.585565017434979751e+01
4.850000000000216360e+00 3.487744891107421097e+01
4.870000000000215934e+00 3.496506598767066265e+01
4.890000000000215508e+00 3.389297618967566450e+01
4.910000000000215081e+00 3.351593797453141121e+01
4.930000000000214655e+00 3.341211127296921291e+01
4.950000000000214229e+00 3.297563006108618566e+01
4.970000000000213802e+00 3.245879526635936685e+01
4.990000000000213376e+00 3.209064818934572116e+01
5.010000000000212950e+00 3.147146276343671900e+01
5.030000000000212523e+00 3.152812588930659388e+01
5.050000000000212097e+00 3.094961420562888676e+01
5.070000000000211671e+00 3.061188743166147219e+01
5.090000000000211244e+00 3.036479732934127895e+01
5.110000000000210818e+00 2.973876631687961591e+01
5.130000000000210392e+00 2.927838905402666114e+01
5.150000000000209965e+00 2.879624973551202061e+01
5.170000000000209539e+00 2.870781642282022972e+01
5.190000000000209113e+00 2.827029616311106608e+01
5.210000000000208686e+00 2.764911916572603090e+01
5.230000000000208260e+00 2.748275886009830060e+01
5.250000000000207834e+00 2.694934590542003505e+01
5.270000000000207407e+00 2.723205251444283803e+01
5.290000000000206981e+00 2.651953700437702821e+01
5.310000000000206555e+00 2.608037485513457909e+01
5.330000000000206128e+00 2.581375071487038753e+01
5.350000000000205702e+00 2.524464597886347761e+01
5.370000000000205276e+00 2.514126475429644003e+01
5.390000000000204849e+00 2.493059228233229518e+01
5.410000000000204423e+00 2.431041930512624560e+01
5.430000000000203997e+00 2.434406885201223858e+01
5.450000000000203570e+00 2.386788368664233317e+01
5.470000000000203144e+00 2.326158861689708246e+01
5.490000000000202718e+00 2.329559834616664560e+01
5.510000000000202292e+00 2.295204549141254446e+01
5.530000000000201865e+00 2.246645802020371363e+01
5.550000000000201439e+00 2.219158575525409915e+01
5.570000000000201013e+00 2.212277210509161307e+01
5.590000000000200586e+00 2.162521771746416732e+01
5.610000000000200160e+00 2.129964996583288794e+01
5.630000000000199734e+00 2.114413639655843014e+01
5.650000000000199307e+00 2.082390133248626185e+01
5.670000000000198881e+00 2.045872491032622875e+01
5.690000000000198455e+00 2.000764511131666623e+01
5.710000000000198028e+00 2.028806240182430543e+01
5.730000000000197602e+00 1.952558597737105117e+01
5.750000000000197176e+00 1.933149297580811066e+01
5.770000000000196749e+00 1.918402968204439674e+01
5.790000000000196323e+00 1.878517289559437486e+01
5.810000000000195897e+00 1.841665806530101079e+01
5.830000000000195470e+00 1.821756789496782147e+01
5.850000000000195044e+00 1.780875994217601388e+01
5.870000000000194618e+00 1.777531922641602691e+01
5.890000000000194191e+00 1.738370079238726618e+01
5.910000000000193765e+00 1.695707235960922077e+01
5.930000000000193339e+00 1.688213646963069081e+01
5.950000000000192912e+00 1.672652684768358355e+01
5.970000000000192486e+00 1.648937488495604242e+01
5.990000000000192060e+00 1.616288378498922285e+01
6.010000000000191633e+00 1.584699696617168030e+01
6.030000000000191207e+00 1.552454290357010436e+01
6.050000000000190781e+00 1.551094181023537821e+01
6.070000000000190354e+00 1.505949502880920932e+01
6.090000000000189928e+00 1.491281188866432750e+01
6.110000000000189502e+00 1.465046289089144871e+01
6.130000000000189075e+00 1.449140917836504094e+01
6.150000000000188649e+00 1.440262107267978564e+01
6.170000000000188223e+00 1.406192630524098774e+01
6.190000000000187796e+00 1.380608106419782999e+01
6.210000000000187370e+00 1.361027986148855717e+01
6.230000000000186944e+00 1.343698473019684769e+01
6.250000000000186517e+00 1.323132972294494003e+01
6.270000000000186091e+00 1.302737327307157855e+01
6.290000000000185665e+00 1.289137900936249359e+01
6.310000000000185238e+00 1.258725852551896018e+01
6.330000000000184812e+00 1.233330799559864488e+01
6.350000000000184386e+00 1.215240327575290102e+01
6.370000000000183960e+00 1.199442681863806115e+01
6.390000000000183533e+00 1.178866149975292288e+01
6.410000000000183107e+00 1.166462081232954695e+01
6.430000000000182681e+00 1.142194608586864213e+01
6.450000000000182254e+00 1.124160219205856848e+01
6.470000000000181828e+00 1.114004233332400595e+01
6.490000000000181402e+00 1.083901280270717038e+01
6.510000000000180975e+00 1.069897964095206078e+01
6.530000000000180549e+00 1.070329728017121873e+01
6.550000000000180123e+00 1.040891809080904551e+01
6.570000000000179696e+00 1.028484869309433414e+01
6.590000000000179270e+00 1.020411173582982833e+01
6.610000000000178844e+00 9.858489292754008204e+00
6.630000000000178417e+00 9.692960657949727832e+00
6.650000000000177991e+00 9.786015186225009543e+00
6.670000000000177565e+00 9.387329396055328345e+00
6.690000000000177138e+00 9.318925650917435632e+00
6.710000000000176712e+00 9.231124393136637352e+00
6.730000000000176286e+00 9.051004650337608481e+00
6.750000000000175859e+00 8.838603596288749031e+00
6.770000000000175433e+00 8.748302411432646863e+00
6.790000000000175007e+00 8.586233876821008693e+00
6.810000000000174580e+00 8.459157133610274215e+00
6.830000000000174154e+00 8.360909545340090787e+00
6.850000000000173728e+00 8.200692763405145413e+00
6.870000000000173301e+00 7.967791862332532560e+00
6.890000000000172875e+00 7.918629931658826671e+00
6.910000000000172449e+00 7.736126664442208423e+00
6.930000000000172022e+00 7.642800141304364026e+00
6.950000000000171596e+00 7.637509358404896531e+00
6.970000000000171170e+00 7.382176003967544808e+00
6.990000000000170743e+00 7.311242305726110224e+00
7.010000000000170317e+00 7.242971838842911403e+00
7.030000000000169891e+00 7.197388903889631706e+00
7.050000000000169464e+00 6.920410192225360468e+00
7.070000000000169038e+00 6.864698910631804374e+00
7.090000000000168612e+00 6.776876845576790487e+00
7.110000000000168185e+00 6.764876423680174611e+00
7.130000000000167759e+00 6.641697765215985427e+00
7.150000000000167333e+00 6.415176787380116430e+00
7.170000000000166906e+00 6.373620875642736827e+00
7.190000000000166480e+00 6.257759553591536239e+00
7.210000000000166054e+00 6.151988862629236721e+00
7.230000000000165628e+00 6.130338648175583494e+00
7.250000000000165201e+00 6.051766162065979060e+00
7.270000000000164775e+00 5.814106382020633568e+00
7.290000000000164349e+00 5.814527436976062447e+00
7.310000000000163922e+00 5.767972606950618975e+00
7.330000000000163496e+00 5.703620287949634715e+00
7.350000000000163070e+00 5.602318766911448478e+00
7.370000000000162643e+00 5.486011877117682900e+00
7.390000000000162217e+00 5.415675404375717150e+00
7.410000000000161791e+00 5.268919229902932599e+00
7.430000000000161364e+00 5.266167306066212639e+00
7.450000000000160938e+00 5.174284884600366397e+00
7.470000000000160512e+00 5.121292952050653824e+00
7.490000000000160085e+00 5.124112696478353435e+00
7.510000000000159659e+00 5.062110655394204350e+00
7.530000000000159233e+00 4.937990464285046954e+00
7.550000000000158806e+00 4.866741307054159194e+00
7.570000000000158380e+00 4.741581929366359915e+00
7.590000000000157954e+00 4.757025570353312638e+00
7.610000000000157527e+00 4.644671027527653706e+00
7.630000000000157101e+00 4.654293577870557641e+00
7.650000000000156675e+00 4.577491076037508044e+00
7.670000000000156248e+00 4.543271735710304959e+00
7.690000000000155822e+00 4.393312835656562498e+00
7.710000000000155396e+00 4.431567925957590859e+00
7.730000000000154969e+00 4.283460863919310135e+00
7.750000000000154543e+00 4.245510778554716147e+00
7.770000000000154117e+00 4.217145252696996138e+00
7.790000000000153690e+00 4.201027562186831155e+00
7.810000000000153264e+00 4.170183580407132773e+00
7.830000000000152838e+00 4.095716373465180915e+00
7.850000000000152411e+00 4.043289167796676686e+00
7.870000000000151985e+00 3.965406807041603976e+00
7.890000000000151559e+00 3.965120335727766676e+00
7.910000000000151132e+00 3.920306106143768510e+00
7.930000000000150706e+00 3.858926586312416251e+00
7.950000000000150280e+00 3.832653680870780732e+00
7.970000000000149853e+00 3.747446806288938337e+00
7.990000000000149427e+00 3.715595019798580978e+00
8.010000000000149001e+00 3.735318016660146956e+00
8.030000000000148574e+00 3.679204024899346503e+00
8.050000000000148148e+00 3.610073892120519545e+00
8.070000000000147722e+00 3.568107370688301305e+00
8.090000000000147296e+00 3.525863119471034146e+00
8.110000000000146869e+00 3.539621536162214088e+00
8.130000000000146443e+00 3.474806029867200774e+00
8.150000000000146017e+00 3.447195812440106533e+00
8.170000000000145590e+00 3.382751355822870565e+00
8.190000000000145164e+00 3.381840437963074208e+00
8.210000000000144738e+00 3.328857492489534664e+00
8.230000000000144311e+00 3.299511145639802745e+00
8.250000000000143885e+00 3.264313582956281934e+00
8.270000000000143459e+00 3.268382887687546035e+00
8.290000000000143032e+00 3.244141593986352490e+00
8.310000000000142606e+00 3.201580808521522936e+00
8.330000000000142180e+00 3.177044378843491668e+00
8.350000000000141753e+00 3.165567391863596036e+00
8.370000000000141327e+00 3.120594358917146316e+00
8.390000000000140901e+00 3.067030419986728873e+00
8.410000000000140474e+00 3.091661275972805267e+00
8.430000000000140048e+00 3.044066547475110962e+00
8.450000000000139622e+00 3.033492950429136137e+00
8.470000000000139195e+00 2.988084856725309102e+00
8.490000000000138769e+00 2.977970418629632743e+00
8.510000000000138343e+00 2.963432142174533102e+00
8.530000000000137916e+00 2.901573278957407798e+00
8.550000000000137490e+00 2.947591740994227383e+00
8.570000000000137064e+00 2.878082594633100122e+00
8.590000000000136637e+00 2.868311831466933359e+00
8.610000000000136211e+00 2.857797553301558491e+00
8.630000000000135785e+00 2.836252938592523698e+00
8.650000000000135358e+00 2.809062340435927396e+00
8.670000000000134932e+00 2.823563377307381383e+00
8.690000000000134506e+00 2.765963027906349847e+00
8.710000000000134079e+00 2.747646081760762637e+00
8.730000000000133653e+00 2.753792468056347253e+00
8.750000000000133227e+00 2.710392219131065872e+00
8.770000000000132800e+00 2.689178802391334333e+00
8.790000000000132374e+00 2.700065314392597671e+00
8.810000000000131948e+00 2.733517669904323988e+00
8.830000000000131521e+00 2.677950784849015164e+00
8.850000000000131095e+00 2.645926974206404658e+00
8.870000000000130669e+00 2.598997752081912083e+00
8.890000000000130242e+00 2.671436533774780298e+00
8.910000000000129816e+00 2.595262509932392270e+00
8.930000000000129390e+00 2.595102647952511887e+00
8.950000000000128964e+00 2.601532381354861645e+00
8.970000000000128537e+00 2.578147455023791501e+00
8.990000000000128111e+00 2.527867076260736923e+00
9.010000000000127685e+00 2.560144491471840311e+00
9.030000000000127258e+00 2.539011690461206783e+00
9.050000000000126832e+00 2.538883575514039315e+00
9.070000000000126406e+00 2.545468306472606024e+00
9.090000000000125979e+00 2.467194790308239405e+00
9.110000000000125553e+00 2.486900878487125599e+00
9.130000000000125127e+00 2.476272880843629842e+00
9.150000000000124700e+00 2.482794788414792730e+00
9.170000000000124274e+00 2.461766571958109218e+00
9.190000000000123848e+00 2.448692555071312782e+00
9.210000000000123421e+00 2.454724917247543825e+00
9.230000000000122995e+00 2.444514746563605456e+00
9.250000000000122569e+00 2.419827279245846174e+00
9.270000000000122142e+00 2.427036446887309573e+00
9.290000000000121716e+00 2.401925353612457847e+00
9.310000000000121290e+00 2.392152022729812533e+00
9.330000000000120863e+00 2.375396839617103684e+00
9.350000000000120437e+00 2.397466526272635789e+00
9.370000000000120011e+00 2.411315382272685603e+00
9.390000000000119584e+00 2.328240789614812734e+00
9.410000000000119158e+00 2.360665842977313300e+00
9.430000000000118732e+00 2.345957512777537168e+00
9.450000000000118305e+00 2.336485069522042934e+00
9.470000000000117879e+00 2.319185644747623343e+00
9.490000000000117453e+00 2.320907404068863755e+00
9.510000000000117026e+00 2.304450349034464551e+00
9.530000000000116600e+00 2.289363532069399465e+00
9.550000000000116174e+00 2.290980327154289231e+00
9.570000000000115747e+00 2.312240649183548324e+00
9.590000000000115321e+00 2.308535244303020040e+00
9.610000000000114895e+00 2.256050043217046497e+00
9.630000000000114468e+00 2.255725996569406533e+00
9.650000000000114042e+00 2.283528552847238213e+00
9.670000000000113616e+00 2.229517037612842589e+00
9.690000000000113189e+00 2.246996132696048587e+00
9.710000000000112763e+00 2.251132653946129381e+00
9.730000000000112337e+00 2.228402560483264683e+00
9.750000000000111910e+00 2.212721171847677137e+00
9.770000000000111484e+00 2.220175328649061974e+00
9.790000000000111058e+00 2.178715588543008064e+00
9.810000000000110632e+00 2.217280124623431714e+00
9.830000000000110205e+00 2.206728743119349634e+00
9.850000000000109779e+00 2.200353745109000503e+00
9.870000000000109353e+00 2.167304761437273797e+00
9.890000000000108926e+00 2.154850874975353658e+00
9.910000000000108500e+00 2.201387595451122170e+00
9.930000000000108074e+00 2.156991108050043238e+00
9.950000000000107647e+00 2.172869252920599070e+00
9.970000000000107221e+00 2.141159452529213691e+00
9.990000000000106795e+00 2.133679979660519255e+00
1.001000000000010637e+01 2.146791578649528187e+00
1.003000000000010594e+01 2.136327129195384700e+00
1.005000000000010552e+01 2.130507024507004576e+00
1.007000000000010509e+01 2.139084494042717832e+00
1.009000000000010466e+01 2.130442728487787818e+00
1.011000000000010424e+01 2.079671533062581901e+00
1.013000000000010381e+01 2.102458479605224806e+00
1.015000000000010338e+01 2.096958830744352742e+00
1.017000000000010296e+01 2.098799438975387677e+00
1.019000000000010253e+01 2.086654592343123227e+00
1.021000000000010210e+01 2.076530305915919694e+00
1.023000000000010168e+01 2.110832017539025607e+00
1.025000000000010125e+01 2.051428501254864756e+00
1.027000000000010083e+01 2.047970230247930790e+00
1.029000000000010040e+01 2.093150584564176686e+00
1.031000000000009997e+01 2.056105578143037516e+00
1.033000000000009955e+01 2.020039891421249845e+00
1.035000000000009912e+01 2.059693874211443454e+00
1.037000000000009869e+01 2.045317519024032027e+00
1.039000000000009827e+01 1.985445670104792670e+00
1.041000000000009784e+01 2.044820490058556928e+00
1.043000000000009742e+01 2.013814923974947657e+00
1.045000000000009699e+01 2.022757662602279183e+00
1.047000000000009656e+01 2.032685020010307486e+00
1.049000000000009614e+01 2.008213085069852966e+00
1.051000000000009571e+01 1.986530614101492898e+00
1.053000000000009528e+01 2.004093479325001592e+00
1.055000000000009486e+01 2.002209196617185771e+00
1.057000000000009443e+01 1.935815162650759369e+00
1.059000000000009400e+01 1.992336882600406422e+00
1.061000000000009358e+01 1.933918642083126249e+00
1.063000000000009315e+01 1.992556986479480985e+00
1.065000000000009273e+01 1.968629178100813615e+00
1.067000000000009230e+01 1.954956518790425202e+00
1.069000000000009187e+01 1.912757678510643933e+00
1.071000000000009145e+01 1.895327709812474781e+00
1.073000000000009102e+01 1.926621552896122136e+00
1.075000000000009059e+01 1.900077531909952766e+00
1.077000000000009017e+01 1.904751573960562938e+00
1.079000000000008974e+01 1.917854402303459826e+00
1.081000000000008932e+01 1.892490994373564162e+00
1.083000000000008889e+01 1.886984010467135375e+00
1.085000000000008846e+01 1.875695781477359825e+00
1.087000000000008804e+01 1.887367732668515652e+00
1.089000000000008761e+01 1.892046379789946942e+00
1.091000000000008718e+01 1.871140964564716791e+00
1.093000000000008676e+01 1.853673181591871444e+00
1.095000000000008633e+01 1.873314096243588800e+00
1.097000000000008590e+01 1.843988598147426883e+00
1.099000000000008548e+01 1.847581032351554464e+00
1.101000000000008505e+01 1.819319127195077268e+00
1.103000000000008463e+01 1.802133562134339284e+00
1.105000000000008420e+01 1.797214224714292818e+00
1.107000000000008377e+01 1.815253594763487577e+00
1.109000000000008335e+01 1.829809980947043835e+00
1.111000000000008292e+01 1.771921509342330392e+00
1.113000000000008249e+01 1.793574468700616542e+00
1.115000000000008207e+01 1.788043503930056399e+00
1.117000000000008164e+01 1.783079924645047054e+00
1.119000000000008122e+01 1.779532905552678956e+00
1.121000000000008079e+01 1.776201749160698506e+00
1.123000000000008036e+01 1.757620598304341364e+00
1.125000000000007994e+01 1.759137897319301702e+00
1.127000000000007951e+01 1.735049998127889737e+00
1.129000000000007908e+01 1.788677459320177743e+00
1.131000000000007866e+01 1.751969316266219101e+00
1.133000000000007823e+01 1.741788630471742705e+00
1.135000000000007780e+01 1.696232900157961909e+00
1.137000000000007738e+01 1.715721569616906805e+00
1.139000000000007695e+01 1.743978833784617599e+00
1.141000000000007653e+01 1.710214334154218196e+00
1.143000000000007610e+01 1.690951405347318692e+00
1.145000000000007567e+01 1.699293550103766703e+00
1.147000000000007525e+01 1.695771161365772661e+00
1.149000000000007482e+01 1.650459215794247703e+00
1.151000000000007439e+01 1.701444021936980633e+00
1.153000000000007397e+01 1.673920296032257893e+00
1.155000000000007354e+01 1.653199934990325248e+00
1.157000000000007311e+01 1.639386017401035289e+00
1.159000000000007269e+01 1.650874038190662363e+00
1.161000000000007226e+01 1.596898104464905099e+00
1.163000000000007184e+01 1.612775455122174906e+00
1.165000000000007141e+01 1.598518830398787172e+00
1.167000000000007098e+01 1.614666252520901235e+00
1.169000000000007056e+01 1.596354498783587816e+00
1.171000000000007013e+01 1.616225588792171264e+00
1.173000000000006970e+01 1.590679819993623845e+00
1.175000000000006928e+01 1.550645860874572124e+00
1.177000000000006885e+01 1.573601607756417664e+00
1.179000000000006843e+01 1.589981243465418137e+00
1.181000000000006800e+01 1.511702559528940171e+00
1.183000000000006757e+01 1.535552755240191303e+00
1.185000000000006715e+01 1.534899409486233379e+00
1.187000000000006672e+01 1.520554894151200376e+00
1.189000000000006629e+01 1.509693374270998367e+00
1.191000000000006587e+01 1.493131155100042573e+00
1.193000000000006544e+01 1.504991703821005222e+00
1.195000000000006501e+01 1.498669970622473091e+00
1.197000000000006459e+01 1.463942892003158525e+00
1.199000000000006416e+01 1.491454615177328469e+00
1.201000000000006374e+01 1.493832609484720964e+00
1.203000000000006331e+01 1.455848397640355785e+00
1.205000000000006288e+01 1.434875658681367128e+00
1.207000000000006246e+01 1.467371680611490703e+00
1.209000000000006203e+01 1.421234464791514718e+00
1.211000000000006160e+01 1.459430596435047134e+00
1.213000000000006118e+01 1.411563533778195767e+00
1.215000000000006075e+01 1.399717163592893776e+00
1.217000000000006033e+01 1.446645785325010092e+00
1.219000000000005990e+01 1.448577796341427915e+00
1.221000000000005947e+01 1.394700142757513417e+00
1.223000000000005905e+01 1.363830275001671533e+00
1.225000000000005862e+01 1.392179111927843493e+00
1.227000000000005819e+01 1.347702062727157646e+00
1.229000000000005777e+01 1.346352437060863938e+00
1.231000000000005734e+01 1.374222272176507165e+00
1.233000000000005691e+01 1.345729117116059692e+00
1.235000000000005649e+01 1.333320785959402510e+00
1.237000000000005606e+01 1.368604862873007422e+00
1.239000000000005564e+01 1.308561953802257039e+00
1.241000000000005521e+01 1.299735381143143131e+00
1.243000000000005478e+01 1.313493718545536204e+00
1.245000000000005436e+01 1.303157856563552208e+00
1.247000000000005393e+01 1.268903567783438602e+00
1.249000000000005350e+01 1.284799308983668009e+00
1.251000000000005308e+01 1.247170399585322942e+00
1.253000000000005265e+01 1.251266570492160835e+00
1.255000000000005222e+01 1.240470872582257966e+00
1.257000000000005180e+01 1.242462038137582825e+00
1.259000000000005137e+01 1.201776418257138435e+00
1.261000000000005095e+01 1.218488680094910848e+00
1.263000000000005052e+01 1.216824190427782781e+00
1.265000000000005009e+01 1.204853913232218465e+00
1.267000000000004967e+01 1.212599190283644379e+00
1.269000000000004924e+01 1.183959312927457264e+00
1.271000000000004881e+01 1.172245688650119577e+00
1.273000000000004839e+01 1.166145451847937498e+00
1.275000000000004796e+01 1.162497131840613207e+00
1.277000000000004754e+01 1.136820972993097145e+00
1.279000000000004711e+01 1.143056579843354070e+00
1.281000000000004668e+01 1.146646494748612799e+00
1.283000000000004626e+01 1.104194767474049765e+00
1.285000000000004583e+01 1.092756019682858959e+00
1.287000000000004540e+01 1.113612604068788148e+00
1.289000000000004498e+01 1.113628896421504644e+00
1.291000000000004455e+01 1.064455475309559196e+00
1.293000000000004412e+01 1.080050304385631987e+00
1.295000000000004370e+01 1.048620120112663479e+00
1.297000000000004327e+01 1.106775834927893554e+00
1.299000000000004285e+01 1.052633748680568138e+00
1.301000000000004242e+01 1.051264084558207745e+00
1.303000000000004199e+01 1.000763131332919498e+00
1.305000000000004157e+01 1.032237828523098200e+00
1.307000000000004114e+01 9.995187617369168942e-01
1.309000000000004071e+01 1.013445505871769958e+00
1.311000000000004029e+01 9.671527845523634204e-01
1.313000000000003986e+01 9.766620096842191234e-01
1.315000000000003944e+01 9.748091801664423572e-01
1.317000000000003901e+01 9.504950710452169105e-01
1.319000000000003858e+01 9.391062432365629986e-01
1.321000000000003816e+01 9.594488197052664091e-01
1.323000000000003773e+01 9.026157410463963027e-01
1.325000000000003730e+01 9.021756721301562587e-01
1.327000000000003688e+01 8.594533039964690202e-01
1.329000000000003645e+01 8.930334526600689493e-01
1.331000000000003602e+01 9.018774496464265766e-01
1.333000000000003560e+01 8.844562774835877939e-01
1.335000000000003517e+01 8.937523027144029797e-01
1.337000000000003475e+01 8.598214643441657312e-01
1.339000000000003432e+01 8.397912889116085911e-01
1.341000000000003389e+01 8.231764535251387960e-01
1.343000000000003347e+01 8.160476409882523319e-01
1.345000000000003304e+01 8.138631973216289284e-01
1.347000000000003261e+01 8.072320939296798725e-01
1.349000000000003219e+01 8.081739333742924414e-01
1.351000000000003176e+01 7.731975548985955404e-01
1.353000000000003133e+01 7.681483102415879172e-01
1.355000000000003091e+01 7.325468141143635092e-01
1.357000000000003048e+01 7.137219135159370564e-01
1.359000000000003006e+01 7.260160695500004202e-01
1.361000000000002963e+01 7.127438669179484432e-01
1.363000000000002920e+01 7.003911735349135359e-01
1.365000000000002878e+01 6.574857209849558348e-01
1.367000000000002835e+01 6.510226013442184101e-01
1.369000000000002792e+01 6.697901009659953386e-01
1.371000000000002750e+01 6.501907815419890602e-01
1.373000000000002707e+01 6.406121247394399587e-01
1.375000000000002665e+01 6.114356066487172114e-01
1.377000000000002622e+01 6.121870873743703312e-01
1.379000000000002579e+01 5.887760945708129245e-01
1.381000000000002537e+01 5.759208714706424148e-01
1.383000000000002494e+01 5.700499580276523481e-01
1.385000000000002451e+01 5.348509045537430673e-01
1.387000000000002409e+01 5.423555478149417741e-01
1.389000000000002366e+01 5.244591788244389319e-01
1.391000000000002323e+01 5.321244168878522807e-01
1.393000000000002281e+01 5.235306618863417860e-01
1.395000000000002238e+01 4.757470388007222772e-01
1.397000000000002196e+01 4.628518692688972647e-01
1.399000000000002153e+01 4.479656526901853453e-01
1.401000000000002110e+01 4.174777593191249525e-01
1.403000000000002068e+01 4.377959123168074784e-01
1.405000000000002025e+01 4.220072463304758714e-01
1.407000000000001982e+01 4.091727974793632483e-01
1.409000000000001940e+01 3.846326644668660033e-01
1.411000000000001897e+01 3.826958984847768641e-01
1.413000000000001855e+01 3.836896972011858420e-01
1.415000000000001812e+01 3.459028160332930923e-01
1.417000000000001769e+01 3.078085666883713656e-01
1.419000000000001727e+01 2.946070064622665630e-01
1.421000000000001684e+01 2.889740280094868496e-01
1.423000000000001641e+01 2.715114661685726904e-01
1.425000000000001599e+01 2.440462298453642265e-01
1.427000000000001556e+01 2.534851028340985302e-01
1.429000000000001513e+01 2.361770915629922141e-01
1.431000000000001471e+01 2.151344678078703776e-01
1.433000000000001428e+01 1.987497576366209495e-01
1.435000000000001386e+01 1.922159059023616778e-01
1.437000000000001343e+01 1.731889592915667464e-01
1.439000000000001300e+01 1.541986255193761313e-01
1.441000000000001258e+01 1.377860379876695018e-01
1.443000000000001215e+01 1.317003225153417778e-01
1.445000000000001172e+01 1.050422296490350488e-01
1.447000000000001130e+01 9.935859774182499715e-02
1.449000000000001087e+01 8.288392425746489434e-02
1.451000000000001044e+01 7.405867971861825050e-02
1.453000000000001002e+01 5.493560332277527131e-02
1.455000000000000959e+01 3.598465216741440070e-02
1.457000000000000917e+01 2.228823208905025485e-02
1.459000000000000874e+01 1.674333215505937472e-02
1.461000000000000831e+01 1.125481901655391026e-02
1.463000000000000789e+01 1.382661431974731292e-02
1.465000000000000746e+01 8.282437263588127152e-03
1.467000000000000703e+01 5.445932099625546211e-03
1.469000000000000661e+01 2.722368662667531709e-03
1.471000000000000618e+01 1.131618745314674312e-15
1.473000000000000576e+01 0.000000000000000000e+00
1.475000000000000533e+01 0.000000000000000000e+00
1.477000000000000490e+01 0.000000000000000000e+00
1.479000000000000448e+01 0.000000000000000000e+00
1.481000000000000405e+01 0.000000000000000000e+00
1.483000000000000362e+01 0.000000000000000000e+00
1.485000000000000320e+01 0.000000000000000000e+00
1.487000000000000277e+01 0.000000000000000000e+00
1.489000000000000234e+01 0.000000000000000000e+00
1.491000000000000192e+01 0.000000000000000000e+00
1.493000000000000149e+01 0.000000000000000000e+00
1.495000000000000107e+01 0.000000000000000000e+00
1.497000000000000064e+01 0.000000000000000000e+00
1.499000000000000021e+01 0.000000000000000000e+00
